2013 06 29 03 53 00 0.666426 
2013 06 29 03 53 06 0.385226 
2013 06 29 03 53 07 0.209701 
2013 06 29 03 53 08 0.216364 
2013 06 29 03 53 09 0.222938 
2013 06 29 03 53 10 0.229592 
2013 06 29 03 53 11 0.236242 
2013 06 29 03 53 12 0.242873 
2013 06 29 03 53 13 0.249471 
2013 06 29 03 53 14 0.256133 
2013 06 29 03 53 15 0.262744 
2013 06 29 03 53 16 0.520861 
2013 06 29 03 53 17 0.527483 
2013 06 29 03 53 19 0.289285 
2013 06 29 03 53 20 0.295900 
2013 06 29 03 53 21 0.805859 
2013 06 29 03 53 22 0.812515 
2013 06 29 03 53 24 0.322421 
2013 06 29 03 53 26 0.083850 
2013 06 29 03 53 27 0.090482 
2013 06 29 03 53 28 0.097113 
2013 06 29 03 53 29 0.355550 
2013 06 29 03 53 30 0.362178 
2013 06 29 03 53 31 0.368793 
2013 06 29 03 53 32 0.375438 
2013 06 29 03 53 33 0.382060 
2013 06 29 03 53 34 0.388689 
2013 06 29 03 53 35 0.395321 
2013 06 29 03 53 36 0.402016 
2013 06 29 03 53 37 0.408625 
2013 06 29 03 53 38 0.415279 
2013 06 29 03 53 39 0.421908 
2013 06 29 03 53 40 0.428533 
2013 06 29 03 53 41 0.435188 
2013 06 29 03 53 42 0.441784 
2013 06 29 03 53 43 0.448426 
2013 06 29 03 53 44 0.455066 
2013 06 29 03 53 45 0.461710 
2013 06 29 03 53 46 0.468270 
2013 06 29 03 53 47 0.474895 
2013 06 29 03 53 48 0.481537 
2013 06 29 03 53 49 0.488173 
2013 06 29 03 53 50 0.494797 
2013 06 29 03 53 51 0.501428 
2013 06 29 03 53 52 0.508052 
2013 06 29 03 53 53 0.514691 
2013 06 29 03 53 54 0.521322 
2013 06 29 03 53 55 0.527956 
2013 06 29 03 53 56 0.534661 
2013 06 29 03 53 57 0.541245 
2013 06 29 03 53 58 0.547913 
2013 06 29 03 53 59 0.554518 
2013 06 29 03 54 00 0.561139 
2013 06 29 03 54 01 0.567821 
2013 06 29 03 54 02 0.574457 
2013 06 29 03 54 03 0.581063 
2013 06 29 03 54 04 0.587705 
2013 06 29 03 54 05 0.594346 
2013 06 29 03 54 06 0.600894 
2013 06 29 03 54 07 0.607529 
2013 06 29 03 54 08 0.614171 
2013 06 29 03 54 09 0.620793 
2013 06 29 03 54 10 0.627416 
2013 06 29 03 54 11 0.634057 
2013 06 29 03 54 12 0.640681 
2013 06 29 03 54 13 0.647311 
2013 06 29 03 54 14 0.653949 
2013 06 29 03 54 15 0.660577 
2013 06 29 03 54 16 0.667269 
2013 06 29 03 54 17 0.673897 
2013 06 29 03 54 18 0.680530 
2013 06 29 03 54 19 0.687134 
2013 06 29 03 54 20 0.693797 
2013 06 29 03 54 21 0.700425 
2013 06 29 03 54 22 0.707043 
2013 06 29 03 54 23 0.713689 
2013 06 29 03 54 24 0.720332 
2013 06 29 03 54 25 0.726941 
2013 06 29 03 54 26 0.733522 
2013 06 29 03 54 27 0.740154 
2013 06 29 03 54 28 0.746781 
2013 06 29 03 54 29 0.753417 
2013 06 29 03 54 30 0.760045 
2013 06 29 03 54 31 0.766676 
2013 06 29 03 54 32 0.773309 
2013 06 29 03 54 33 0.779938 
2013 06 29 03 54 34 0.786567 
2013 06 29 03 54 35 0.793205 
2013 06 29 03 54 36 0.799918 
2013 06 29 03 54 37 0.806529 
2013 06 29 03 54 38 0.813153 
2013 06 29 03 54 39 0.819740 
2013 06 29 03 54 40 0.826367 
2013 06 29 03 54 41 0.833021 
2013 06 29 03 54 42 0.839622 
2013 06 29 03 54 43 0.846292 
2013 06 29 03 54 44 0.852901 
2013 06 29 03 54 45 0.859537 
2013 06 29 03 54 46 0.866199 
2013 06 29 03 54 47 0.872832 
2013 06 29 03 54 48 0.879465 
2013 06 29 03 54 49 0.886091 
2013 06 29 03 54 50 0.892716 
2013 06 29 03 54 51 0.899354 
2013 06 29 03 54 52 0.905951 
2013 06 29 03 54 53 0.660786 
2013 06 29 03 54 54 0.667406 
2013 06 29 03 54 55 0.674040 
2013 06 29 03 54 56 0.680665 
2013 06 29 03 54 57 0.687298 
2013 06 29 03 54 58 0.693930 
2013 06 29 03 54 59 0.700562 
2013 06 29 03 55 00 0.707205 
2013 06 29 03 55 01 0.713828 
2013 06 29 03 55 02 0.720461 
2013 06 29 03 55 03 0.727088 
2013 06 29 03 55 04 0.733743 
2013 06 29 03 55 05 0.740350 
2013 06 29 03 55 06 0.746974 
2013 06 29 03 55 07 0.753610 
2013 06 29 03 55 08 0.760267 
2013 06 29 03 55 09 0.766871 
2013 06 29 03 55 10 0.773526 
2013 06 29 03 55 11 0.780136 
2013 06 29 03 55 12 0.786765 
2013 06 29 03 55 13 0.793399 
2013 06 29 03 55 14 0.800028 
2013 06 29 03 55 15 0.806660 
2013 06 29 03 55 16 0.813293 
2013 06 29 03 55 17 0.819922 
2013 06 29 03 55 18 0.826556 
2013 06 29 03 55 19 0.833205 
2013 06 29 03 55 20 0.839820 
2013 06 29 03 55 21 0.846463 
2013 06 29 03 55 22 0.853081 
2013 06 29 03 55 23 0.859711 
2013 06 29 03 55 24 0.866340 
2013 06 29 03 55 25 0.872980 
2013 06 29 03 55 26 0.879604 
2013 06 29 03 55 27 0.886231 
2013 06 29 03 55 28 0.892864 
2013 06 29 03 55 29 0.899496 
2013 06 29 03 55 30 0.906124 
2013 06 29 03 55 31 0.912761 
2013 06 29 03 55 32 0.919387 
2013 06 29 03 55 33 0.926017 
2013 06 29 03 55 34 0.932652 
2013 06 29 03 55 35 0.939285 
2013 06 29 03 55 36 0.945918 
2013 06 29 03 55 37 0.952547 
2013 06 29 03 55 38 0.959175 
2013 06 29 03 55 39 0.965805 
2013 06 29 03 55 40 0.972439 
2013 06 29 03 55 41 0.979072 
2013 06 29 03 55 42 0.985702 
2013 06 29 03 55 43 0.992334 
2013 06 29 03 55 44 0.998962 
2013 06 29 03 55 46 0.005591 
2013 06 29 03 55 47 0.012226 
2013 06 29 03 55 48 0.018857 
2013 06 29 03 55 49 0.025481 
2013 06 29 03 55 50 0.032114 
2013 06 29 03 55 51 0.038746 
2013 06 29 03 55 52 0.045381 
2013 06 29 03 55 53 0.052010 
2013 06 29 03 55 54 0.058640 
2013 06 29 03 55 55 0.065271 
2013 06 29 03 55 56 0.071907 
2013 06 29 03 55 57 0.078536 
2013 06 29 03 55 58 0.085168 
2013 06 29 03 55 59 0.091805 
2013 06 29 03 56 00 0.098431 
2013 06 29 03 56 01 0.105072 
2013 06 29 03 56 02 0.111693 
2013 06 29 03 56 03 0.118323 
2013 06 29 03 56 04 0.124954 
2013 06 29 03 56 05 0.131581 
2013 06 29 03 56 06 0.138212 
2013 06 29 03 56 07 0.144843 
2013 06 29 03 56 08 0.151474 
2013 06 29 03 56 09 0.158103 
2013 06 29 03 56 10 0.164749 
2013 06 29 03 56 11 0.171365 
2013 06 29 03 56 12 0.178005 
2013 06 29 03 56 13 0.184627 
2013 06 29 03 56 14 0.191259 
2013 06 29 03 56 15 0.197895 
2013 06 29 03 56 16 0.204526 
2013 06 29 03 56 17 0.211157 
2013 06 29 03 56 18 0.217789 
2013 06 29 03 56 19 0.224416 
2013 06 29 03 56 20 0.231049 
2013 06 29 03 56 21 0.237688 
2013 06 29 03 56 22 0.244311 
2013 06 29 03 56 23 0.250956 
2013 06 29 03 56 24 0.257573 
2013 06 29 03 56 25 0.264201 
2013 06 29 03 56 26 0.270830 
2013 06 29 03 56 27 0.277464 
2013 06 29 03 56 28 0.284091 
2013 06 29 03 56 29 0.290726 
2013 06 29 03 56 30 0.297354 
2013 06 29 03 56 31 0.303987 
2013 06 29 03 56 32 0.310616 
2013 06 29 03 56 33 0.317248 
2013 06 29 03 56 34 0.323879 
2013 06 29 03 56 35 0.330508 
2013 06 29 03 56 36 0.337145 
2013 06 29 03 56 37 0.343775 
2013 06 29 03 56 38 0.350407 
2013 06 29 03 56 39 0.357038 
2013 06 29 03 56 40 0.363666 
2013 06 29 03 56 41 0.370299 
2013 06 29 03 56 42 0.376931 
2013 06 29 03 56 43 0.383562 
2013 06 29 03 56 44 0.390187 
2013 06 29 03 56 45 0.396840 
2013 06 29 03 56 46 0.403452 
2013 06 29 03 56 47 0.410089 
2013 06 29 03 56 48 0.416717 
2013 06 29 03 56 49 0.423370 
2013 06 29 03 56 50 0.429981 
2013 06 29 03 56 51 0.436619 
2013 06 29 03 56 52 0.443239 
2013 06 29 03 56 53 0.449874 
2013 06 29 03 56 54 0.456503 
2013 06 29 03 56 55 0.463136 
2013 06 29 03 56 56 0.469783 
2013 06 29 03 56 57 0.476390 
2013 06 29 03 56 58 0.483023 
2013 06 29 03 56 59 0.489651 
2013 06 29 03 57 00 0.496312 
2013 06 29 03 57 01 0.502912 
2013 06 29 03 57 02 0.509570 
2013 06 29 03 57 03 0.516174 
2013 06 29 03 57 04 0.522806 
2013 06 29 03 57 05 0.529440 
2013 06 29 03 57 06 0.536071 
2013 06 29 03 57 07 0.542706 
2013 06 29 03 57 08 0.549337 
2013 06 29 03 57 09 0.555964 
2013 06 29 03 57 10 0.562595 
2013 06 29 03 57 11 0.569245 
2013 06 29 03 57 12 0.575858 
2013 06 29 03 57 13 0.582508 
2013 06 29 03 57 14 0.589123 
2013 06 29 03 57 15 0.595750 
2013 06 29 03 57 16 0.602384 
2013 06 29 03 57 17 0.609011 
2013 06 29 03 57 18 0.615643 
2013 06 29 03 57 19 0.622276 
2013 06 29 03 57 20 0.628909 
2013 06 29 03 57 21 0.635537 
2013 06 29 03 57 22 0.642180 
2013 06 29 03 57 23 0.648798 
2013 06 29 03 57 24 0.655437 
2013 06 29 03 57 25 0.662065 
2013 06 29 03 57 26 0.668685 
2013 06 29 03 57 27 0.675319 
2013 06 29 03 57 28 0.681951 
2013 06 29 03 57 29 0.688583 
2013 06 29 03 57 30 0.695212 
2013 06 29 03 57 31 0.701841 
2013 06 29 03 57 32 0.708470 
2013 06 29 03 57 33 0.715108 
2013 06 29 03 57 34 0.721738 
2013 06 29 03 57 35 0.728375 
2013 06 29 03 57 36 0.734998 
2013 06 29 03 57 37 0.741629 
2013 06 29 03 57 38 0.748262 
2013 06 29 03 57 39 0.754897 
2013 06 29 03 57 40 0.761522 
2013 06 29 03 57 41 0.768153 
2013 06 29 03 57 42 0.774786 
2013 06 29 03 57 43 0.781415 
2013 06 29 03 57 44 0.788048 
2013 06 29 03 57 45 0.794679 
2013 06 29 03 57 46 0.801316 
2013 06 29 03 57 47 0.807936 
2013 06 29 03 57 48 0.814567 
2013 06 29 03 57 49 0.821213 
2013 06 29 03 57 50 0.827837 
2013 06 29 03 57 51 0.834462 
2013 06 29 03 57 52 0.841091 
2013 06 29 03 57 53 0.847725 
2013 06 29 03 57 54 0.854359 
2013 06 29 03 57 55 0.860984 
2013 06 29 03 57 56 0.867617 
2013 06 29 03 57 57 0.874259 
2013 06 29 03 57 58 0.880877 
2013 06 29 03 57 59 0.887509 
2013 06 29 03 58 00 0.894136 
2013 06 29 03 58 01 0.900788 
2013 06 29 03 58 02 0.907397 
2013 06 29 03 58 03 0.914042 
2013 06 29 03 58 04 0.920661 
2013 06 29 03 58 05 0.927295 
2013 06 29 03 58 06 0.933925 
2013 06 29 03 58 07 0.940557 
2013 06 29 03 58 08 0.947188 
2013 06 29 03 58 09 0.953819 
2013 06 29 03 58 10 0.960449 
2013 06 29 03 58 11 0.967082 
2013 06 29 03 58 12 0.973727 
2013 06 29 03 58 13 0.980345 
2013 06 29 03 58 14 0.986999 
2013 06 29 03 58 15 0.993610 
2013 06 29 03 58 17 0.000231 
2013 06 29 03 58 18 0.006862 
2013 06 29 03 58 19 0.013585 
2013 06 29 03 58 20 0.020130 
2013 06 29 03 58 21 0.026755 
2013 06 29 03 58 22 0.033386 
2013 06 29 03 58 23 0.040015 
2013 06 29 03 58 24 0.046648 
2013 06 29 03 58 25 0.053285 
2013 06 29 03 58 26 0.059918 
2013 06 29 03 58 27 0.066552 
2013 06 29 03 58 28 0.073179 
2013 06 29 03 58 29 0.079808 
2013 06 29 03 58 30 0.086444 
2013 06 29 03 58 31 0.093070 
2013 06 29 03 58 32 0.099697 
2013 06 29 03 58 33 0.106330 
2013 06 29 03 58 34 0.112962 
2013 06 29 03 58 35 0.119594 
2013 06 29 03 58 36 0.126218 
2013 06 29 03 58 37 0.132850 
2013 06 29 03 58 38 0.139479 
2013 06 29 03 58 39 0.146107 
2013 06 29 03 58 40 0.152740 
2013 06 29 03 58 41 0.159371 
2013 06 29 03 58 42 0.166001 
2013 06 29 03 58 43 0.172631 
2013 06 29 03 58 44 0.179264 
2013 06 29 03 58 45 0.185894 
2013 06 29 03 58 46 0.192533 
2013 06 29 03 58 47 0.199163 
2013 06 29 03 58 48 0.205790 
2013 06 29 03 58 49 0.212420 
2013 06 29 03 58 50 0.219056 
2013 06 29 03 58 51 0.225688 
2013 06 29 03 58 52 0.232325 
2013 06 29 03 58 53 0.238951 
2013 06 29 03 58 54 0.245895 
2013 06 29 03 58 55 0.252204 
2013 06 29 03 58 56 0.258834 
2013 06 29 03 58 57 0.265462 
2013 06 29 03 58 58 0.272097 
2013 06 29 03 58 59 0.278728 
2013 06 29 03 59 00 0.285357 
2013 06 29 03 59 01 0.291987 
2013 06 29 03 59 02 0.298617 
2013 06 29 03 59 03 0.305275 
2013 06 29 03 59 04 0.311881 
2013 06 29 03 59 05 0.318515 
2013 06 29 03 59 06 0.325143 
2013 06 29 03 59 07 0.331771 
2013 06 29 03 59 08 0.338404 
2013 06 29 03 59 09 0.345032 
2013 06 29 03 59 10 0.351663 
2013 06 29 03 59 11 0.358299 
2013 06 29 03 59 12 0.364925 
2013 06 29 03 59 13 0.371555 
2013 06 29 03 59 14 0.378186 
2013 06 29 03 59 15 0.384817 
2013 06 29 03 59 16 0.391463 
2013 06 29 03 59 17 0.398081 
2013 06 29 03 59 18 0.404710 
2013 06 29 03 59 19 0.411345 
2013 06 29 03 59 20 0.417970 
2013 06 29 03 59 21 0.424606 
2013 06 29 03 59 22 0.431237 
2013 06 29 03 59 23 0.437870 
2013 06 29 03 59 24 0.444496 
2013 06 29 03 59 25 0.451134 
2013 06 29 03 59 26 0.457754 
2013 06 29 03 59 27 0.464388 
2013 06 29 03 59 28 0.471015 
2013 06 29 03 59 29 0.477648 
2013 06 29 03 59 30 0.484277 
2013 06 29 03 59 31 0.490906 
2013 06 29 03 59 32 0.497541 
2013 06 29 03 59 33 0.504169 
2013 06 29 03 59 34 0.510839 
2013 06 29 03 59 35 0.517432 
2013 06 29 03 59 36 0.524072 
2013 06 29 03 59 37 0.530699 
2013 06 29 03 59 38 0.537332 
2013 06 29 03 59 39 0.543959 
2013 06 29 03 59 40 0.550590 
2013 06 29 03 59 41 0.557224 
2013 06 29 03 59 42 0.563851 
2013 06 29 03 59 43 0.570493 
2013 06 29 03 59 44 0.577113 
2013 06 29 03 59 45 0.583744 
2013 06 29 03 59 46 0.590377 
2013 06 29 03 59 47 0.597002 
2013 06 29 03 59 48 0.603639 
2013 06 29 03 59 49 0.610262 
2013 06 29 03 59 50 0.616897 
2013 06 29 03 59 51 0.372003 
2013 06 29 03 59 52 0.378643 
2013 06 29 03 59 53 0.385276 
2013 06 29 03 59 54 0.391892 
2013 06 29 03 59 55 0.398534 
2013 06 29 03 59 56 0.405237 
2013 06 29 03 59 57 0.411818 
2013 06 29 03 59 58 0.418419 
2013 06 29 03 59 59 0.425076 
2013 06 29 04 00 00 0.431679 
2013 06 29 04 00 01 0.438307 
2013 06 29 04 00 02 0.444950 
2013 06 29 04 00 03 0.451582 
2013 06 29 04 00 04 0.458208 
2013 06 29 04 00 05 0.464833 
2013 06 29 04 00 06 0.471538 
2013 06 29 04 00 07 0.478153 
2013 06 29 04 00 08 0.484784 
2013 06 29 04 00 09 0.491415 
2013 06 29 04 00 10 0.498048 
2013 06 29 04 00 11 0.504606 
2013 06 29 04 00 12 0.511253 
2013 06 29 04 00 13 0.517881 
2013 06 29 04 00 14 0.524516 
2013 06 29 04 00 15 0.531140 
2013 06 29 04 00 16 0.537834 
2013 06 29 04 00 17 0.544436 
2013 06 29 04 00 18 0.551099 
2013 06 29 04 00 19 0.557736 
2013 06 29 04 00 20 0.564351 
2013 06 29 04 00 21 0.571020 
2013 06 29 04 00 22 0.577600 
2013 06 29 04 00 23 0.584250 
2013 06 29 04 00 24 0.590881 
2013 06 29 04 00 25 0.597536 
2013 06 29 04 00 26 0.604076 
2013 06 29 04 00 27 0.610706 
2013 06 29 04 00 28 0.617361 
2013 06 29 04 00 29 0.623967 
2013 06 29 04 00 30 0.630602 
2013 06 29 04 00 31 0.637232 
2013 06 29 04 00 32 0.643872 
2013 06 29 04 00 33 0.650493 
2013 06 29 04 00 34 0.657126 
2013 06 29 04 00 35 0.663757 
2013 06 29 04 00 36 0.670476 
2013 06 29 04 00 37 0.677080 
2013 06 29 04 00 38 0.683743 
2013 06 29 04 00 39 0.690318 
2013 06 29 04 00 40 0.696971 
2013 06 29 04 00 41 0.703593 
2013 06 29 04 00 42 0.710219 
2013 06 29 04 00 43 0.716864 
2013 06 29 04 00 44 0.723489 
2013 06 29 04 00 45 0.730107 
2013 06 29 04 00 46 0.736688 
2013 06 29 04 00 47 0.743358 
2013 06 29 04 00 48 0.749954 
2013 06 29 04 00 49 0.756619 
2013 06 29 04 00 50 0.763215 
2013 06 29 04 00 51 0.518048 
2013 06 29 04 00 52 0.524682 
2013 06 29 04 00 53 0.531311 
2013 06 29 04 00 54 0.537943 
2013 06 29 04 00 55 0.544573 
2013 06 29 04 00 56 0.551205 
2013 06 29 04 00 57 0.557846 
2013 06 29 04 00 58 0.564474 
2013 06 29 04 00 59 0.571125 
2013 06 29 04 01 00 0.577732 
2013 06 29 04 01 01 0.584364 
2013 06 29 04 01 02 0.590992 
2013 06 29 04 01 03 0.597634 
2013 06 29 04 01 04 0.604252 
2013 06 29 04 01 05 0.610886 
2013 06 29 04 01 06 0.617519 
2013 06 29 04 01 07 0.624149 
2013 06 29 04 01 08 0.630775 
2013 06 29 04 01 09 0.637411 
2013 06 29 04 01 10 0.644055 
2013 06 29 04 01 11 0.650669 
2013 06 29 04 01 12 0.657299 
2013 06 29 04 01 13 0.663933 
2013 06 29 04 01 14 0.670584 
2013 06 29 04 01 15 0.677199 
2013 06 29 04 01 16 0.683817 
2013 06 29 04 01 17 0.690447 
2013 06 29 04 01 18 0.697080 
2013 06 29 04 01 19 0.703716 
2013 06 29 04 01 20 0.710345 
2013 06 29 04 01 21 0.716977 
2013 06 29 04 01 22 0.723606 
2013 06 29 04 01 23 0.730234 
2013 06 29 04 01 24 0.736866 
2013 06 29 04 01 25 0.743500 
2013 06 29 04 01 26 0.750122 
2013 06 29 04 01 27 0.756757 
2013 06 29 04 01 28 0.763385 
2013 06 29 04 01 29 0.770016 
2013 06 29 04 01 30 0.776644 
2013 06 29 04 01 31 0.783276 
2013 06 29 04 01 32 0.789929 
2013 06 29 04 01 33 0.796542 
2013 06 29 04 01 34 0.803167 
2013 06 29 04 01 35 0.809798 
2013 06 29 04 01 36 0.816447 
2013 06 29 04 01 37 0.823063 
2013 06 29 04 01 38 0.829717 
2013 06 29 04 01 39 0.836327 
2013 06 29 04 01 40 0.842958 
2013 06 29 04 01 41 0.849588 
2013 06 29 04 01 42 0.856217 
2013 06 29 04 01 43 0.862849 
2013 06 29 04 01 44 0.869478 
2013 06 29 04 01 45 0.876112 
2013 06 29 04 01 46 0.882738 
2013 06 29 04 01 47 0.889396 
2013 06 29 04 01 48 0.896004 
2013 06 29 04 01 49 0.902657 
2013 06 29 04 01 50 0.909263 
2013 06 29 04 01 51 0.915891 
2013 06 29 04 01 52 0.922522 
2013 06 29 04 01 53 0.929175 
2013 06 29 04 01 54 0.935779 
2013 06 29 04 01 55 0.942412 
2013 06 29 04 01 56 0.949046 
2013 06 29 04 01 57 0.955679 
2013 06 29 04 01 58 0.962309 
2013 06 29 04 01 59 0.968941 
2013 06 29 04 02 00 0.975575 
2013 06 29 04 02 01 0.984970 
2013 06 29 04 02 02 0.989316 
2013 06 29 04 02 03 0.995462 
2013 06 29 04 02 04 0.750616 
2013 06 29 04 02 05 0.757243 
2013 06 29 04 02 06 0.763829 
2013 06 29 04 02 07 0.770464 
2013 06 29 04 02 08 0.777094 
2013 06 29 04 02 09 0.783715 
2013 06 29 04 02 10 0.790378 
2013 06 29 04 02 11 0.796983 
2013 06 29 04 02 12 0.803614 
2013 06 29 04 02 13 0.810244 
2013 06 29 04 02 14 0.816878 
2013 06 29 04 02 15 0.823503 
2013 06 29 04 02 16 0.830197 
2013 06 29 04 02 17 0.836819 
2013 06 29 04 02 18 0.843465 
2013 06 29 04 02 19 0.850073 
2013 06 29 04 02 20 0.856724 
2013 06 29 04 02 21 0.863327 
2013 06 29 04 02 22 0.869954 
2013 06 29 04 02 23 0.876603 
2013 06 29 04 02 24 0.883228 
2013 06 29 04 02 25 0.889850 
2013 06 29 04 02 26 0.896435 
2013 06 29 04 02 27 0.903078 
2013 06 29 04 02 28 0.909709 
2013 06 29 04 02 29 0.916335 
2013 06 29 04 02 30 0.922967 
2013 06 29 04 02 31 0.929594 
2013 06 29 04 02 32 0.936218 
2013 06 29 04 02 33 0.942857 
2013 06 29 04 02 34 0.949489 
2013 06 29 04 02 35 0.956117 
2013 06 29 04 02 36 0.962789 
2013 06 29 04 02 37 0.969439 
2013 06 29 04 02 38 0.976055 
2013 06 29 04 02 39 0.982688 
2013 06 29 04 02 40 0.989328 
2013 06 29 04 02 41 0.995963 
2013 06 29 04 02 43 0.002612 
2013 06 29 04 02 44 0.009207 
2013 06 29 04 02 45 0.015783 
2013 06 29 04 02 46 0.022425 
2013 06 29 04 02 47 0.029113 
2013 06 29 04 02 48 0.035758 
2013 06 29 04 02 49 0.042366 
2013 06 29 04 02 50 0.049020 
2013 06 29 04 02 51 0.055620 
2013 06 29 04 02 52 0.062243 
2013 06 29 04 02 53 0.068892 
2013 06 29 04 02 54 0.075496 
2013 06 29 04 02 55 0.082194 
2013 06 29 04 02 56 0.088782 
2013 06 29 04 02 57 0.095366 
2013 06 29 04 02 58 0.101993 
2013 06 29 04 02 59 0.108655 
2013 06 29 04 03 00 0.115265 
2013 06 29 04 03 01 0.121911 
2013 06 29 04 03 02 0.128514 
2013 06 29 04 03 03 0.135150 
2013 06 29 04 03 04 0.141985 
2013 06 29 04 03 05 0.148414 
2013 06 29 04 03 06 0.155255 
2013 06 29 04 03 07 0.161940 
2013 06 29 04 03 08 0.168542 
2013 06 29 04 03 09 0.175072 
2013 06 29 04 03 10 0.181913 
2013 06 29 04 03 11 0.188271 
2013 06 29 04 03 12 0.194852 
2013 06 29 04 03 13 0.201513 
2013 06 29 04 03 14 0.208152 
2013 06 29 04 03 15 0.214840 
2013 06 29 04 03 16 0.221394 
2013 06 29 04 03 17 0.227976 
2013 06 29 04 03 18 0.234612 
2013 06 29 04 03 19 0.241237 
2013 06 29 04 03 20 0.247873 
2013 06 29 04 03 21 0.254512 
2013 06 29 04 03 22 0.261135 
2013 06 29 04 03 23 0.267775 
2013 06 29 04 03 24 0.274396 
2013 06 29 04 03 25 0.281020 
2013 06 29 04 03 26 0.287667 
2013 06 29 04 03 27 0.294311 
2013 06 29 04 03 28 0.300954 
2013 06 29 04 03 29 0.307580 
2013 06 29 04 03 30 0.314235 
2013 06 29 04 03 31 0.320850 
2013 06 29 04 03 32 0.327475 
2013 06 29 04 03 33 0.334112 
2013 06 29 04 03 34 0.340726 
2013 06 29 04 03 35 0.347367 
2013 06 29 04 03 36 0.354012 
2013 06 29 04 03 37 0.360589 
2013 06 29 04 03 38 0.367232 
2013 06 29 04 03 39 0.373851 
2013 06 29 04 03 40 0.128685 
2013 06 29 04 03 41 0.135309 
2013 06 29 04 03 42 0.141943 
2013 06 29 04 03 43 0.148577 
2013 06 29 04 03 44 0.155204 
2013 06 29 04 03 45 0.161832 
2013 06 29 04 03 46 0.168459 
2013 06 29 04 03 47 0.175104 
2013 06 29 04 03 48 0.181747 
2013 06 29 04 03 49 0.188368 
2013 06 29 04 03 50 0.194986 
2013 06 29 04 03 51 0.201615 
2013 06 29 04 03 52 0.208245 
2013 06 29 04 03 53 0.214877 
2013 06 29 04 03 54 0.221502 
2013 06 29 04 03 55 0.228139 
2013 06 29 04 03 56 0.234774 
2013 06 29 04 03 57 0.241400 
2013 06 29 04 03 58 0.248028 
2013 06 29 04 03 59 0.254685 
2013 06 29 04 04 00 0.261294 
2013 06 29 04 04 01 0.267946 
2013 06 29 04 04 02 0.274559 
2013 06 29 04 04 03 0.281178 
2013 06 29 04 04 04 0.287808 
2013 06 29 04 04 05 0.294440 
2013 06 29 04 04 06 0.301069 
2013 06 29 04 04 07 0.307705 
2013 06 29 04 04 08 0.314342 
2013 06 29 04 04 09 0.320966 
2013 06 29 04 04 10 0.327616 
2013 06 29 04 04 11 0.334227 
2013 06 29 04 04 12 0.340883 
2013 06 29 04 04 13 0.347496 
2013 06 29 04 04 14 0.354124 
2013 06 29 04 04 15 0.360758 
2013 06 29 04 04 16 0.367384 
2013 06 29 04 04 17 0.374008 
2013 06 29 04 04 18 0.380641 
2013 06 29 04 04 19 0.387270 
2013 06 29 04 04 20 0.393902 
2013 06 29 04 04 21 0.400547 
2013 06 29 04 04 22 0.407162 
2013 06 29 04 04 23 0.413798 
2013 06 29 04 04 24 0.420428 
2013 06 29 04 04 25 0.427049 
2013 06 29 04 04 26 0.433682 
2013 06 29 04 04 27 0.440319 
2013 06 29 04 04 28 0.446955 
2013 06 29 04 04 29 0.453577 
2013 06 29 04 04 30 0.208739 
2013 06 29 04 04 31 0.215364 
2013 06 29 04 04 32 0.222010 
2013 06 29 04 04 33 0.228631 
2013 06 29 04 04 34 0.235235 
2013 06 29 04 04 35 0.241891 
2013 06 29 04 04 36 0.248511 
2013 06 29 04 04 37 0.255098 
2013 06 29 04 04 38 0.261722 
2013 06 29 04 04 39 0.268365 
2013 06 29 04 04 40 0.275001 
2013 06 29 04 04 41 0.281626 
2013 06 29 04 04 42 0.288250 
2013 06 29 04 04 43 0.294897 
2013 06 29 04 04 44 0.301518 
2013 06 29 04 04 45 0.308152 
2013 06 29 04 04 46 0.314781 
2013 06 29 04 04 47 0.321457 
2013 06 29 04 04 48 0.328091 
2013 06 29 04 04 49 0.334711 
2013 06 29 04 04 50 0.089503 
2013 06 29 04 04 51 0.096135 
2013 06 29 04 04 52 0.102769 
2013 06 29 04 04 53 0.109400 
2013 06 29 04 04 54 0.116026 
2013 06 29 04 04 55 0.122657 
2013 06 29 04 04 56 0.129286 
2013 06 29 04 04 57 0.135915 
2013 06 29 04 04 58 0.142545 
2013 06 29 04 04 59 0.149197 
2013 06 29 04 05 00 0.155805 
2013 06 29 04 05 01 0.162435 
2013 06 29 04 05 02 0.169065 
2013 06 29 04 05 03 0.175696 
2013 06 29 04 05 04 0.182331 
2013 06 29 04 05 05 0.188960 
2013 06 29 04 05 06 0.195585 
2013 06 29 04 05 07 0.202223 
2013 06 29 04 05 08 0.208876 
2013 06 29 04 05 09 0.215484 
2013 06 29 04 05 10 0.222116 
2013 06 29 04 05 11 0.228746 
2013 06 29 04 05 12 0.235379 
2013 06 29 04 05 13 0.242008 
2013 06 29 04 05 14 0.248637 
2013 06 29 04 05 15 0.255269 
2013 06 29 04 05 16 0.261898 
2013 06 29 04 05 17 0.268523 
2013 06 29 04 05 18 0.275158 
2013 06 29 04 05 19 0.281784 
2013 06 29 04 05 20 0.288412 
2013 06 29 04 05 21 0.295045 
2013 06 29 04 05 22 0.301679 
2013 06 29 04 05 23 0.308307 
2013 06 29 04 05 24 0.314940 
2013 06 29 04 05 25 0.321569 
2013 06 29 04 05 26 0.328200 
2013 06 29 04 05 27 0.334836 
2013 06 29 04 05 28 0.341462 
2013 06 29 04 05 29 0.348095 
2013 06 29 04 05 30 0.354726 
2013 06 29 04 05 31 0.361356 
2013 06 29 04 05 32 0.367990 
2013 06 29 04 05 33 0.374614 
2013 06 29 04 05 34 0.381249 
2013 06 29 04 05 35 0.387880 
2013 06 29 04 05 36 0.394508 
2013 06 29 04 05 37 0.401136 
2013 06 29 04 05 38 0.407765 
2013 06 29 04 05 39 0.414395 
2013 06 29 04 05 40 0.421025 
2013 06 29 04 05 41 0.427656 
2013 06 29 04 05 42 0.182778 
2013 06 29 04 05 43 0.189404 
2013 06 29 04 05 44 0.196031 
2013 06 29 04 05 45 0.202668 
2013 06 29 04 05 46 0.209300 
2013 06 29 04 05 47 0.215982 
2013 06 29 04 05 48 0.222583 
2013 06 29 04 05 49 0.229227 
2013 06 29 04 05 50 0.235871 
2013 06 29 04 05 51 0.242494 
2013 06 29 04 05 52 0.249126 
2013 06 29 04 05 53 0.255758 
2013 06 29 04 05 54 0.262377 
2013 06 29 04 05 55 0.269013 
2013 06 29 04 05 56 0.275660 
2013 06 29 04 05 57 0.282231 
2013 06 29 04 05 58 0.288860 
2013 06 29 04 05 59 0.295495 
2013 06 29 04 06 00 0.302129 
2013 06 29 04 06 01 0.308756 
2013 06 29 04 06 02 0.315378 
2013 06 29 04 06 03 0.322013 
2013 06 29 04 06 04 0.328636 
2013 06 29 04 06 05 0.335272 
2013 06 29 04 06 06 0.341894 
2013 06 29 04 06 07 0.348581 
2013 06 29 04 06 08 0.355206 
2013 06 29 04 06 09 0.361860 
2013 06 29 04 06 10 0.368481 
2013 06 29 04 06 11 0.375122 
2013 06 29 04 06 12 0.381740 
2013 06 29 04 06 13 0.388301 
2013 06 29 04 06 14 0.394946 
2013 06 29 04 06 15 0.401580 
2013 06 29 04 06 16 0.408199 
2013 06 29 04 06 17 0.414873 
2013 06 29 04 06 18 0.421524 
2013 06 29 04 06 19 0.428177 
2013 06 29 04 06 20 0.434792 
2013 06 29 04 06 21 0.441450 
2013 06 29 04 06 22 0.448032 
2013 06 29 04 06 23 0.454669 
2013 06 29 04 06 24 0.461299 
2013 06 29 04 06 25 0.467953 
2013 06 29 04 06 26 0.474556 
2013 06 29 04 06 27 0.481154 
2013 06 29 04 06 28 0.487768 
2013 06 29 04 06 29 0.494397 
2013 06 29 04 06 30 0.501035 
2013 06 29 04 06 31 0.507662 
2013 06 29 04 06 32 0.514290 
2013 06 29 04 06 33 0.520921 
2013 06 29 04 06 34 0.527548 
2013 06 29 04 06 35 0.534177 
2013 06 29 04 06 36 0.540824 
2013 06 29 04 06 37 0.547503 
2013 06 29 04 06 38 0.554161 
2013 06 29 04 06 39 0.560767 
2013 06 29 04 06 40 0.567395 
2013 06 29 04 06 41 0.574019 
2013 06 29 04 06 42 0.580654 
2013 06 29 04 06 43 0.587297 
2013 06 29 04 06 44 0.593909 
2013 06 29 04 06 45 0.600544 
2013 06 29 04 06 46 0.607170 
2013 06 29 04 06 47 0.613745 
2013 06 29 04 06 48 0.620379 
2013 06 29 04 06 49 0.627020 
2013 06 29 04 06 50 0.633648 
2013 06 29 04 06 51 0.640263 
2013 06 29 04 06 52 0.646902 
2013 06 29 04 06 53 0.653530 
2013 06 29 04 06 54 0.660157 
2013 06 29 04 06 55 0.666953 
2013 06 29 04 06 56 0.673494 
2013 06 29 04 06 57 0.680110 
2013 06 29 04 06 58 0.686743 
2013 06 29 04 06 59 0.693366 
2013 06 29 04 07 00 0.699995 
2013 06 29 04 07 01 0.706638 
2013 06 29 04 07 02 0.713274 
2013 06 29 04 07 03 0.719907 
2013 06 29 04 07 04 0.726504 
2013 06 29 04 07 05 0.733185 
2013 06 29 04 07 06 0.739718 
2013 06 29 04 07 07 0.746361 
2013 06 29 04 07 08 0.752977 
2013 06 29 04 07 09 0.759617 
2013 06 29 04 07 10 0.766244 
2013 06 29 04 07 11 0.772868 
2013 06 29 04 07 12 0.779509 
2013 06 29 04 07 13 0.786145 
2013 06 29 04 07 14 0.792774 
2013 06 29 04 07 15 0.799402 
2013 06 29 04 07 16 0.806093 
2013 06 29 04 07 17 0.812700 
2013 06 29 04 07 18 0.819343 
2013 06 29 04 07 19 0.825985 
2013 06 29 04 07 20 0.832616 
2013 06 29 04 07 21 0.839261 
2013 06 29 04 07 22 0.845876 
2013 06 29 04 07 23 0.852493 
2013 06 29 04 07 24 0.859134 
2013 06 29 04 07 25 0.865769 
2013 06 29 04 07 26 0.872333 
2013 06 29 04 07 27 0.878968 
2013 06 29 04 07 28 0.885617 
2013 06 29 04 07 29 0.892225 
2013 06 29 04 07 30 0.898858 
2013 06 29 04 07 31 0.905487 
2013 06 29 04 07 32 0.912120 
2013 06 29 04 07 33 0.918747 
2013 06 29 04 07 34 0.925382 
2013 06 29 04 07 35 0.932005 
2013 06 29 04 07 36 0.938731 
2013 06 29 04 07 37 0.945299 
2013 06 29 04 07 38 0.951911 
2013 06 29 04 07 39 0.958574 
2013 06 29 04 07 40 0.965168 
2013 06 29 04 07 41 0.971792 
2013 06 29 04 07 42 0.978430 
2013 06 29 04 07 43 0.985056 
2013 06 29 04 07 44 0.991686 
2013 06 29 04 07 45 0.998308 
2013 06 29 04 07 47 0.005009 
2013 06 29 04 07 48 0.011612 
2013 06 29 04 07 49 0.018273 
2013 06 29 04 07 50 0.024885 
2013 06 29 04 07 51 0.031547 
2013 06 29 04 07 52 0.038142 
2013 06 29 04 07 53 0.044789 
2013 06 29 04 07 54 0.051428 
2013 06 29 04 07 55 0.058020 
2013 06 29 04 07 56 0.064681 
2013 06 29 04 07 57 0.071254 
2013 06 29 04 07 58 0.077883 
2013 06 29 04 07 59 0.084516 
2013 06 29 04 08 00 0.091144 
2013 06 29 04 08 01 0.097782 
2013 06 29 04 08 02 0.104411 
2013 06 29 04 08 03 0.111033 
2013 06 29 04 08 04 0.117663 
2013 06 29 04 08 05 0.124298 
2013 06 29 04 08 06 0.130956 
2013 06 29 04 08 07 0.137617 
2013 06 29 04 08 08 0.144287 
2013 06 29 04 08 09 0.150899 
2013 06 29 04 08 10 0.157441 
2013 06 29 04 08 11 0.164068 
2013 06 29 04 08 12 0.170700 
2013 06 29 04 08 13 0.177335 
2013 06 29 04 08 14 0.183964 
2013 06 29 04 08 15 0.190597 
2013 06 29 04 08 16 0.197225 
2013 06 29 04 08 17 0.203933 
2013 06 29 04 08 18 0.210565 
2013 06 29 04 08 19 0.217195 
2013 06 29 04 08 20 0.223810 
2013 06 29 04 08 21 0.230455 
2013 06 29 04 08 22 0.237073 
2013 06 29 04 08 22 0.991843 
2013 06 29 04 08 23 0.998479 
2013 06 29 04 08 25 0.005114 
2013 06 29 04 08 26 0.011742 
2013 06 29 04 08 27 0.018377 
2013 06 29 04 08 28 0.025002 
2013 06 29 04 08 29 0.031652 
2013 06 29 04 08 30 0.038263 
2013 06 29 04 08 31 0.044899 
2013 06 29 04 08 32 0.051530 
2013 06 29 04 08 33 0.058155 
2013 06 29 04 08 34 0.064787 
2013 06 29 04 08 35 0.071415 
2013 06 29 04 08 36 0.078045 
2013 06 29 04 08 37 0.084678 
2013 06 29 04 08 38 0.091328 
2013 06 29 04 08 39 0.097936 
2013 06 29 04 08 40 0.104585 
2013 06 29 04 08 41 0.111195 
2013 06 29 04 08 42 0.117826 
2013 06 29 04 08 43 0.124456 
2013 06 29 04 08 44 0.131098 
2013 06 29 04 08 45 0.137716 
2013 06 29 04 08 46 0.144388 
2013 06 29 04 08 47 0.150982 
2013 06 29 04 08 48 0.157614 
2013 06 29 04 08 49 0.164245 
2013 06 29 04 08 50 0.170875 
2013 06 29 04 08 51 0.177503 
2013 06 29 04 08 52 0.184138 
2013 06 29 04 08 53 0.190763 
2013 06 29 04 08 54 0.197398 
2013 06 29 04 08 55 0.204043 
2013 06 29 04 08 56 0.210658 
2013 06 29 04 08 57 0.217309 
2013 06 29 04 08 58 0.223912 
2013 06 29 04 08 59 0.230542 
2013 06 29 04 09 00 0.237176 
2013 06 29 04 09 01 0.243803 
2013 06 29 04 09 02 0.250434 
2013 06 29 04 09 03 0.257062 
2013 06 29 04 09 04 0.263697 
2013 06 29 04 09 05 0.270324 
2013 06 29 04 09 06 0.276959 
2013 06 29 04 09 07 0.283591 
2013 06 29 04 09 08 0.290221 
2013 06 29 04 09 09 0.045385 
2013 06 29 04 09 10 0.052008 
2013 06 29 04 09 11 0.058648 
2013 06 29 04 09 12 0.065274 
2013 06 29 04 09 13 0.071898 
2013 06 29 04 09 14 0.078524 
2013 06 29 04 09 15 0.085189 
2013 06 29 04 09 16 0.091771 
2013 06 29 04 09 17 0.098452 
2013 06 29 04 09 18 0.105091 
2013 06 29 04 09 19 0.111690 
2013 06 29 04 09 20 0.118311 
2013 06 29 04 09 21 0.124962 
2013 06 29 04 09 22 0.131566 
2013 06 29 04 09 23 0.138193 
2013 06 29 04 09 23 0.892993 
2013 06 29 04 09 24 0.899624 
2013 06 29 04 09 25 0.906280 
2013 06 29 04 09 26 0.912892 
2013 06 29 04 09 27 0.919535 
2013 06 29 04 09 28 0.926145 
2013 06 29 04 09 29 0.932774 
2013 06 29 04 09 30 0.939405 
2013 06 29 04 09 31 0.946037 
2013 06 29 04 09 32 0.952661 
2013 06 29 04 09 33 0.959297 
2013 06 29 04 09 34 0.965927 
2013 06 29 04 09 35 0.972552 
2013 06 29 04 09 36 0.979194 
2013 06 29 04 09 37 0.985816 
2013 06 29 04 09 38 0.992472 
2013 06 29 04 09 39 0.999081 
2013 06 29 04 09 41 0.005710 
2013 06 29 04 09 42 0.012341 
2013 06 29 04 09 43 0.018994 
2013 06 29 04 09 44 0.025603 
2013 06 29 04 09 45 0.032235 
2013 06 29 04 09 46 0.038863 
2013 06 29 04 09 47 0.045493 
2013 06 29 04 09 48 0.052131 
2013 06 29 04 09 49 0.058754 
2013 06 29 04 09 50 0.065407 
2013 06 29 04 09 51 0.072011 
2013 06 29 04 09 52 0.078643 
2013 06 29 04 09 53 0.085272 
2013 06 29 04 09 54 0.091903 
2013 06 29 04 09 55 0.098533 
2013 06 29 04 09 56 0.105164 
2013 06 29 04 09 57 0.111799 
2013 06 29 04 09 58 0.118432 
2013 06 29 04 09 59 0.125058 
2013 06 29 04 10 00 0.131689 
2013 06 29 04 10 01 0.138322 
2013 06 29 04 10 02 0.144953 
2013 06 29 04 10 03 0.151584 
2013 06 29 04 10 03 0.906715 
2013 06 29 04 10 04 0.913371 
2013 06 29 04 10 05 0.920016 
2013 06 29 04 10 06 0.926591 
2013 06 29 04 10 07 0.933210 
2013 06 29 04 10 08 0.939835 
2013 06 29 04 10 09 0.946465 
2013 06 29 04 10 10 0.953101 
2013 06 29 04 10 11 0.959733 
2013 06 29 04 10 12 0.966365 
2013 06 29 04 10 13 0.972997 
2013 06 29 04 10 14 0.979626 
2013 06 29 04 10 15 0.986252 
2013 06 29 04 10 16 0.992969 
2013 06 29 04 10 17 0.999548 
2013 06 29 04 10 19 0.006214 
2013 06 29 04 10 20 0.012825 
2013 06 29 04 10 21 0.019487 
2013 06 29 04 10 22 0.026087 
2013 06 29 04 10 23 0.032707 
2013 06 29 04 10 24 0.039342 
2013 06 29 04 10 25 0.045980 
2013 06 29 04 10 26 0.052602 
2013 06 29 04 10 27 0.059184 
2013 06 29 04 10 28 0.065817 
2013 06 29 04 10 29 0.072453 
2013 06 29 04 10 30 0.079081 
2013 06 29 04 10 31 0.085716 
2013 06 29 04 10 32 0.092340 
2013 06 29 04 10 33 0.098968 
2013 06 29 04 10 34 0.105600 
2013 06 29 04 10 35 0.112232 
2013 06 29 04 10 36 0.118859 
2013 06 29 04 10 37 0.125518 
2013 06 29 04 10 38 0.132178 
2013 06 29 04 10 39 0.138789 
2013 06 29 04 10 40 0.145432 
2013 06 29 04 10 41 0.152059 
2013 06 29 04 10 42 0.158677 
2013 06 29 04 10 43 0.165337 
2013 06 29 04 10 44 0.171944 
2013 06 29 04 10 45 0.178569 
2013 06 29 04 10 46 0.185206 
2013 06 29 04 10 47 0.191793 
2013 06 29 04 10 48 0.198448 
2013 06 29 04 10 49 0.205056 
2013 06 29 04 10 50 0.211720 
2013 06 29 04 10 51 0.218322 
2013 06 29 04 10 52 0.224943 
2013 06 29 04 10 53 0.231586 
2013 06 29 04 10 54 0.238202 
2013 06 29 04 10 55 0.244849 
2013 06 29 04 10 56 0.251463 
2013 06 29 04 10 57 0.258172 
2013 06 29 04 10 58 0.264803 
2013 06 29 04 10 59 0.271407 
2013 06 29 04 11 00 0.278049 
2013 06 29 04 11 01 0.284665 
2013 06 29 04 11 02 0.291314 
2013 06 29 04 11 03 0.297957 
2013 06 29 04 11 04 0.304579 
2013 06 29 04 11 05 0.059376 
2013 06 29 04 11 06 0.065985 
2013 06 29 04 11 07 0.072616 
2013 06 29 04 11 08 0.079242 
2013 06 29 04 11 09 0.085880 
2013 06 29 04 11 10 0.092502 
2013 06 29 04 11 11 0.099144 
2013 06 29 04 11 12 0.105765 
2013 06 29 04 11 13 0.112395 
2013 06 29 04 11 14 0.119029 
2013 06 29 04 11 14 0.874158 
2013 06 29 04 11 15 0.880763 
2013 06 29 04 11 16 0.887390 
2013 06 29 04 11 17 0.894099 
2013 06 29 04 11 18 0.900711 
