2 0
3 1
4 3
5 2
6 0
7 1
8 3
10 2
11 0
12 1
13 3
14 2
15 0
16 1
17 3
18 2
19 0
20 1
21 3
22 2
23 0
24 1
26 3
28 2
30 0
31 1
32 3
33 2
34 0
35 1
36 3
37 2
38 0
39 1
40 3
41 2
42 0
43 1
44 3
45 2
46 0
48 1
49 3
50 2
51 0
52 1
53 3
54 2
55 0
56 1
57 3
59 2
61 0
62 1
63 3
64 2
65 0
66 1
67 3
68 2
69 0
70 1
71 3
72 0
73 2
74 1
75 3
76 0
77 2
78 1
79 3
80 0
81 2
82 1
83 3
84 0
85 2
86 1
87 3
88 0
89 2
90 1
91 3
92 0
93 2
94 1
95 3
96 0
97 2
98 1
100 3
102 0
104 2
105 1
106 3
107 0
108 2
109 1
110 3
111 0
112 2
113 1
114 3
115 0
116 2
117 1
118 3
119 0
120 2
121 1
122 3
123 0
124 2
125 1
126 3
127 0
128 2
129 1
130 3
131 0
132 2
133 1
134 3
135 0
136 2
137 1
138 3
139 0
140 2
141 1
142 3
143 0
144 2
145 3
146 1
147 0
148 2
149 3
150 1
151 0
152 2
153 3
154 1
155 0
156 2
157 3
158 1
159 0
160 2
161 3
162 1
163 0
164 2
165 3
166 1
167 0
168 2
169 3
170 1
171 0
172 2
173 3
174 1
175 0
176 2
177 3
178 1
179 0
180 2
181 3
182 1
183 0
184 2
185 3
186 1
187 0
188 2
189 3
190 1
191 0
192 2
193 3
194 1
195 0
196 2
197 3
198 1
199 0
200 2
201 3
202 1
203 0
204 2
205 3
206 1
207 0
208 2
209 3
210 1
211 0
212 2
213 3
214 1
215 0
216 2
217 3
218 1
219 0
220 2
221 3
222 1
223 0
224 2
225 3
226 1
227 0
228 2
229 3
230 1
231 0
232 2
233 3
234 1
235 0
236 2
237 3
238 1
239 0
240 2
241 3
242 1
243 0
244 2
245 3
246 1
247 0
248 2
249 3
250 1
251 0
252 2
253 3
254 1
255 0
256 2
257 3
258 1
259 0
260 2
261 3
262 1
263 0
264 2
265 3
266 1
267 0
268 2
269 3
270 1
271 0
272 2
273 3
274 1
275 0
276 2
277 3
278 1
279 0
280 2
281 3
282 1
283 0
284 2
285 3
286 1
287 0
288 2
289 3
290 1
291 0
292 2
293 3
294 1
295 0
296 2
297 3
298 1
299 0
300 2
301 3
302 1
303 0
304 2
305 3
306 1
307 0
308 2
309 3
310 1
311 0
312 2
313 3
314 1
315 0
316 2
317 3
318 1
319 0
320 2
321 3
322 1
323 0
324 2
325 3
326 1
327 0
328 2
329 3
330 0
331 1
332 2
333 3
334 0
335 1
336 2
337 3
338 0
339 1
340 2
341 3
342 0
343 1
344 2
345 3
346 0
347 1
348 3
349 2
350 0
351 1
352 3
353 2
354 0
355 1
356 3
357 2
358 0
359 1
360 3
361 2
362 0
363 1
364 3
365 2
366 0
367 1
368 3
369 2
370 0
371 1
372 3
373 2
374 0
375 1
376 3
377 2
378 0
379 1
380 3
381 2
382 0
383 1
384 3
385 2
386 0
387 1
388 3
389 2
390 0
391 1
392 3
393 2
394 0
395 1
396 3
397 2
398 0
399 1
400 3
401 2
402 0
403 1
404 3
405 2
406 0
407 1
408 3
409 2
410 0
411 1
412 3
413 2
414 0
415 1
416 3
417 2
418 0
419 1
420 3
421 2
422 0
423 1
424 3
425 2
426 0
427 1
428 3
429 2
430 0
431 1
432 3
433 2
434 0
435 1
436 3
437 2
438 0
439 1
440 3
441 2
442 0
443 1
444 3
445 2
446 0
447 1
448 3
449 2
450 0
451 1
452 3
453 2
454 0
455 1
456 3
457 2
458 0
459 1
460 3
461 2
462 0
463 1
464 3
465 2
466 0
467 1
468 3
469 2
470 0
471 1
472 3
473 2
474 0
475 1
476 3
477 2
478 0
479 1
480 3
481 2
482 0
483 1
484 3
485 2
486 0
487 1
488 3
489 2
490 0
491 1
492 3
493 2
494 0
495 1
496 3
497 2
498 0
499 1
500 3
501 2
502 0
503 1
504 3
505 2
506 0
507 1
508 3
509 2
510 0
511 1
512 3
513 2
514 0
515 1
516 3
517 2
518 0
519 1
520 3
521 2
522 0
523 1
524 3
525 2
526 0
527 1
528 3
529 2
530 0
531 1
532 3
533 2
534 0
535 1
536 3
537 2
538 0
539 1
540 3
541 2
542 0
543 1
544 3
545 2
546 0
547 1
548 3
549 2
550 0
551 1
552 3
553 2
554 0
555 1
556 3
557 2
558 0
559 1
560 3
561 2
562 0
563 1
564 3
565 2
566 0
567 1
568 3
569 2
570 0
571 1
572 3
573 2
574 0
575 1
576 3
577 2
578 0
579 1
580 3
581 2
582 0
583 1
584 3
585 2
586 0
587 1
588 3
589 2
590 0
591 1
592 3
593 2
594 0
595 1
596 3
597 2
598 0
599 1
600 3
601 2
602 0
603 1
604 3
605 2
606 0
607 1
608 3
609 2
610 0
611 1
612 3
613 2
614 0
615 1
616 3
617 0
618 2
619 1
620 3
621 0
622 2
623 1
624 3
625 0
626 2
627 1
628 3
629 0
630 2
631 1
632 3
633 0
634 2
635 1
636 3
637 0
638 2
639 1
640 3
641 0
642 2
643 1
644 3
645 0
646 2
647 1
648 3
649 0
650 2
651 1
652 3
653 0
654 2
655 1
656 3
657 0
658 2
659 1
660 3
661 0
662 2
663 1
664 3
665 0
666 2
667 1
668 3
669 0
670 2
671 1
672 3
673 0
674 2
675 1
676 3
677 0
678 2
679 1
680 3
681 0
682 2
683 1
684 3
685 0
686 2
687 1
688 3
689 0
690 2
691 1
692 3
693 0
694 2
695 1
696 3
697 0
698 2
699 1
700 3
701 0
702 2
703 1
704 3
705 0
706 2
707 1
708 3
709 0
710 2
711 1
712 3
713 0
714 1
715 2
716 3
717 0
718 1
719 2
720 3
721 0
722 1
723 2
724 3
725 0
726 1
727 2
728 3
729 0
730 1
731 2
732 3
733 0
734 1
735 2
736 3
737 0
738 1
739 2
740 3
741 0
742 1
743 2
744 3
745 0
746 1
747 2
748 3
749 0
750 1
751 2
752 3
753 0
754 1
755 2
756 3
757 0
758 1
759 2
760 3
761 0
762 1
763 2
764 3
765 0
766 1
767 2
768 3
769 0
770 1
771 2
772 3
773 0
774 1
775 2
776 3
777 0
778 1
779 2
780 3
781 0
782 1
783 2
784 3
785 0
786 1
787 2
788 3
789 0
790 1
791 2
792 3
793 0
794 1
795 2
796 3
797 0
798 1
799 2
800 3
801 0
802 1
803 2
804 3
805 0
806 1
807 2
808 3
809 0
810 1
811 2
812 3
813 0
814 1
815 2
816 3
817 0
818 1
819 2
820 3
821 0
822 1
823 2
824 3
825 0
826 1
827 2
828 3
829 0
830 1
831 2
832 3
833 0
834 1
835 2
836 3
837 0
838 1
839 2
840 3
841 0
842 1
843 2
844 3
845 0
846 1
847 2
848 3
849 0
850 1
851 2
852 3
853 0
854 1
855 2
856 3
857 0
858 1
859 2
860 3
861 0
862 1
863 2
864 3
865 0
866 1
867 2
868 3
869 0
870 1
871 2
872 3
873 0
874 1
875 2
876 3
877 0
878 1
879 2
880 3
881 0
882 1
883 2
884 3
885 0
886 1
887 2
888 3
889 0
890 1
891 2
892 3
893 0
894 1
895 3
896 2
897 0
898 1
899 3
900 2
901 0
902 1
903 3
904 2
905 0
906 1
907 3
908 0
909 2
910 1
911 3
912 0
913 2
914 1
915 3
916 0
917 2
918 1
919 3
920 0
921 2
922 1
923 3
924 0
925 2
926 1
927 3
928 0
929 2
930 1
931 3
932 0
933 2
934 1
935 3
936 0
937 2
938 1
939 3
940 0
941 2
942 1
943 3
944 0
945 2
946 1
947 3
948 0
949 2
950 1
951 3
952 0
953 2
954 1
955 3
956 0
957 2
958 1
959 3
960 0
961 2
962 1
963 3
964 0
965 2
966 1
967 3
968 0
969 2
970 1
971 3
972 0
973 2
974 1
975 3
976 0
977 2
978 1
979 3
980 0
981 2
982 1
983 3
984 0
985 2
986 1
987 3
988 0
989 2
990 1
991 3
992 0
993 2
994 1
995 3
996 0
997 2
998 1
999 3
1000 0
1001 2
1002 1
1003 3
1004 0
1005 2
1006 1
1007 3
1008 0
1009 2
1010 1
1011 3
1012 0
1013 2
1014 1
1015 3
1016 0
1017 2
1018 1
1019 3
1020 0
1021 2
1022 1
1023 3
1024 0
1025 2
1026 1
1027 3
1028 0
1029 2
1030 1
1031 3
1032 0
1033 2
1034 1
1035 3
1036 0
1037 2
1038 1
1039 3
1040 0
1041 2
1042 1
1043 3
1044 0
1045 2
1046 1
1047 3
1048 0
1049 2
1050 1
1051 3
1052 0
1053 2
1054 1
1055 3
1056 0
1057 2
1058 1
1059 3
1060 0
1061 2
1062 1
1063 3
1064 0
1065 2
1066 1
1067 3
1068 0
1069 2
1070 1
1071 3
1072 0
1073 2
1074 1
1075 3
1076 0
1077 2
1078 1
1079 3
1080 0
1081 2
1082 1
1083 3
1084 0
1085 2
1086 1
1087 3
1088 0
1089 2
1090 1
1091 3
1092 0
1093 2
1094 1
1095 3
1096 0
1097 2
1098 1
1099 3
1100 0
1101 2
1102 1
1103 3
1104 0
1105 2
1106 1
1107 3
1108 0
1109 2
1110 1
1111 3
1112 0
1113 2
1114 1
1115 3
1116 0
1117 2
1118 1
1119 3
1120 0
1121 2
1122 1
1123 3
1124 0
1125 2
1126 1
1127 3
1128 0
1129 2
1130 1
1131 3
1132 0
1133 2
1134 1
1135 3
1136 0
1137 2
1138 1
1139 3
1140 0
1141 2
1142 1
1143 3
1144 0
1145 2
1146 1
1147 3
1148 0
1149 2
1150 1
1151 3
1152 0
1153 2
1154 1
1155 3
1156 0
1157 2
1158 1
1159 3
1160 0
1161 2
1162 1
1163 3
1164 0
1165 2
1166 1
1167 3
1168 0
1169 2
1170 1
1171 3
1172 0
1173 2
1174 1
1175 3
1176 0
1177 2
1178 1
1179 3
1180 0
1181 2
1182 1
1183 3
1184 0
1185 2
1186 1
1187 3
1188 0
1189 2
1190 1
1191 3
1192 0
1193 2
1194 1
1195 3
1196 0
1197 2
1198 1
1199 3
1200 0
1201 2
1202 1
1203 3
1204 0
1205 2
1206 1
1207 3
1208 0
1209 2
1210 1
1211 3
1212 0
1213 2
1214 1
1215 3
1216 0
1217 2
1218 1
1219 3
1220 0
1221 2
1222 1
1223 3
1224 0
1225 2
1226 1
1227 3
1228 0
1229 2
1230 1
1231 3
1232 0
1233 2
1234 1
1235 3
1236 0
1237 2
1238 1
1239 3
1240 0
1241 2
1242 1
1243 3
1244 0
1245 2
1246 1
1247 3
1248 0
1249 2
1250 1
1251 3
1252 0
1253 2
1254 1
1255 3
1256 0
1257 2
1258 1
1259 3
1260 0
1261 2
1262 1
1263 3
1264 0
1265 2
1266 1
1267 3
1268 0
1269 2
1270 1
1271 3
1272 0
1273 2
1274 1
1275 3
1276 0
1277 2
1278 1
1279 3
1280 0
1281 2
1282 1
1283 3
1284 0
1285 2
1286 1
1287 3
1288 0
1289 2
1290 1
1291 3
1292 0
1293 2
1294 1
1295 3
1296 0
1297 2
1298 1
1299 3
1300 0
1301 2
1302 1
1303 3
1304 0
1305 2
1306 1
1307 3
1308 0
1309 2
1310 1
1311 3
1312 0
1313 2
1314 1
1315 3
1316 0
1317 2
1318 1
1319 3
1320 0
1321 2
1322 1
1323 3
1324 0
1325 2
1326 1
1327 3
1328 0
1329 2
1330 1
1331 3
1332 0
1333 2
1334 1
1335 3
1336 0
1337 2
1338 1
1339 3
1340 0
1341 2
1342 1
1343 3
1344 0
1345 2
1346 1
1347 3
1348 0
1349 2
1350 1
1351 3
1352 0
1353 2
1354 1
1355 3
1356 0
1357 2
1358 1
1359 3
1360 0
1361 2
1362 1
1363 3
1364 0
1365 2
1366 1
1367 3
1368 0
1369 2
1370 1
1371 3
1372 0
1373 2
1374 1
1375 3
1376 0
1377 2
1378 1
1379 3
1380 0
1381 2
1382 1
1383 3
1384 0
1385 2
1386 1
1387 3
1388 0
1389 2
1390 1
1391 3
1392 0
1393 2
1394 1
1395 3
1396 0
1397 2
1398 1
1399 3
1400 0
1401 2
1402 1
1403 3
1404 0
1405 2
1406 1
1407 3
1408 0
1409 2
1410 1
1411 3
1412 0
1413 2
1414 1
1415 3
1416 0
1417 2
1418 1
1419 3
1420 0
1421 2
1422 1
1423 3
1424 0
1425 2
1426 1
1427 3
1428 0
1429 2
1430 1
1431 3
1432 0
1433 2
1434 1
1435 3
1436 0
1437 2
1438 1
1439 3
1440 0
1441 2
1442 1
1443 3
1444 0
1445 2
1446 1
1447 3
1448 0
1449 2
1450 1
1451 3
1452 0
1453 2
1454 1
1455 3
1456 0
1457 2
1458 1
1459 3
1460 0
1461 2
1462 1
1463 3
1464 0
1465 2
1466 1
1467 3
1468 0
1469 2
1470 1
1471 3
1472 0
1473 2
1474 1
1475 3
1476 0
1477 2
1478 1
1479 3
1480 0
1481 2
1482 1
1483 3
1484 0
1485 2
1486 1
1487 3
1488 0
1489 2
1490 1
1491 3
1492 0
1493 2
1494 1
1495 3
1496 0
1497 2
1498 1
1499 3
1500 0
1501 2
1502 1
1503 3
1504 0
1505 2
1506 1
1507 3
1508 0
1509 2
1510 1
1511 3
1512 0
1513 2
1514 1
1515 3
1516 0
1517 2
1518 1
1519 3
1520 0
1521 2
1522 1
1523 3
1524 0
1525 2
1526 1
1527 3
1528 0
1529 2
1530 1
1531 3
1532 0
1533 2
1534 1
1535 3
1536 0
1537 2
1538 1
1539 3
1540 0
1541 2
1542 1
1543 3
1544 0
1545 2
1546 1
1547 3
1548 0
1549 2
1550 1
1551 3
1552 0
1553 1
1554 2
1555 3
1556 0
1557 1
1558 2
1559 3
1560 0
1561 1
1562 2
1563 3
1564 0
1565 1
1566 2
1567 3
1568 0
1569 1
1570 2
1571 3
1572 0
1573 1
1574 2
1575 3
1576 0
1577 1
1578 2
1579 3
1580 0
1581 1
1582 2
1583 3
1584 0
1585 1
1586 2
1587 3
1588 0
1589 1
1590 2
1591 3
1592 0
1593 1
1594 2
1595 3
1596 0
1597 1
1598 2
1599 3
1600 0
1601 1
1602 2
1603 3
1604 0
1605 1
1606 2
1607 3
1608 0
1609 1
1610 2
1611 3
1612 0
1613 1
1614 2
1615 3
1616 0
1617 1
1618 2
1619 3
1620 0
1621 1
1622 2
1623 3
1624 0
1625 1
1626 2
1627 3
1628 0
1629 1
1630 2
1631 3
1632 0
1633 1
1634 2
1635 3
1636 0
1637 1
1638 2
1639 3
1640 0
1641 1
1642 2
1643 3
1644 0
1645 1
1646 2
1647 3
1648 0
1649 1
1650 2
1651 3
1652 0
1653 1
1654 2
1655 3
1656 0
1657 1
1658 2
1659 3
1660 0
1661 1
1662 2
1663 3
1664 0
1665 1
1666 2
1667 3
1668 0
1669 1
1670 2
1671 3
1672 0
1673 1
1674 2
1675 3
1676 0
1677 1
1678 2
1679 3
1680 0
1681 1
1682 2
1683 3
1684 0
1685 1
1686 2
1687 3
1688 0
1689 1
1690 2
1691 3
1692 0
1693 1
1694 2
1695 3
1696 0
1697 1
1698 2
1699 3
1700 0
1701 1
1702 2
1703 3
1704 0
1705 1
1706 2
1707 3
1708 0
1709 1
1710 2
1711 3
1712 0
1713 1
1714 2
1715 3
1716 0
1717 1
1718 2
1719 3
1720 0
1721 1
1722 2
1723 3
1724 0
1725 1
1726 2
1727 3
1728 0
1729 1
1730 2
1731 3
1732 0
1733 1
1734 2
1735 3
1736 0
1737 1
1738 2
1739 3
1740 0
1741 1
1742 2
1743 3
1744 0
1745 1
1746 2
1747 3
1748 0
1749 1
1750 2
1751 3
1752 0
1753 1
1754 2
1755 3
1756 0
1757 1
1758 2
1759 3
1760 0
1761 1
1762 2
1763 3
1764 0
1765 1
1766 2
1767 3
1768 0
1769 1
1770 2
1771 3
1772 0
1773 1
1774 2
1775 3
1776 0
1777 1
1778 2
1779 3
1780 0
1781 1
1782 2
1783 3
1784 0
1785 1
1786 2
1787 3
1788 0
1789 1
1790 2
1791 3
1792 0
1793 1
1794 2
1795 3
1796 0
1797 1
1798 2
1799 3
1800 0
1801 1
1802 2
1803 3
1804 0
1805 1
1806 2
1807 3
1808 0
1809 1
1810 2
1811 3
1812 0
1813 1
1814 2
1815 3
1816 0
1817 1
1818 2
1819 3
1820 0
1821 1
1822 2
1823 3
1824 0
1825 1
1826 2
1827 3
1828 0
1829 1
1830 2
1831 3
1832 0
1833 1
1834 2
1835 3
1836 0
1837 1
1838 2
1839 3
1840 0
1841 1
1842 2
1843 3
1844 0
1845 1
1846 2
1847 3
1848 0
1849 1
1850 2
1851 3
1852 0
1853 1
1854 2
1855 3
1856 0
1857 1
1858 2
1859 3
1860 0
1861 1
1862 2
1863 3
1864 0
1865 1
1866 2
1867 3
1868 0
1869 1
1870 2
1871 3
1872 0
1873 1
1874 2
1875 3
1876 0
1877 1
1878 2
1879 3
1880 0
1881 1
1882 2
1883 3
1884 0
1885 1
1886 2
1887 3
1888 0
1889 1
1890 2
1891 3
1892 0
1893 1
1894 2
1895 3
1896 0
1897 1
1898 2
1899 3
1900 0
1901 1
1902 2
1903 3
1904 0
1905 1
1906 2
1907 3
1908 0
1909 1
1910 2
1911 3
1912 0
1913 1
1914 2
1915 3
1916 0
1917 1
1918 2
1919 3
1920 0
1921 1
1922 3
1923 2
1924 0
1925 1
1926 3
1927 0
1928 2
1929 1
1930 3
1931 0
1932 2
1933 1
1934 3
1935 0
1936 2
1937 1
1938 3
1939 0
1940 2
1941 1
1942 3
1943 0
1944 2
1945 1
1946 3
1947 0
1948 2
1949 1
1950 3
1951 0
1952 2
1953 1
1954 3
1955 0
1956 2
1957 1
1958 3
1959 0
1960 2
1961 1
1962 3
1963 0
1964 2
1965 1
1966 3
1967 0
1968 2
1969 1
1970 3
1971 0
1972 2
1973 1
1974 3
1975 0
1976 2
1977 1
1978 3
1979 0
1980 2
1981 1
1982 3
1983 0
1984 2
1985 1
1986 3
1987 0
1988 2
1989 1
1990 3
1991 0
1992 2
1993 1
1994 3
1995 0
1996 2
1997 1
1998 3
1999 0
2000 2
2001 1
2002 3
2003 0
2004 2
2005 1
2006 3
2007 0
2008 2
2009 1
2010 3
2011 0
2012 2
2013 1
2014 3
2015 0
2016 2
2017 1
2018 3
2019 0
2020 2
2021 1
2022 3
2023 0
2024 2
2025 1
2026 3
2027 0
2028 1
2029 2
2030 3
2031 0
2032 1
2033 2
2034 3
2035 0
2036 1
2037 2
2038 3
2039 0
2040 1
2041 2
2042 3
2043 0
2044 1
2045 2
2046 3
2047 0
2048 1
2049 2
2050 3
2051 0
2052 1
2053 2
2054 3
2055 0
2056 1
2057 2
2058 3
2059 0
2060 1
2061 2
2062 3
2063 0
2064 1
2065 2
2066 3
2067 0
2068 1
2069 2
2070 3
2071 0
2072 1
2073 2
2074 3
2075 0
2076 1
2077 2
2078 3
2079 0
2080 1
2081 2
2082 3
2083 0
2084 1
2085 2
2086 3
2087 0
2088 1
2089 2
2090 3
2091 0
2092 1
2093 2
2094 3
2095 0
2096 1
2097 2
2098 3
2099 0
2100 1
2101 2
2102 3
2103 0
2104 1
2105 2
2106 3
2107 0
2108 1
2109 3
2110 2
2111 0
2112 1
2113 3
2114 0
2115 2
2116 1
2117 3
2118 0
2119 2
2120 1
2121 3
2122 0
2123 2
2124 1
2125 3
2126 0
2127 2
2128 1
2129 3
2130 0
2131 2
2132 1
2133 3
2134 0
2135 2
2136 1
2137 3
2138 0
2139 2
2140 1
2141 3
2142 0
2143 2
2144 1
2145 3
2146 0
2147 2
2148 1
2149 3
2150 0
2151 2
2152 1
2153 3
2154 0
2155 2
2156 1
2157 3
2158 0
2159 2
2160 1
2161 3
2162 0
2163 2
2164 1
2165 3
2166 0
2167 2
2168 3
2169 1
2170 0
2171 2
2172 3
2173 1
2174 0
2175 2
2176 3
2177 1
2178 0
2179 2
2180 3
2181 1
2182 0
2183 2
2184 3
2185 1
2186 0
2187 2
2188 3
2189 1
2190 0
2191 2
2192 3
2193 1
2194 0
2195 2
2196 3
2197 1
2198 0
2199 3
2200 2
2201 1
2202 0
2203 3
2204 1
2205 2
2206 0
2207 3
2208 1
2209 2
2210 0
2211 3
2212 1
2213 2
2214 0
2215 3
2216 1
2217 2
2218 0
2219 3
2220 1
2221 2
2222 0
2223 3
2224 1
2225 2
2226 0
2227 3
2228 1
2229 2
2230 0
2231 3
2232 1
2233 2
2234 0
2235 3
2236 1
2237 2
2238 0
2239 3
2240 1
2241 2
2242 0
2243 3
2244 1
2245 2
2246 0
2247 3
2248 1
2249 2
2250 0
2251 3
2252 1
2253 2
2254 0
2255 3
2256 1
2257 2
2258 3
2259 0
2260 1
2261 2
2262 3
2263 0
2264 1
2265 2
2266 3
2267 0
2268 1
2269 2
2270 3
2271 0
2272 1
2273 2
2274 3
2275 0
2276 1
2277 2
2278 3
2279 0
2280 1
2281 2
2282 3
2283 0
2284 1
2285 2
2286 3
2287 0
2288 1
2289 2
2290 3
2291 0
2292 1
2293 2
2294 3
2295 0
2296 1
2297 2
2298 3
2299 0
2300 1
2301 2
2302 3
2303 0
2304 1
2305 2
2306 3
2307 0
2308 1
2309 2
2310 3
2311 0
2312 1
2313 2
2314 3
2315 0
2316 1
2317 2
2318 3
2319 0
2320 1
2321 2
2322 3
2323 0
2324 1
2325 2
2326 3
2327 0
2328 1
2329 2
2330 3
2331 0
2332 1
2333 2
2334 3
2335 0
2336 1
2337 2
2338 3
2339 0
2340 1
2341 2
2342 3
2343 0
2344 1
2345 2
2346 3
2347 0
2348 1
2349 2
2350 3
2351 0
2352 1
2353 2
2354 3
2355 0
2356 1
2357 2
2358 3
2359 0
2360 1
2361 2
2362 3
2363 0
2364 1
2365 2
2366 3
2367 0
2368 1
2369 2
2370 3
2371 0
2372 1
2373 2
2374 3
2375 0
2376 1
2377 3
2378 2
2379 0
2380 1
2381 3
2382 2
2383 0
2384 1
2385 3
2386 2
2387 0
2388 1
2389 3
2390 2
2391 0
2392 1
2393 3
2394 2
2395 0
2396 1
2397 3
2398 2
2399 0
2400 1
2401 3
2402 2
2403 0
2404 1
2405 3
2406 2
2407 0
2408 1
2409 3
2410 2
2411 0
2412 1
2413 3
2414 2
2415 0
2416 1
2417 3
2418 2
2419 0
2420 1
2421 3
2422 2
2423 0
2424 1
2425 3
2426 2
2427 0
2428 1
2429 3
2430 2
2431 0
2432 1
2433 3
2434 2
2435 0
2436 1
2437 3
2438 2
2439 0
2440 1
2441 3
2442 2
2443 0
2444 1
2445 3
2446 2
2447 0
2448 1
2449 3
2450 2
2451 0
2452 3
2453 1
2454 2
2455 0
2456 3
2457 1
2458 2
2459 0
2460 3
2461 1
2462 2
2463 0
2464 3
2465 1
2466 2
2467 0
2468 3
2469 1
2470 2
2471 0
2472 3
2473 1
2474 2
2475 0
2476 3
2477 1
2478 2
2479 0
2480 3
2481 1
2482 2
2483 0
2484 3
2485 1
2486 2
2487 0
2488 3
2489 1
2490 2
2491 0
2492 3
2493 1
2494 2
2495 0
2496 3
2497 1
2498 2
2499 0
2500 3
2501 1
2502 2
2503 0
2504 3
2505 1
2506 2
2507 0
2508 3
2509 1
2510 2
2511 0
2512 3
2513 1
2514 2
2515 0
2516 3
2517 1
2518 2
2519 0
2520 3
2521 1
2522 2
2523 0
2524 3
2525 1
2526 2
2527 0
2528 3
2529 1
2530 2
2531 0
2532 3
2533 1
2534 2
2535 0
2536 3
2537 1
2538 2
2539 0
2540 3
2541 1
2542 2
2543 0
2544 3
2545 1
2546 2
2547 0
2548 3
2549 1
2550 2
2551 0
2552 3
2553 1
2554 2
2555 0
2556 3
2557 1
2558 2
2559 0
2560 3
2561 1
2562 2
2563 0
2564 3
2565 1
2566 2
2567 0
2568 3
2569 1
2570 2
2571 0
2572 3
2573 1
2574 2
2575 0
2576 3
2577 1
2578 2
2579 0
2580 3
2581 1
2582 2
2583 0
2584 3
2585 1
2586 2
2587 0
2588 3
2589 1
2590 2
2591 0
2592 3
2593 1
2594 2
2595 0
2596 3
2597 1
2598 2
2599 0
2600 3
2601 1
2602 2
2603 0
2604 3
2605 1
2606 2
2607 0
2608 3
2609 1
2610 2
2611 0
2612 3
2613 1
2614 2
2615 0
2616 3
2617 1
2618 2
2619 0
2620 3
2621 1
2622 2
2623 0
2624 3
2625 1
2626 2
2627 0
2628 3
2629 1
2630 2
2631 0
2632 3
2633 1
2634 2
2635 0
2636 3
2637 1
2638 2
2639 0
2640 3
2641 1
2642 2
2643 0
2644 3
2645 1
2646 2
2647 0
2648 3
2649 1
2650 2
2651 0
2652 3
2653 1
2654 2
2655 0
2656 3
2657 1
2658 2
2659 0
2660 3
2661 1
2662 2
2663 0
2664 3
2665 1
2666 2
2667 0
2668 3
2669 1
2670 2
2671 0
2672 3
2673 1
2674 2
2675 0
2676 3
2677 1
2678 2
2679 0
2680 3
2681 1
2682 2
2683 0
2684 3
2685 1
2686 2
2687 0
2688 3
2689 1
2690 2
2691 0
2692 3
2693 1
2694 2
2695 0
2696 3
2697 1
2698 2
2699 0
2700 3
2701 1
2702 2
2703 0
2704 3
2705 1
2706 2
2707 0
2708 3
2709 1
2710 2
2711 0
2712 3
2713 1
2714 2
2715 0
2716 3
2717 1
2718 2
2719 0
2720 3
2721 1
2722 2
2723 0
2724 3
2725 1
2726 2
2727 0
2728 3
2729 1
2730 2
2731 0
2732 3
2733 1
2734 0
2735 2
2736 3
2737 1
2738 0
2739 2
2740 3
2741 1
2742 0
2743 2
2744 3
2745 1
2746 0
2747 2
2748 3
2749 1
2750 0
2751 2
2752 3
2753 1
2754 0
2755 2
2756 3
2757 1
2758 0
2759 2
2760 3
2761 1
2762 2
2763 0
2764 3
2765 1
2766 2
2767 0
2768 3
2769 1
2770 2
2771 0
2772 3
2773 1
2774 2
2775 0
2776 3
2777 1
2778 2
2779 0
2780 3
2781 1
2782 2
2783 0
2784 3
2785 1
2786 2
2787 0
2788 3
2789 1
2790 2
2791 0
2792 3
2793 1
2794 2
2795 0
2796 3
2797 1
2798 2
2799 0
2800 3
2801 1
2802 2
2803 0
2804 3
2805 1
2806 2
2807 0
2808 3
2809 1
2810 2
2811 0
2812 3
2813 1
2814 2
2815 0
2816 3
2817 1
2818 2
2819 0
2820 3
2821 1
2822 0
2823 2
2824 3
2825 1
2826 0
2827 2
2828 3
2829 1
2830 0
2831 2
2832 3
2833 1
2834 0
2835 2
2836 3
2837 1
2838 0
2839 2
2840 3
2841 1
2842 0
2843 2
2844 3
2845 1
2846 0
2847 2
2848 3
2849 1
2850 0
2851 2
2852 3
2853 1
2854 0
2855 2
2856 3
2857 1
2858 0
2859 2
2860 3
2861 1
2862 0
2863 2
2864 3
2865 1
2866 0
2867 2
2868 3
2869 1
2870 0
2871 2
2872 3
2873 1
2874 0
2875 2
2876 3
2877 1
2878 0
2879 2
2880 3
2881 1
2882 2
2883 0
2884 3
2885 1
2886 2
2887 0
2888 3
2889 1
2890 2
2891 0
2892 3
2893 1
2894 2
2895 0
2896 3
2897 1
2898 2
2899 0
2900 3
2901 1
2902 2
2903 0
2904 3
2905 1
2906 2
2907 0
2908 3
2909 1
2910 0
2911 2
2912 3
2913 1
2914 0
2915 2
2916 3
2917 1
2918 0
2919 2
2920 3
2921 1
2922 0
2923 2
2924 3
2925 1
2926 0
2927 2
2928 3
2929 1
2930 0
2931 2
2932 3
2933 1
2934 0
2935 2
2936 3
2937 1
2938 0
2939 2
2940 3
2941 1
2942 0
2943 2
2944 3
2945 1
2946 0
2947 2
2948 3
2949 1
2950 0
2951 2
2952 3
2953 1
2954 0
2955 2
2956 3
2957 1
2958 0
2959 2
2960 3
2961 1
2962 0
2963 2
2964 3
2965 1
2966 0
2967 2
2968 3
2969 1
2970 0
2971 2
2972 3
2973 1
2974 0
2975 2
2976 3
2977 1
2978 0
2979 2
2980 3
2981 1
2982 0
2983 2
2984 3
2985 1
2986 0
2987 2
2988 3
2989 1
2990 0
2991 2
2992 3
2993 1
2994 0
2995 2
2996 3
2997 1
2998 0
2999 2
3000 3
3001 1
3002 0
3003 2
3004 3
3005 1
3006 0
3007 2
3008 3
3009 1
3010 0
3011 2
3012 3
3013 1
3014 0
3015 2
3016 3
3017 1
3018 0
3019 2
3020 3
3021 1
3022 0
3023 2
3024 3
3025 1
3026 0
3027 2
3028 3
3029 1
3030 0
3031 2
3032 3
3033 1
3034 0
3035 2
3036 3
3037 1
3038 0
3039 2
3040 3
3041 1
3042 0
3043 2
3044 3
3045 1
3046 0
3047 2
3048 3
3049 1
3050 0
3051 2
3052 3
3053 1
3054 0
3055 2
3056 3
3057 1
3058 0
3059 2
3060 3
3061 1
3062 0
3063 2
3064 3
3065 1
3066 0
3067 2
3068 3
3069 1
3070 0
3071 2
3072 3
3073 1
3074 0
3075 2
3076 3
3077 1
3078 0
3079 2
3080 3
3081 1
3082 0
3083 2
3084 3
3085 1
3086 0
3087 3
3088 2
3089 1
3090 0
3091 3
3092 2
3093 1
3094 0
3095 3
3096 2
3097 1
3098 0
3099 3
3100 2
3101 1
3102 0
3103 3
3104 2
3105 1
3106 0
3107 3
3108 2
3109 1
3110 0
3111 3
3112 2
3113 1
3114 0
3115 3
3116 2
3117 1
3118 0
3119 3
3120 2
3121 1
3122 0
3123 3
3124 2
3125 1
3126 0
3127 3
3128 2
3129 1
3130 0
3131 3
3132 2
3133 1
3134 0
3135 3
3136 2
3137 1
3138 0
3139 3
3140 2
3141 1
3142 0
3143 3
3144 2
3145 1
3146 0
3147 3
3148 2
3149 1
3150 0
3151 3
3152 2
3153 1
3154 0
3155 3
3156 2
3157 1
3158 0
3159 3
3160 2
3161 1
3162 0
3163 3
3164 1
3165 2
3166 0
3167 3
3168 1
3169 2
3170 0
3171 3
3172 1
3173 2
3174 0
3175 3
3176 1
3177 0
3178 2
3179 3
3180 1
3181 0
3182 2
3183 3
3184 1
3185 0
3186 2
3187 3
3188 1
3189 0
3190 2
3191 3
3192 1
3193 0
3194 2
3195 3
3196 1
3197 0
3198 2
3199 3
3200 1
3201 0
3202 2
3203 3
3204 1
3205 0
3206 2
3207 3
3208 1
3209 0
3210 2
3211 3
3212 1
3213 0
3214 2
3215 3
3216 1
3217 0
3218 2
3219 3
3220 1
3221 0
3222 2
3223 3
3224 1
3225 0
3226 2
3227 3
3228 1
3229 0
3230 2
3231 3
3232 1
3233 0
3234 2
3235 3
3236 1
3237 0
3238 2
3239 3
3240 1
3241 0
3242 2
3243 3
3244 1
3245 0
3246 2
3247 3
3248 1
3249 0
3250 2
3251 3
3252 1
3253 0
3254 2
3255 3
3256 1
3257 0
3258 2
3259 3
3260 1
3261 0
3262 2
3263 3
3264 1
3265 0
3266 2
3267 3
3268 1
3269 0
3270 2
3271 3
3272 1
3273 0
3274 2
3275 3
3276 1
3277 0
3278 2
3279 3
3280 1
3281 0
3282 2
3283 3
3284 1
3285 0
3286 2
3287 3
3288 1
3289 0
3290 2
3291 3
3292 1
3293 0
3294 2
3295 3
3296 1
3297 0
3298 2
3299 3
3300 1
3301 0
3302 2
3303 3
3304 1
3305 0
3306 2
3307 3
3308 1
3309 0
3310 2
3311 3
3312 1
3313 0
3314 2
3315 3
3316 1
3317 0
3318 2
3319 3
3320 1
3321 0
3322 2
3323 3
3324 1
3325 0
3326 2
3327 3
3328 1
3329 0
3330 2
3331 3
3332 1
3333 0
3334 2
3335 3
3336 1
3337 0
3338 2
3339 3
3340 1
3341 0
3342 3
3343 2
3344 1
3345 0
3346 3
3347 2
3348 1
3349 0
3350 3
3351 2
3352 1
3353 0
3354 3
3355 2
3356 1
3357 0
3358 3
3359 2
3360 1
3361 0
3362 3
3363 2
3364 1
3365 0
3366 3
3367 2
3368 1
3369 0
3370 3
3371 2
3372 1
3373 0
3374 3
3375 2
3376 1
3377 0
3378 3
3379 2
3380 1
3381 0
3382 3
3383 2
3384 1
3385 0
3386 3
3387 2
3388 1
3389 0
3390 3
3391 2
3392 1
3393 0
3394 3
3395 2
3396 1
3397 0
3398 3
3399 2
3400 1
3401 0
3402 3
3403 2
3404 1
3405 0
3406 3
3407 2
3408 1
3409 0
3410 3
3411 2
3412 1
3413 0
3414 3
3415 2
3416 1
3417 0
3418 3
3419 2
3420 1
3421 0
3422 3
3423 2
3424 0
3425 1
3426 3
3427 2
3428 0
3429 1
3430 3
3431 0
3432 2
3433 1
3434 3
3435 0
3436 2
3437 1
3438 3
3439 0
3440 2
3441 1
3442 3
3443 0
3444 2
3445 1
3446 3
3447 0
3448 2
3449 1
3450 3
3451 0
3452 2
3453 1
3454 3
3455 0
3456 2
3457 1
3458 3
3459 0
3460 2
3461 1
3462 3
3463 0
3464 2
3465 1
3466 3
3467 0
3468 2
3469 1
3470 3
3471 0
3472 2
3473 1
3474 3
3475 0
3476 2
3477 1
3478 3
3479 0
3480 2
3481 1
3482 3
3483 0
3484 2
3485 1
3486 3
3487 0
3488 2
3489 1
3490 3
3491 0
3492 2
3493 1
3494 3
3495 0
3496 2
3497 1
3498 3
3499 0
3500 2
3501 1
3502 3
3503 0
3504 2
3505 1
3506 3
3507 0
3508 2
3509 1
3510 3
3511 0
3512 2
3513 1
3514 3
3515 0
3516 2
3517 1
3518 3
3519 0
3520 2
3521 1
3522 3
3523 0
3524 2
3525 1
3526 3
3527 0
3528 2
3529 1
3530 3
3531 0
3532 2
3533 1
3534 3
3535 0
3536 2
3537 1
3538 3
3539 0
3540 2
3541 1
3542 3
3543 0
3544 2
3545 1
3546 3
3547 0
3548 2
3549 1
3550 3
3551 0
3552 2
3553 1
3555 3
3556 0
3557 2
3558 1
3559 3
3561 0
3562 2
3563 1
3565 3
3567 0
3568 2
3569 1
3571 3
3573 0
3575 2
3577 1
3579 3
3581 0
3583 2
3585 1
3587 3
3589 0
3591 2
3593 1
3595 3
3597 0
3599 2
3601 1
3603 3
3605 0
3607 2
3609 1
3611 3
3613 0
3615 2
3617 1
3619 3
3621 0
3623 2
3625 1
3627 3
3629 0
3631 2
3633 1
3635 3
3637 0
3639 2
3641 1
3643 3
3645 0
3647 2
3649 1
3651 3
3653 0
3655 2
3657 1
3659 3
3661 0
3663 2
3665 1
3667 3
3669 0
3671 2
3673 1
3675 3
3677 0
3679 2
3681 1
3683 3
3685 0
3687 2
3689 1
3691 3
3693 0
3695 2
3697 1
3699 3
3701 0
3703 2
3705 1
3707 3
3709 0
3711 2
3713 1
3715 3
3717 0
3719 2
3721 1
3723 3
3725 0
3727 2
3729 1
3731 3
3733 0
3735 2
3737 1
3739 3
3741 0
3743 2
3745 1
3747 3
3749 0
3751 2
3753 1
3755 3
3757 0
3759 2
3761 1
3763 3
3765 0
3767 2
3769 1
3771 3
3773 2
3775 0
3777 1
3779 3
3781 2
3783 0
3785 1
3787 3
3789 2
3791 0
3793 1
3795 3
3797 2
3799 0
3801 1
3803 3
3805 2
3807 0
3809 1
3811 3
3813 2
3815 0
3817 1
3819 3
3821 2
3823 0
3825 1
3827 3
3829 0
3831 2
3833 1
3835 3
3837 0
3839 2
3841 1
3843 3
3845 0
3847 2
3849 1
3851 3
3853 0
3855 2
3857 1
3859 3
3861 0
3863 2
3865 1
3867 3
3869 0
3871 2
3873 1
3875 3
3877 0
3879 2
3881 1
3883 3
3885 0
3887 2
3889 1
3891 3
3893 0
3895 2
3897 1
3899 3
3901 0
3903 2
3905 1
3907 3
3909 0
3911 2
3913 1
3915 3
3917 0
3919 2
3921 1
3923 3
3925 0
3927 2
3929 1
3931 3
3933 0
3935 2
3937 1
3939 0
3941 3
3943 2
3945 1
3947 0
3949 3
3951 2
3953 1
3955 0
3957 3
3959 2
3961 1
3963 0
3965 3
3967 2
3969 1
3971 0
3973 3
3975 2
3977 1
3979 0
3981 3
3983 2
3985 1
3987 0
3989 3
3991 2
3993 1
3995 0
3997 3
3999 2
4001 1
4003 0
4005 3
4007 2
4009 1
4011 0
4013 3
4015 2
4017 1
4019 0
4021 3
4023 2
4025 1
4027 0
4029 3
4031 2
4033 1
4035 0
4037 3
4039 2
4041 1
4043 0
4045 3
4047 2
4049 1
4051 0
4053 3
4055 2
4057 1
4059 0
4061 3
4063 2
4065 1
4067 0
4069 3
4071 2
4073 1
4075 0
4077 3
4079 2
4081 1
4083 0
4085 3
4087 2
4089 1
4091 0
4093 3
4095 2
4097 1
4099 0
4101 3
4103 2
4105 1
4107 0
4109 3
4111 2
4113 1
4115 0
4117 3
4119 2
4121 1
4123 0
4125 3
4127 2
4129 1
4131 0
4133 3
4135 2
4137 1
4139 0
4141 3
4143 2
4145 1
4147 0
4149 3
4151 2
4153 1
4155 0
4157 3
4159 2
4161 1
4163 0
4165 3
4167 2
4169 1
4171 0
4173 3
4175 2
4177 1
4179 0
4181 3
4183 2
4185 1
4187 0
4189 3
4191 2
4193 1
4195 0
4197 3
4199 1
4201 2
4203 0
4205 3
4207 1
4209 2
4211 0
4213 3
4215 1
4217 2
4219 0
4221 3
4223 1
4225 2
4227 0
4229 3
4231 1
4233 2
4235 0
4237 3
4239 1
4241 2
4243 0
4245 3
4247 1
4249 2
4251 0
4253 3
4255 1
4257 2
4259 0
4261 3
4263 1
4265 2
4267 0
4269 3
4271 1
4273 2
4275 0
4277 3
4279 1
4281 2
4283 0
4285 3
4287 1
4289 2
4291 0
4293 3
4295 1
4297 2
4299 0
4301 3
4303 1
4305 2
4307 0
4309 3
4311 1
4313 2
4315 0
4317 3
4319 1
4321 2
4323 0
4325 3
4327 1
4329 2
4331 0
4333 3
4335 1
4337 2
4339 0
4341 3
4343 1
4345 2
4347 0
4349 3
4351 1
4353 2
4355 0
4357 3
4359 1
4361 2
4363 0
4365 3
4367 1
4369 2
4371 0
4373 3
4375 1
4377 2
4379 0
4381 3
4383 1
4385 2
4387 0
4389 3
4391 1
4393 2
4395 0
4397 3
4399 1
4401 2
4403 0
4405 3
4407 1
4409 2
4411 0
4413 3
4415 1
4417 2
4419 0
4421 3
4423 1
4425 2
4427 0
4429 3
4431 1
4433 2
4435 0
4437 3
4439 1
4441 2
4443 0
4445 3
4447 1
4449 2
4451 0
4453 3
4455 1
4457 2
4459 0
4461 3
4463 1
4465 2
4467 0
4469 3
4471 1
4473 2
4475 0
4477 3
4479 1
4481 2
4483 0
4485 3
4487 1
4489 2
4491 0
4493 3
4495 1
4497 2
4499 0
4501 3
4503 1
4505 2
4507 0
4509 3
4511 1
4513 2
4515 0
4517 3
4519 1
4521 2
4523 0
4525 3
4527 1
4529 2
4531 0
4533 3
4535 1
4537 0
4539 2
4541 3
4543 1
4545 0
4547 3
4549 2
4551 1
4553 0
4555 3
4557 1
4559 2
4561 0
4563 3
4565 1
4567 2
4569 0
4571 3
4573 1
4575 2
4577 0
4579 3
4581 1
4583 2
4585 0
4587 3
4589 1
4591 2
4593 0
4595 3
4597 1
4599 2
4601 0
4603 3
4605 1
4607 2
4609 0
4611 3
4613 1
4615 2
4617 0
4619 3
4621 1
4623 2
4625 0
4627 3
4629 1
4631 2
4633 0
4635 3
4637 1
4639 2
4641 0
4643 3
4645 1
4647 2
4649 0
4651 3
4653 1
4655 2
4657 0
4659 3
4661 1
4663 2
4665 0
4667 3
4669 1
4671 2
4673 0
4675 3
4677 1
4679 2
4681 0
4683 3
4685 1
4687 2
4689 0
4691 3
4693 1
4695 2
4697 0
4699 3
4701 1
4703 2
4705 0
4707 3
4709 1
4711 2
4713 0
4715 3
4717 1
4719 0
4721 2
4723 3
4725 1
4727 0
4729 2
4731 3
4733 1
4735 0
4737 3
4739 2
4741 1
4743 0
4745 3
4747 2
4749 1
4751 0
4753 3
4755 2
4757 1
4759 0
4761 3
4763 2
4765 1
4767 0
4769 3
4771 2
4773 1
4775 0
4777 3
4779 2
4781 1
4783 0
4785 3
4787 2
4789 1
4791 0
4793 3
4795 2
4797 1
4799 0
4801 3
4803 2
4805 1
4807 0
4809 3
4811 2
4813 1
4815 0
4817 3
4819 2
4821 1
4823 0
4825 3
4827 2
4829 1
4831 0
4833 3
4835 2
4837 1
4839 0
4841 3
4843 2
4845 1
4847 0
4849 3
4851 2
4853 1
4855 0
4857 3
4859 2
4861 1
4863 0
4865 3
4867 2
4869 1
4871 0
4873 3
4875 2
4877 1
4879 0
4881 3
4883 2
4885 1
4887 0
4889 3
4891 2
4893 1
4895 0
4897 3
4899 1
4901 2
4903 0
4905 3
4907 1
4909 0
4911 2
4913 3
4915 1
4917 0
4919 2
4921 3
4923 1
4925 0
4927 2
4929 3
4931 1
4933 0
4935 2
4937 3
4939 1
4941 0
4943 2
4945 3
4947 1
4949 0
4951 2
4953 3
4955 1
4957 0
4959 2
4961 3
4963 1
4965 0
4967 2
4969 3
4971 1
4973 2
4975 0
4977 3
4979 1
4981 2
4983 0
4985 3
4987 1
4989 2
4991 0
4993 3
4995 1
4997 2
4999 0
5001 3
5003 1
5005 2
5007 3
5009 0
5011 2
5013 1
5015 3
5017 0
5019 2
5021 1
5023 3
5025 0
5027 2
5029 1
5031 3
5033 0
5035 2
5037 1
5039 3
5041 0
5043 2
5045 1
5047 3
5049 0
5051 2
5053 1
5055 3
5057 0
5059 2
5061 1
5063 3
5065 0
5067 2
5069 1
5071 3
5073 0
