0	13980.660051
1	13980.911608
3	13981.163448
2	13981.41492
0	13981.666757
1	13981.918236
3	13982.170103
2	13982.421556
0	13982.673416
1	13982.924867
3	13983.176722
2	13983.428189
0	13983.680057
1	13983.931502
3	13984.183328
2	13984.434813
0	13984.686643
1	13984.938122
3	13985.18997
2	13985.441442
0	13985.693287
1	13985.944761
3	13986.196604
2	13986.448072
0	13986.699917
1	13986.951387
3	13987.20322
2	13987.454706
0	13987.706549
1	13987.958032
3	13988.209875
2	13988.461335
0	13988.71317
1	13988.96465
3	13989.216471
2	13989.467964
0	13989.719816
1	13989.971281
3	13990.223121
2	13990.474596
0	13990.726446
1	13990.977912
3	13991.229691
2	13991.481225
0	13991.733014
1	13991.984536
3	13992.23633
2	13992.487852
0	13992.739649
1	13992.991167
3	13993.242966
2	13993.494483
0	13993.746274
1	13993.997799
3	13994.249591
2	13994.501114
0	13994.752908
1	13995.004428
3	13995.256217
2	13995.507745
0	13995.759532
1	13996.011059
3	13996.262856
0	13996.514377
2	13996.766154
1	13997.01769
3	13997.269483
0	13997.521005
2	13997.772799
1	13998.024319
3	13998.276106
0	13998.527634
2	13998.779434
1	13999.030953
3	13999.28273
0	13999.534262
2	13999.786047
1	14000.037582
3	14000.289373
0	14000.540897
2	14000.792695
1	14001.044212
3	14001.296068
0	14001.547532
2	14001.799379
1	14002.050848
3	14002.302692
0	14002.554165
2	14002.806001
1	14003.057481
3	14003.309307
0	14003.560796
2	14003.812672
1	14004.06411
3	14004.315924
0	14004.56742
2	14004.819261
1	14005.070737
3	14005.322584
0	14005.574056
2	14005.825894
1	14006.077368
3	14006.329213
0	14006.580684
2	14006.832506
1	14007.084002
3	14007.335849
0	14007.587319
2	14007.839169
1	14008.090633
3	14008.342476
0	14008.593942
2	14008.845772
1	14009.097261
3	14009.349106
0	14009.600571
2	14009.852404
1	14010.103894
3	14010.355739
0	14010.607206
2	14010.859059
1	14011.110519
3	14011.362298
0	14011.61383
2	14011.865627
1	14012.117147
3	14012.368942
0	14012.620463
2	14012.872264
1	14013.123779
3	14013.37558
0	14013.627093
2	14013.878882
3	14014.13041
1	14014.382198
0	14014.633723
2	14014.885518
3	14015.137039
1	14015.388821
0	14015.640355
2	14015.892147
3	14016.14367
1	14016.395463
0	14016.646988
2	14016.898781
3	14017.1503
1	14017.402091
0	14017.653613
2	14017.905398
3	14018.156931
1	14018.40873
0	14018.660245
2	14018.912047
3	14019.163563
1	14019.415349
0	14019.666878
2	14019.918666
3	14020.17019
1	14020.421978
0	14020.673504
2	14020.925301
3	14021.176826
1	14021.428687
0	14021.680143
2	14021.931994
3	14022.183457
1	14022.435281
0	14022.686768
2	14022.938633
3	14023.190087
1	14023.441919
0	14023.693402
2	14023.945236
3	14024.19672
1	14024.448571
0	14024.700028
2	14024.951882
3	14025.203348
1	14025.455186
0	14025.706664
2	14025.958496
3	14026.209982
1	14026.46181
0	14026.713293
2	14026.965143
3	14027.216612
1	14027.468463
0	14027.71993
2	14027.971774
3	14028.223241
1	14028.475085
0	14028.726557
2	14028.978379
3	14029.229869
1	14029.481705
0	14029.733187
2	14029.985036
3	14030.236509
1	14030.488365
0	14030.739816
2	14030.991638
3	14031.243128
1	14031.494925
0	14031.746444
2	14031.998223
3	14032.24976
1	14032.501556
0	14032.753072
2	14033.004858
3	14033.256391
1	14033.508177
0	14033.759701
2	14034.011495
3	14034.263018
1	14034.514812
0	14034.766338
2	14035.018137
3	14035.269648
1	14035.521446
0	14035.772965
2	14036.024752
3	14036.276278
1	14036.528069
0	14036.779594
2	14037.031392
3	14037.282911
1	14037.534697
0	14037.786224
2	14038.038018
3	14038.28954
1	14038.541333
0	14038.792857
2	14039.044647
3	14039.296171
1	14039.548081
0	14039.799486
2	14040.051282
3	14040.302802
1	14040.554592
0	14040.806118
2	14041.057911
3	14041.309437
1	14041.561273
0	14041.812752
2	14042.064578
3	14042.316067
1	14042.567926
0	14042.819381
2	14043.071222
3	14043.322698
1	14043.574539
0	14043.826016
2	14044.07786
3	14044.329329
1	14044.581175
0	14044.832643
2	14045.084502
3	14045.335959
1	14045.587812
0	14045.839275
2	14046.091137
3	14046.342589
1	14046.594446
0	14046.845906
2	14047.09775
3	14047.349226
1	14047.601086
0	14047.852534
2	14048.104358
3	14048.355851
1	14048.607696
0	14048.859163
2	14049.111002
3	14049.36248
1	14049.614334
0	14049.865798
2	14050.1177
3	14050.369113
1	14050.62094
0	14050.872425
2	14051.124207
3	14051.375735
1	14051.62751
0	14051.879049
2	14052.130841
3	14052.382367
1	14052.634166
0	14052.88568
2	14053.137482
3	14053.388997
1	14053.640792
0	14053.892312
2	14054.144104
3	14054.395638
1	14054.647414
0	14054.898953
2	14055.150738
3	14055.402258
1	14055.654051
0	14055.905573
2	14056.157371
3	14056.408889
1	14056.660675
0	14056.912205
2	14057.164002
3	14057.41552
1	14057.667307
0	14057.918835
2	14058.170628
3	14058.422161
1	14058.673953
0	14058.925467
2	14059.177265
3	14059.428785
1	14059.680603
0	14059.932096
2	14060.183888
3	14060.435419
0	14060.687193
1	14060.938734
2	14061.190583
3	14061.442043
0	14061.693886
1	14061.945358
2	14062.197197
3	14062.448676
0	14062.700512
1	14062.951994
2	14063.203854
3	14063.455312
0	14063.707153
1	14063.958622
2	14064.21044
3	14064.461937
0	14064.713788
1	14064.965253
3	14065.217086
2	14065.468567
0	14065.720419
1	14065.971882
3	14066.223723
2	14066.4752
0	14066.727053
1	14066.978516
3	14067.230362
2	14067.481828
0	14067.733652
1	14067.985143
3	14068.236963
2	14068.488459
0	14068.740294
1	14068.991777
3	14069.243624
2	14069.495094
0	14069.746931
1	14069.998404
3	14070.250238
2	14070.501724
0	14070.753532
1	14071.005037
3	14071.256827
2	14071.508347
0	14071.760132
1	14072.011662
3	14072.263456
2	14072.514977
0	14072.766777
1	14073.018292
3	14073.270085
2	14073.521609
0	14073.773415
1	14074.02493
3	14074.276719
2	14074.528237
0	14074.78003
1	14075.031556
3	14075.283339
2	14075.53487
0	14075.786666
1	14076.038182
3	14076.289972
2	14076.541506
0	14076.793296
1	14077.044818
3	14077.2966
2	14077.548131
0	14077.799915
1	14078.051448
3	14078.303232
2	14078.554767
0	14078.80656
1	14079.058078
3	14079.309874
2	14079.561391
0	14079.813183
1	14080.064708
3	14080.316496
2	14080.568022
0	14080.819802
1	14081.071338
3	14081.323158
2	14081.574655
0	14081.82647
1	14082.077972
3	14082.329828
2	14082.581293
0	14082.833139
1	14083.084605
3	14083.336442
2	14083.58792
0	14083.839753
1	14084.091231
3	14084.343073
2	14084.594544
0	14084.846385
1	14085.097865
3	14085.349712
2	14085.60118
0	14085.853036
1	14086.104492
3	14086.356326
2	14086.607811
0	14086.859678
1	14087.111125
3	14087.362965
2	14087.614438
0	14087.866303
1	14088.117758
3	14088.369598
2	14088.621073
0	14088.872917
1	14089.124388
3	14089.376246
2	14089.627701
0	14089.879542
1	14090.131019
3	14090.382845
2	14090.63433
0	14090.886177
1	14091.137647
3	14091.389421
2	14091.640962
0	14091.892754
1	14092.144272
3	14092.396053
2	14092.647587
0	14092.899369
1	14093.150903
3	14093.402688
2	14093.654218
0	14093.906006
1	14094.157533
3	14094.409323
2	14094.66085
0	14094.912638
1	14095.164165
3	14095.415942
2	14095.667479
0	14095.919267
1	14096.170796
3	14096.422583
2	14096.674109
0	14096.925896
1	14097.177423
3	14097.429206
2	14097.680739
0	14097.932523
1	14098.184059
3	14098.435833
2	14098.687371
0	14098.939153
1	14099.190688
3	14099.442473
2	14099.694002
0	14099.945788
1	14100.197317
3	14100.449098
2	14100.700631
0	14100.952414
1	14101.203951
3	14101.455772
2	14101.707263
0	14101.959107
1	14102.210626
3	14102.46244
2	14102.713899
0	14102.965747
1	14103.21721
3	14103.469045
2	14103.720535
0	14103.972351
1	14104.223844
3	14104.475691
2	14104.727158
0	14104.979041
1	14105.230475
3	14105.482339
2	14105.733788
0	14105.98562
1	14106.237104
3	14106.488982
2	14106.740418
0	14106.992285
1	14107.243736
3	14107.495617
2	14107.747048
0	14107.998917
1	14108.250365
3	14108.502203
2	14108.75368
0	14109.005543
1	14109.256993
3	14109.508835
2	14109.760309
0	14110.012671
1	14110.263627
3	14110.515473
2	14110.766941
0	14111.018805
1	14111.270252
3	14111.522041
2	14111.773567
0	14112.025357
1	14112.276885
3	14112.528677
2	14112.780225
0	14113.032067
1	14113.283512
3	14113.535293
2	14113.786829
0	14114.038612
1	14114.290145
3	14114.541935
2	14114.793459
0	14115.045245
1	14115.296776
3	14115.548564
2	14115.800092
0	14116.051878
1	14116.303406
3	14116.555194
2	14116.806721
0	14117.058504
1	14117.310034
3	14117.561825
2	14117.813351
0	14118.065143
1	14118.316666
3	14118.568447
2	14118.819982
0	14119.071772
1	14119.3233
3	14119.575083
2	14119.826611
0	14120.078393
1	14120.329926
3	14120.581727
2	14120.833244
0	14121.08503
1	14121.336558
3	14121.588431
2	14121.839877
0	14122.09176
1	14122.343199
3	14122.595064
2	14122.846507
0	14123.098349
1	14123.349823
3	14123.60166
2	14123.853137
0	14124.104979
1	14124.356453
3	14124.608342
2	14124.859771
0	14125.111639
1	14125.363085
3	14125.614917
2	14125.866398
0	14126.118237
1	14126.369713
3	14126.621563
2	14126.873031
0	14127.1249
1	14127.376346
3	14127.628244
2	14127.879662
0	14128.131485
1	14128.382973
3	14128.634846
2	14128.886289
0	14129.138139
1	14129.389604
3	14129.641485
2	14129.892923
0	14130.144782
1	14130.396236
3	14130.648109
2	14130.899552
0	14131.151416
1	14131.402864
3	14131.654645
2	14131.906178
0	14132.157963
1	14132.409491
3	14132.661285
0	14132.912812
2	14133.164588
1	14133.416122
3	14133.667915
0	14133.919439
2	14134.171224
1	14134.422753
3	14134.674534
0	14134.926068
2	14135.177852
1	14135.429387
3	14135.681167
0	14135.932704
2	14136.184483
1	14136.436021
3	14136.687901
0	14136.939333
2	14137.19118
1	14137.442648
3	14137.694488
0	14137.945987
2	14138.197844
1	14138.449283
3	14138.701145
0	14138.952597
2	14139.204469
1	14139.455916
3	14139.707761
0	14139.959224
2	14140.211069
1	14140.462539
3	14140.714331
0	14140.965853
2	14141.217723
1	14141.469173
3	14141.72102
0	14141.972483
2	14142.224356
1	14142.475799
3	14142.727649
0	14142.979117
2	14143.230952
1	14143.482432
3	14143.734278
0	14143.985749
2	14144.237608
1	14144.489073
3	14144.740932
0	14144.992377
2	14145.244487
1	14145.495693
3	14145.747542
0	14145.999009
2	14146.250851
1	14146.502334
3	14146.754194
0	14147.005639
2	14147.257499
1	14147.50896
3	14147.760787
0	14148.01227
2	14148.264113
1	14148.515586
3	14148.767425
0	14149.018904
2	14149.270769
1	14149.522216
3	14149.774073
0	14150.025533
2	14150.277377
1	14150.528846
3	14150.780698
0	14151.032165
2	14151.283941
1	14151.535472
3	14151.787261
0	14152.03879
2	14152.290575
1	14152.5421
3	14152.79389
0	14153.045421
2	14153.297209
1	14153.548734
3	14153.800531
0	14154.052047
2	14154.303839
1	14154.555361
3	14154.807163
0	14155.05868
2	14155.310472
1	14155.561996
3	14155.813787
0	14156.065308
2	14156.317105
1	14156.568623
3	14156.820415
0	14157.071938
1	14157.323735
2	14157.575255
3	14157.82704
0	14158.078572
1	14158.330358
2	14158.581883
3	14158.833678
0	14159.085201
1	14159.336978
2	14159.58852
3	14159.840306
0	14160.091833
1	14160.343616
2	14160.595147
3	14160.846927
0	14161.098462
1	14161.350318
2	14161.601782
3	14161.853645
0	14162.105098
1	14162.356944
2	14162.608412
3	14162.860285
0	14163.11173
1	14163.363584
2	14163.615041
3	14163.866897
0	14164.118362
1	14164.370226
2	14164.621672
3	14164.873514
0	14165.124988
1	14165.376813
2	14165.628303
3	14165.880142
0	14166.131618
1	14166.383486
2	14166.634936
3	14166.886814
0	14167.13825
1	14167.39008
2	14167.641561
3	14167.893392
0	14168.14488
1	14168.396729
2	14168.648201
3	14168.900075
0	14169.151511
1	14169.403376
2	14169.654826
3	14169.906654
0	14170.158142
1	14170.410019
2	14170.661458
3	14170.913302
0	14171.164769
1	14171.416558
2	14171.668083
3	14171.919873
0	14172.171398
1	14172.42318
2	14172.674713
3	14172.926501
0	14173.17803
1	14173.429817
2	14173.681341
3	14173.933131
0	14174.184661
1	14174.436444
2	14174.687974
3	14174.939763
0	14175.191292
1	14175.443066
2	14175.694608
3	14175.946404
0	14176.197923
1	14176.449708
2	14176.701235
3	14176.953022
0	14177.204551
1	14177.456341
2	14177.707867
3	14177.959655
0	14178.21118
1	14178.462985
2	14178.714496
3	14178.966284
0	14179.217813
1	14179.469597
2	14179.721125
3	14179.972917
0	14180.22444
1	14180.476238
2	14180.727757
3	14180.979542
0	14181.231079
1	14181.482931
2	14181.734391
3	14181.986226
0	14182.237709
1	14182.489561
2	14182.741022
3	14182.992876
0	14183.244336
1	14183.496189
2	14183.747683
3	14183.999501
0	14184.250966
1	14184.502799
2	14184.754283
3	14185.006102
0	14185.257594
1	14185.509429
2	14185.760913
3	14186.012777
0	14186.26423
1	14186.516096
2	14186.767543
3	14187.019382
0	14187.27086
1	14187.522673
2	14187.77417
3	14188.026009
0	14188.27749
1	14188.529345
2	14188.780808
3	14189.032667
0	14189.284122
1	14189.535945
2	14189.787434
3	14190.039265
0	14190.290748
1	14190.542613
2	14190.794067
3	14191.045915
0	14191.297378
1	14191.549168
2	14191.800695
3	14192.052486
0	14192.304008
1	14192.555803
2	14192.807324
3	14193.059103
0	14193.310637
1	14193.562429
2	14193.81395
3	14194.065748
0	14194.317273
1	14194.569066
2	14194.820584
3	14195.072369
0	14195.323898
1	14195.575689
2	14195.827216
3	14196.079004
0	14196.330532
1	14196.582328
2	14196.833849
3	14197.085633
0	14197.337159
1	14197.588953
2	14197.840472
3	14198.092275
0	14198.343791
1	14198.595579
2	14198.847104
3	14199.098904
0	14199.350421
1	14199.602212
2	14199.853734
3	14200.105528
0	14200.357053
1	14200.60884
2	14200.860368
3	14201.112161
0	14201.363689
1	14201.615545
2	14201.867006
3	14202.118855
0	14202.370316
1	14202.622161
3	14202.873634
2	14203.12547
0	14203.376948
1	14203.628798
3	14203.880263
2	14204.13211
0	14204.383573
1	14204.635411
3	14204.88689
2	14205.138728
0	14205.390209
1	14205.642062
3	14205.893524
0	14206.145372
2	14206.396843
1	14206.64868
3	14206.90015
0	14207.15197
2	14207.403466
1	14207.655305
3	14207.906783
0	14208.158655
2	14208.410107
1	14208.661952
3	14208.913417
0	14209.165242
2	14209.416726
1	14209.668543
3	14209.920044
0	14210.171884
2	14210.423364
1	14210.675211
3	14210.926674
0	14211.178521
2	14211.429988
1	14211.681774
3	14211.933302
0	14212.185108
2	14212.436615
1	14212.688407
3	14212.939931
0	14213.19173
2	14213.443244
1	14213.695042
3	14213.946564
0	14214.198359
2	14214.449877
1	14214.70167
3	14214.953191
0	14215.204984
2	14215.456508
1	14215.708302
3	14215.959825
0	14216.211617
2	14216.46314
1	14216.714923
3	14216.966452
0	14217.218249
2	14217.46977
1	14217.721571
3	14217.973083
0	14218.224869
2	14218.476398
1	14218.72819
3	14218.979716
0	14219.231512
2	14219.483036
1	14219.734815
3	14219.986343
0	14220.238132
2	14220.489661
1	14220.741455
3	14220.992973
0	14221.244773
2	14221.496296
1	14221.74817
3	14221.999615
0	14222.251458
2	14222.502926
1	14222.754747
3	14223.006239
0	14223.258107
2	14223.509555
1	14223.761399
3	14224.012872
0	14224.264725
2	14224.516188
1	14224.768045
3	14225.019503
0	14225.27134
2	14225.522817
1	14225.774657
3	14226.026133
0	14226.277965
2	14226.529452
1	14226.781273
3	14227.032767
0	14227.284618
2	14227.536079
1	14227.787946
3	14228.0394
0	14228.29125
2	14228.542705
1	14228.794555
3	14229.046023
0	14229.297849
2	14229.549335
1	14229.801188
3	14230.052658
0	14230.304515
2	14230.55597
1	14230.807844
3	14231.059285
0	14231.311164
2	14231.562602
1	14231.814367
3	14232.065921
0	14232.317753
2	14232.569254
1	14232.821063
3	14233.072544
0	14233.32439
2	14233.575861
1	14233.827701
3	14234.079176
0	14234.330993
2	14234.582491
1	14234.834319
3	14235.085809
0	14235.337643
2	14235.589126
1	14235.840971
3	14236.092438
0	14236.344264
2	14236.595774
1	14236.847579
3	14237.099075
0	14237.350901
2	14237.602394
1	14237.854242
3	14238.105701
0	14238.357518
2	14238.609016
1	14238.860846
3	14239.112355
0	14239.364148
2	14239.615643
1	14239.867491
3	14240.118959
0	14240.370815
2	14240.622274
1	14240.874102
3	14241.125611
0	14241.377391
2	14241.628911
1	14241.880695
3	14242.132229
0	14242.384044
2	14242.63553
1	14242.887322
3	14243.138847
0	14243.390631
2	14243.642172
1	14243.893947
3	14244.145482
0	14244.39728
2	14244.648792
1	14244.900576
3	14245.152107
0	14245.403893
2	14245.655423
1	14245.90722
3	14246.158741
0	14246.410553
2	14246.662057
1	14246.913844
3	14247.165366
0	14247.417157
2	14247.668714
1	14247.920462
3	14248.171999
0	14248.423777
2	14248.675317
1	14248.927137
3	14249.178631
0	14249.430419
2	14249.681973
1	14249.933735
3	14250.185286
0	14250.43704
2	14250.688579
1	14250.940407
3	14251.191892
0	14251.443752
2	14251.695215
1	14251.94705
3	14252.19855
0	14252.450383
2	14252.701839
1	14252.953685
3	14253.205155
0	14253.457014
2	14253.708474
1	14253.960319
3	14254.211786
0	14254.46364
2	14254.715101
1	14254.96694
3	14255.21842
0	14255.470242
2	14255.721731
1	14255.973567
3	14256.225069
0	14256.476876
2	14256.728359
1	14256.980196
3	14257.231677
0	14257.483524
2	14257.73499
1	14257.986826
3	14258.238306
0	14258.490137
2	14258.741652
1	14258.993454
3	14259.244939
0	14259.49681
2	14259.748254
1	14260.000112
3	14260.25157
0	14260.503411
2	14260.754908
1	14261.006724
3	14261.258199
0	14261.509979
2	14261.761508
1	14262.013336
3	14262.264823
0	14262.516618
2	14262.768139
1	14263.01993
3	14263.271469
0	14263.523241
2	14263.774769
1	14264.026562
3	14264.278087
0	14264.52987
2	14264.781399
1	14265.033197
3	14265.284716
0	14265.536502
2	14265.788035
1	14266.039829
3	14266.291349
0	14266.543132
2	14266.794662
1	14267.046458
3	14267.297994
0	14267.54976
2	14267.801292
1	14268.053078
3	14268.304608
0	14268.556417
2	14268.807922
1	14269.059718
3	14269.311273
0	14269.563029
2	14269.814568
1	14270.066451
3	14270.317867
0	14270.569689
2	14270.821184
1	14271.072969
3	14271.324501
0	14271.576383
2	14271.827833
1	14272.079686
3	14272.331138
0	14272.582989
2	14272.834449
1	14273.086322
3	14273.337763
0	14273.589629
2	14273.84108
1	14274.092932
3	14274.344396
0	14274.596256
2	14274.847715
1	14275.099569
3	14275.351027
0	14275.602888
2	14275.854342
1	14276.106204
3	14276.357657
0	14276.609518
2	14276.860973
1	14277.112874
3	14277.364313
0	14277.616134
2	14277.8676
1	14278.119445
3	14278.370937
0	14278.622743
2	14278.874268
1	14279.126118
3	14279.37756
0	14279.629364
2	14279.880888
1	14280.132954
3	14280.384251
0	14280.635952
2	14280.887491
1	14281.139277
3	14281.390808
0	14281.642699
2	14281.89412
1	14282.145993
3	14282.397436
0	14282.649218
2	14282.90075
1	14283.152644
3	14283.404067
0	14283.655927
2	14283.907382
1	14284.159214
3	14284.410697
0	14284.662561
2	14284.914013
1	14285.165856
3	14285.417333
0	14285.669188
2	14285.920644
1	14286.172509
3	14286.423958
0	14286.675835
2	14286.927284
1	14287.179144
3	14287.430588
0	14287.682433
2	14287.933904
1	14288.185754
3	14288.43722
0	14288.689097
2	14288.94053
1	14289.192336
3	14289.443865
0	14289.695654
2	14289.947163
1	14290.198991
3	14290.450477
0	14290.702298
2	14290.953792
1	14291.205598
3	14291.457127
0	14291.708964
2	14291.960432
1	14292.21226
3	14292.46375
0	14292.715597
2	14292.967056
1	14293.218881
3	14293.470371
0	14293.722198
2	14293.973692
1	14294.225518
3	14294.477006
0	14294.728856
2	14294.980319
1	14295.23216
3	14295.483634
0	14295.735468
2	14295.986955
1	14296.238796
3	14296.490266
0	14296.742081
2	14296.99358
1	14297.24541
3	14297.496894
0	14297.748752
2	14298.000214
1	14298.252063
3	14298.503525
0	14298.755355
2	14299.006846
1	14299.258655
3	14299.510157
0	14299.761986
2	14300.013477
1	14300.265307
3	14300.516793
0	14300.768626
2	14301.020104
1	14301.271941
3	14301.523413
0	14301.775213
2	14302.026728
1	14302.278523
3	14302.530044
0	14302.781853
2	14303.033357
1	14303.285163
3	14303.536673
0	14303.788473
2	14304.03999
1	14304.291766
3	14304.543304
0	14304.795099
2	14305.046619
1	14305.298411
3	14305.549933
0	14305.801729
2	14306.053255
1	14306.305041
3	14306.556566
0	14306.808356
2	14307.059883
1	14307.311667
3	14307.563192
0	14307.814995
2	14308.066509
1	14308.318309
3	14308.569829
0	14308.821637
2	14309.073143
1	14309.324935
3	14309.576453
0	14309.828251
2	14310.079773
1	14310.331583
3	14310.583098
0	14310.834892
2	14311.086405
1	14311.338196
3	14311.589726
0	14311.841583
2	14312.093042
1	14312.344868
3	14312.596359
0	14312.848186
2	14313.099668
1	14313.351482
3	14313.60299
0	14313.854832
2	14314.106307
1	14314.358134
3	14314.609613
0	14314.861426
2	14315.112928
1	14315.364787
3	14315.616245
0	14315.868075
2	14316.119564
1	14316.371392
3	14316.622882
0	14316.874726
2	14317.126191
1	14317.378041
3	14317.629505
0	14317.881364
2	14318.132819
1	14318.384648
3	14318.636143
0	14318.887955
2	14319.13945
1	14319.391296
3	14319.642781
0	14319.89462
2	14320.146082
1	14320.397935
3	14320.649396
0	14320.901229
2	14321.152716
1	14321.404523
3	14321.656022
0	14321.907813
2	14322.159351
1	14322.411137
3	14322.662652
0	14322.914448
2	14323.165969
1	14323.417768
3	14323.669282
0	14323.921083
2	14324.172603
1	14324.424399
3	14324.675917
0	14324.927699
2	14325.179229
1	14325.431018
3	14325.682547
0	14325.934338
2	14326.18586
1	14326.437658
3	14326.689174
0	14326.940974
2	14327.192491
1	14327.444296
3	14327.695807
0	14327.947598
2	14328.199123
1	14328.450905
3	14328.702436
0	14328.954239
2	14329.205753
1	14329.457538
3	14329.709065
0	14329.960863
2	14330.212386
1	14330.464176
3	14330.715694
0	14330.967489
2	14331.219012
1	14331.470865
3	14331.72233
0	14331.974315
2	14332.225647
1	14332.477463
3	14332.72896
0	14332.980785
2	14333.23228
1	14333.484137
3	14333.735591
0	14333.987439
2	14334.238907
1	14334.490747
3	14334.742222
0	14334.994053
2	14335.245539
1	14335.497362
3	14335.748856
0	14336.0007
2	14336.252171
1	14336.504008
3	14336.755483
0	14337.007313
2	14337.258796
1	14337.510642
3	14337.762114
0	14338.01396
2	14338.265429
1	14338.517274
3	14338.768743
0	14339.020594
2	14339.272058
1	14339.523931
3	14339.775384
0	14340.027233
2	14340.278694
1	14340.530537
3	14340.782004
0	14341.033845
2	14341.285321
1	14341.53711
3	14341.788632
0	14342.040428
2	14342.291952
1	14342.543732
3	14342.79526
0	14343.047077
2	14343.298577
1	14343.550397
3	14343.801892
0	14344.053669
2	14344.305213
1	14344.55699
3	14344.80852
0	14345.060309
2	14345.311838
1	14345.563666
3	14345.815154
0	14346.066946
2	14346.318467
1	14346.57027
3	14346.821791
0	14347.073589
2	14347.3251
1	14347.576888
3	14347.828413
0	14348.080205
2	14348.331726
1	14348.583536
3	14348.835046
0	14349.086838
2	14349.33836
1	14349.590157
3	14349.841674
0	14350.093486
2	14350.344989
1	14350.59678
3	14350.848319
0	14351.100099
2	14351.351619
1	14351.603463
3	14351.854939
0	14352.106762
2	14352.358256
1	14352.610089
3	14352.861569
0	14353.113399
2	14353.364889
1	14353.616729
3	14353.868201
0	14354.120041
2	14354.371516
1	14354.623341
3	14354.874829
0	14355.126656
2	14355.378151
1	14355.629994
3	14355.881461
0	14356.133313
2	14356.384779
1	14356.636607
3	14356.888092
0	14357.139941
2	14357.391408
1	14357.643231
3	14357.894721
0	14358.14658
2	14358.398042
1	14358.649877
3	14358.901353
0	14359.153183
2	14359.404667
1	14359.65651
3	14359.907986
0	14360.159801
2	14360.4113
1	14360.663137
3	14360.914615
0	14361.166454
2	14361.417935
1	14361.66972
3	14361.921244
0	14362.173037
2	14362.424555
1	14362.67635
3	14362.927868
0	14363.179712
2	14363.431186
1	14363.682986
3	14363.9345
0	14364.186292
2	14364.437844
1	14364.689609
3	14364.94113
0	14365.192962
2	14365.444447
1	14365.696245
3	14365.947764
0	14366.199564
2	14366.451102
1	14366.702862
3	14366.954392
0	14367.206201
2	14367.457708
1	14367.709527
3	14367.961024
0	14368.212808
1	14368.464338
2	14368.716134
3	14368.967655
0	14369.219449
1	14369.47097
2	14369.722762
3	14369.974284
0	14370.22609
1	14370.477618
2	14370.729388
3	14370.980914
0	14371.232714
1	14371.484237
2	14371.736103
3	14371.987547
0	14372.239367
1	14372.490864
2	14372.742709
3	14372.994195
0	14373.246017
1	14373.497494
2	14373.749367
3	14374.000809
0	14374.252677
1	14374.504124
2	14374.755966
3	14375.007454
0	14375.259285
1	14375.510755
2	14375.762604
3	14376.014069
0	14376.265957
1	14376.517388
2	14376.769237
3	14377.020703
0	14377.272566
1	14377.524037
2	14377.775863
3	14378.027337
0	14378.27917
1	14378.530648
2	14378.782485
3	14379.033968
0	14379.285815
1	14379.537289
2	14379.789107
3	14380.040599
0	14380.292427
1	14380.543911
2	14380.795747
3	14381.047225
0	14381.29907
1	14381.550542
2	14381.802312
3	14382.053849
0	14382.30564
1	14382.557163
2	14382.808968
3	14383.060477
0	14383.31227
1	14383.563793
2	14383.81559
3	14384.067111
0	14384.318895
1	14384.570425
2	14384.822227
3	14385.07374
0	14385.325523
1	14385.577054
2	14385.828855
3	14386.080371
0	14386.332179
1	14386.583688
2	14386.83548
3	14387.087006
0	14387.338793
1	14387.590314
2	14387.84211
3	14388.093638
0	14388.345431
1	14388.596949
2	14388.848738
3	14389.100262
0	14389.352061
1	14389.603575
2	14389.85538
3	14390.106895
0	14390.358682
1	14390.61021
2	14390.862006
3	14391.113523
0	14391.365312
1	14391.616858
2	14391.868684
3	14392.12016
0	14392.372019
1	14392.623477
2	14392.875324
3	14393.126788
0	14393.378622
1	14393.630109
2	14393.881922
3	14394.133425
0	14394.385251
1	14394.636735
2	14394.888581
3	14395.140051
0	14395.391895
1	14395.643363
2	14395.895186
3	14396.146675
0	14396.398514
1	14396.649995
2	14396.901847
3	14397.153312
0	14397.405171
1	14397.656629
2	14397.908476
3	14398.15994
0	14398.411802
1	14398.663255
2	14398.9151
3	14399.166571
0	14399.418411
1	14399.669887
2	14399.921744
3	14400.173202
0	14400.425046
1	14400.676517
2	14400.928354
3	14401.179832
0	14401.431679
1	14401.683146
2	14401.934941
3	14402.186456
0	14402.438244
1	14402.689773
2	14402.941567
3	14403.193093
0	14403.444889
1	14403.696402
2	14403.948193
3	14404.199719
0	14404.451509
1	14404.703031
2	14404.954833
3	14405.206352
0	14405.458146
1	14405.709663
2	14405.961457
3	14406.212985
0	14406.46477
1	14406.716295
2	14406.968088
3	14407.219614
0	14407.471413
1	14407.722926
2	14407.97472
3	14408.226262
0	14408.478036
1	14408.729556
2	14408.981423
3	14409.232876
0	14409.484725
1	14409.736189
2	14409.988057
3	14410.239503
0	14410.49136
1	14410.742817
2	14410.994677
3	14411.246136
0	14411.497915
1	14411.749446
2	14412.001233
3	14412.252765
0	14412.504548
1	14412.756074
2	14413.007862
3	14413.259393
0	14413.511182
1	14413.762706
2	14414.0145
3	14414.266022
0	14414.5178
1	14414.769337
2	14415.021124
3	14415.27265
0	14415.524438
1	14415.775967
2	14416.027753
3	14416.279284
0	14416.531072
1	14416.782597
2	14417.03439
3	14417.285915
0	14417.537701
1	14417.789228
2	14418.041017
3	14418.292543
0	14418.544328
1	14418.795857
2	14419.047647
3	14419.299175
0	14419.550955
1	14419.802494
2	14420.054274
3	14420.305803
0	14420.557589
1	14420.80912
2	14421.060906
3	14421.312434
0	14421.564328
1	14421.815754
2	14422.067593
3	14422.31907
0	14422.570927
1	14422.822384
2	14423.074253
3	14423.325705
0	14423.577565
1	14423.829012
2	14424.080882
3	14424.332329
0	14424.584161
1	14424.835643
2	14425.087484
3	14425.338964
0	14425.590835
1	14425.842277
2	14426.094144
3	14426.345592
0	14426.597419
1	14426.848908
2	14427.100742
3	14427.352221
0	14427.604069
1	14427.855537
2	14428.107423
3	14428.35885
0	14428.610735
1	14428.862163
2	14429.113992
3	14429.365479
0	14429.617339
1	14429.868796
2	14430.120641
3	14430.372111
0	14430.623988
1	14430.875429
2	14431.127291
3	14431.378743
0	14431.630518
1	14431.882055
2	14432.133867
3	14432.38537
0	14432.637158
1	14432.888683
2	14433.140465
3	14433.392003
0	14433.643789
1	14433.895314
2	14434.147103
3	14434.39863
0	14434.650426
1	14434.901946
2	14435.153731
3	14435.405263
0	14435.657046
1	14435.908577
2	14436.160357
3	14436.411893
0	14436.663686
1	14436.915209
2	14437.166986
3	14437.418521
0	14437.670315
1	14437.921839
2	14438.173618
3	14438.425153
0	14438.676954
1	14438.928468
2	14439.180255
3	14439.431783
0	14439.683567
1	14439.935097
2	14440.18688
3	14440.438415
0	14440.690202
1	14440.941727
2	14441.193515
3	14441.445043
0	14441.696926
1	14441.948362
2	14442.200237
3	14442.451676
0	14442.703543
1	14442.954994
2	14443.206876
3	14443.458307
0	14443.710153
1	14443.961622
2	14444.213451
3	14444.464939
0	14444.716785
1	14444.968254
2	14445.220124
3	14445.471572
0	14445.723445
1	14445.974883
2	14446.226739
3	14446.4782
0	14446.730087
1	14446.981517
2	14447.233371
3	14447.484835
0	14447.736712
1	14447.988148
2	14448.240031
3	14448.491461
0	14448.743297
1	14448.994779
2	14449.246624
3	14449.498097
0	14449.749954
1	14450.001415
2	14450.253285
3	14450.504729
0	14450.756607
1	14451.008047
2	14451.259879
3	14451.511361
0	14451.763142
1	14452.014677
2	14452.266466
3	14452.517993
0	14452.769782
1	14453.02131
2	14453.273098
3	14453.524622
0	14453.776411
1	14454.027936
2	14454.279724
3	14454.531254
0	14454.783047
1	14455.034576
2	14455.286358
3	14455.537888
0	14455.789673
1	14456.041204
2	14456.29299
3	14456.544524
0	14456.796308
1	14457.047835
2	14457.299628
3	14457.551153
0	14457.802945
1	14458.054468
2	14458.30626
3	14458.557784
0	14458.809571
1	14459.061104
2	14459.312893
3	14459.564416
0	14459.816205
1	14460.067734
2	14460.319527
3	14460.571052
0	14460.822937
1	14461.074369
3	14461.326151
2	14461.577685
0	14461.82955
1	14462.081009
3	14462.332846
0	14462.584316
2	14462.836177
1	14463.087637
3	14463.339477
0	14463.590958
2	14463.842833
1	14464.094269
3	14464.346126
0	14464.597584
2	14464.849434
1	14465.100901
3	14465.352761
0	14465.604218
2	14465.856057
1	14466.107535
3	14466.359368
0	14466.610849
2	14466.862694
1	14467.114167
3	14467.366045
0	14467.617482
2	14467.869344
1	14468.120797
3	14468.372631
0	14468.624113
2	14468.875946
1	14469.127433
3	14469.379271
0	14469.630749
2	14469.882619
1	14470.134061
3	14470.385921
0	14470.637381
2	14470.889219
1	14471.140696
3	14471.392544
0	14471.644005
2	14471.895794
1	14472.147331
3	14472.399114
0	14472.650645
2	14472.902429
1	14473.15396
3	14473.405744
0	14473.657273
2	14473.909063
1	14474.160587
3	14474.412379
0	14474.663913
2	14474.915698
1	14475.167221
3	14475.419014
0	14475.670537
2	14475.922326
1	14476.173854
3	14476.425653
0	14476.677176
2	14476.928967
1	14477.180486
3	14477.432282
0	14477.683805
2	14477.935591
1	14478.187117
3	14478.438903
0	14478.690437
2	14478.942227
1	14479.193751
3	14479.44555
0	14479.697073
2	14479.948887
1	14480.200384
3	14480.452172
0	14480.703732
2	14480.955485
1	14481.207013
3	14481.458805
0	14481.710337
2	14481.962183
1	14482.213655
3	14482.465525
0	14482.716967
2	14482.968806
1	14483.220283
3	14483.472148
0	14483.723608
2	14483.975515
1	14484.226918
3	14484.478778
0	14484.730234
2	14484.982116
1	14485.23355
3	14485.485401
0	14485.736866
2	14485.988697
1	14486.240184
3	14486.492038
0	14486.7435
2	14486.995345
1	14487.24682
3	14487.498686
0	14487.750131
1	14488.001974
2	14488.253449
3	14488.505261
0	14488.756764
1	14489.008597
2	14489.260081
3	14489.511947
0	14489.763396
1	14490.01526
2	14490.26671
3	14490.51854
0	14490.770028
1	14491.021862
2	14491.273343
3	14491.525179
0	14491.776655
1	14492.028451
2	14492.279971
3	14492.531759
0	14492.783289
1	14493.035085
2	14493.286603
3	14493.538389
0	14493.789919
1	14494.041716
2	14494.293239
3	14494.545024
0	14494.796553
1	14495.048345
2	14495.299871
3	14495.551671
0	14495.803191
1	14496.054971
2	14496.306503
3	14496.558287
0	14496.809817
1	14497.06162
2	14497.313151
3	14497.564921
0	14497.816452
1	14498.068243
2	14498.319766
3	14498.571559
0	14498.823084
1	14499.074878
2	14499.326398
3	14499.578191
0	14499.829716
1	14500.081512
2	14500.333062
3	14500.584814
0	14500.83635
1	14501.08814
2	14501.339664
3	14501.591476
0	14501.842987
1	14502.094823
2	14502.346299
3	14502.598133
0	14502.849617
1	14503.101487
2	14503.352935
3	14503.604793
0	14503.856251
1	14504.108078
2	14504.359567
3	14504.611416
0	14504.862883
1	14505.114741
2	14505.366197
3	14505.618052
0	14505.869514
1	14506.121364
2	14506.37283
3	14506.624693
0	14506.876148
1	14507.128022
2	14507.379463
3	14507.631298
0	14507.882779
1	14508.134605
3	14508.386096
2	14508.637939
0	14508.889413
1	14509.141261
3	14509.392732
0	14509.644594
2	14509.896043
1	14510.14788
3	14510.399361
0	14510.651186
2	14510.902677
1	14511.154517
3	14511.405994
0	14511.657779
2	14511.909303
1	14512.161104
3	14512.412622
0	14512.664409
2	14512.915939
1	14513.167724
3	14513.419253
0	14513.67107
2	14513.92257
1	14514.174356
3	14514.425888
0	14514.677677
2	14514.929199
1	14515.181
3	14515.43252
0	14515.684311
2	14515.935835
1	14516.187623
3	14516.43915
0	14516.690953
2	14516.942465
1	14517.194258
3	14517.445783
0	14517.697574
2	14517.9491
1	14518.200885
3	14518.452417
0	14518.704214
2	14518.955733
1	14519.207531
3	14519.459048
0	14519.710837
2	14519.962363
1	14520.214148
3	14520.465679
0	14520.717469
2	14520.968998
1	14521.220788
3	14521.472313
0	14521.724127
2	14521.975743
1	14522.227562
3	14522.479358
0	14522.730964
2	14522.982406
3	14523.236943
1	14523.485696
0	14523.737478
2	14523.989663
3	14524.24093
1	14524.492315
0	14524.744111
2	14524.995647
3	14525.247373
1	14525.498902
0	14525.750749
2	14526.002181
3	14526.254036
1	14526.505497
0	14526.757366
2	14527.00881
3	14527.26075
1	14527.512166
0	14527.764082
2	14528.015437
3	14528.267352
1	14528.518759
0	14528.770672
2	14529.022096
3	14529.273995
1	14529.525388
0	14529.777303
2	14530.028704
3	14530.280613
1	14530.532038
0	14530.783925
3	14531.035374
2	14531.287263
1	14531.538653
0	14531.790416
3	14532.041955
1	14532.293777
2	14532.545276
0	14532.797061
3	14533.048589
1	14533.300383
2	14533.551924
0	14533.804193
3	14534.055335
1	14534.307106
2	14534.558558
0	14534.81041
3	14535.061884
1	14535.313793
2	14535.565181
0	14535.817144
3	14536.06853
1	14536.320274
2	14536.571798
0	14536.823584
3	14537.075125
1	14537.326897
2	14537.578458
0	14537.830216
3	14538.081752
1	14538.333532
2	14538.585069
0	14538.836881
3	14539.088384
1	14539.340167
2	14539.591696
0	14539.84348
3	14540.09504
1	14540.346796
2	14540.59833
0	14540.850171
3	14541.101647
1	14541.353443
2	14541.604967
0	14541.856762
3	14542.10829
1	14542.360067
2	14542.6116
0	14542.863395
3	14543.114912
1	14543.366715
2	14543.618228
0	14543.870029
3	14544.121549
1	14544.373349
2	14544.624871
0	14544.876657
3	14545.128177
1	14545.379975
2	14545.631494
3	14545.883288
0	14546.134808
1	14546.386607
2	14546.638123
3	14546.889916
0	14547.141444
1	14547.393255
2	14547.644758
3	14547.896564
0	14548.148072
1	14548.399874
2	14548.651396
3	14548.903183
0	14549.154705
1	14549.406497
2	14549.658021
3	14549.909847
0	14550.16134
1	14550.41313
2	14550.664662
3	14550.916453
0	14551.167977
1	14551.419772
2	14551.671296
3	14551.92313
0	14552.174608
1	14552.426423
2	14552.677926
3	14552.929763
0	14553.181246
1	14553.433079
2	14553.684556
3	14553.936416
0	14554.187874
1	14554.439718
2	14554.691197
3	14554.943038
0	14555.194508
1	14555.446345
2	14555.697826
3	14555.949676
0	14556.201143
1	14556.452977
2	14556.704455
3	14556.95629
0	14557.207779
1	14557.459629
2	14557.711086
3	14557.96292
0	14558.214404
1	14558.466228
2	14558.717723
3	14558.969569
0	14559.22104
1	14559.472876
2	14559.724353
3	14559.976203
0	14560.227669
1	14560.4795
2	14560.730985
3	14560.98283
0	14561.234301
1	14561.486138
2	14561.737631
3	14561.989399
0	14562.240953
1	14562.492805
2	14562.744248
3	14562.996088
0	14563.247565
1	14563.499411
2	14563.750879
3	14564.002726
0	14564.254214
1	14564.506093
2	14564.757512
3	14565.009393
0	14565.26083
1	14565.512667
2	14565.764165
3	14566.016025
0	14566.267463
1	14566.519314
2	14566.770775
3	14567.022653
0	14567.274097
1	14567.525967
2	14567.77741
3	14568.029268
0	14568.280729
1	14568.532604
2	14568.784042
3	14569.035889
0	14569.287359
1	14569.539195
2	14569.790674
3	14570.042522
0	14570.293989
1	14570.545865
2	14570.797312
3	14571.04919
0	14571.300627
1	14571.552481
2	14571.803937
3	14572.055726
0	14572.307253
1	14572.55904
2	14572.810571
3	14573.062356
0	14573.313914
1	14573.565673
2	14573.817199
3	14574.069026
0	14574.320518
1	14574.572295
2	14574.82383
3	14575.075619
0	14575.327173
1	14575.578937
3	14575.830466
2	14576.08225
0	14576.333781
1	14576.585696
3	14576.837097
2	14577.088895
0	14577.340416
1	14577.592198
3	14577.843729
2	14578.095518
0	14578.347049
1	14578.598833
3	14578.850361
2	14579.102148
0	14579.353692
1	14579.605463
3	14579.856997
2	14580.108782
0	14580.360311
1	14580.612119
3	14580.863662
2	14581.115415
0	14581.366945
1	14581.618733
3	14581.870276
2	14582.122067
0	14582.373576
1	14582.625396
3	14582.876891
2	14583.128713
0	14583.380206
1	14583.632007
3	14583.883534
2	14584.13532
0	14584.386845
1	14584.638634
3	14584.890158
2	14585.141973
0	14585.393475
1	14585.645264
3	14585.896789
2	14586.148594
0	14586.400111
1	14586.651894
3	14586.903422
2	14587.15523
0	14587.406738
1	14587.658538
3	14587.910083
2	14588.161847
0	14588.413391
1	14588.665194
3	14588.916686
2	14589.168479
0	14589.420003
1	14589.671793
3	14589.92332
2	14590.175122
0	14590.426642
1	14590.67843
3	14590.929952
2	14591.181749
0	14591.433268
1	14591.685119
3	14591.936589
2	14592.188414
0	14592.439903
1	14592.691757
3	14592.943226
2	14593.195068
0	14593.446536
1	14593.698378
3	14593.949852
2	14594.201682
0	14594.453164
3	14594.704954
1	14594.956492
2	14595.208271
0	14595.459796
3	14595.711585
1	14595.963115
2	14596.214915
0	14596.466428
3	14596.71821
1	14596.969745
2	14597.22153
0	14597.473074
3	14597.724849
1	14597.976379
2	14598.22816
0	14598.479695
3	14598.731483
1	14598.983009
2	14599.234795
0	14599.486327
3	14599.738114
1	14599.989643
2	14600.241458
0	14600.492957
3	14600.744735
1	14600.996277
2	14601.248057
0	14601.499607
3	14601.751474
1	14602.00291
2	14602.254761
0	14602.506226
3	14602.758116
1	14603.009542
2	14603.261388
0	14603.512871
3	14603.7647
1	14604.016202
2	14604.268026
0	14604.519492
3	14604.771355
1	14605.022807
2	14605.274579
0	14605.526124
3	14605.777977
1	14606.029463
2	14606.281288
0	14606.532757
3	14606.784612
1	14607.036074
2	14607.287959
0	14607.539392
3	14607.79124
1	14608.042707
2	14608.294558
0	14608.546023
3	14608.797862
1	14609.049339
2	14609.301179
0	14609.552655
3	14609.804486
1	14610.055971
2	14610.307806
0	14610.559287
3	14610.811115
1	14611.062603
2	14611.314454
0	14611.565917
3	14611.817698
1	14612.069234
2	14612.32101
0	14612.57258
3	14612.824331
1	14613.075864
2	14613.327685
0	14613.579179
3	14613.831003
1	14614.082498
2	14614.334284
0	14614.585838
3	14614.837599
1	14615.089138
2	14615.340909
0	14615.592445
3	14615.844275
1	14616.095761
2	14616.347545
0	14616.599081
3	14616.850867
1	14617.102422
2	14617.354175
0	14617.60571
3	14617.857498
1	14618.109025
2	14618.360815
0	14618.612343
3	14618.864135
1	14619.115659
2	14619.367453
0	14619.618975
3	14619.870992
1	14620.122294
2	14620.374076
0	14620.625606
3	14620.877395
1	14621.128939
2	14621.380709
0	14621.632241
3	14621.884098
1	14622.135562
2	14622.38745
0	14622.638875
3	14622.890725
1	14623.142203
2	14623.39404
0	14623.645524
3	14623.897351
1	14624.148822
2	14624.400705
0	14624.652142
3	14624.903995
1	14625.155457
2	14625.407295
0	14625.658786
3	14625.910635
1	14626.16209
2	14626.413956
0	14626.665408
3	14626.917294
1	14627.168722
2	14627.420509
0	14627.672037
3	14627.923832
1	14628.175356
2	14628.427154
0	14628.678669
3	14628.930457
1	14629.181985
2	14629.433778
0	14629.685297
3	14629.937101
1	14630.18862
2	14630.440417
0	14630.691934
3	14630.943748
1	14631.195253
2	14631.447046
0	14631.698563
3	14631.950429
1	14632.201898
2	14632.453742
0	14632.705199
3	14632.957048
1	14633.208522
2	14633.460361
0	14633.711845
3	14633.963686
1	14634.215158
2	14634.467012
0	14634.718477
3	14634.970327
1	14635.221785
2	14635.473638
0	14635.725098
3	14635.976919
1	14636.228412
2	14636.480196
0	14636.731737
3	14636.98358
1	14637.235048
2	14637.486906
0	14637.738363
3	14637.990195
1	14638.24168
2	14638.493522
0	14638.744994
3	14638.996843
1	14639.248316
2	14639.500151
0	14639.751629
3	14640.003474
1	14640.254946
2	14640.506786
0	14640.75826
3	14641.010101
1	14641.261577
2	14641.513407
0	14641.764894
3	14642.016712
1	14642.268204
2	14642.519997
0	14642.771521
3	14643.023311
1	14643.274844
2	14643.526624
0	14643.778152
3	14644.029967
1	14644.281472
2	14644.533284
0	14644.784785
3	14645.036581
1	14645.288109
2	14645.539885
0	14645.791421
3	14646.043208
1	14646.294735
2	14646.546544
0	14646.798051
3	14647.049844
1	14647.301368
2	14647.553156
0	14647.804707
3	14648.056477
1	14648.308
2	14648.559795
0	14648.811313
3	14649.063106
1	14649.314634
2	14649.56644
0	14649.817944
3	14650.069734
1	14650.321261
2	14650.573059
0	14650.824579
3	14651.076383
1	14651.327899
2	14651.579685
0	14651.831232
3	14652.083072
1	14652.334533
2	14652.58637
0	14652.837847
3	14653.089685
1	14653.341164
2	14653.592995
0	14653.844482
3	14654.096332
1	14654.347804
2	14654.599629
0	14654.851113
3	14655.102956
1	14655.354433
2	14655.606256
0	14655.857748
3	14656.10958
1	14656.36107
2	14656.612915
0	14656.864379
3	14657.116229
1	14657.367693
2	14657.619519
0	14657.871014
3	14658.122862
1	14658.374329
2	14658.626148
0	14658.877644
3	14659.129504
1	14659.380963
2	14659.632801
0	14659.884275
3	14660.136126
1	14660.387592
2	14660.639454
0	14660.890907
3	14661.142746
1	14661.394231
2	14661.646046
0	14661.897536
3	14662.149352
1	14662.400851
2	14662.652657
0	14662.904168
3	14663.155978
1	14663.407487
2	14663.659298
0	14663.910798
3	14664.162598
1	14664.414116
2	14664.665911
0	14664.917433
3	14665.169226
1	14665.420748
0	14665.672541
2	14665.924064
3	14666.175868
1	14666.427379
0	14666.679171
2	14666.930696
3	14667.182497
1	14667.434018
0	14667.685809
2	14667.937332
3	14668.18913
1	14668.440646
0	14668.692441
2	14668.943965
3	14669.19576
1	14669.447279
0	14669.699076
2	14669.950599
3	14670.202394
1	14670.453912
0	14670.705708
2	14670.957226
3	14671.209023
1	14671.460543
0	14671.712341
2	14671.963873
3	14672.215748
1	14672.467184
2	14672.719004
0	14672.970496
3	14673.222324
1	14673.473813
2	14673.725652
0	14673.977131
3	14674.228967
1	14674.480445
2	14674.732282
0	14674.983763
3	14675.235584
1	14675.487078
2	14675.738927
0	14675.990393
3	14676.242236
1	14676.493709
2	14676.745562
0	14676.997026
3	14677.248845
1	14677.500342
2	14677.752178
0	14678.003658
3	14678.255497
1	14678.506973
2	14678.758835
0	14679.010296
3	14679.262144
1	14679.513618
2	14679.765436
0	14680.016924
3	14680.268795
1	14680.520238
2	14680.772076
0	14681.023555
3	14681.275404
1	14681.526877
2	14681.778679
0	14682.030184
3	14682.281971
1	14682.533498
2	14682.785293
0	14683.036816
3	14683.288604
1	14683.540132
2	14683.79192
0	14684.043449
3	14684.295244
1	14684.546764
2	14684.79855
0	14685.050085
3	14685.301866
1	14685.553394
2	14685.805195
0	14686.056712
3	14686.308504
1	14686.560031
2	14686.811825
0	14687.063345
3	14687.31514
1	14687.566665
0	14687.818459
2	14688.069979
3	14688.321764
1	14688.573294
0	14688.825084
2	14689.076615
3	14689.3284
1	14689.579927
0	14689.831725
2	14690.083242
3	14690.335033
1	14690.586558
0	14690.838394
2	14691.089877
3	14691.341666
1	14691.593189
0	14691.845058
2	14692.09652
3	14692.348343
1	14692.599828
0	14692.851673
2	14693.103143
3	14693.354999
1	14693.606468
0	14693.858316
2	14694.109776
3	14694.361599
1	14694.613092
0	14694.864921
2	14695.116411
3	14695.368231
1	14695.619721
0	14695.87155
2	14696.12305
3	14696.37489
1	14696.626359
0	14696.87819
2	14697.129678
3	14697.381491
1	14697.632991
0	14697.884837
2	14698.136307
3	14698.388174
1	14698.639622
0	14698.891499
2	14699.142937
3	14699.39477
1	14699.646254
0	14699.898111
2	14700.14957
3	14700.401414
1	14700.652883
0	14700.904712
2	14701.156209
3	14701.40805
1	14701.659522
0	14701.911302
2	14702.162839
3	14702.414613
1	14702.666146
2	14702.917936
0	14703.169463
3	14703.421258
1	14703.672779
2	14703.924567
0	14704.176094
3	14704.427891
1	14704.679412
2	14704.931196
0	14705.182731
3	14705.434522
1	14705.686043
2	14705.937834
0	14706.189363
3	14706.441152
1	14706.692674
2	14706.944464
0	14707.196016
3	14707.447791
1	14707.699309
2	14707.951139
0	14708.202622
3	14708.45441
1	14708.70595
2	14708.957726
0	14709.209275
3	14709.461051
1	14709.712574
0	14709.964361
2	14710.215891
3	14710.467714
1	14710.719204
0	14710.970996
2	14711.222522
3	14711.474315
1	14711.725841
0	14711.977692
2	14712.229159
3	14712.480987
1	14712.732474
0	14712.984321
2	14713.235794
3	14713.48763
1	14713.739106
0	14713.990935
2	14714.242426
3	14714.494297
1	14714.745741
0	14714.997572
2	14715.249062
3	14715.500902
1	14715.752391
0	14716.004199
2	14716.255689
3	14716.507558
1	14716.759003
0	14717.01086
2	14717.26232
3	14717.514139
1	14717.765657
0	14718.017465
2	14718.268957
3	14718.520803
1	14718.772269
0	14719.024085
2	14719.275586
3	14719.527435
1	14719.778904
0	14720.030741
2	14720.282232
3	14720.53406
1	14720.785534
0	14721.037371
2	14721.288849
3	14721.540702
1	14721.792163
0	14722.043957
2	14722.295473
3	14722.547274
1	14722.798795
0	14723.050613
2	14723.302109
3	14723.553913
1	14723.805426
0	14724.057223
2	14724.308757
3	14724.560536
1	14724.812063
0	14725.063863
2	14725.315373
3	14725.567197
1	14725.818691
0	14726.070491
2	14726.322023
3	14726.5741
1	14726.825334
0	14727.07713
2	14727.328638
3	14727.580461
1	14727.831954
0	14728.08374
2	14728.335277
3	14728.587068
1	14728.8386
0	14729.090384
2	14729.341903
3	14729.593685
1	14729.84522
0	14730.097022
2	14730.348535
3	14730.600347
1	14730.851849
0	14731.103653
2	14731.35517
3	14731.606965
1	14731.858495
0	14732.110336
2	14732.361805
3	14732.613646
1	14732.865141
0	14733.116956
2	14733.368439
3	14733.62028
1	14733.871754
0	14734.123622
2	14734.375069
3	14734.626933
1	14734.878387
0	14735.130243
2	14735.381715
3	14735.633559
1	14735.885018
0	14736.13689
2	14736.388334
3	14736.640207
1	14736.891648
0	14737.143479
2	14737.394981
3	14737.646817
1	14737.898284
0	14738.150126
2	14738.401597
3	14738.653469
1	14738.904917
0	14739.156763
2	14739.408238
3	14739.660069
1	14739.911573
0	14740.163391
2	14740.414863
3	14740.66671
1	14740.91818
0	14741.170005
2	14741.421494
3	14741.673377
1	14741.924811
0	14742.176672
2	14742.428124
3	14742.679912
1	14742.931439
0	14743.183234
2	14743.434754
3	14743.686544
1	14743.938098
0	14744.18986
2	14744.44139
3	14744.693176
1	14744.944713
0	14745.196541
2	14745.448025
3	14745.69986
1	14745.951338
0	14746.203202
2	14746.454657
3	14746.706517
1	14746.95797
0	14747.209798
2	14747.461288
3	14747.713165
1	14747.964601
0	14748.216451
2	14748.467943
3	14748.71974
1	14748.971235
0	14749.223063
2	14749.474554
3	14749.726403
1	14749.977867
0	14750.229694
2	14750.481185
3	14750.73301
1	14750.984501
0	14751.23633
2	14751.487825
3	14751.739656
1	14751.991132
0	14752.242914
2	14752.494445
3	14752.746228
1	14752.997764
0	14753.249548
2	14753.501078
3	14753.752903
1	14754.004392
0	14754.256181
3	14754.507709
2	14754.759496
1	14755.011055
0	14755.262812
3	14755.514341
2	14755.76613
1	14756.017658
0	14756.269482
3	14756.520975
2	14756.772763
1	14757.024318
0	14757.276075
3	14757.527629
2	14757.779397
1	14758.030922
0	14758.282743
3	14758.53424
2	14758.786026
1	14759.037558
0	14759.289352
3	14759.540894
2	14759.792658
1	14760.044194
0	14760.295978
3	14760.547503
2	14760.799292
1	14761.050824
0	14761.302613
3	14761.554137
2	14761.805923
1	14762.057461
0	14762.309303
3	14762.560772
2	14762.812622
1	14763.064092
0	14763.315936
3	14763.567419
2	14763.81926
1	14764.070723
0	14764.322565
3	14764.574043
2	14764.825913
1	14765.077353
0	14765.329219
3	14765.580682
2	14765.832517
1	14766.084003
0	14766.33584
3	14766.587305
2	14766.83917
1	14767.090622
0	14767.34247
3	14767.593935
2	14767.845776
1	14768.097258
0	14768.349101
3	14768.600569
2	14768.852421
1	14769.103882
0	14769.355745
3	14769.607201
2	14769.859064
1	14770.110518
0	14770.362367
3	14770.613832
2	14770.865691
1	14771.117149
0	14771.369072
3	14771.620459
2	14771.872322
1	14772.123795
0	14772.375623
3	14772.627097
2	14772.878946
1	14773.130417
0	14773.382254
3	14773.633733
1	14773.885545
2	14774.137045
0	14774.388906
3	14774.640373
1	14774.892208
2	14775.143685
0	14775.395532
3	14775.647
1	14775.898831
2	14776.15032
0	14776.402151
3	14776.653637
1	14776.905473
0	14777.15695
2	14777.408789
3	14777.660259
1	14777.912113
0	14778.163574
2	14778.415394
3	14778.666891
1	14778.918709
0	14779.170231
2	14779.422027
3	14779.673524
1	14779.925352
0	14780.176839
2	14780.428678
3	14780.680162
1	14780.93201
0	14781.183477
2	14781.43532
3	14781.686795
1	14781.938599
0	14782.190102
2	14782.441894
3	14782.693416
1	14782.945203
0	14783.196738
2	14783.44853
3	14783.700056
1	14783.951841
0	14784.20337
2	14784.455156
3	14784.706683
1	14784.95847
0	14785.209996
2	14785.461783
3	14785.713316
1	14785.965111
0	14786.21663
2	14786.468423
3	14786.719947
1	14786.971742
0	14787.223265
2	14787.475062
3	14787.726584
1	14787.978363
0	14788.229895
2	14788.481697
3	14788.733212
1	14788.984991
0	14789.236534
2	14789.488317
3	14789.739843
1	14789.991624
0	14790.243161
2	14790.494955
3	14790.746477
1	14790.998252
0	14791.249793
2	14791.501572
3	14791.753107
1	14792.004959
0	14792.256429
2	14792.508257
3	14792.759747
1	14793.011593
0	14793.263065
2	14793.514911
3	14793.766374
1	14794.018224
0	14794.269693
2	14794.521586
3	14794.773011
1	14795.024856
0	14795.276332
2	14795.52816
3	14795.77964
1	14796.031422
0	14796.282974
2	14796.534744
3	14796.78629
1	14797.038049
0	14797.289585
2	14797.541424
3	14797.792906
1	14798.044748
0	14798.296218
2	14798.548006
3	14798.799563
1	14799.051318
0	14799.302855
2	14799.554632
3	14799.806164
1	14800.057986
0	14800.309482
2	14800.561259
3	14800.812797
1	14801.064598
0	14801.316113
2	14801.567907
3	14801.819432
1	14802.071298
0	14802.322752
2	14802.574615
3	14802.826062
1	14803.077916
0	14803.329384
2	14803.581227
3	14803.832698
1	14804.08453
0	14804.336014
2	14804.587859
3	14804.83933
1	14805.091183
0	14805.342653
2	14805.594496
3	14805.845964
1	14806.097799
0	14806.349281
2	14806.601119
3	14806.852596
1	14807.104475
0	14807.355912
2	14807.60778
3	14807.859227
1	14808.111095
0	14808.362543
2	14808.61438
3	14808.865857
1	14809.117691
0	14809.369173
2	14809.621024
3	14809.872494
1	14810.124377
0	14810.375809
2	14810.62767
3	14810.879123
1	14811.130963
0	14811.382439
2	14811.634222
3	14811.885755
1	14812.137624
0	14812.389073
2	14812.640924
3	14812.892396
1	14813.144247
0	14813.395708
2	14813.647567
3	14813.899021
1	14814.150857
0	14814.402341
2	14814.65418
3	14814.905661
1	14815.157533
0	14815.40897
2	14815.660799
3	14815.912286
1	14816.164128
0	14816.415613
2	14816.667457
3	14816.918918
1	14817.170748
0	14817.422235
2	14817.674103
3	14817.92555
1	14818.177391
0	14818.428878
3	14818.680712
2	14818.932193
1	14819.184028
0	14819.435502
3	14819.687391
2	14819.938813
1	14820.190666
0	14820.442133
3	14820.693976
2	14820.945482
1	14821.197286
0	14821.448761
3	14821.700604
2	14821.952081
1	14822.203877
0	14822.455394
3	14822.707189
2	14822.958708
1	14823.210505
0	14823.462028
3	14823.713821
2	14823.965341
1	14824.217134
0	14824.468659
3	14824.720457
2	14824.971975
1	14825.223781
0	14825.475295
3	14825.727083
2	14825.978609
1	14826.23042
0	14826.481919
3	14826.733715
2	14826.98524
1	14827.237043
0	14827.488567
3	14827.740352
2	14827.991867
1	14828.243689
0	14828.495187
3	14828.747024
2	14828.998502
1	14829.250297
0	14829.50185
3	14829.753608
2	14830.005139
1	14830.256932
0	14830.508452
3	14830.760273
2	14831.011766
1	14831.26357
0	14831.515082
3	14831.766879
2	14832.018423
1	14832.270238
0	14832.521723
3	14832.773556
2	14833.02504
1	14833.27687
0	14833.528357
3	14833.780192
2	14834.031669
1	14834.283509
0	14834.534989
3	14834.786819
2	14835.038301
1	14835.290141
0	14835.541615
3	14835.793454
2	14836.044943
1	14836.296772
0	14836.548249
3	14836.800066
2	14837.051569
1	14837.303391
0	14837.55488
3	14837.806707
2	14838.058208
1	14838.310029
0	14838.561519
3	14838.813371
2	14839.064832
0	14839.31667
1	14839.568147
3	14839.819977
2	14840.071464
0	14840.323307
1	14840.574779
3	14840.826621
0	14841.078096
2	14841.329939
1	14841.58141
3	14841.833238
0	14842.08473
2	14842.336517
1	14842.588039
3	14842.839827
0	14843.091359
2	14843.34314
1	14843.594671
3	14843.846468
0	14844.097989
2	14844.349783
1	14844.601305
3	14844.853085
0	14845.104624
2	14845.356492
1	14845.607936
3	14845.859729
0	14846.11125
2	14846.363039
1	14846.61457
3	14846.866361
0	14847.117891
2	14847.369678
1	14847.621198
3	14847.87299
0	14848.12452
2	14848.376303
1	14848.62783
3	14848.879614
0	14849.131149
2	14849.382931
1	14849.634464
3	14849.88626
0	14850.137781
2	14850.389575
1	14850.641105
3	14850.892888
0	14851.144415
2	14851.396205
1	14851.647731
3	14851.899526
0	14852.151061
2	14852.402892
1	14852.654371
3	14852.906192
0	14853.157684
2	14853.409533
1	14853.660998
3	14853.912837
0	14854.164315
2	14854.416167
1	14854.667637
3	14854.919469
0	14855.170948
2	14855.422807
1	14855.674269
3	14855.9261
0	14856.177579
2	14856.429404
1	14856.680897
3	14856.93272
0	14857.184214
2	14857.436037
1	14857.687526
3	14857.939361
0	14858.190845
2	14858.442692
1	14858.694163
3	14858.945992
0	14859.197478
2	14859.449298
1	14859.700791
3	14859.952618
0	14860.204109
2	14860.455953
1	14860.707425
3	14860.959259
0	14861.210743
2	14861.462556
1	14861.714056
3	14861.965854
0	14862.217373
2	14862.469167
1	14862.720686
3	14862.972481
0	14863.224005
2	14863.475792
1	14863.727317
3	14863.979117
0	14864.230634
2	14864.48243
1	14864.733947
3	14864.985749
0	14865.237266
2	14865.489067
1	14865.740583
3	14865.992376
0	14866.243896
2	14866.495692
1	14866.747214
3	14866.999004
0	14867.250534
2	14867.502328
1	14867.753846
3	14868.00564
0	14868.257163
2	14868.508955
1	14868.760478
3	14869.012278
0	14869.263795
2	14869.515588
1	14869.767109
3	14870.018905
0	14870.270427
2	14870.52222
1	14870.773743
3	14871.025545
0	14871.277061
2	14871.528851
1	14871.780374
3	14872.032226
0	14872.283699
2	14872.535527
1	14872.787013
3	14873.038866
0	14873.290323
2	14873.54216
1	14873.793643
3	14874.045492
0	14874.29697
2	14874.548815
1	14874.800274
3	14875.052115
0	14875.303591
2	14875.555442
1	14875.806911
3	14876.05874
0	14876.310226
2	14876.562059
1	14876.813541
3	14877.065382
0	14877.316858
2	14877.568708
1	14877.820175
3	14878.072038
0	14878.323488
2	14878.575346
1	14878.826807
3	14879.078636
0	14879.330119
2	14879.581952
1	14879.833437
3	14880.085314
0	14880.336752
2	14880.588598
1	14880.840073
3	14881.091902
0	14881.343388
2	14881.595203
1	14881.846703
3	14882.098492
0	14882.350014
2	14882.601804
1	14882.85333
3	14883.105125
0	14883.356649
2	14883.608436
1	14883.859962
3	14884.111757
0	14884.363279
2	14884.615068
1	14884.866597
3	14885.118388
0	14885.369912
2	14885.621705
1	14885.873228
3	14886.12502
0	14886.376543
2	14886.628331
1	14886.87986
3	14887.131646
0	14887.383175
2	14887.634967
1	14887.886491
3	14888.138286
0	14888.389807
2	14888.64161
1	14888.893125
3	14889.144913
0	14889.396438
2	14889.648241
1	14889.899756
3	14890.151549
0	14890.403071
2	14890.65487
1	14890.906386
3	14891.158183
0	14891.409704
2	14891.661502
1	14891.913018
3	14892.16484
0	14892.416343
2	14892.668176
1	14892.919656
3	14893.171472
0	14893.422969
2	14893.674824
1	14893.926296
3	14894.178122
0	14894.429606
2	14894.68143
1	14894.932922
3	14895.184756
0	14895.436242
2	14895.688075
1	14895.939554
3	14896.191394
0	14896.44287
2	14896.694717
1	14896.946185
3	14897.198034
0	14897.449502
2	14897.701348
1	14897.952815
3	14898.204629
0	14898.456141
2	14898.707952
1	14898.959449
3	14899.211289
0	14899.462765
2	14899.71462
1	14899.966085
3	14900.217943
2	14900.469398
0	14900.72125
1	14900.972718
3	14901.224533
2	14901.476032
0	14901.727855
1	14901.979362
3	14902.231136
2	14902.482677
0	14902.734461
1	14902.985975
3	14903.237803
2	14903.48929
0	14903.741096
1	14903.992605
3	14904.244407
2	14904.495927
0	14904.747718
1	14904.999239
3	14905.251032
2	14905.502555
0	14905.754345
1	14906.005873
3	14906.257661
2	14906.509187
0	14906.760965
1	14907.012505
3	14907.264292
0	14907.515817
2	14907.767615
1	14908.019137
3	14908.270939
0	14908.522452
2	14908.774243
1	14909.025767
3	14909.277567
0	14909.529085
2	14909.780883
1	14910.032403
3	14910.284194
0	14910.535718
2	14910.787515
1	14911.039039
3	14911.290817
0	14911.542348
2	14911.794147
1	14912.045675
3	14912.297485
0	14912.548992
2	14912.800841
1	14913.052305
3	14913.304165
0	14913.555623
2	14913.807479
1	14914.058941
3	14914.31076
0	14914.562249
2	14914.814103
1	14915.065567
3	14915.317409
0	14915.568882
2	14915.820766
1	14916.0722
3	14916.324054
0	14916.575516
2	14916.827339
1	14917.078837
3	14917.330696
0	14917.582147
2	14917.833997
1	14918.085465
3	14918.337338
0	14918.588781
2	14918.84065
1	14919.092098
3	14919.343977
0	14919.595413
2	14919.847294
1	14920.098734
3	14920.350591
0	14920.602052
2	14920.853874
1	14921.10536
0	14921.3572
3	14921.608676
2	14921.860528
1	14922.111992
0	14922.363784
3	14922.615304
2	14922.867094
1	14923.118621
0	14923.370415
3	14923.621937
2	14923.873721
1	14924.125254
0	14924.377033
3	14924.628569
2	14924.880354
1	14925.131888
0	14925.383673
3	14925.635201
2	14925.886989
1	14926.138518
0	14926.39031
3	14926.641834
2	14926.893629
1	14927.145152
0	14927.396948
3	14927.648465
2	14927.900268
1	14928.15178
0	14928.403581
3	14928.655098
2	14928.9069
1	14929.158416
0	14929.410208
3	14929.66173
2	14929.913523
1	14930.165047
0	14930.416844
3	14930.66836
2	14930.920158
1	14931.171677
0	14931.42348
3	14931.674997
2	14931.926793
1	14932.178318
0	14932.430151
3	14932.681635
2	14932.933489
1	14933.184948
0	14933.436799
3	14933.688263
2	14933.940095
1	14934.191577
0	14934.443391
3	14934.694896
2	14934.946727
1	14935.198214
0	14935.450075
3	14935.701529
2	14935.953362
1	14936.204845
0	14936.456656
3	14936.708158
2	14936.960007
1	14937.211477
0	14937.463314
3	14937.714792
2	14937.966646
1	14938.21811
0	14938.469968
3	14938.721425
2	14938.973263
1	14939.224741
0	14939.476588
3	14939.728057
2	14939.979894
1	14940.231375
0	14940.483192
3	14940.73469
2	14940.986511
1	14941.238015
0	14941.489873
3	14941.741325
2	14941.993184
1	14942.244637
0	14942.496433
3	14942.74795
2	14942.999754
1	14943.251266
0	14943.503057
3	14943.754582
2	14944.006373
1	14944.257897
0	14944.509689
3	14944.761214
2	14945.013039
1	14945.264529
0	14945.51633
3	14945.767842
2	14946.019642
1	14946.271162
0	14946.522948
3	14946.774477
2	14947.026277
1	14947.277793
0	14947.529599
3	14947.781112
2	14948.032904
1	14948.284424
0	14948.536231
3	14948.78774
2	14949.039539
1	14949.291059
0	14949.542844
3	14949.794374
2	14950.046176
1	14950.297688
0	14950.549489
3	14950.801009
2	14951.052808
1	14951.304323
0	14951.556117
3	14951.807639
2	14952.059535
1	14952.310962
0	14952.562807
3	14952.81428
2	14953.066137
1	14953.317592
0	14953.56943
3	14953.820913
1	14954.072725
2	14954.324224
0	14954.576053
3	14954.82754
1	14955.079391
2	14955.330858
0	14955.582715
3	14955.834174
1	14956.086002
2	14956.337487
0	14956.589322
3	14956.840805
1	14957.092664
2	14957.344121
0	14957.595966
3	14957.847439
1	14958.099275
2	14958.350751
0	14958.602576
3	14958.854071
1	14959.105911
2	14959.357386
0	14959.609225
3	14959.860703
1	14960.112552
2	14960.36402
0	14960.615871
3	14960.867335
1	14961.119183
2	14961.370669
0	14961.622496
3	14961.873966
1	14962.12577
2	14962.377278
0	14962.629075
3	14962.880598
1	14963.132395
2	14963.38391
0	14963.635703
3	14963.887222
1	14964.139021
2	14964.39054
0	14964.64234
3	14964.893857
1	14965.145646
2	14965.397173
0	14965.648963
3	14965.90049
1	14966.152281
2	14966.403809
0	14966.655603
3	14966.907121
1	14967.15892
2	14967.410441
0	14967.66224
3	14967.913755
1	14968.165547
2	14968.417071
0	14968.66887
3	14968.920386
1	14969.172197
2	14969.423704
0	14969.675495
3	14969.927018
1	14970.178814
2	14970.430337
0	14970.682151
3	14970.933652
1	14971.185451
2	14971.436968
0	14971.688759
3	14971.940283
1	14972.192134
2	14972.44361
0	14972.695454
3	14972.946919
1	14973.198763
2	14973.450239
0	14973.702058
3	14973.953554
1	14974.205363
2	14974.456869
0	14974.708729
3	14974.960188
1	14975.21204
2	14975.463501
0	14975.715325
3	14975.966817
1	14976.218624
2	14976.470137
0	14976.721978
3	14976.973451
1	14977.225309
2	14977.476765
0	14977.728614
3	14977.980083
1	14978.231909
2	14978.483397
0	14978.735256
3	14978.986715
1	14979.238548
2	14979.49003
0	14979.74188
3	14979.993346
1	14980.245197
2	14980.496662
0	14980.748503
3	14980.999982
1	14981.251811
2	14981.503294
0	14981.755119
3	14982.006613
1	14982.258413
2	14982.509922
0	14982.761718
3	14983.013242
1	14983.265033
2	14983.516552
0	14983.768348
3	14984.01987
1	14984.271669
2	14984.523187
0	14984.774983
3	14985.026503
1	14985.278302
2	14985.52982
0	14985.781622
3	14986.033137
1	14986.28493
2	14986.536449
0	14986.788239
3	14987.039768
1	14987.291571
2	14987.543085
0	14987.794877
3	14988.046402
1	14988.298192
2	14988.549713
0	14988.801515
3	14989.053033
1	14989.304825
2	14989.556349
0	14989.808139
3	14990.059664
1	14990.311456
2	14990.562985
0	14990.814772
3	14991.066296
1	14991.318095
2	14991.569611
0	14991.821405
3	14992.072929
1	14992.324788
2	14992.576249
0	14992.828088
3	14993.079569
1	14993.331404
2	14993.582886
0	14993.834725
3	14994.086198
1	14994.338045
2	14994.589518
0	14994.841362
3	14995.09283
1	14995.34466
2	14995.596152
0	14995.847966
3	14996.099461
1	14996.351299
0	14996.602811
2	14996.854642
3	14997.106096
1	14997.357935
0	14997.60941
3	14997.861235
2	14998.112727
1	14998.364538
0	14998.616041
3	14998.867871
1	14999.119361
2	14999.371221
0	14999.622676
3	14999.874555
1	15000.125991
2	15000.377813
0	15000.629304
3	15000.881156
1	15001.132626
2	15001.384462
0	15001.635946
3	15001.887787
1	15002.139255
2	15002.391043
0	15002.642566
3	15002.894364
1	15003.145885
2	15003.397676
0	15003.649196
3	15003.900994
1	15004.152513
2	15004.404318
0	15004.655831
3	15004.90763
1	15005.159147
2	15005.410943
0	15005.662461
3	15005.914263
1	15006.165784
2	15006.417569
0	15006.669094
3	15006.920889
1	15007.172412
2	15007.424206
0	15007.675728
3	15007.927518
1	15008.179044
2	15008.430837
0	15008.682359
3	15008.93415
1	15009.185676
2	15009.437479
0	15009.688993
3	15009.94079
1	15010.192313
2	15010.444111
0	15010.695624
3	15010.947425
1	15011.198937
2	15011.450739
0	15011.702254
3	15011.95405
1	15012.205582
2	15012.457431
0	15012.708896
3	15012.960743
1	15013.212214
2	15013.464055
0	15013.715524
3	15013.967374
1	15014.21884
2	15014.470693
0	15014.72216
3	15014.973996
1	15015.225479
2	15015.477298
0	15015.728791
3	15015.980626
1	15016.232105
2	15016.483947
0	15016.735422
3	15016.987271
1	15017.238738
2	15017.490574
0	15017.742059
3	15017.993876
1	15018.245375
2	15018.497196
0	15018.748691
3	15019.000537
1	15019.252003
0	15019.503848
2	15019.755319
3	15020.007145
1	15020.258632
0	15020.510473
2	15020.761948
3	15021.013793
1	15021.265265
0	15021.517108
3	15021.768589
2	15022.020422
1	15022.2719
0	15022.523698
3	15022.775211
2	15023.027012
1	15023.278526
0	15023.530327
3	15023.781842
2	15024.033641
1	15024.285158
0	15024.536951
3	15024.788473
2	15025.040262
1	15025.291789
0	15025.54358
3	15025.795107
2	15026.046915
1	15026.298422
0	15026.550241
3	15026.801739
2	15027.053537
1	15027.305058
0	15027.556855
3	15027.808371
2	15028.060159
1	15028.311686
0	15028.563483
3	15028.815008
2	15029.066807
1	15029.318322
0	15029.570115
3	15029.821634
2	15030.073423
1	15030.324953
0	15030.576754
3	15030.828271
2	15031.080067
1	15031.331581
0	15031.583379
3	15031.834903
2	15032.086695
1	15032.338223
0	15032.590067
3	15032.841541
2	15033.093399
1	15033.344852
0	15033.596696
3	15033.848171
2	15034.100026
1	15034.351486
0	15034.603326
3	15034.854808
2	15035.106648
1	15035.35812
0	15035.609966
3	15035.861434
2	15036.113276
1	15036.364756
0	15036.616602
3	15036.868066
2	15037.119915
1	15037.371382
0	15037.623207
3	15037.874697
2	15038.12655
1	15038.378014
0	15038.629865
3	15038.88133
2	15039.133179
1	15039.384646
0	15039.636473
3	15039.887962
2	15040.139784
1	15040.391282
0	15040.643124
3	15040.894596
2	15041.146454
1	15041.397912
0	15041.649753
3	15041.901227
1	15042.153031
2	15042.404539
0	15042.656335
3	15042.907853
1	15043.15966
0	15043.411174
2	15043.662965
3	15043.914487
1	15044.166287
0	15044.417802
2	15044.669605
3	15044.921119
1	15045.172913
0	15045.424433
2	15045.67623
3	15045.927753
1	15046.179548
0	15046.431067
2	15046.682859
3	15046.934381
1	15047.186183
0	15047.4377
2	15047.689496
3	15047.941015
1	15048.192817
0	15048.444332
2	15048.696133
3	15048.947648
1	15049.199446
0	15049.450963
2	15049.702747
3	15049.95428
1	15050.20608
0	15050.4576
2	15050.709396
3	15050.960912
1	15051.212701
2	15051.464225
0	15051.716026
3	15051.967548
1	15052.219391
2	15052.470873
0	15052.722717
3	15052.974183
1	15053.226007
2	15053.477496
0	15053.729341
3	15053.980809
1	15054.232643
2	15054.48413
0	15054.736002
3	15054.98745
1	15055.239292
2	15055.490761
3	15055.74262
0	15055.994075
2	15056.245925
1	15056.497394
3	15056.749232
0	15057.00071
2	15057.252521
1	15057.504026
3	15057.755867
0	15058.007348
2	15058.259208
1	15058.510661
3	15058.762538
0	15059.013976
2	15059.265837
1	15059.51729
3	15059.769113
0	15060.020608
2	15060.272444
1	15060.523924
3	15060.775797
0	15061.02724
2	15061.279107
1	15061.530556
3	15061.782386
0	15062.033872
2	15062.285654
1	15062.537183
3	15062.788979
0	15063.040501
2	15063.292292
1	15063.543815
3	15063.795611
0	15064.047131
