0.0	0.00160725717764
1.60740176216	0.00160725717499
3.21480352432	0.00160725717233
4.82220528647	0.00160725716968
6.42960704863	0.00160725716704
8.03700881079	0.0016072571644
9.64441057295	0.00160725716176
11.2518123351	0.00160725715913
12.8592140973	0.0016072571565
14.4666158594	0.00160725715387
16.0740176216	0.00160725715125
17.6814193837	0.00160725714863
19.2888211459	0.00160725714602
20.896222908	0.00160725714341
22.5036246702	0.00160725714081
24.1110264324	0.00160725713821
25.7184281945	0.00160725713561
27.3258299567	0.00160725713302
28.9332317188	0.00160725713043
30.540633481	0.00160725712784
32.1480352432	0.00160725712526
33.7554370053	0.00160725712268
35.3628387675	0.00160725712011
36.9702405296	0.00160725711754
38.5776422918	0.00160725711498
40.1850440539	0.00160725711242
41.7924458161	0.00160725710986
43.3998475783	0.00160725710731
45.0072493404	0.00160725710476
46.6146511026	0.00160725710222
48.2220528647	0.00160725709968
49.8294546269	0.00160725709714
51.436856389	0.00160725709461
53.0442581512	0.00160725709208
54.6516599134	0.00160725708955
56.2590616755	0.00160725708703
57.8664634377	0.00160725708452
59.4738651998	0.00160725708201
61.081266962	0.0016072570795
62.6886687241	0.00160725707699
64.2960704863	0.00160725707449
65.9034722485	0.001607257072
67.5108740106	0.00160725706951
69.1182757728	0.00160725706702
70.7256775349	0.00160725706454
72.3330792971	0.00160725706206
73.9404810593	0.00160725705958
75.5478828214	0.00160725705711
77.1552845836	0.00160725705464
78.7626863457	0.00160725705218
80.3700881079	0.00160725704972
81.97748987	0.00160725704726
83.5848916322	0.00160725704481
85.1922933944	0.00160725704236
86.7996951565	0.00160725703992
88.4070969187	0.00160725703748
90.0144986808	0.00160725703505
91.621900443	0.00160725703262
93.2293022051	0.00160725703019
94.8367039673	0.00160725702777
96.4441057295	0.00160725702535
98.0515074916	0.00160725702293
99.6589092538	0.00160725702052
101.266311016	0.00160725701811
102.873712778	0.00160725701571
104.48111454	0.00160725701331
106.088516302	0.00160725701092
107.695918065	0.00160725700853
109.303319827	0.00160725700614
110.910721589	0.00160725700376
112.518123351	0.00160725700138
114.125525113	0.00160725699901
115.732926875	0.00160725699664
117.340328638	0.00160725699427
118.9477304	0.00160725699191
120.555132162	0.00160725698955
122.162533924	0.0016072569872
123.769935686	0.00160725698485
125.377337448	0.0016072569825
126.98473921	0.00160725698016
128.592140973	0.00160725697782
130.199542735	0.00160725697549
131.806944497	0.00160725697316
133.414346259	0.00160725697083
135.021748021	0.00160725696851
136.629149783	0.00160725696619
138.236551546	0.00160725696388
139.843953308	0.00160725696157
141.45135507	0.00160725695926
143.058756832	0.00160725695696
144.666158594	0.00160725695467
146.273560356	0.00160725695237
147.880962119	0.00160725695008
149.488363881	0.0016072569478
151.095765643	0.00160725694552
152.703167405	0.00160725694324
154.310569167	0.00160725694097
155.917970929	0.0016072569387
157.525372691	0.00160725693643
159.132774454	0.00160725693417
160.740176216	0.00160725693192
162.347577978	0.00160725692966
163.95497974	0.00160725692742
165.562381502	0.00160725692517
167.169783264	0.00160725692293
168.777185027	0.0016072569207
170.384586789	0.00160725691846
171.991988551	0.00160725691624
173.599390313	0.00160725691401
175.206792075	0.00160725691179
176.814193837	0.00160725690958
178.4215956	0.00160725690736
180.028997362	0.00160725690516
181.636399124	0.00160725690295
183.243800886	0.00160725690075
184.851202648	0.00160725689856
186.45860441	0.00160725689637
188.066006172	0.00160725689418
189.673407935	0.00160725689199
191.280809697	0.00160725688982
192.888211459	0.00160725688764
194.495613221	0.00160725688547
196.103014983	0.0016072568833
197.710416745	0.00160725688114
199.317818508	0.00160725687898
200.92522027	0.00160725687682
202.532622032	0.00160725687467
204.140023794	0.00160725687253
205.747425556	0.00160725687038
207.354827318	0.00160725686825
208.96222908	0.00160725686611
210.569630843	0.00160725686398
212.177032605	0.00160725686186
213.784434367	0.00160725685973
215.391836129	0.00160725685761
216.999237891	0.0016072568555
218.606639653	0.00160725685339
220.214041416	0.00160725685128
221.821443178	0.00160725684918
223.42884494	0.00160725684708
225.036246702	0.00160725684499
226.643648464	0.0016072568429
228.251050226	0.00160725684082
229.858451989	0.00160725683873
231.465853751	0.00160725683666
233.073255513	0.00160725683458
234.680657275	0.00160725683251
236.288059037	0.00160725683045
237.895460799	0.00160725682839
239.502862561	0.00160725682633
241.110264324	0.00160725682428
242.717666086	0.00160725682223
244.325067848	0.00160725682018
245.93246961	0.00160725681814
247.539871372	0.00160725681611
249.147273134	0.00160725681407
250.754674897	0.00160725681205
252.362076659	0.00160725681002
253.969478421	0.001607256808
255.576880183	0.00160725680598
257.184281945	0.00160725680397
258.791683707	0.00160725680196
260.39908547	0.00160725679996
262.006487232	0.00160725679796
263.613888994	0.00160725679596
265.221290756	0.00160725679397
266.828692518	0.00160725679199
268.43609428	0.00160725679
270.043496042	0.00160725678802
271.650897805	0.00160725678605
273.258299567	0.00160725678408
274.865701329	0.00160725678211
276.473103091	0.00160725678015
278.080504853	0.00160725677819
279.687906615	0.00160725677623
281.295308378	0.00160725677428
282.90271014	0.00160725677233
284.510111902	0.00160725677039
286.117513664	0.00160725676845
287.724915426	0.00160725676652
289.332317188	0.00160725676459
290.939718951	0.00160725676266
292.547120713	0.00160725676074
294.154522475	0.00160725675882
295.761924237	0.00160725675691
297.369325999	0.001607256755
298.976727761	0.00160725675309
300.584129523	0.00160725675119
302.191531286	0.00160725674929
303.798933048	0.0016072567474
305.40633481	0.00160725674551
307.013736572	0.00160725674362
308.621138334	0.00160725674174
310.228540096	0.00160725673986
311.835941859	0.00160725673799
313.443343621	0.00160725673612
315.050745383	0.00160725673425
316.658147145	0.00160725673239
318.265548907	0.00160725673054
319.872950669	0.00160725672868
321.480352432	0.00160725672684
323.087754194	0.00160725672499
324.695155956	0.00160725672315
326.302557718	0.00160725672131
327.90995948	0.00160725671948
329.517361242	0.00160725671765
331.124763004	0.00160725671583
332.732164767	0.00160725671401
334.339566529	0.00160725671219
335.946968291	0.00160725671038
337.554370053	0.00160725670857
339.161771815	0.00160725670677
340.769173577	0.00160725670497
342.37657534	0.00160725670317
343.983977102	0.00160725670138
345.591378864	0.0016072566996
347.198780626	0.00160725669781
348.806182388	0.00160725669603
350.41358415	0.00160725669426
352.020985913	0.00160725669249
353.628387675	0.00160725669072
355.235789437	0.00160725668896
356.843191199	0.0016072566872
358.450592961	0.00160725668544
360.057994723	0.00160725668369
361.665396485	0.00160725668195
363.272798248	0.00160725668021
364.88020001	0.00160725667847
366.487601772	0.00160725667673
368.095003534	0.001607256675
369.702405296	0.00160725667328
371.309807058	0.00160725667156
372.917208821	0.00160725666984
374.524610583	0.00160725666812
376.132012345	0.00160725666642
377.739414107	0.00160725666471
379.346815869	0.00160725666301
380.954217631	0.00160725666131
382.561619394	0.00160725665962
384.169021156	0.00160725665793
385.776422918	0.00160725665624
387.38382468	0.00160725665456
388.991226442	0.00160725665289
390.598628204	0.00160725665121
392.206029966	0.00160725664955
393.813431729	0.00160725664788
395.420833491	0.00160725664622
397.028235253	0.00160725664457
398.635637015	0.00160725664291
400.243038777	0.00160725664127
401.850440539	0.00160725663962
403.457842302	0.00160725663798
405.065244064	0.00160725663635
406.672645826	0.00160725663471
408.280047588	0.00160725663309
409.88744935	0.00160725663146
411.494851112	0.00160725662984
413.102252875	0.00160725662823
414.709654637	0.00160725662662
416.317056399	0.00160725662501
417.924458161	0.00160725662341
419.531859923	0.00160725662181
421.139261685	0.00160725662022
422.746663447	0.00160725661862
424.35406521	0.00160725661704
425.961466972	0.00160725661546
427.568868734	0.00160725661388
429.176270496	0.0016072566123
430.783672258	0.00160725661073
432.39107402	0.00160725660917
433.998475783	0.00160725660761
435.605877545	0.00160725660605
437.213279307	0.00160725660449
438.820681069	0.00160725660295
440.428082831	0.0016072566014
442.035484593	0.00160725659986
443.642886356	0.00160725659832
445.250288118	0.00160725659679
446.85768988	0.00160725659526
448.465091642	0.00160725659373
450.072493404	0.00160725659221
451.679895166	0.0016072565907
453.287296928	0.00160725658919
454.894698691	0.00160725658768
456.502100453	0.00160725658617
458.109502215	0.00160725658467
459.716903977	0.00160725658318
461.324305739	0.00160725658168
462.931707501	0.0016072565802
464.539109264	0.00160725657871
466.146511026	0.00160725657723
467.753912788	0.00160725657576
469.36131455	0.00160725657429
470.968716312	0.00160725657282
472.576118074	0.00160725657136
474.183519837	0.0016072565699
475.790921599	0.00160725656844
477.398323361	0.00160725656699
479.005725123	0.00160725656554
480.613126885	0.0016072565641
482.220528647	0.00160725656266
483.827930409	0.00160725656123
485.435332172	0.0016072565598
487.042733934	0.00160725655837
488.650135696	0.00160725655695
490.257537458	0.00160725655553
491.86493922	0.00160725655412
493.472340982	0.00160725655271
495.079742745	0.0016072565513
496.687144507	0.0016072565499
498.294546269	0.00160725654851
499.901948031	0.00160725654711
501.509349793	0.00160725654572
503.116751555	0.00160725654434
504.724153318	0.00160725654296
506.33155508	0.00160725654158
507.938956842	0.00160725654021
509.546358604	0.00160725653884
511.153760366	0.00160725653747
512.761162128	0.00160725653611
514.36856389	0.00160725653476
515.975965653	0.00160725653341
517.583367415	0.00160725653206
519.190769177	0.00160725653071
520.798170939	0.00160725652937
522.405572701	0.00160725652804
524.012974463	0.00160725652671
525.620376226	0.00160725652538
527.227777988	0.00160725652406
528.83517975	0.00160725652274
530.442581512	0.00160725652142
532.049983274	0.00160725652011
533.657385036	0.0016072565188
535.264786799	0.0016072565175
536.872188561	0.0016072565162
538.479590323	0.00160725651491
540.086992085	0.00160725651362
541.694393847	0.00160725651233
543.301795609	0.00160725651105
544.909197371	0.00160725650977
546.516599134	0.0016072565085
548.124000896	0.00160725650723
549.731402658	0.00160725650596
551.33880442	0.0016072565047
552.946206182	0.00160725650344
554.553607944	0.00160725650219
556.161009707	0.00160725650094
557.768411469	0.0016072564997
559.375813231	0.00160725649846
560.983214993	0.00160725649722
562.590616755	0.00160725649599
564.198018517	0.00160725649476
565.80542028	0.00160725649353
567.412822042	0.00160725649231
569.020223804	0.0016072564911
570.627625566	0.00160725648989
572.235027328	0.00160725648868
573.84242909	0.00160725648747
575.449830852	0.00160725648627
577.057232615	0.00160725648508
578.664634377	0.00160725648389
580.272036139	0.0016072564827
581.879437901	0.00160725648152
583.486839663	0.00160725648034
585.094241425	0.00160725647916
586.701643188	0.00160725647799
588.30904495	0.00160725647683
589.916446712	0.00160725647566
591.523848474	0.0016072564745
593.131250236	0.00160725647335
594.738651998	0.0016072564722
596.34605376	0.00160725647105
597.953455523	0.00160725646991
599.560857285	0.00160725646877
601.168259047	0.00160725646764
602.775660809	0.00160725646651
604.383062571	0.00160725646539
605.990464333	0.00160725646426
607.597866096	0.00160725646315
609.205267858	0.00160725646203
610.81266962	0.00160725646093
612.420071382	0.00160725645982
614.027473144	0.00160725645872
615.634874906	0.00160725645762
617.242276669	0.00160725645653
618.849678431	0.00160725645544
620.457080193	0.00160725645436
622.064481955	0.00160725645328
623.671883717	0.0016072564522
625.279285479	0.00160725645113
626.886687241	0.00160725645006
628.494089004	0.001607256449
630.101490766	0.00160725644794
631.708892528	0.00160725644688
633.31629429	0.00160725644583
634.923696052	0.00160725644479
636.531097814	0.00160725644374
638.138499577	0.0016072564427
639.745901339	0.00160725644167
641.353303101	0.00160725644064
642.960704863	0.00160725643961
644.568106625	0.00160725643859
646.175508387	0.00160725643757
647.78291015	0.00160725643656
649.390311912	0.00160725643555
650.997713674	0.00160725643454
652.605115436	0.00160725643354
654.212517198	0.00160725643254
655.81991896	0.00160725643155
657.427320722	0.00160725643056
659.034722485	0.00160725642958
660.642124247	0.0016072564286
662.249526009	0.00160725642762
663.856927771	0.00160725642665
665.464329533	0.00160725642568
667.071731295	0.00160725642471
668.679133058	0.00160725642375
670.28653482	0.0016072564228
671.893936582	0.00160725642184
673.501338344	0.0016072564209
675.108740106	0.00160725641995
676.716141868	0.00160725641901
678.323543631	0.00160725641808
679.930945393	0.00160725641715
681.538347155	0.00160725641622
683.145748917	0.0016072564153
684.753150679	0.00160725641438
686.360552441	0.00160725641346
687.967954203	0.00160725641255
689.575355966	0.00160725641164
691.182757728	0.00160725641074
692.79015949	0.00160725640984
694.397561252	0.00160725640895
696.004963014	0.00160725640806
697.612364776	0.00160725640717
699.219766539	0.00160725640629
700.827168301	0.00160725640541
702.434570063	0.00160725640454
704.041971825	0.00160725640367
705.649373587	0.00160725640281
707.256775349	0.00160725640194
708.864177112	0.00160725640109
710.471578874	0.00160725640023
712.078980636	0.00160725639939
713.686382398	0.00160725639854
715.29378416	0.0016072563977
716.901185922	0.00160725639686
718.508587684	0.00160725639603
720.115989447	0.0016072563952
721.723391209	0.00160725639438
723.330792971	0.00160725639356
724.938194733	0.00160725639274
726.545596495	0.00160725639193
728.152998257	0.00160725639113
729.76040002	0.00160725639032
731.367801782	0.00160725638952
732.975203544	0.00160725638873
734.582605306	0.00160725638794
736.190007068	0.00160725638715
737.79740883	0.00160725638637
739.404810593	0.00160725638559
741.012212355	0.00160725638482
742.619614117	0.00160725638404
744.227015879	0.00160725638328
745.834417641	0.00160725638252
747.441819403	0.00160725638176
749.049221165	0.00160725638101
750.656622928	0.00160725638026
752.26402469	0.00160725637951
753.871426452	0.00160725637877
755.478828214	0.00160725637803
757.086229976	0.0016072563773
758.693631738	0.00160725637657
760.301033501	0.00160725637585
761.908435263	0.00160725637513
763.515837025	0.00160725637441
765.123238787	0.0016072563737
766.730640549	0.00160725637299
768.338042311	0.00160725637228
769.945444074	0.00160725637158
771.552845836	0.00160725637089
773.160247598	0.0016072563702
774.76764936	0.00160725636951
776.375051122	0.00160725636883
777.982452884	0.00160725636815
779.589854646	0.00160725636747
781.197256409	0.0016072563668
782.804658171	0.00160725636613
784.412059933	0.00160725636547
786.019461695	0.00160725636481
787.626863457	0.00160725636416
789.234265219	0.00160725636351
790.841666982	0.00160725636286
792.449068744	0.00160725636222
794.056470506	0.00160725636158
795.663872268	0.00160725636095
797.27127403	0.00160725636032
798.878675792	0.00160725635969
800.486077555	0.00160725635907
802.093479317	0.00160725635846
803.700881079	0.00160725635784
805.308282841	0.00160725635723
806.915684603	0.00160725635663
808.523086365	0.00160725635603
810.130488127	0.00160725635543
811.73788989	0.00160725635484
813.345291652	0.00160725635425
814.952693414	0.00160725635367
816.560095176	0.00160725635309
818.167496938	0.00160725635251
819.7748987	0.00160725635194
821.382300463	0.00160725635137
822.989702225	0.00160725635081
824.597103987	0.00160725635025
826.204505749	0.0016072563497
827.811907511	0.00160725634914
829.419309273	0.0016072563486
831.026711036	0.00160725634806
832.634112798	0.00160725634752
834.24151456	0.00160725634698
835.848916322	0.00160725634645
837.456318084	0.00160725634593
839.063719846	0.0016072563454
840.671121608	0.00160725634489
842.278523371	0.00160725634437
843.885925133	0.00160725634386
845.493326895	0.00160725634336
847.100728657	0.00160725634286
848.708130419	0.00160725634236
850.315532181	0.00160725634187
851.922933944	0.00160725634138
853.530335706	0.00160725634089
855.137737468	0.00160725634041
856.74513923	0.00160725633994
858.352540992	0.00160725633946
859.959942754	0.001607256339
861.567344517	0.00160725633853
863.174746279	0.00160725633807
864.782148041	0.00160725633762
866.389549803	0.00160725633717
867.996951565	0.00160725633672
869.604353327	0.00160725633628
871.211755089	0.00160725633584
872.819156852	0.0016072563354
874.426558614	0.00160725633497
876.033960376	0.00160725633454
877.641362138	0.00160725633412
879.2487639	0.0016072563337
880.856165662	0.00160725633329
882.463567425	0.00160725633288
884.070969187	0.00160725633247
885.678370949	0.00160725633207
887.285772711	0.00160725633167
888.893174473	0.00160725633128
890.500576235	0.00160725633089
892.107977998	0.00160725633051
893.71537976	0.00160725633012
895.322781522	0.00160725632975
896.930183284	0.00160725632937
898.537585046	0.00160725632901
900.144986808	0.00160725632864
901.75238857	0.00160725632828
903.359790333	0.00160725632792
904.967192095	0.00160725632757
906.574593857	0.00160725632722
908.181995619	0.00160725632688
909.789397381	0.00160725632654
911.396799143	0.00160725632621
913.004200906	0.00160725632587
914.611602668	0.00160725632555
916.21900443	0.00160725632522
917.826406192	0.00160725632491
919.433807954	0.00160725632459
921.041209716	0.00160725632428
922.648611479	0.00160725632397
924.256013241	0.00160725632367
925.863415003	0.00160725632337
927.470816765	0.00160725632308
929.078218527	0.00160725632279
930.685620289	0.0016072563225
932.293022051	0.00160725632222
933.900423814	0.00160725632194
935.507825576	0.00160725632167
937.115227338	0.0016072563214
938.7226291	0.00160725632114
940.330030862	0.00160725632087
941.937432624	0.00160725632062
943.544834387	0.00160725632037
945.152236149	0.00160725632012
946.759637911	0.00160725631987
948.367039673	0.00160725631963
949.974441435	0.0016072563194
951.581843197	0.00160725631916
953.18924496	0.00160725631894
954.796646722	0.00160725631871
956.404048484	0.00160725631849
958.011450246	0.00160725631828
959.618852008	0.00160725631807
961.22625377	0.00160725631786
962.833655532	0.00160725631766
964.441057295	0.00160725631746
966.048459057	0.00160725631726
967.655860819	0.00160725631707
969.263262581	0.00160725631689
970.870664343	0.0016072563167
972.478066105	0.00160725631653
974.085467868	0.00160725631635
975.69286963	0.00160725631618
977.300271392	0.00160725631602
978.907673154	0.00160725631586
980.515074916	0.0016072563157
982.122476678	0.00160725631555
983.72987844	0.0016072563154
985.337280203	0.00160725631525
986.944681965	0.00160725631511
988.552083727	0.00160725631497
990.159485489	0.00160725631484
991.766887251	0.00160725631471
993.374289013	0.00160725631459
994.981690776	0.00160725631447
996.589092538	0.00160725631435
998.1964943	0.00160725631424
999.803896062	0.00160725631413
1001.41129782	0.00160725631403
1003.01869959	0.00160725631393
1004.62610135	0.00160725631384
1006.23350311	0.00160725631374
1007.84090487	0.00160725631366
1009.44830664	0.00160725631358
1011.0557084	0.0016072563135
1012.66311016	0.00160725631342
1014.27051192	0.00160725631335
1015.87791368	0.00160725631329
1017.48531545	0.00160725631322
1019.09271721	0.00160725631317
1020.70011897	0.00160725631311
1022.30752073	0.00160725631306
1023.91492249	0.00160725631302
1025.52232426	0.00160725631298
1027.12972602	0.00160725631294
1028.73712778	0.00160725631291
1030.34452954	0.00160725631288
1031.95193131	0.00160725631285
1033.55933307	0.00160725631283
1035.16673483	0.00160725631282
1036.77413659	0.0016072563128
1038.38153835	0.00160725631279
1039.98894012	0.00160725631279
1041.59634188	0.00160725631279
1043.20374364	0.0016072563128
1044.8111454	0.0016072563128
1046.41854716	0.00160725631282
1048.02594893	0.00160725631283
1049.63335069	0.00160725631285
1051.24075245	0.00160725631288
1052.84815421	0.00160725631291
1054.45555598	0.00160725631294
1056.06295774	0.00160725631298
1057.6703595	0.00160725631302
1059.27776126	0.00160725631307
1060.88516302	0.00160725631312
1062.49256479	0.00160725631317
1064.09996655	0.00160725631323
1065.70736831	0.00160725631329
1067.31477007	0.00160725631336
1068.92217183	0.00160725631343
1070.5295736	0.0016072563135
1072.13697536	0.00160725631358
1073.74437712	0.00160725631366
1075.35177888	0.00160725631375
1076.95918065	0.00160725631384
1078.56658241	0.00160725631394
1080.17398417	0.00160725631404
1081.78138593	0.00160725631414
1083.38878769	0.00160725631425
1084.99618946	0.00160725631436
1086.60359122	0.00160725631448
1088.21099298	0.0016072563146
1089.81839474	0.00160725631472
1091.42579651	0.00160725631485
1093.03319827	0.00160725631499
1094.64060003	0.00160725631512
1096.24800179	0.00160725631526
1097.85540355	0.00160725631541
1099.46280532	0.00160725631556
1101.07020708	0.00160725631571
1102.67760884	0.00160725631587
1104.2850106	0.00160725631603
1105.89241236	0.0016072563162
1107.49981413	0.00160725631637
1109.10721589	0.00160725631654
1110.71461765	0.00160725631672
1112.32201941	0.0016072563169
1113.92942118	0.00160725631709
1115.53682294	0.00160725631728
1117.1442247	0.00160725631747
1118.75162646	0.00160725631767
1120.35902822	0.00160725631788
1121.96642999	0.00160725631808
1123.57383175	0.0016072563183
1125.18123351	0.00160725631851
1126.78863527	0.00160725631873
1128.39603703	0.00160725631896
1130.0034388	0.00160725631918
1131.61084056	0.00160725631942
1133.21824232	0.00160725631965
1134.82564408	0.00160725631989
1136.43304585	0.00160725632014
1138.04044761	0.00160725632039
1139.64784937	0.00160725632064
1141.25525113	0.0016072563209
1142.86265289	0.00160725632116
1144.47005466	0.00160725632142
1146.07745642	0.00160725632169
1147.68485818	0.00160725632197
1149.29225994	0.00160725632224
1150.8996617	0.00160725632253
1152.50706347	0.00160725632281
1154.11446523	0.0016072563231
1155.72186699	0.0016072563234
1157.32926875	0.0016072563237
1158.93667052	0.001607256324
1160.54407228	0.0016072563243
1162.15147404	0.00160725632462
1163.7588758	0.00160725632493
1165.36627756	0.00160725632525
1166.97367933	0.00160725632557
1168.58108109	0.0016072563259
1170.18848285	0.00160725632623
1171.79588461	0.00160725632657
1173.40328638	0.00160725632691
1175.01068814	0.00160725632725
1176.6180899	0.0016072563276
1178.22549166	0.00160725632795
1179.83289342	0.00160725632831
1181.44029519	0.00160725632867
1183.04769695	0.00160725632904
1184.65509871	0.0016072563294
1186.26250047	0.00160725632978
1187.86990223	0.00160725633016
1189.477304	0.00160725633054
1191.08470576	0.00160725633092
1192.69210752	0.00160725633131
1194.29950928	0.00160725633171
1195.90691105	0.0016072563321
1197.51431281	0.00160725633251
1199.12171457	0.00160725633291
1200.72911633	0.00160725633332
1202.33651809	0.00160725633374
1203.94391986	0.00160725633416
1205.55132162	0.00160725633458
1207.15872338	0.00160725633501
1208.76612514	0.00160725633544
1210.3735269	0.00160725633587
1211.98092867	0.00160725633631
1213.58833043	0.00160725633675
1215.19573219	0.0016072563372
1216.80313395	0.00160725633765
1218.41053572	0.00160725633811
1220.01793748	0.00160725633857
1221.62533924	0.00160725633903
1223.232741	0.0016072563395
1224.84014276	0.00160725633998
1226.44754453	0.00160725634045
1228.05494629	0.00160725634093
1229.66234805	0.00160725634142
1231.26974981	0.00160725634191
1232.87715157	0.0016072563424
1234.48455334	0.0016072563429
1236.0919551	0.0016072563434
1237.69935686	0.00160725634391
1239.30675862	0.00160725634441
1240.91416039	0.00160725634493
1242.52156215	0.00160725634545
1244.12896391	0.00160725634597
1245.73636567	0.0016072563465
1247.34376743	0.00160725634703
1248.9511692	0.00160725634756
1250.55857096	0.0016072563481
1252.16597272	0.00160725634864
1253.77337448	0.00160725634919
1255.38077625	0.00160725634974
1256.98817801	0.0016072563503
1258.59557977	0.00160725635086
1260.20298153	0.00160725635142
1261.81038329	0.00160725635199
1263.41778506	0.00160725635256
1265.02518682	0.00160725635314
1266.63258858	0.00160725635372
1268.23999034	0.0016072563543
1269.8473921	0.00160725635489
1271.45479387	0.00160725635548
1273.06219563	0.00160725635608
1274.66959739	0.00160725635668
1276.27699915	0.00160725635728
1277.88440092	0.00160725635789
1279.49180268	0.00160725635851
1281.09920444	0.00160725635912
1282.7066062	0.00160725635974
1284.31400796	0.00160725636037
1285.92140973	0.001607256361
1287.52881149	0.00160725636163
1289.13621325	0.00160725636227
1290.74361501	0.00160725636291
1292.35101677	0.00160725636356
1293.95841854	0.00160725636421
1295.5658203	0.00160725636487
1297.17322206	0.00160725636553
1298.78062382	0.00160725636619
1300.38802559	0.00160725636686
1301.99542735	0.00160725636753
1303.60282911	0.0016072563682
1305.21023087	0.00160725636888
1306.81763263	0.00160725636957
1308.4250344	0.00160725637025
1310.03243616	0.00160725637094
1311.63983792	0.00160725637164
1313.24723968	0.00160725637234
1314.85464144	0.00160725637305
1316.46204321	0.00160725637375
1318.06944497	0.00160725637447
1319.67684673	0.00160725637518
