2 0
3 1
4 2
5 3
6 0
7 1
8 2
9 3
10 0
11 2
12 1
13 3
14 0
15 2
16 3
17 1
18 0
19 2
20 3
21 2
22 1
23 0
24 3
25 2
26 3
27 2
28 1
29 0
30 3
31 2
32 1
33 0
34 3
35 2
36 1
37 0
38 3
39 2
40 2
41 1
42 0
43 3
44 2
45 1
46 0
47 3
48 2
49 1
50 0
51 3
52 2
53 1
54 0
55 3
56 2
57 3
58 2
59 1
60 0
61 3
62 2
63 1
64 0
65 3
66 2
67 2
68 3
69 1
70 0
71 3
72 2
73 3
74 0
75 2
76 1
77 0
78 3
79 1
80 0
81 2
82 3
83 2
84 1
85 0
86 3
87 2
88 3
89 1
90 0
91 2
92 2
93 3
94 0
95 1
96 2
97 3
98 2
99 3
100 1
101 0
102 2
103 3
104 1
105 0
106 2
107 3
108 0
109 1
110 2
111 3
112 0
113 1
114 2
115 3
116 0
117 1
118 0
119 2
120 3
121 1
122 0
123 3
124 2
125 2
126 1
127 0
128 3
129 2
130 0
131 3
132 2
133 1
134 0
135 3
136 2
137 1
138 0
139 2
140 3
141 1
142 0
143 2
144 3
145 2
146 0
147 1
148 3
149 2
150 3
151 0
152 1
153 2
154 3
155 0
156 1
157 2
158 3
159 0
160 2
161 1
162 3
163 0
164 2
165 3
166 1
167 2
168 0
169 3
170 2
171 3
172 1
173 0
174 2
175 3
178 2
179 1
180 0
181 3
182 2
183 3
185 1
186 0
187 2
188 3
190 3
191 2
192 0
193 1
194 3
195 0
196 2
197 3
198 1
199 2
200 0
201 3
202 2
203 1
204 0
208 3
209 2
210 1
211 0
215 0
216 3
217 2
218 1
219 2
220 0
221 3
222 2
223 3
224 1
225 0
226 2
228 3
229 1
230 0
231 2
234 1
235 0
236 3
237 2
239 2
240 3
241 1
242 0
243 0
244 2
245 3
246 1
247 0
248 2
249 3
250 1
251 0
252 3
253 2
254 2
255 3
256 1
257 0
258 2
259 3
262 2
263 3
264 0
265 1
266 2
267 0
268 3
269 2
270 1
271 0
272 3
273 2
275 3
276 1
277 0
278 2
280 3
281 2
282 1
283 0
284 3
285 2
286 0
287 1
288 3
289 2
290 0
291 1
292 3
293 2
294 3
297 0
298 2
299 1
300 3
302 3
303 2
305 1
306 0
308 2
309 3
311 1
312 0
313 2
314 3
315 0
318 2
319 3
320 1
321 0
322 2
323 3
324 2
325 1
326 0
329 1
330 0
331 3
332 2
333 1
334 0
337 3
338 2
340 0
341 1
342 2
343 3
345 2
346 3
347 0
348 1
349 2
350 3
352 2
353 3
355 2
356 1
357 0
358 3
359 2
360 3
362 1
363 0
364 2
365 3
366 0
367 2
368 1
369 0
370 3
371 2
373 1
374 3
375 0
376 2
378 3
379 1
380 0
381 2
382 3
384 1
385 0
386 2
387 3
388 2
389 0
390 1
391 3
392 2
393 3
396 1
397 0
398 2
399 3
400 2
401 3
402 1
403 0
404 2
405 3
408 0
409 1
410 2
411 3
412 0
413 2
414 1
415 0
416 3
417 2
420 1
421 0
422 3
423 2
424 2
425 3
426 0
427 1
429 2
430 3
431 0
432 1
434 1
435 0
436 2
437 3
438 2
441 3
442 1
443 0
444 2
445 3
446 2
448 0
449 1
450 3
451 2
452 0
453 2
454 3
455 1
456 0
457 2
458 3
460 1
461 0
462 3
463 2
465 1
466 0
467 3
468 2
469 1
470 0
471 3
472 2
474 3
475 2
476 1
477 0
478 3
479 2
481 0
482 3
483 2
484 1
485 0
488 3
489 2
490 3
491 2
492 1
493 0
494 3
495 2
497 3
498 0
499 1
500 2
501 3
502 0
503 2
504 1
505 3
506 0
507 2
510 1
511 0
512 3
513 2
515 1
516 0
517 3
518 2
520 1
521 0
522 2
523 3
524 2
525 3
526 1
527 0
529 2
531 3
532 1
533 0
534 2
536 3
537 2
539 1
540 0
542 3
543 2
545 1
546 0
547 3
548 2
550 2
551 3
552 1
553 0
554 2
555 3
556 0
557 1
558 2
559 0
560 3
561 2
562 3
563 1
564 0
565 2
566 3
567 1
568 0
570 2
571 3
572 1
573 0
574 2
575 3
576 2
578 3
579 0
580 1
581 2
582 3
583 2
586 0
587 1
588 2
589 3
591 2
592 3
593 0
594 1
595 2
596 3
597 0
598 1
599 2
600 3
601 0
602 1
603 2
604 0
605 3
606 2
607 3
608 1
609 0
610 2
611 3
612 1
613 0
618 2
619 3
620 1
621 0
624 2
625 3
626 1
627 0
628 2
629 3
630 2
632 1
633 0
634 3
635 2
637 0
638 1
639 3
640 2
642 1
643 0
645 3
646 2
647 0
648 1
649 0
650 3
651 2
653 1
654 0
655 3
656 2
657 2
658 3
660 1
661 0
662 3
663 2
664 2
665 3
666 0
667 1
668 2
669 3
671 0
672 1
673 2
674 3
675 0
676 3
677 2
678 1
679 0
681 3
682 2
683 1
684 0
685 2
686 3
687 1
688 0
690 2
691 3
692 1
693 0
694 3
695 2
697 1
698 0
699 2
700 3
701 2
702 3
703 1
704 0
705 2
706 3
708 3
709 2
711 3
713 2
714 1
715 0
718 1
719 0
720 3
721 2
724 1
725 0
726 3
727 2
728 1
729 0
730 2
731 3
732 2
733 1
734 0
735 3
736 2
737 0
738 1
739 0
740 3
741 2
742 1
743 0
746 3
747 2
749 0
750 1
751 3
752 2
754 2
755 3
756 2
757 1
758 0
759 3
760 2
761 3
762 0
763 1
764 2
765 3
766 2
768 3
769 0
770 1
771 2
772 3
773 0
774 1
775 2
776 3
777 2
778 0
779 1
781 3
782 2
783 0
784 1
785 3
786 2
787 0
789 3
790 1
791 2
792 0
793 3
794 2
796 1
797 0
798 3
799 2
800 3
801 1
802 0
803 2
804 3
805 2
806 3
808 1
809 0
810 2
811 3
813 2
814 1
815 0
817 3
818 2
819 1
820 0
823 3
824 2
825 1
826 0
827 3
828 2
829 0
830 1
831 3
832 2
834 1
835 0
836 2
837 3
838 2
842 1
843 0
844 3
845 2
849 3
850 2
851 1
852 0
853 2
854 3
855 3
856 2
857 0
858 1
859 3
860 0
861 2
862 1
863 0
864 3
865 2
866 1
867 0
868 3
869 2
870 1
871 0
872 3
873 2
874 3
876 0
877 1
878 2
879 3
881 2
883 3
886 1
887 0
888 2
889 3
890 3
891 2
892 1
893 0
894 3
895 2
897 3
898 2
899 0
900 1
901 3
902 2
903 0
904 1
905 0
906 3
907 2
908 2
909 3
910 1
911 0
912 1
913 0
914 2
915 3
916 1
917 0
918 2
920 3
921 0
922 2
923 1
924 0
925 3
926 2
929 3
930 2
931 1
932 0
934 0
935 1
936 3
937 2
940 1
941 0
942 3
943 2
946 1
947 0
948 3
949 2
950 3
951 2
952 0
953 1
954 3
955 2
956 1
957 0
958 3
959 2
960 3
961 2
962 1
963 0
964 3
965 2
967 3
968 1
969 0
970 2
971 3
972 2
973 0
974 1
975 3
976 2
977 0
978 3
979 2
980 1
981 0
982 3
983 2
986 1
987 0
988 3
989 2
990 0
991 1
992 2
993 3
994 0
995 3
996 2
997 1
998 0
999 3
1000 2
1001 3
1002 1
1003 0
1004 2
1005 3
1006 2
1008 1
1009 0
1010 3
1011 2
1012 0
1013 1
1015 0
1016 3
1017 2
1019 3
1020 1
1021 2
1022 0
1024 3
1025 2
1027 1
1028 0
1029 3
1030 2
1031 1
1032 0
1035 0
1036 1
1037 3
1038 2
1039 0
1040 3
1041 2
1042 1
1043 0
1045 3
1046 2
1047 1
1048 0
1049 3
1050 2
1051 3
1052 2
1053 0
1054 1
1055 0
1056 3
1057 2
1058 1
1059 0
1060 3
1061 2
1063 2
1064 3
1065 1
1066 0
1068 3
1069 2
1070 0
1071 1
1072 3
1073 2
1074 1
1075 0
1076 2
1077 3
1078 0
1079 1
1080 0
1081 2
1082 3
1083 2
1084 1
1085 0
1086 3
1087 2
1089 1
1090 0
1091 3
1092 2
1093 2
1094 3
1095 1
1096 0
1097 2
1098 3
1099 3
1100 2
1101 1
1102 0
1103 3
1104 2
1108 3
1109 2
1110 1
1111 0
1115 1
1116 0
1117 3
1118 2
1119 3
1120 2
1121 1
1122 0
1125 1
1126 0
1127 3
1128 2
1129 3
1130 2
1131 0
1132 1
1135 3
1136 2
1137 0
1138 1
1140 3
1141 2
1144 0
1145 1
1146 3
1147 2
1148 2
1149 3
1150 0
1151 1
1152 2
1153 3
1154 0
1155 3
1156 2
1157 1
1158 0
1159 2
1160 3
1161 1
1162 0
1163 2
1164 3
1166 1
1167 0
1168 3
1169 2
1170 1
1171 0
1172 3
1173 2
1176 2
1177 3
1178 1
1179 0
1180 2
1181 3
1182 1
1183 0
1184 2
1186 3
1187 0
1188 1
1189 2
1190 3
1191 0
1192 2
1193 3
1194 1
1195 0
1196 2
1197 3
1198 1
1199 2
1200 0
1201 3
1203 2
1204 3
1205 1
1206 0
1207 2
1208 3
1209 1
1210 0
1211 2
1212 0
1213 1
1214 3
1215 2
1216 0
1217 1
1218 0
1219 3
1220 2
1224 3
1225 1
1226 0
1227 2
1228 2
1229 3
1230 1
1231 0
1233 2
1234 3
1236 0
1237 1
1238 2
1239 0
1240 3
1241 2
1242 1
1243 0
1245 3
1246 2
1247 1
1248 0
1249 2
1250 3
1251 1
1252 0
1253 2
1254 3
1255 2
1256 3
1257 1
1258 0
1259 2
1260 3
1262 2
1263 1
1264 0
1265 3
1266 2
1267 3
1270 1
1271 0
1272 2
1273 3
1275 2
1276 3
1277 1
1278 0
1279 2
1280 3
1282 1
1283 0
1285 2
1286 3
1287 1
1288 0
1289 2
1290 3
1291 2
1292 1
1293 0
1294 3
1295 2
1296 1
1297 3
1298 0
1299 2
1300 3
1301 2
1302 1
1303 0
1304 3
1305 2
1307 1
1308 0
1309 3
1310 2
1312 1
1313 0
1315 3
1316 2
1319 1
1320 0
1321 3
1322 2
1325 0
1326 3
1327 2
1328 1
1329 0
1330 2
1331 3
1333 1
1334 0
1336 3
1337 2
1338 1
1339 0
1342 1
1343 0
1344 3
1345 2
1346 0
1347 3
1348 2
1349 1
1350 0
1351 3
1352 2
1353 3
1354 2
1355 1
1356 0
1357 3
1358 2
1360 3
1361 1
1362 0
1363 2
1364 3
1366 2
1367 1
1368 0
1369 3
1370 2
1372 1
1373 0
1374 3
1375 2
1377 1
1378 0
1379 3
1380 2
1381 1
1382 0
1383 3
1384 2
1386 3
1387 2
1388 0
1389 1
1390 3
1391 2
1392 0
1393 3
1394 2
1395 1
1396 0
1397 2
1398 3
1399 1
1400 0
1401 2
1402 3
1403 3
1404 2
1406 3
1407 1
1408 2
1409 0
1411 1
1412 0
1413 3
1414 2
1415 1
1416 0
1418 3
1419 2
1420 1
1421 0
1422 3
1423 2
1425 1
1426 0
1427 2
1428 3
1429 2
1431 1
1432 0
1433 3
1434 2
1436 0
1437 1
1438 0
1439 3
1440 2
1443 1
1444 0
1445 3
1446 2
1447 3
1448 2
1449 1
1450 0
1451 3
1452 2
1455 3
1456 1
1457 2
1458 0
1459 2
1460 3
1461 1
1462 0
1463 2
1464 3
1465 1
1466 0
1467 3
1468 2
1469 3
1470 1
1471 2
1472 0
1474 2
1475 3
1476 1
1477 0
1478 2
1479 3
1482 2
1483 0
1484 3
1485 1
1486 2
1487 0
1488 3
1489 2
1490 1
1491 3
1492 0
1493 2
1494 3
1495 2
1497 3
1498 1
1499 0
1500 2
1502 3
1503 2
1504 1
1505 0
1506 3
1507 2
1508 0
1509 1
1510 0
1511 3
1512 2
1513 1
1514 0
1516 3
1517 2
1519 1
1520 0
1521 3
1522 2
1524 3
1525 2
1526 1
1527 0
1528 3
1529 2
1531 1
1532 0
1535 2
1536 3
1538 1
1539 0
1540 2
1541 3
1543 2
1544 3
1545 1
1546 0
1547 2
1548 3
1549 1
1550 0
1551 2
1552 3
1553 0
1554 2
1555 3
1556 1
1557 0
1558 2
1559 3
1560 1
1561 0
1562 2
1563 3
1564 2
1565 1
1566 0
1567 3
1568 2
1570 3
1571 2
1572 1
1573 0
1574 3
1575 2
1576 0
1577 1
1578 3
1579 2
1581 1
1582 0
1583 2
1584 3
1586 2
1587 3
1588 1
1589 0
1591 2
1592 3
1593 1
1594 0
1595 2
1596 3
1597 1
1598 0
1599 2
1600 3
1602 1
1603 0
1604 3
1605 2
1607 3
1608 2
1609 1
1610 0
1613 3
1614 2
1615 1
1616 0
1618 3
1619 2
1622 1
1623 0
1624 3
1625 2
1626 3
1627 2
1628 0
1629 1
1630 0
1632 1
1633 0
1634 3
1635 2
1636 1
1637 0
1639 3
1640 2
1641 1
1642 0
1643 2
1644 3
1646 1
1647 0
1648 3
1649 2
1651 3
1652 2
1653 1
1654 0
1655 2
1656 3
1657 2
1658 3
1661 1
1662 0
1663 2
1664 3
1665 2
1666 0
1667 3
1668 1
1669 0
1670 2
1671 3
1672 2
1673 1
1674 0
1675 3
1676 2
1677 1
1678 0
1679 3
1680 2
1681 1
1682 0
1683 3
1684 2
1686 3
1687 1
1688 0
1689 2
1690 3
1691 2
1692 3
1693 1
1694 0
1695 2
1696 3
1697 2
1698 1
1699 3
1700 0
1701 2
1702 3
1704 0
1705 1
1706 2
1707 0
1708 3
1709 2
1711 1
1712 0
1714 3
1715 2
1716 1
1717 0
1718 3
1719 2
1722 1
1723 0
1724 3
1725 2
1727 1
1728 0
1729 2
1730 3
1731 2
1732 1
1733 0
1734 3
1735 2
1737 1
1738 0
1739 3
1740 2
1742 3
1743 2
1745 1
1746 0
1747 3
1748 2
1749 3
1750 2
1752 3
1753 2
1754 1
1755 0
1756 3
1757 2
1760 1
1761 0
1762 3
1763 2
1766 3
1767 2
1768 0
1769 1
1770 2
1771 0
1772 3
1773 1
1774 2
1775 0
1776 1
1777 3
1778 2
1779 0
1780 3
1781 2
1782 1
1783 0
1784 3
1785 2
1786 3
1787 2
1788 1
1789 0
1790 3
1791 2
1793 3
1795 2
1796 1
1797 0
1798 3
1799 2
1803 1
1804 0
1805 3
1806 2
1807 0
1808 1
1809 0
1811 3
1812 2
1813 1
1814 0
1815 3
1816 2
1817 1
1818 0
1819 3
1820 2
1823 1
1824 0
1825 2
1826 3
1827 2
1829 0
1830 1
1831 3
1832 2
1833 0
1835 1
1836 0
1837 3
1838 2
1840 3
1841 2
1842 1
1843 0
1844 2
1845 3
1846 0
1847 1
1848 2
1849 3
1850 0
1851 2
1852 1
1853 3
1854 0
1855 2
1856 3
1857 1
1858 0
1860 2
1861 3
1862 1
1863 0
1864 2
1865 3
1866 1
1867 0
1868 2
1870 3
1871 2
1872 1
1873 0
1874 3
1875 2
1878 1
1879 0
1880 3
1881 2
1882 3
1883 2
1885 0
1886 1
1887 2
1888 3
1889 2
1890 3
1891 2
1892 1
1893 0
1894 3
1895 0
1896 2
1897 1
1898 0
1900 3
1901 1
1902 2
1903 0
1905 1
1906 0
1907 3
1908 2
1911 3
1912 2
1913 1
1914 0
1915 3
1916 2
1919 1
1920 0
1921 3
1922 2
1926 0
1927 1
1928 2
1929 3
1931 0
1932 2
1933 3
1934 1
1935 0
1936 2
1937 3
1938 1
1939 0
1940 2
1941 3
1942 2
1943 1
1944 0
1945 3
1946 2
1947 3
1948 1
1949 0
1950 2
1951 3
1952 2
1953 1
1954 0
1955 3
1956 2
1960 1
1961 0
1962 3
1963 2
1965 3
1966 2
1967 1
1968 0
1969 3
1970 2
1973 1
1974 0
1975 3
1976 2
1978 3
1979 2
1980 1
1981 0
1982 3
1983 2
1985 0
1986 1
1987 2
1988 3
1989 2
1990 3
1991 1
1992 0
1993 3
1994 2
1996 1
1997 0
1998 3
1999 2
2000 1
2001 0
2004 2
2005 3
2006 2
2007 0
2008 1
2009 3
2010 2
2013 3
2014 2
2015 0
2016 1
2019 3
2020 2
2022 1
2023 0
2025 2
2026 3
2028 1
2029 0
2030 2
2031 3
2032 2
2033 0
2034 1
2036 3
2037 2
2038 0
2039 1
2040 0
2041 2
2042 3
2043 2
2044 3
2045 1
2046 0
2047 3
2048 2
2049 3
2051 1
2052 2
2053 0
2054 3
2055 2
2057 1
2058 0
2059 3
2060 2
2062 3
2063 2
2065 1
2066 0
2067 3
2068 2
2072 3
2073 2
2074 0
2075 1
2076 2
2077 3
2078 1
2079 0
2080 2
2081 3
2082 0
2083 1
2084 2
2085 3
2086 2
2087 3
2088 1
2089 0
2090 2
2091 3
2094 1
2095 0
2096 2
2097 3
2101 0
2102 1
2103 2
2104 3
2105 2
2106 0
2107 1
2108 3
2109 2
2110 0
2111 3
2112 2
2113 1
2114 0
2117 3
2118 2
2119 1
2120 0
2123 3
2124 2
2125 1
2126 0
2128 3
2129 2
2130 1
2131 0
2132 2
2133 3
2134 0
2135 1
2136 2
2137 3
2138 2
2139 3
2140 0
2141 1
2142 2
2143 3
2145 2
2146 3
2148 1
2149 0
2150 2
2151 3
2153 2
2155 3
2156 0
2157 1
2158 2
2159 3
2161 2
2164 0
2165 3
2166 1
2167 2
2168 0
2169 3
2170 2
2171 1
2172 0
2173 3
2174 2
2175 1
2176 0
2177 3
2178 2
2180 3
2181 2
2182 1
2183 0
2184 3
2185 2
2186 1
2187 0
2188 3
2189 2
2193 3
2194 1
2195 0
2196 2
2198 2
2200 3
2201 2
2202 1
2203 0
2204 3
2205 2
2208 3
2209 2
2210 0
2211 1
2214 3
2215 2
2216 0
2217 1
2220 2
2221 3
2222 1
2223 0
2224 2
2225 3
2226 2
2228 0
2229 1
2230 3
2231 2
2232 3
2234 2
2235 0
2236 1
2238 3
2239 2
2240 3
2242 1
2243 0
2244 2
2245 3
2247 2
2248 0
2249 1
2250 3
2251 2
2253 3
2255 2
2256 0
2257 1
2258 3
2259 2
2260 0
2261 1
2262 0
2263 3
2264 2
2266 3
2267 2
2268 1
2269 0
2270 3
2271 2
2272 1
2273 0
2274 3
2275 2
2277 3
2278 1
2279 2
2280 0
2281 3
2282 2
2284 1
2285 0
2286 3
2287 2
2291 1
2292 0
2293 3
2294 2
2299 3
2300 2
2301 1
2302 0
2303 3
2304 2
2306 0
2307 1
2308 0
2309 3
2310 2
2312 1
2313 0
2315 3
2316 2
2318 1
2319 0
2320 3
2321 2
2324 2
2325 3
2326 1
2327 0
2328 3
2329 2
2330 0
2331 1
2332 2
2333 3
2335 2
2336 3
2337 0
2338 1
2339 2
2340 3
2341 0
2342 3
2343 2
2344 1
2345 0
2347 3
2348 2
2351 1
2352 0
2353 2
2354 3
2356 2
2357 3
2358 1
2359 0
2361 3
2362 2
2363 1
2364 0
2365 3
2366 2
2368 1
2369 0
2370 3
2371 2
2372 3
2373 2
2374 1
2375 0
2377 3
2378 2
2380 3
2381 2
2382 1
2383 0
2385 3
2386 2
2387 0
2388 1
2389 0
2393 3
2394 2
2395 1
2396 0
2398 2
2399 3
2400 1
2401 0
2402 2
2403 3
2404 2
2405 1
2406 0
2408 3
2409 2
2411 0
2412 1
2413 0
2415 3
2416 2
2417 1
2418 0
2419 3
2420 2
2423 1
2424 0
2425 3
2426 2
2427 3
2428 2
2430 1
2431 0
2432 3
2433 2
2434 2
2435 3
2436 2
2438 1
2439 0
2440 3
2441 2
2442 3
2444 2
2446 0
2447 1
2448 3
2449 2
2451 3
2452 2
2453 1
2454 0
2456 3
2457 2
2458 1
2459 0
2460 3
2461 2
2463 0
2464 3
2465 2
2466 1
2467 0
2468 2
2469 3
2471 1
2472 0
2473 3
2474 2
2475 2
2476 3
2477 1
2478 0
2480 2
2481 3
2483 2
2484 3
2485 1
2486 0
2489 2
2491 0
2492 3
2493 1
2494 2
2495 0
2497 3
2498 2
2499 1
2500 0
2502 3
2503 2
2504 1
2505 0
2507 3
2508 2
2510 1
2511 0
2514 2
2516 3
2517 2
2519 1
2520 0
2521 3
2522 2
2525 3
2526 2
2527 1
2528 0
2529 3
2530 2
2531 3
2532 0
2533 1
2536 2
2537 3
2538 0
2539 2
2540 3
2541 1
2542 0
2543 2
2544 3
2546 1
2547 2
2548 0
2549 3
2550 2
2552 1
2553 0
2554 3
2556 2
2558 3
2559 1
2560 0
2561 2
2562 3
2563 1
2564 0
2565 2
2566 3
2567 2
2569 1
2570 0
2571 3
2572 2
2575 3
2576 2
2577 0
2578 3
2579 1
2580 0
2581 2
2582 3
2584 1
2585 0
2586 2
2587 3
2588 2
2591 1
2592 0
2594 3
2595 2
2598 2
2599 1
2600 0
2601 3
2602 2
2603 3
2604 1
2605 0
2606 2
2609 3
2610 2
2611 1
2612 0
2615 3
2616 2
2618 1
2619 0
2620 2
2621 3
2622 2
2624 0
2625 3
2626 1
2627 2
2628 0
2629 3
2630 2
2632 3
2633 2
2634 1
2635 0
2637 3
2638 2
2640 3
2641 1
2642 0
2643 2
2644 3
2645 0
2646 1
2647 2
2648 3
2649 0
2650 2
2651 1
2652 0
2654 3
2655 2
2657 1
2658 3
2659 0
2660 2
2661 3
2663 2
2664 1
2665 0
2666 3
2667 2
2668 3
2670 2
2671 1
2672 0
2673 3
2674 2
2676 3
2677 2
2678 1
2679 0
2680 3
2681 2
2686 0
2687 1
2688 3
2689 2
2692 1
2693 0
2694 3
2695 2
2698 3
2699 2
2700 1
2701 0
2702 3
2703 2
2704 0
2705 1
2706 0
2708 3
2709 2
2710 1
2711 0
2715 3
2716 2
2717 1
2718 0
2720 3
2721 2
2724 3
2725 2
2726 1
2727 0
2728 2
2729 3
2731 2
2732 3
2733 0
2734 1
2735 2
2736 3
2737 0
2738 2
2739 1
2740 3
2741 0
2742 2
2744 3
2745 1
2746 0
2747 2
2748 3
2750 1
2751 0
2752 2
2753 3
2756 2
2758 3
2759 0
2760 2
2761 1
2762 0
2763 3
2764 2
2765 1
2766 0
2767 3
2768 2
2769 3
2770 2
2773 1
2774 0
2775 3
2776 2
2777 3
2778 2
2781 1
2782 0
2783 3
2784 2
2786 0
2787 1
2790 3
2791 2
2792 0
2793 1
2794 0
2795 3
2796 2
2799 2
2800 1
2801 3
2802 0
2803 2
2804 3
2805 2
2806 1
2807 0
2812 1
2813 0
2814 3
2815 2
2818 3
2819 2
2820 0
2821 1
2822 3
2823 2
2825 0
2826 1
2827 3
2828 2
2829 0
2830 3
2831 2
2834 1
2835 0
2836 3
2837 2
2838 3
2839 2
2841 3
2842 0
2843 1
2844 2
2846 3
2847 2
2848 0
2849 1
2850 0
2851 3
2852 2
2853 1
2854 0
2855 3
2856 2
2859 3
2860 2
2861 0
2862 1
2863 3
2864 2
2866 0
2867 3
2868 2
2869 1
2870 0
2871 3
2872 2
2874 3
2875 2
2876 1
2877 0
2878 3
2879 2
2882 0
2883 1
2884 3
2885 2
2888 0
2889 1
2890 3
2891 2
2893 0
2894 1
2895 3
2896 2
2897 0
2899 2
2900 3
2901 1
2902 0
2903 2
2904 3
2906 1
2907 0
2909 2
2911 3
2912 2
2913 1
2914 0
2917 3
2918 2
2919 0
2920 3
2921 1
2922 2
2923 0
2924 3
2925 2
2926 3
2927 2
2928 1
2929 0
2930 3
2931 2
2933 1
2934 0
2935 3
2936 2
2937 0
2938 3
2939 2
2940 1
2941 0
2942 3
2943 2
2944 1
2945 0
2946 3
2947 2
2948 1
2949 0
2950 3
2951 2
2954 3
2955 2
2956 1
2957 0
2958 2
2959 3
2960 2
2961 3
2962 1
2963 0
2964 2
2965 3
2968 0
2969 2
2970 3
2971 1
2972 0
2973 2
2974 3
2975 1
2976 0
2977 2
2978 3
2981 1
2982 0
2983 2
2984 3
2985 2
2987 1
2988 0
2989 3
2990 2
2991 3
2992 1
2993 0
2994 2
2997 3
2998 1
2999 0
3000 2
3004 3
3005 2
3006 1
3007 0
3008 3
3009 2
3012 2
3013 3
3014 1
3015 0
3016 2
3017 3
3019 0
3020 3
3021 2
3022 1
3023 3
3024 2
3026 0
3027 1
3028 3
3029 2
3030 0
3031 3
3032 2
3033 1
3034 0
3035 3
3036 2
3037 1
3038 0
3040 3
3041 2
3043 2
3044 3
3045 1
3046 0
3047 2
3048 3
3049 2
3051 1
3052 0
3053 3
3054 2
3055 3
3058 1
3059 0
3060 2
3061 3
3062 2
3063 3
3065 1
3066 0
3067 2
3068 3
3069 0
3070 1
3071 0
3072 2
3073 3
3074 1
3075 0
3077 2
3078 3
3079 1
3080 0
3081 2
3083 3
3084 2
3085 1
3086 0
3087 3
3088 2
3093 1
3094 0
3095 3
3096 2
3098 1
3099 2
3100 0
3101 3
3102 2
3103 3
3106 1
3107 0
3108 2
3109 3
3110 2
3111 3
3112 1
3113 0
3114 2
3115 3
3116 2
3117 3
3118 0
3119 1
3120 2
3121 3
3122 0
3123 1
3124 0
3125 2
3126 3
3127 2
3128 1
3129 0
3130 3
3131 2
3132 3
3133 1
3134 0
3136 2
3137 3
3140 2
3141 0
3142 3
3143 1
3144 2
3145 0
3146 3
3149 2
3150 3
3151 1
3152 0
3153 2
3154 3
3157 2
3158 3
3159 1
3160 0
3161 2
3162 3
3163 1
3164 0
3165 3
3166 2
3168 0
3170 1
3171 3
3172 2
3173 0
3175 1
3176 0
3177 3
3178 2
3179 2
3180 3
3182 1
3183 0
3186 3
3187 2
3190 1
3191 0
3192 3
3193 2
3195 3
3196 2
3197 0
3198 1
3199 3
3200 2
3202 2
3203 3
3204 0
3205 1
3206 3
3207 2
3209 3
3210 2
3211 1
3212 0
3213 2
3214 3
3215 0
3216 1
3217 2
3218 3
3221 2
3222 3
3223 0
3224 1
3226 2
3227 3
3231 1
3232 0
3233 2
3234 3
3235 2
3236 3
3237 1
3238 0
3239 2
3240 3
3243 0
3244 1
3245 2
3246 3
3247 2
3248 3
3249 0
3250 1
3251 2
3252 3
3253 0
3254 2
3255 3
3257 1
3258 0
3260 2
3261 3
3262 2
3263 1
3264 0
3266 3
3267 2
3268 0
3269 1
3270 0
3271 3
3272 2
3275 1
3276 0
3277 2
3278 3
3282 1
3283 0
3284 3
3285 2
3290 3
3291 2
3292 1
3293 0
3294 2
3295 3
3298 3
3299 2
3300 1
3301 0
3302 3
3303 2
3305 3
3306 2
3307 0
3308 1
3309 3
3310 2
3311 0
3312 1
3313 3
3314 0
3315 2
3317 3
3318 2
3319 1
3320 0
3321 3
3322 2
3325 1
3326 0
3327 3
3328 2
3331 3
3332 2
3333 1
3334 0
3335 3
3336 2
3338 3
3339 2
3340 0
3341 1
3342 3
3343 2
3344 3
3345 2
3346 0
3348 1
3349 0
3350 3
3351 2
3352 3
3353 2
3355 1
3356 0
3359 3
3360 0
3361 2
3362 1
3363 0
3365 3
3366 2
3367 1
3368 0
3369 3
3370 2
3371 1
3372 0
3373 3
3374 2
3378 1
3379 0
3380 3
3381 2
3383 3
3384 2
3385 1
3386 0
3387 3
3388 2
3390 3
3391 2
3392 1
3393 0
3394 3
3395 2
3397 3
3398 2
3399 1
3400 0
3401 3
3402 2
3405 3
3406 1
3407 0
3408 2
3411 3
3412 0
3413 1
3414 2
3415 3
3416 0
3417 2
3418 1
3419 3
3420 0
3421 2
3422 3
3423 1
3424 2
3425 0
3426 3
3427 2
3429 3
3430 2
3431 1
3432 0
3433 3
3435 2
3436 3
3437 0
3438 1
3439 2
3440 3
3441 0
3443 2
3444 3
3446 1
3447 0
3449 2
3450 3
3451 2
3452 1
3453 0
3454 3
3455 2
3457 1
3458 0
3459 3
3460 2
3462 0
3463 3
3464 1
3465 2
3466 0
3469 1
3470 0
3471 3
3472 2
3474 3
3475 2
3476 0
3477 1
3479 3
3480 2
3483 3
3484 2
3485 1
3486 0
3487 3
3488 2
3490 3
3491 2
3492 0
3493 1
3494 0
3495 3
3496 2
3499 3
3500 2
3501 1
3502 0
3503 3
3504 2
3505 1
3506 0
3507 3
3508 2
3510 1
3511 0
3512 2
3513 3
3514 2
3515 3
3516 0
3517 1
3518 2
3519 3
3520 0
3521 2
3522 3
3523 1
3524 0
3526 2
3527 3
3529 3
3530 2
3531 1
3532 0
3533 3
3534 2
3538 3
3539 2
3540 1
3541 0
3544 1
3545 0
3546 3
3547 2
3550 3
3551 2
3552 1
3553 0
3554 2
3555 3
3556 0
3557 1
3558 2
3559 3
3561 1
3562 0
3563 2
3566 3
3567 2
3569 1
3570 0
3571 3
3572 2
3575 3
3576 2
3577 1
3578 0
3579 2
3580 3
3582 2
3583 3
3584 1
3585 0
3586 2
3587 3
3589 3
3590 2
3593 1
3594 0
3595 3
3596 2
3597 3
3598 0
3599 1
3600 2
3601 3
3602 0
3603 2
3604 1
3605 0
3606 3
3607 2
3609 3
3610 1
3611 0
3612 2
3613 3
3615 2
3616 1
3617 0
3618 3
3619 2
3620 3
3622 2
3623 0
3624 3
3625 1
3627 2
3628 3
3629 0
3632 2
3633 1
3634 0
3635 3
3636 2
3639 3
3640 2
3641 1
3642 0
3643 3
3644 2
3647 3
3648 2
3649 1
3650 0
3653 3
3654 2
3655 1
3656 0
3659 3
3660 2
3661 1
3662 0
3663 2
3664 3
3667 2
3668 0
3669 3
3670 1
3671 0
3672 2
3673 3
3674 1
3675 2
3676 3
3677 0
3678 2
3679 3
3681 1
3682 0
3683 2
3684 3
3687 2
3688 3
3689 1
3690 0
3691 2
3692 3
3695 2
3696 3
3697 0
3698 1
3699 2
3700 3
3702 2
3703 1
3704 3
3705 0
3707 2
3708 3
3709 1
3710 0
3711 2
3712 3
3714 2
3715 3
3716 1
3717 0
3719 2
3720 3
3723 2
3724 3
3725 1
3726 0
3728 2
3729 3
3732 1
3733 0
3734 2
3735 3
3738 0
3739 2
3740 3
3741 1
3742 0
3743 2
3744 3
3745 2
3749 1
3750 0
3751 3
3752 2
3756 1
3757 0
3758 3
3759 2
3761 3
3762 2
3763 1
3764 0
3765 3
3766 2
3767 0
3768 1
3769 2
3770 3
3772 2
3773 3
3774 0
3775 1
3776 0
3777 2
3778 3
3780 2
3781 3
3782 1
3783 0
3784 2
3786 3
3788 2
3789 3
3791 1
3792 0
3793 2
3794 3
3795 2
3798 3
3799 0
3800 2
3801 1
3802 3
3803 0
3805 2
3806 3
3807 1
3808 0
3809 2
3810 3
3812 0
3813 1
3814 2
3815 3
3818 2
3819 3
3820 0
3821 1
3822 3
3823 0
3824 2
3827 1
3828 0
3829 3
3830 2
3832 3
3833 2
3836 3
3837 2
3838 1
3839 0
3841 3
3842 2
3845 1
3846 0
3847 3
3848 2
3852 1
3853 0
3854 3
3855 2
3856 2
3857 0
3858 3
3859 2
3860 1
3861 0
3862 3
3863 2
3866 3
3867 1
3868 0
3869 2
3870 3
3871 1
3872 0
3873 2
3874 3
3875 2
3876 3
3878 2
3879 1
3880 0
3881 3
3882 2
3885 3
3887 2
3888 0
3889 3
3890 1
3891 0
3892 2
3893 3
3895 2
3896 1
3897 0
3898 3
3899 2
3900 3
3903 1
3904 0
3905 2
3906 3
3908 2
3909 3
3911 3
3912 1
3913 0
3914 2
3915 3
3916 2
3917 0
3918 1
3919 0
3921 3
3922 2
3924 1
3925 0
3927 3
3928 2
3930 1
3931 0
3932 3
3933 2
3936 3
3937 2
3938 0
3939 1
3940 0
3942 2
3943 3
3947 1
3948 0
3949 2
3950 3
3951 2
3952 3
3953 2
3955 3
3956 0
3957 1
3958 2
3959 3
3960 2
3962 3
3963 2
3964 1
3965 0
3967 3
3968 2
3970 1
3971 0
3972 3
3973 2
3975 0
3976 3
3977 1
3978 2
3979 0
3980 3
3981 2
3982 1
3983 0
3984 3
3985 2
3988 3
3989 1
3990 0
3991 2
3992 3
3995 2
3996 0
3997 3
3998 1
3999 0
4000 2
4001 3
4002 2
4003 3
4004 1
4005 0
4007 2
4008 3
4010 2
4012 3
4013 1
4014 0
4015 2
4018 3
4019 1
4020 2
4021 0
4023 3
4024 2
4025 1
4026 0
4027 3
4028 2
4029 0
4030 1
4031 0
4032 3
4033 2
4036 1
4037 0
4039 3
4040 2
4044 3
4045 2
4046 1
4047 0
4048 2
4049 3
4050 2
4052 3
4053 1
4054 0
4055 2
4056 3
4059 0
4060 1
4061 2
4062 3
4063 0
4066 2
4067 3
4068 1
4069 0
4070 3
4071 2
4072 1
4073 0
4074 3
4075 2
4076 3
4078 2
4079 1
4080 0
4081 3
4082 2
4084 3
4085 0
4086 1
4087 2
4088 0
4089 3
4090 2
4092 3
4093 2
4094 1
4095 0
4096 3
4097 2
4099 3
4100 2
4101 1
4102 0
4103 3
4104 2
4109 1
4110 0
4111 3
4112 2
4115 0
4116 1
4117 3
4118 2
4119 0
4121 3
4122 2
4123 1
4124 0
4125 3
4126 2
4129 1
4130 0
4131 2
4132 3
4134 2
4135 1
4136 0
4137 3
4138 2
4141 3
4142 2
4143 1
4144 0
4146 3
4147 2
4150 3
4151 1
4152 0
4153 2
4154 3
4155 2
4157 3
4158 1
4159 0
4160 2
4161 3
4163 2
4164 1
4165 0
4167 3
4168 2
4169 0
4171 1
4172 3
4173 2
4174 0
4175 3
4176 2
4177 1
4178 0
4179 3
4180 2
4183 1
4184 0
4185 3
4186 2
4187 2
4188 3
4190 0
4191 3
4192 2
4193 1
4194 0
4195 3
4196 2
4197 3
4198 2
4201 3
4202 1
4203 0
4204 2
4208 1
4209 0
4210 3
4211 2
4214 3
4215 2
4216 0
4217 1
4219 3
4220 2
4223 0
4224 1
4225 3
4226 2
4227 0
4229 1
4230 0
4231 3
4232 2
4233 1
4234 0
4235 3
4236 2
4240 3
4241 1
4242 2
4243 0
4244 3
4245 2
4247 2
4248 3
4249 1
4250 0
4251 0
4252 2
4253 3
4254 1
4255 2
4256 3
4257 0
4259 3
4260 2
4262 1
4263 0
4264 3
4265 2
4267 3
4268 2
4269 1
4270 0
4271 3
4272 2
4276 1
4277 3
4278 0
4279 2
4280 3
4281 2
4282 0
4283 1
4284 3
4285 2
4286 0
4287 2
4288 3
4289 1
4290 0
4291 2
4292 3
4294 1
4295 2
4296 3
4297 0
4298 2
4299 3
4302 1
4303 0
4304 2
4305 3
4307 2
4309 1
4310 0
4311 3
4312 2
4314 3
4315 1
4316 0
4317 2
4318 3
4320 2
4321 1
4322 0
4327 0
4328 1
4329 3
4330 2
4332 0
4333 1
4334 3
4335 2
4336 0
4338 3
4339 2
