2519580.66486 0
2519580.9164 1
2519581.16829 2
2519581.41971 3
2519581.67157 0
2519581.92303 1
2519582.17489 2
2519582.42635 3
2519582.67818 0
2519582.92966 1
2519583.18152 2
2519583.43298 3
2519583.68485 0
2519583.93631 1
2519584.18814 2
2519584.43961 3
2519584.6915 0
2519584.94292 1
2519585.1948 2
2519585.44624 3
2519585.6981 0
2519585.94957 1
2519586.20141 2
2519586.45287 3
2519586.70474 0
2519586.95619 1
2519587.20808 2
2519587.4595 3
2519587.71134 0
2519587.96282 1
2519588.21465 2
2519588.46613 3
2519588.71797 0
2519588.96945 1
2519589.22129 2
2519589.47276 3
2519589.72461 0
2519589.97608 1
2519590.22792 2
2519590.47941 3
2519590.73125 0
2519590.98271 1
2519591.23458 2
2519591.48603 3
2519591.73788 0
2519591.98934 1
2519592.2412 2
2519592.49267 3
2519592.74452 0
2519592.99597 1
2519593.40768 2
2519593.55406 3
2519593.75108 0
2519594.0026 1
2519594.25441 2
2519594.50593 3
2519594.75771 0
2519595.00923 1
2519595.26103 2
2519595.51256 3
2519595.76436 0
2519596.01586 1
2519596.26766 2
2519596.51918 3
2519596.77099 0
2519597.02249 1
2519597.27429 2
2519597.52581 3
2519597.77762 0
2519598.02912 1
2519598.28093 3
2519598.53244 2
2519598.78423 0
2519599.03576 1
2519599.28756 3
2519599.53907 2
2519599.79089 0
2519600.04239 1
2519600.29419 3
2519600.54571 2
2519600.79751 0
2519601.04904 1
2519601.30082 3
2519601.55233 2
2519601.80415 0
2519602.05565 1
2519602.30747 3
2519602.55897 2
2519602.81077 0
2519603.06231 1
2519603.31416 3
2519603.5656 2
2519603.81745 0
2519604.06892 1
2519604.32081 3
2519604.57223 2
2519604.82408 0
2519605.07555 1
2519605.32738 3
2519605.57887 2
2519605.83074 0
2519606.08218 1
2519606.33403 3
2519606.5855 2
2519606.83734 0
2519607.08881 1
2519607.34068 3
2519607.59213 2
2519607.844 0
2519608.09544 1
2519608.34732 3
2519608.59876 2
2519608.85059 0
2519609.10207 1
2519609.35394 3
2519609.60541 2
2519609.85725 0
2519610.10871 1
2519610.36057 3
2519610.61202 2
2519610.8639 0
2519611.11534 1
2519611.3672 3
2519611.61867 2
2519611.87052 0
2519612.12199 1
2519612.37384 3
2519612.62529 2
2519612.87711 0
2519613.12861 1
2519613.38043 3
2519613.63192 2
2519613.88375 0
2519614.13525 1
2519614.38707 3
2519614.63855 2
2519614.89041 0
2519615.14186 1
2519615.39371 3
2519615.64518 2
2519615.89704 0
2519616.1485 1
2519616.40033 3
2519616.65181 2
2519616.90368 0
2519617.15513 1
2519617.40699 3
2519617.65845 0
2519617.9103 2
2519618.16176 1
2519618.41362 3
2519618.66508 0
2519618.91692 2
2519619.16839 1
2519619.42024 3
2519619.6717 0
2519619.92355 2
2519620.17502 1
2519620.42688 3
2519620.67834 0
2519620.93019 2
2519621.18165 1
2519621.4335 3
2519621.68497 0
2519621.93683 2
2519622.18828 1
2519622.44013 3
2519622.69161 0
2519622.94346 2
2519623.19492 1
2519623.44671 3
2519623.69822 0
2519623.95006 2
2519624.20154 1
2519624.45335 3
2519624.70486 0
2519624.95666 2
2519625.20818 1
2519625.45997 3
2519625.71149 0
2519625.96329 2
2519626.2148 1
2519626.46663 3
2519626.71812 0
2519626.96994 2
2519627.22144 1
2519627.47324 3
2519627.72475 0
2519627.97655 2
2519628.22806 1
2519628.47986 3
2519628.73138 0
2519628.98319 2
2519629.2347 1
2519629.4865 3
2519629.73801 0
2519629.9898 2
2519630.24134 1
2519630.49322 3
2519630.74465 0
2519630.9965 2
2519631.24796 1
2519631.49982 3
2519631.75129 0
2519632.00317 2
2519632.25459 1
2519632.50646 3
2519632.75791 0
2519633.0098 2
2519633.26122 1
2519633.51302 3
2519633.76456 0
2519634.01633 2
2519634.26787 1
2519634.51971 3
2519634.77117 0
2519635.02298 2
2519635.27448 1
2519635.52629 3
2519635.7778 0
2519636.02959 2
2519636.28114 1
2519636.5329 3
2519636.78444 0
2519637.0363 2
2519637.28775 1
2519637.53956 3
2519637.79106 0
2519638.04285 2
2519638.29438 1
2519638.54617 3
2519638.7977 0
2519639.04949 2
2519639.30101 1
2519639.5528 3
2519639.80432 0
2519640.05612 2
2519640.30764 1
2519640.55943 3
2519640.81096 0
2519641.06275 2
2519641.31427 1
2519641.56609 3
2519641.81759 0
2519642.06938 2
2519642.3209 1
2519642.57269 3
2519642.82424 0
2519643.07602 2
2519643.32754 1
2519643.57945 3
2519643.83085 0
2519644.08274 2
2519644.33417 1
2519644.58604 3
2519644.8375 0
2519645.08934 2
2519645.3408 1
2519645.59265 3
2519645.84412 0
2519646.09601 2
2519646.34743 1
2519646.59929 3
2519646.85075 0
2519647.10262 2
2519647.35408 1
2519647.60586 3
2519647.85738 0
2519648.10925 2
2519648.3607 1
2519648.61257 3
2519648.86401 0
2519649.11589 2
2519649.36733 1
2519649.61918 3
2519649.87064 0
2519650.12251 2
2519650.37396 1
2519650.62582 3
2519650.87727 0
2519651.12914 2
2519651.38061 1
2519651.63246 3
2519651.8839 0
2519652.13577 2
2519652.38722 1
2519652.63913 3
2519652.89054 0
2519653.14233 2
2519653.39385 1
2519653.64565 3
2519653.89718 0
2519654.14896 2
2519654.40048 1
2519654.65229 3
2519654.9038 0
2519655.15561 2
2519655.40711 1
2519655.65891 3
2519655.91044 0
2519656.16223 2
2519656.41375 1
2519656.66554 3
2519656.91706 0
2519657.16887 2
2519657.42038 1
2519657.67217 3
2519657.92369 0
2519658.17549 2
2519658.427 1
2519658.6788 3
2519658.93032 0
2519659.18212 2
2519659.43364 1
2519659.68544 3
2519659.93695 0
2519660.18876 2
2519660.44027 1
2519660.69206 3
2519660.94358 0
2519661.19539 2
2519661.4469 1
2519661.69869 3
2519661.95022 0
2519662.20201 2
2519662.45353 1
2519662.70532 3
2519662.95684 0
2519663.20866 2
2519663.46017 1
2519663.71199 3
2519663.96349 0
2519664.2153 2
2519664.4668 1
2519664.71865 3
2519664.97011 0
2519665.22197 2
2519665.47344 1
2519665.72526 3
2519665.97674 0
2519666.22859 2
2519666.48006 1
2519666.73191 3
2519666.98338 0
2519667.23523 2
2519667.48669 1
2519667.73855 3
2519667.99001 0
2519668.24185 2
2519668.49333 1
2519668.74518 3
2519668.99664 0
2519669.24849 2
2519669.49996 1
2519669.7518 3
2519670.00328 0
2519670.25513 2
2519670.5066 1
2519670.75845 3
2519671.0099 0
2519671.26178 2
2519671.51322 1
2519671.76508 3
2519672.01653 0
2519672.26836 2
2519672.51985 1
2519672.7717 3
2519673.02316 0
2519673.27495 2
2519673.52648 1
2519673.77827 3
2519674.02979 0
2519674.28158 2
2519674.5331 1
2519674.78489 3
2519675.03642 0
2519675.28822 2
2519675.53974 1
2519675.79152 3
2519676.04305 0
2519676.29485 2
2519676.54637 1
2519676.79816 3
2519677.04968 0
2519677.30148 2
2519677.553 1
2519677.80479 3
2519678.05632 0
2519678.30819 2
2519678.55964 1
2519678.81149 3
2519679.06296 0
2519679.31479 2
2519679.56627 1
2519679.8181 3
2519680.06959 0
2519680.3214 2
2519680.57291 1
2519680.82476 3
2519681.07622 0
2519681.32804 2
2519681.57953 1
2519681.83136 3
2519682.08287 0
2519682.3347 2
2519682.58616 1
2519682.83801 3
2519683.08948 0
2519683.3413 2
2519683.59279 1
2519683.84459 3
2519684.09613 0
2519684.3479 2
2519684.59944 1
2519684.85122 3
2519685.10274 0
2519685.35457 2
2519685.60605 1
2519685.85786 3
2519686.10937 0
2519686.36117 2
2519686.61271 1
2519686.86448 3
2519687.116 0
2519687.36781 2
2519687.61931 1
2519687.87114 3
2519688.12263 0
2519688.37443 2
2519688.62594 1
2519688.87775 3
2519689.12926 0
2519689.38106 2
2519689.63258 1
2519689.88438 3
2519690.13589 0
2519690.38769 2
2519690.63923 1
2519690.89101 3
2519691.14252 0
2519691.39432 2
2519691.64584 1
2519691.89767 3
2519692.14915 0
2519692.40096 2
2519692.65247 1
2519692.90428 3
2519693.15581 0
2519693.40765 2
2519693.65912 1
2519693.91094 3
2519694.16243 0
2519694.41426 2
2519694.66574 1
2519694.91758 3
2519695.16908 0
2519695.42091 2
2519695.67237 1
2519695.92422 3
2519696.17568 0
2519696.42754 2
2519696.679 1
2519696.93084 3
2519697.18231 0
2519697.43418 2
2519697.68565 1
2519697.9375 3
2519698.18895 0
2519698.44074 2
2519698.69225 1
2519698.94405 3
2519699.19557 0
2519699.44736 2
2519699.69889 1
2519699.95068 3
2519700.2022 0
2519700.45401 2
2519700.70552 1
2519700.95731 3
2519701.20884 0
2519701.46063 2
2519701.71217 1
2519701.96394 3
2519702.21547 0
2519702.46726 2
2519702.71878 1
2519702.9706 3
2519703.2221 0
2519703.47398 2
2519703.72541 1
2519703.97729 3
2519704.22875 0
2519704.48059 2
2519704.73204 1
2519704.98391 3
2519705.23536 0
2519705.48723 2
2519705.73868 1
2519705.99054 3
2519706.24202 0
2519706.49384 2
2519706.74531 1
2519706.99718 3
2519707.24863 0
2519707.50052 2
2519707.75194 1
2519708.00377 3
2519708.25526 0
2519708.50711 2
2519708.75859 1
2519709.01041 3
2519709.26188 0
2519709.51371 2
2519709.7652 1
2519710.01705 3
2519710.26852 0
2519710.52038 2
2519710.77183 1
2519711.02367 3
2519711.27515 0
2519711.527 1
2519711.77846 2
2519712.03032 3
2519712.28178 0
2519712.53363 2
2519712.7851 1
2519713.03695 3
2519713.28841 2
2519713.5402 0
2519713.79172 1
2519714.04353 3
2519714.29504 0
2519714.54683 2
2519714.79836 1
2519715.05015 2
2519715.30168 0
2519715.55348 3
2519715.80499 1
2519716.0568 2
2519716.3083 3
2519716.56009 0
2519716.81162 1
2519717.06341 3
2519717.31494 0
2519717.56673 2
2519717.81825 1
2519718.07004 3
2519718.32156 0
2519718.57338 2
2519718.82488 1
2519719.07667 3
2519719.32819 0
2519719.57998 2
2519719.83152 1
2519720.0833 3
2519720.33482 0
2519720.58662 2
2519720.83814 1
2519721.08994 3
2519721.34145 2
2519721.59325 0
2519721.84477 1
2519722.09657 3
2519722.34809 0
2519722.5999 2
2519722.8514 1
2519723.1032 0
2519723.35473 3
2519723.60659 2
2519723.85805 1
2519724.10991 3
2519724.36135 0
2519724.61321 2
2519724.86467 1
2519725.11651 3
2519725.36798 0
2519725.61985 2
2519725.87131 1
2519726.12317 3
2519726.37463 0
2519726.62648 1
2519726.87793 2
2519727.12978 3
2519727.38125 0
2519727.63308 1
2519727.88456 2
2519728.13642 3
2519728.38789 1
2519728.63975 0
2519728.8912 2
2519729.14308 3
2519729.39451 1
2519729.64638 0
2519729.89783 2
2519730.14967 3
2519730.40114 1
2519730.653 0
2519730.90446 2
2519731.15631 3
2519731.40778 1
2519731.65963 2
2519731.91109 0
2519732.16294 3
2519732.41441 1
2519732.66626 2
2519732.91772 0
2519733.16956 1
2519733.42103 3
2519733.67283 2
2519733.92435 0
2519734.17615 1
2519734.42766 3
2519734.67945 2
2519734.931 0
2519735.18278 1
2519735.43429 3
2519735.68609 2
2519735.93761 0
2519736.18943 1
2519736.44092 3
2519736.69272 2
2519736.94426 0
2519737.19604 1
2519737.44759 3
2519737.69936 2
2519737.95087 1
2519738.2027 0
2519738.45419 3
2519738.70598 2
2519738.9575 1
2519739.2093 0
2519739.46084 3
2519739.71262 2
2519739.96414 1
2519740.21593 0
2519740.46746 3
2519740.71925 2
2519740.97076 1
2519741.22255 3
2519741.47408 0
2519741.72587 1
2519741.9774 2
2519742.22919 3
2519742.48071 0
2519742.73251 1
2519742.98403 2
2519743.23588 3
2519743.48737 0
2519743.73918 1
2519743.99066 2
2519744.24251 3
2519744.49397 0
2519744.74585 1
2519744.9973 2
2519745.24913 1
2519745.50063 2
2519745.75245 0
2519746.00395 3
2519746.25576 2
2519746.50724 1
2519746.75909 0
2519747.01056 3
2519747.2624 1
2519747.51388 2
2519747.76571 0
2519748.01721 3
2519748.26902 1
2519748.5205 2
2519748.77234 0
2519749.02382 3
2519749.27566 2
2519749.52714 1
2519749.77903 0
2519750.03045 3
2519750.28229 0
2519750.53377 1
2519750.78561 2
2519751.03708 3
2519751.28894 0
2519751.54039 1
2519751.79226 2
2519752.04373 3
2519752.29559 0
2519752.54703 1
2519752.79888 3
2519753.05034 2
2519753.30216 0
2519753.55365 1
2519753.80546 3
2519754.05697 0
2519754.30877 2
2519754.56029 1
2519754.81208 3
2519755.0636 0
2519755.31543 2
2519755.56691 1
2519755.81873 3
2519756.07023 2
2519756.32203 0
2519756.57356 1
2519756.82534 3
2519757.07687 2
2519757.32866 0
2519757.58018 3
2519757.83199 1
2519758.08349 2
2519758.33529 0
2519758.58681 1
2519758.8386 3
2519759.09013 2
2519759.34191 0
2519759.59344 1
2519759.84523 3
2519760.09676 2
2519760.34856 0
2519760.60007 3
2519760.85186 1
2519761.10339 0
2519761.35518 2
2519761.6067 3
2519761.8585 2
2519762.11002 1
2519762.36182 0
2519762.61333 3
2519762.86513 1
2519763.11666 0
2519763.36852 2
2519763.61997 3
2519763.87182 1
2519764.12329 0
2519764.37513 2
2519764.6266 1
2519764.87843 3
2519765.12992 0
2519765.38177 2
2519765.63325 1
2519765.8851 2
2519766.13655 3
2519766.3884 0
2519766.63986 1
2519766.89169 3
2519767.14318 0
2519767.39504 2
2519767.64651 1
2519767.89829 3
2519768.14981 0
2519768.4016 2
2519768.65312 1
2519768.90495 2
2519769.15644 3
2519769.40824 0
2519769.65975 1
2519769.91155 2
2519770.16307 3
2519770.41487 0
2519770.66638 0
2519770.91819 1
2519771.1697 2
2519771.4215 3
2519771.67301 3
2519771.92482 0
2519772.17633 2
2519772.42814 1
2519772.67965 0
2519772.93148 2
2519773.18297 3
2519773.43481 1
2519773.68628 0
2519773.93813 3
2519774.18962 2
2519774.44144 1
2519774.69291 0
2519774.94542 2
2519775.19623 3
2519775.44808 1
2519775.69954 0
2519775.95138 2
2519776.20289 3
2519776.45469 1
2519776.70618 2
2519776.95803 0
2519777.20949 3
2519777.46136 1
2519777.71281 2
2519777.96466 0
2519778.21613 3
2519778.46795 1
2519778.71945 2
2519778.97128 0
2519779.22276 3
2519779.47458 1
2519779.72606 2
2519779.97791 1
2519780.22939 0
2519780.48124 3
2519780.7327 2
2519780.98454 3
2519781.23602 0
2519781.4879 1
2519781.73933 2
2519781.99117 0
2519782.24265 1
2519782.4945 3
2519782.74598 2
2519782.99781 1
2519783.24928 3
2519783.50107 0
2519783.75259 2
2519784.00442 3
2519784.2559 0
2519784.5077 1
2519784.75924 2
2519785.01102 3
2519785.26255 0
2519785.51432 1
2519785.76585 2
2519786.26916 1
2519786.52098 3
2519786.77248 0
2519787.02431 2
2519787.27582 1
2519787.5276 0
2519787.77911 3
2519788.03092 2
2519788.28243 1
2519788.53424 3
2519788.78574 0
2519789.03754 2
2519789.28906 1
2519789.54085 3
2519790.04419 0
2519790.29569 2
2519790.54749 1
2519790.799 3
2519791.0508 2
2519791.30235 0
2519791.55412 1
2519791.80564 3
2519792.05746 2
2519792.30895 0
2519792.81227 1
2519793.06407 2
2519793.31559 3
2519793.56745 0
2519793.81892 1
2519794.07077 2
2519794.32222 3
2519794.57408 0
2519795.0774 1
2519795.32885 3
2519795.58069 2
2519795.83219 0
2519796.08402 1
2519796.33548 3
2519796.8388 2
2519797.09062 3
2519797.34211 0
2519797.59396 1
2519797.84543 2
2519798.09729 3
2519798.34875 0
2519798.60059 1
2519799.10391 2
2519799.35538 0
2519799.60721 3
2519799.85869 1
2519800.11055 0
2519800.36201 2
2519800.61386 3
2519800.86532 1
2519801.36864 2
2519801.62048 3
2519801.87195 0
2519802.12379 1
2519802.62711 2
2519802.87859 0
2519803.13043 3
2519803.3819 1
2519803.63373 2
2519803.88521 0
2519804.13702 3
2519804.64033 1
2519804.89185 0
2519805.14365 2
2519805.39516 3
2519805.64699 1
2519805.89847 2
2519806.1503 0
2519806.40179 3
2519806.65359 2
2519806.90512 1
2519807.15691 0
2519807.40842 3
2519807.66023 1
2519807.91174 2
2519808.16357 0
2519808.41505 3
2519808.66685 1
2519808.91836 2
2519809.17017 0
2519809.67349 1
2519809.925 3
2519810.1768 0
2519810.42832 2
2519810.68012 1
2519810.93163 0
2519811.18344 3
2519811.43494 2
2519811.68675 1
2519811.93826 3
2519812.19008 0
2519812.44157 2
2519812.69338 1
2519812.94489 0
2519813.19669 3
2519813.70007 2
2519813.95152 1
2519814.20339 3
2519814.45484 0
2519814.70667 2
2519815.21 1
2519815.46148 3
2519815.71332 0
2519815.9648 2
2519816.4681 1
2519816.71994 3
2519816.97142 0
2519817.22325 2
2519817.47475 3
2519817.72657 0
2519817.97805 1
2519818.2299 2
2519818.48137 3
2519818.73321 0
2519818.98469 1
2519819.23652 2
2519819.488 0
2519819.73985 3
2519819.99131 1
2519820.99795 0
2519821.24981 2
2519821.50126 1
2519821.75312 3
2519822.00458 0
2519822.25643 2
2519822.50789 1
2519822.75972 3
2519823.01121 0
2519823.26302 2
2519823.51452 3
2519823.76632 1
2519824.26963 0
2519824.52115 2
2519824.77294 1
2519825.02446 3
2519825.52778 0
2519825.77958 2
2519826.03109 1
2519826.28289 3
2519826.78621 2
2519827.03774 0
2519827.28952 1
2519827.54103 3
2519827.79283 0
2519828.04435 1
2519828.29616 3
2519828.54767 2
2519828.79947 0
2519829.05099 3
2519829.30278 1
2519829.5543 2
2519830.05761 0
2519830.30941 3
2519830.56093 1
2519830.81274 2
2519831.31605 0
2519831.56756 1
2519831.81936 3
2519832.07089 2
2519832.32269 0
2519832.57419 3
2519832.826 1
2519833.07751 2
2519833.58083 1
2519833.83267 2
2519834.08415 0
2519834.33596 3
2519834.58746 1
2519834.83931 2
2519835.09078 0
2519835.34263 3
2519835.5941 2
2519835.84595 1
2519836.09741 0
2519836.34924 3
2519836.60072 2
2519836.85254 1
2519837.3559 3
2519837.60735 0
2519837.85921 2
2519838.11067 1
2519838.36252 3
2519838.61398 0
2519838.86581 2
2519839.1173 1
2519839.62062 3
2519839.87246 0
2519840.12393 2
2519840.37578 1
2519840.62725 3
2519840.8791 0
2519841.13057 2
2519841.38238 1
2519841.63388 3
2519841.88573 2
2519842.1372 0
2519842.38904 1
2519842.89236 3
2519843.14383 2
2519843.39565 0
2519843.64714 1
2519843.89894 3
2519844.15045 0
2519844.40225 2
2519844.65376 1
2519844.90557 0
2519845.15708 3
2519845.40888 2
2519845.6604 1
2519845.9122 0
2519846.16371 3
2519846.41551 1
2519846.66703 2
2519846.91882 0
2519847.17034 1
2519847.42214 3
2519847.67365 2
2519848.17697 0
2519848.42878 1
2519848.68029 3
2519848.93207 2
2519849.1836 0
2519849.43542 3
2519849.68692 1
2519849.93871 0
2519850.19023 2
2519850.44203 3
2519850.69355 1
2519851.19687 2
2519851.44866 3
2519851.70018 0
2519851.95198 1
2519852.2035 2
2519852.4553 3
2519852.70681 0
2519852.95862 1
2519853.21013 2
2519853.46199 3
2519853.9653 0
2519854.21677 2
2519854.4686 1
2519854.72008 3
2519854.97192 2
2519855.2234 0
2519855.47526 1
2519855.72671 3
2519855.97854 2
2519856.23003 0
2519856.48184 1
2519856.98519 3
2519857.23666 0
2519857.48849 2
2519857.73997 1
2519857.99181 3
2519858.24329 2
2519858.49511 0
2519858.7466 1
2519858.99842 3
2519859.24992 2
2519859.50175 0
2519859.75324 1
2519860.25655 3
2519860.50841 2
2519860.75987 0
2519861.26318 1
2519861.51503 3
2519861.7665 0
2519862.01834 2
2519862.26981 3
2519862.52166 1
2519862.77313 0
2519863.02498 2
2519863.52824 3
2519863.77975 1
2519864.03155 0
2519864.28306 2
2519864.78638 3
2519865.2897 1
2519865.5415 0
2519865.79301 2
2519866.04482 3
2519866.29633 0
2519866.54812 1
2519866.79964 2
2519867.05145 3
2519867.55476 1
2519867.80627 0
2519868.05808 2
2519868.30959 3
2519868.81291 2
2519869.06472 0
2519869.31622 1
2519869.56802 3
2519869.81953 0
2519870.07134 3
2519870.32285 2
2519870.57466 1
2519870.82617 1
2519871.07797 2
2519871.32948 0
2519871.58129 3
2519871.8328 1
2519872.08461 2
2519872.33611 0
2519872.58792 3
2519872.83943 1
2519873.09124 2
2519873.34276 0
2519873.5946 3
2519874.09792 1
2519874.34938 0
2519874.60123 2
2519874.8527 3
2519875.10455 1
2519875.60785 0
2519875.85933 2
2519876.1112 3
2519876.36265 1
2519876.6145 0
2519876.86596 2
2519877.1178 3
2519877.36929 1
2519877.87259 0
2519878.12443 2
2519878.37591 3
2519878.62778 1
2519878.87922 0
2519879.38255 2
2519879.63439 3
2519880.13771 1
2519880.38916 0
2519880.64103 3
2519880.89248 2
2519881.3958 0
2519881.64764 1
2519881.89913 3
2519882.15097 2
2519882.40243 0
2519882.65428 1
2519882.90574 3
2519883.15759 2
2519883.40906 0
2519883.66086 1
2519883.91237 3
2519884.16418 2
2519884.66765 0
2519885.1708 1
2519885.42232 2
2519885.67411 3
2519885.92565 0
2519886.17745 3
2519886.42895 2
2519886.68075 1
2519887.1841 0
2519887.43558 3
2519887.68739 2
2519887.93891 1
2519888.19069 0
2519888.44222 1
2519888.69401 2
2519888.94552 3
2519889.44884 0
2519889.70064 1
2519889.95215 3
2519890.20395 2
2519890.45548 0
2519890.70726 2
2519890.95879 3
2519891.21059 1
2519891.71393 0
2519891.96541 2
2519892.21723 1
2519892.46873 3
2519892.97205 0
2519893.22385 2
2519893.47537 1
2519893.72721 3
2519894.23052 0
2519894.48201 2
2519894.73385 1
2519894.98531 3
2519895.23715 1
2519895.48864 2
2519895.7405 0
2519895.99195 3
2519896.24378 0
2519896.49526 2
2519896.74711 1
2519896.99859 3
2519897.50189 0
2519897.75377 1
2519898.0052 2
2519898.25707 3
2519898.76035 1
2519899.01185 0
2519899.26368 2
2519899.51516 3
2519899.767 1
2519900.01847 2
2519900.27033 3
2519900.52178 0
2519901.27695 2
2519901.52842 1
2519901.78026 0
2519902.03174 3
2519902.53505 2
2519902.78689 1
2519903.03836 3
2519903.29021 0
2519903.54168 2
2519903.79347 1
2519904.04499 0
2519904.29682 3
2519904.80011 0
2519905.05162 2
2519905.30341 3
2519905.55495 1
2519906.31008 2
2519906.56156 1
2519906.8134 3
2519907.06488 0
2519907.56822 2
2519907.81999 3
2519908.07151 1
2519908.32331 0
2519908.82665 3
2519909.07814 1
2519909.32995 2
2519909.58146 0
2519909.83326 3
2519910.08479 2
2519910.33657 1
2519910.58809 0
2519910.83989 3
2519911.0914 2
2519911.3432 1
2519911.59472 0
2519912.09804 2
2519912.34984 3
2519912.60135 1
2519912.85317 0
2519913.10467 3
2519913.35647 2
2519913.60799 1
2519913.85983 0
2519914.11133 3
2519914.36314 2
2519914.86645 1
2519915.11793 0
2519915.62125 2
2519915.87309 3
2519916.12458 1
2519916.37641 0
2519916.87972 2
2519917.1312 3
2519917.38308 1
2519917.63451 0
2519917.88636 2
2519918.13782 1
2519918.38967 3
2519918.64116 0
2519919.14446 2
2519919.39629 1
2519919.64777 3
2519919.89963 0
2519920.15109 2
2519920.40291 1
2519920.65441 3
2519920.90624 0
2519921.40956 2
2519921.66103 1
2519921.91289 3
2519922.16435 0
2519922.4162 2
2519922.91952 1
2519923.17098 3
2519923.42279 0
2519923.67429 2
2519923.92612 0
2519924.1776 1
2519924.42941 3
2519924.68094 2
2519925.18425 1
2519925.43604 3
2519925.68755 2
2519925.93939 0
2519926.19086 1
2519926.44267 3
2519926.69418 0
2519926.94598 2
2519927.19751 1
2519927.44929 0
2519927.70081 3
2519927.9526 2
2519928.45595 1
2519928.70744 3
2519928.95924 0
2519929.21076 2
2519929.46256 1
2519929.71407 0
2519929.96588 3
2519930.21739 2
2519930.7207 1
2519930.97251 0
2519931.22404 3
2519931.47581 2
2519931.97914 1
2519932.23066 0
2519932.48248 3
2519932.73396 2
2519933.48915 0
2519933.74063 1
2519933.99245 3
2519934.24392 2
2519934.49577 0
2519934.74725 1
2519934.99909 3
2519935.25055 2
2519935.50241 1
2519936.00571 0
2519936.25718 3
2519936.50901 2
2519937.01237 1
2519937.26381 2
2519937.51565 0
2519937.76712 3
2519938.52228 1
2519938.77376 2
2519939.02559 0
2519939.27707 3
2519939.5289 1
2519939.78039 2
2519940.0322 0
2519940.2837 3
2519940.53554 1
2519940.78702 2
2519941.03888 0
2519941.29033 3
2519941.79365 1
2519942.0455 2
2519942.29699 0
2519942.5488 3
2519942.80028 1
2519943.05214 2
2519943.30359 0
2519943.55541 3
2519943.8069 1
2519944.05871 2
2519944.31025 0
2519945.06535 3
2519945.31685 1
2519945.56868 2
2519945.82016 0
2519946.07197 3
2519946.32348 1
2519946.57528 2
2519946.8268 0
2519947.07859 3
2519947.33011 1
2519947.58191 2
2519947.83342 0
2519948.33674 3
2519948.58854 0
2519948.84005 1
2519949.09187 2
2519949.59521 3
2519949.84669 0
2519950.0985 1
2519950.35 2
2519950.6018 3
2519950.85335 0
2519951.10514 1
2519951.35663 2
2519951.60844 0
2519951.85996 3
2519952.11178 2
2519952.1184 0
2519952.36326 1
2519952.61507 3
2519952.86661 2
2519953.36992 1
2519953.87322 3
2519954.12506 0
2519954.37653 2
2519954.62837 1
2519955.13168 0
2519955.38319 3
2519955.635 1
2519955.88648 2
2519956.13833 0
2519956.3898 1
2519956.64164 3
2519956.89311 2
2519957.64827 0
2519957.89974 3
2519958.15158 1
2519958.40305 2
2519958.90637 3
2519959.1582 1
2519959.40971 2
2519959.65489 0
2519959.6615 0
2519959.913 1
2519960.16484 3
2519960.41632 2
2519960.91963 3
2519961.17147 1
2519961.42297 2
2519961.67477 0
2519961.92629 2
2519962.1781 1
2519962.42958 3
2519962.68146 0
2519962.9329 2
2519963.18473 1
2519963.43621 3
2519963.68802 0
2519963.93955 2
2519964.44283 3
2519964.69465 1
2519964.94615 0
2519965.19799 2
2519965.95278 0
2519966.20458 1
2519966.4561 3
2519966.7079 2
2519966.95942 0
2519967.21122 1
2519967.46272 3
2519967.71453 2
2519967.96607 0
2519968.21784 1
2519968.46936 3
2519968.72116 2
2519968.97267 0
2519969.2245 1
2519969.72779 3
2519969.9793 2
2519970.2311 0
2519970.48264 1
2519970.73442 3
2519971.23777 2
2519971.48925 0
2519971.74108 1
2519971.99256 3
2519972.24437 2
2519972.49591 0
2519972.74768 1
2519972.9992 3
2519973.251 2
2519973.50252 0
2519973.75438 1
2519974.00583 3
2519974.25768 2
2519974.50915 0
2519974.76098 1
2519975.51578 3
2519975.76762 2
2519976.01909 0
2519976.27092 1
2519976.77424 2
2519977.02573 3
2519977.27757 0
2519977.52904 1
2519978.03235 2
2519978.28418 3
2519978.53567 1
2519978.78749 0
2519979.29082 3
2519979.5423 2
2519979.79413 0
2519980.04562 1
2519980.54893 2
2519980.80078 3
2519981.05227 0
2519981.30409 1
2519981.55559 2
2519982.31073 3
2519982.56219 0
2519982.81404 1
2519983.06551 2
2519983.56885 0
2519983.82062 3
2519984.07214 1
2519984.32394 2
2519984.57545 3
2519984.82725 0
2519985.07876 1
2519985.33058 2
2519985.83388 0
2519986.0854 3
2519986.33721 1
2519986.84052 2
2519987.09203 0
2519987.34383 3
2519987.59535 1
2519988.09866 2
2519988.35046 0
2519988.60197 3
2519988.85378 1
2519989.10529 0
2519989.35709 2
2519989.8604 3
2519990.11195 1
2519990.36372 0
2519990.61523 2
2519990.86707 3
2519991.11855 0
2519991.37038 1
2519991.62187 2
2519992.12521 3
2519992.37698 2
2519992.62851 0
2519992.88036 1
2519993.13182 3
2519993.63513 2
2519993.88693 0
2519994.13844 1
2519994.39024 3
2519994.64179 0
2519994.89355 2
2519995.14507 1
2519995.39687 3
2519995.64839 0
2519996.1517 2
2519996.4035 3
2519996.65502 1
2519996.90682 0
2519997.15833 3
2519997.41026 2
2519997.66165 1
2519997.91344 0
2519998.16497 1
2519998.41676 3
2519998.66831 2
2519998.92008 0
2519999.1716 3
2519999.67491 2
2519999.92674 1
2520000.17822 0
2520000.43003 3
2520000.93334 2
2520001.18488 1
2520001.43665 0
2520001.68817 3
2520001.93999 2
2520002.19148 1
2520002.44329 0
2520002.6948 3
2520002.9466 1
2520003.19815 2
2520003.44991 0
2520003.95328 1
2520004.20475 2
2520004.45663 3
2520004.70806 0
2520005.21138 2
2520005.46323 1
2520005.7147 0
2520005.96654 3
2520006.46986 1
2520006.72133 3
2520006.97318 2
2520007.22467 0
2520007.47651 2
2520007.72796 3
2520007.97981 1
2520008.23128 0
2520008.73459 2
2520008.98644 1
2520009.23791 3
2520009.48974 0
2520009.74124 2
2520009.99304 3
2520010.24454 1
2520010.4964 0
2520010.74785 2
2520010.99975 3
2520011.25117 0
2520011.50302 1
2520011.7545 2
2520012.00633 1
2520012.2578 0
2520012.50965 3
2520012.76111 2
2520013.01298 0
2520013.51622 1
2520013.76774 3
2520014.01953 2
2520014.27109 0
2520014.77437 3
2520015.02616 1
2520015.27769 0
2520015.5295 2
2520015.781 3
2520016.0328 1
2520016.28431 0
2520016.53612 2
2520016.78763 0
2520017.03961 1
2520017.29095 3
2520017.79426 2
2520018.04605 0
2520018.2976 1
2520018.54937 3
2520018.80089 2
2520019.05269 0
2520019.30421 1
2520019.55603 3
2520019.80752 2
2520020.05932 1
2520020.31087 0
2520020.56265 3
2520020.81418 2
2520021.31747 1
2520021.5693 3
2520021.82078 0
2520022.07259 2
2520022.3241 1
2520022.57589 3
2520022.82744 0
2520023.07922 2
2520023.58261 1
2520023.83405 3
2520024.08591 2
2520024.33737 0
2520024.5892 1
2520024.84068 3
2520025.09252 2
2520025.344 0
2520026.09915 3
2520026.35062 1
2520026.60248 2
2520026.85394 0
2520027.10581 2
2520027.35726 3
2520027.6091 1
2520027.86057 0
2520028.11245 2
2520028.36389 3
2520028.61573 0
2520028.86721 1
2520029.11908 2
2520029.37054 3
2520029.62237 0
2520029.87383 1
2520030.12567 2
2520030.37715 3
2520030.62902 0
2520030.88047 1
2520031.38381 2
2520031.63561 0
2520031.8871 3
2520032.13895 1
2520032.89373 2
2520033.14558 3
2520033.39704 0
2520033.64883 1
2520034.15215 3
2520034.40367 2
2520034.65546 0
2520034.90698 1
2520035.15878 2
2520035.4103 1
2520035.6621 0
2520035.91361 3
2520036.16541 0
2520036.41693 2
2520036.66872 1
2520036.92025 3
2520037.17204 0
2520037.42356 1
2520037.67535 2
2520037.92689 3
2520038.17867 0
2520038.43019 1
2520038.68198 2
2520038.93351 3
2520039.18532 0
2520039.43682 1
2520039.68861 2
2520039.94021 3
2520040.19194 0
2520040.44347 1
2520040.69525 2
2520040.94677 3
2520041.45008 1
2520041.70188 0
2520041.9534 2
2520042.20519 3
2520042.45673 0
2520042.70851 1
2520042.96003 2
2520043.21183 3
2520043.71525 1
2520043.96666 0
2520044.21851 2
2520044.46997 3
2520044.72181 1
2520044.9733 0
2520045.22518 2
2520045.47662 3
2520045.72846 0
2520045.97993 1
2520046.23178 2
2520046.48326 3
2520046.73509 0
2520047.23841 1
2520047.48987 3
2520047.74173 2
2520047.99318 0
2520048.4965 3
2520048.74834 1
2520048.99984 2
2520049.25165 0
2520050.00645 3
2520050.2583 1
2520050.50977 2
2520050.7616 0
2520051.2649 3
2520051.51639 2
2520051.76823 0
2520052.01971 1
2520052.77486 3
2520053.02634 0
2520053.27817 2
2520053.52968 1
2520053.78145 0
2520054.03297 2
2520054.28476 3
2520054.53628 1
2520055.0396 1
2520055.29139 0
2520055.54292 2
2520055.79471 3
2520056.04623 0
2520056.29802 1
2520056.54954 3
2520056.80133 2
2520057.5562 0
2520057.80797 2
2520058.05949 1
2520058.31128 3
2520058.81463 2
2520059.06612 1
2520059.31792 0
2520059.56944 3
2520060.32455 0
2520060.57607 2
2520060.82789 1
2520061.07938 3
2520061.58271 0
2520061.83449 2
2520062.08604 3
2520062.3378 1
2520062.58933 0
2520062.84113 2
2520063.09264 3
2520063.34447 1
2520063.59596 2
2520063.84781 3
2520064.09928 1
2520064.35114 0
2520064.85444 0
2520065.10591 2
2520065.35775 1
2520065.60922 3
2520065.86108 2
2520066.11255 0
2520066.36439 3
2520066.61585 1
2520066.8677 2
2520067.11917 0
2520067.37101 3
2520067.62248 1
2520068.1258 2
2520068.37764 0
2520068.62912 3
2520068.88096 1
2520069.13243 3
2520069.38429 0
2520069.63575 2
2520069.88757 1
2520070.13906 3
2520070.39091 0
2520070.64238 2
2520070.89423 1
2520071.14569 0
2520071.39755 3
2520071.649 2
2520071.90086 1
2520072.15232 0
2520072.40417 3
2520072.65564 2
2520072.90748 1
2520073.15896 0
2520073.66226 3
2520073.91406 2
2520074.41738 0
2520074.66889 1
2520074.92069 3
2520075.17221 2
2520075.67552 0
2520075.92732 1
2520076.43063 3
2520076.68215 2
2520076.93395 0
2520077.18548 1
2520077.43727 2
2520077.68878 3
2520078.1921 0
2520078.4439 1
2520078.69541 2
2520078.94721 3
2520079.45053 0
2520079.70205 1
2520079.95384 2
2520080.20536 3
2520080.45718 2
2520080.70868 0
2520080.96049 1
2520081.21199 3
2520081.46379 2
2520081.71532 0
2520081.96711 3
2520082.21862 1
2520082.72194 0
2520082.97378 3
2520083.22525 2
2520083.47705 1
2520083.98045 3
2520084.23189 0
2520084.48373 2
2520084.7352 1
2520084.98705 3
2520085.23851 0
2520085.49037 2
2520085.74184 1
2520085.99368 3
2520086.49699 0
2520086.74847 2
2520087.00035 1
2520087.25178 3
2520087.75509 0
2520088.00695 2
2520088.25842 3
2520088.51027 1
2520088.76173 0
2520089.01358 2
2520089.26504 3
2520089.51685 1
2520089.76836 0
2520090.0202 2
2520090.27167 3
2520090.52354 1
2520090.77499 0
2520091.02684 3
2520091.2783 2
2520091.78162 0
2520092.03345 1
2520092.28493 3
2520092.53676 2
2520092.78825 0
2520093.04009 1
2520093.29156 3
2520093.54341 2
2520093.79487 1
2520094.04667 0
2520094.29819 3
2520094.8015 2
2520095.0533 1
2520095.30482 0
2520095.55664 3
2520096.05994 2
2520096.31145 1
2520096.56324 0
2520096.81476 3
2520097.06656 1
2520097.31808 2
2520097.56988 0
2520097.8214 3
2520098.0732 1
2520098.32472 0
2520098.5765 2
2520098.82803 3
2520099.07983 1
2520099.33134 0
2520099.58314 2
2520099.83466 3
2520100.08645 0
2520100.33797 1
2520100.84129 2
2520101.09309 3
2520101.34463 0
2520101.5964 1
2520102.09972 2
2520102.35123 3
2520102.60306 0
2520102.85455 1
2520103.10635 3
2520103.35787 2
2520103.60973 0
2520103.86118 1
2520104.3645 1
2520104.61634 3
2520104.86782 2
2520105.11966 0
2520105.37113 1
2520105.62298 2
2520105.87444 3
2520106.12629 0
2520106.62964 1
2520106.88107 2
2520107.13293 3
2520107.38439 0
2520107.63623 1
2520107.88773 3
2520108.1396 2
2520108.39102 0
2520108.64287 1
2520108.89433 3
2520109.14621 2
2520109.39765 0
2520109.64951 1
2520109.90099 3
2520110.15282 2
2520110.40431 0
2520110.65613 1
2520111.15947 3
2520111.41091 2
2520111.6627 0
2520111.91423 1
2520112.16607 3
2520112.41757 2
2520112.6694 1
2520112.92086 0
2520113.1727 3
2520113.67599 2
2520113.92749 1
2520114.17927 0
2520114.4308 3
2520114.6826 2
2520114.93411 0
2520115.18593 1
2520115.43743 3
2520115.68923 2
2520116.19254 0
2520116.44407 3
2520116.69585 1
2520116.94737 2
2520117.19917 0
2520117.45069 3
2520117.70251 1
2520117.95401 0
2520118.2058 2
2520118.45732 1
2520118.70913 3
2520118.96064 0
2520119.21243 2
2520120.21908 1
2520120.47059 3
2520120.72238 2
2520120.97391 0
2520121.22569 3
2520121.47721 1
2520121.73116 0
2520121.98079 2
2520122.23299 1
2520122.484 3
2520122.73591 0
2520122.98931 2
2520123.2394 1
2520123.49155 3
2520123.74242 0
2520123.9938 3
2520124.24565 2
2520124.49711 1
2520124.74896 0
2520125.25228 2
2520125.50374 3
2520125.75558 1
2520126.00706 0
2520126.25891 1
2520126.51038 2
2520126.76223 3
2520127.01369 0
2520127.51701 2
2520127.76886 1
2520128.02032 3
2520128.27218 0
2520128.52363 2
2520128.77545 1
2520129.02695 3
2520129.27882 0
2520129.53026 2
2520129.78213 1
2520130.03359 3
2520130.28545 0
2520130.5369 1
2520130.78873 2
2520131.04021 3
2520131.29205 0
2520131.54353 1
2520132.04685 2
2520132.29871 3
2520132.55016 0
2520132.80202 1
2520133.05347 2
2520133.30529 3
2520133.55679 0
2520134.0601 1
2520134.31188 2
2520134.56341 3
2520134.81522 0
2520135.06673 1
2520135.31853 2
2520136.07336 3
2520136.32516 0
2520136.57667 1
2520136.82847 2
2520137.33179 0
2520137.5833 3
2520137.8351 1
2520138.08662 2
2520138.58994 0
2520138.84174 1
2520139.09325 3
2520139.34505 2
2520139.59656 0
2520139.84837 3
2520140.09988 1
2520140.35169 2
2520140.855 0
2520141.10651 3
2520141.35831 2
2520141.60983 1
2520141.86163 0
2520142.11316 3
2520142.36495 2
2520142.61646 1
2520142.86826 3
2520143.11977 0
2520143.37157 2
2520143.6231 1
2520143.87497 3
2520144.12641 0
2520144.37824 2
2520144.62972 1
2520145.13304 3
2520145.38489 0
2520145.63636 2
2520145.88821 1
2520146.64299 3
2520146.89485 0
2520147.1463 2
2520147.39816 1
2520147.64962 3
2520148.40475 0
2520148.65625 2
2520148.90809 1
2520149.15956 3
2520149.41142 0
2520149.66288 2
2520149.91474 1
2520150.1662 3
2520150.66951 0
2520150.92134 2
2520151.17283 1
2520151.42466 3
2520151.67614 2
2520151.92799 0
2520152.17946 3
2520152.43133 1
2520152.9346 2
2520153.18609 0
2520153.43794 3
2520153.6894 1
2520154.19271 2
2520154.44451 3
2520154.69603 0
2520154.94783 1
2520155.45114 2
2520155.95446 0
2520156.20597 1
2520156.45777 3
2520156.70929 2
2520156.96109 0
2520157.21261 3
2520157.4644 1
2520157.71592 2
2520158.21924 0
2520158.47104 3
2520158.72255 1
2520158.97435 2
2520159.22586 1
2520159.47767 0
2520159.72918 2
2520159.98098 3
2520160.2325 0
2520160.4843 3
2520160.73581 2
2520160.98761 1
2520161.23913 0
2520161.49092 2
2520161.99423 1
2520162.24576 3
2520162.49755 2
2520162.74907 0
2520163.25239 1
2520163.50418 3
2520163.75571 2
2520164.00752 0
2520164.51089 1
2520164.76234 3
2520165.01418 2
2520165.26566 0
2520165.51751 1
2520165.76897 3
2520166.02084 0
2520166.27228 2
2520166.7756 3
2520167.02746 1
2520167.27892 2
2520167.53075 0
2520167.78233 3
2520168.03406 1
2520168.28555 0
2520168.5374 2
2520168.78887 3
2520169.04072 1
2520169.29218 2
2520169.54404 0
2520169.79549 3
2520170.04733 0
2520170.29881 1
2520170.55063 2
2520171.05399 0
2520171.30544 1
2520171.55729 3
2520171.80875 2
2520172.06062 0
2520172.31207 1
2520172.5639 3
2520172.81539 2
2520173.06721 1
2520173.3187 2
2520173.57055 3
2520173.82201 0
2520174.0738 1
2520174.32533 2
2520174.57713 3
2520174.82864 0
2520175.08044 1
2520175.33196 2
2520175.58375 3
2520175.83527 0
2520176.33859 2
2520176.59039 1
2520176.8419 3
2520177.0937 0
2520177.34522 2
2520177.59701 1
2520178.10033 3
2520178.35185 2
2520178.60365 0
2520178.85517 1
2520179.10697 3
2520179.35848 0
2520179.61027 2
2520179.86179 1
2520180.11359 3
2520180.36511 0
2520180.61691 2
2520180.86842 1
2520181.12023 3
2520181.37174 0
2520181.62354 2
2520181.87506 1
2520182.37837 0
2520182.63017 3
2520182.88169 2
2520183.13349 1
2520183.385 3
2520183.63681 0
2520183.88832 2
2520184.14038 1
2520184.39165 3
2520184.64359 0
2520184.89499 2
2520185.39836 1
2520185.65009 0
2520185.9016 3
2520186.15338 2
2520186.40494 1
2520186.65687 0
2520187.16002 3
2520187.41157 2
2520187.91536 1
2520188.16687 0
2520188.41822 3
2520188.6701 2
2520189.17336 1
2520189.42486 0
2520189.68038 3
2520189.92833 2
2520190.18004 1
2520190.43145 0
2520190.93475 3
2520191.18656 2
2520191.43808 0
2520191.68987 1
2520192.19319 3
2520192.44468 2
2520192.69651 0
2520192.948 1
2520193.1998 2
2520193.45134 0
2520193.7032 3
2520193.95466 1
2520194.45796 2
2520194.70996 3
2520194.96126 0
2520195.21314 1
2520195.71647 0
2520195.96792 3
2520196.21976 1
2520196.47121 2
2520196.72308 1
2520196.97452 0
2520197.22639 3
2520197.47784 2
2520197.7297 0
2520197.98116 1
2520198.23303 3
2520198.48447 2
2520198.98778 1
2520199.23968 0
2520199.4911 3
2520199.74297 2
2520199.99452 2
2520200.24628 0
2520200.49773 3
2520200.74961 1
2520201.00105 2
2520201.25289 0
2520201.50436 1
2520201.7562 3
2520202.01432 0
2520202.26616 1
2520202.511 2
2520202.76277 3
2520211.06736 0
2520211.31921 2
2520211.57067 3
2520211.82251 1
2520212.07399 2
2520212.32585 3
2520212.5773 1
2520212.82912 0
2520213.08061 2
2520213.33246 1
2520213.58395 0
2520213.83578 3
2520214.08726 2
2520214.3391 1
2520214.59056 0
2520214.84242 3
2520215.09389 2
2520215.34571 1
2520215.59721 0
2520215.84903 3
2520216.10051 2
2520216.35235 1
2520216.85569 0
2520217.35897 1
2520217.61045 2
2520217.86229 3
2520218.11378 0
2520218.36562 1
2520218.61709 2
2520218.86893 3
2520219.12041 0
2520219.37226 1
2520219.62372 2
2520219.87556 0
2520220.12703 3
2520220.37886 2
2520220.63035 1
2520220.88221 0
2520221.13366 3
2520221.38549 1
2520221.63698 2
2520221.88882 3
2520222.14031 0
2520222.39215 1
2520222.64362 2
2520222.89543 0
2520223.14693 3
2520223.65024 1
2520223.90203 2
2520224.15357 3
2520224.40536 0
2520224.65689 1
2520224.90866 2
2520225.16021 3
2520225.41201 0
2520225.91529 1
2520226.16681 2
2520226.41861 3
2520226.67015 0
2520226.92193 1
2520227.17345 2
2520227.42525 3
2520227.67675 0
2520228.18007 1
2520228.43187 2
2520228.68338 3
2520228.93518 0
2520229.43851 1
2520229.69001 2
2520229.94182 0
2520230.19333 3
2520230.94845 1
2520231.19996 2
2520231.45176 0
2520231.70328 3
2520232.2066 1
2520232.4584 2
2520232.70991 3
2520232.96171 0
2520233.21325 1
2520233.46503 2
2520233.71655 0
2520233.96845 3
2520234.47175 1
2520234.72317 2
2520234.97504 0
2520235.22651 3
2520235.47835 1
2520235.72981 2
2520235.98166 0
2520236.23312 1
2520236.48499 3
2520236.73644 2
2520236.98829 0
2520237.23975 1
2520237.49157 3
2520237.74309 2
2520237.9949 0
2520238.24638 1
2520238.49822 3
2520238.7497 2
2520239.00153 1
2520239.25302 0
2520239.50485 3
2520239.75633 2
2520240.00818 1
2520240.25965 0
2520240.51148 3
2520240.76296 2
2520241.01481 1
2520241.26628 0
2520241.51812 3
2520241.7696 2
2520242.02144 1
2520242.27291 0
2520242.52475 3
2520242.77623 2
2520243.27954 3
2520243.53137 1
2520243.78285 0
2520244.03465 2
2520244.28618 3
2520244.53797 0
2520244.78948 1
2520245.0413 2
2520245.29279 3
2520245.5446 1
2520246.04791 0
2520246.29942 2
2520246.55121 3
2520246.80273 1
2520247.30605 2
2520247.55786 0
2520248.06117 1
2520248.31268 3
2520248.56449 2
2520248.816 0
2520249.31931 1
2520249.57113 3
2520249.82263 2
2520250.07443 0
2520250.32595 1
2520250.57776 3
2520250.82926 0
2520251.08106 2
2520251.33257 1
2520251.58439 3
2520251.83589 2
2520252.08769 0
2520252.33921 1
2520252.59102 3
2520253.09433 2
2520253.34583 0
2520253.59764 1
2520253.84916 3
2520254.10098 2
2520254.35247 1
2520254.60432 0
2520254.85579 3
2520255.3591 2
2520255.61097 0
2520255.86242 1
2520256.11425 3
2520256.36573 2
2520256.86905 0
2520257.12091 3
2520257.37237 1
2520257.62428 2
2520257.87567 0
2520258.12747 1
2520258.37899 3
2520258.63082 2
2520258.8823 0
2520259.13409 1
2520259.38562 3
2520259.63741 2
2520259.88894 0
2520260.14082 1
2520260.39226 3
2520260.89558 2
2520261.14744 0
2520261.39889 3
2520261.65077 1
2520261.90221 2
2520262.154 0
2520262.40552 3
2520262.65735 1
2520262.90883 0
2520263.16067 2
2520263.41215 3
2520263.91546 1
2520264.41877 0
2520264.67057 2
2520264.92209 3
2520265.17389 1
2520265.4254 0
2520265.67721 2
2520266.43203 3
2520266.68384 1
2520266.93535 0
2520267.18717 2
2520267.69046 3
2520267.94198 1
2520268.19378 0
2520268.4453 2
2520268.6971 3
2520268.94861 1
2520269.20041 0
2520269.45193 2
2520269.70372 3
2520269.95524 1
2520270.20704 0
2520270.45856 2
2520270.96187 3
2520271.21367 0
2520271.46519 1
2520271.71699 2
2520271.9685 3
2520272.22032 0
2520272.72361 2
2520272.97513 1
2520273.22694 0
2520273.47845 3
2520273.73025 1
2520274.23363 2
2520274.48508 3
2520274.73687 0
2520274.98842 1
2520275.2402 3
2520275.49171 0
2520275.74354 2
2520276.24685 1
2520276.49834 0
2520276.75014 3
2520277.00168 2
2520277.25345 1
2520277.50497 0
2520277.75676 2
2520278.00829 3
2520278.26012 1
2520278.5116 0
2520278.7634 3
2520279.01493 2
2520279.51823 1
2520279.77003 3
2520280.02155 0
2520280.27335 2
2520280.77666 1
2520281.02818 3
2520281.27998 0
2520281.53149 2
2520281.78329 3
2520282.03481 1
2520282.2866 0
2520282.53812 2
2520283.04144 1
2520283.29324 0
2520283.54476 2
2520283.79662 3
2520284.04808 1
2520284.29991 0
2520284.55139 2
2520284.80321 3
2520285.05471 1
2520285.30655 0
2520285.55802 2
2520286.06134 3
2520286.31318 1
2520286.56465 0
2520286.81648 2
2520287.06797 1
2520287.31978 3
2520287.57128 0
2520287.82312 2
2520288.0746 3
2520288.32644 1
2520288.57791 2
2520288.82976 0
2520289.33304 1
2520289.58455 3
2520289.83641 0
2520290.08786 2
2520290.59118 3
2520290.84303 1
2520291.09449 0
2520291.34633 2
2520291.5978 3
2520291.84966 1
2520292.10113 0
2520292.35298 2
2520292.85627 1
2520293.10775 3
2520293.35958 0
2520293.86286 2
2520294.11438 1
2520294.36617 3
2520294.61769 0
2520295.12101 2
2520295.3728 1
2520295.62432 3
2520295.87612 0
2520296.12764 0
2520296.37944 1
2520296.63095 2
2520296.88276 3
2520297.13427 1
2520297.38606 0
2520297.63758 3
2520297.88938 2
2520298.39269 0
2520298.64421 1
2520298.89601 3
2520299.14753 2
2520299.39933 0
2520299.65084 1
2520300.15416 2
2520300.40596 3
2520300.65747 1
2520300.90927 0
2520301.16079 2
2520301.41259 3
2520301.66411 0
2520301.9159 1
2520302.16742 3
2520302.41922 2
2520302.67074 0
2520303.17406 1
2520303.42584 3
2520303.67737 2
2520303.92923 0
2520304.18069 1
2520304.43251 3
2520304.684 2
2520304.93584 0
2520305.43917 1
2520305.69063 3
2520305.94249 2
2520306.19395 0
2520306.44603 1
2520306.69727 3
2520306.94909 2
2520307.20058 0
2520307.45244 3
2520307.7039 1
2520307.95574 2
2520308.20721 0
2520308.71052 3
2520308.96235 2
2520309.21384 1
2520309.46569 0
2520309.71716 1
2520309.969 3
2520310.22047 2
2520310.47236 0
2520310.97563 3
2520311.2271 1
2520311.47895 2
2520311.73042 0
2520311.98227 1
2520312.23373 2
2520312.48558 3
2520312.73705 0
2520312.9889 1
2520313.24037 3
2520313.49222 2
2520313.74368 0
2520313.99547 1
2520314.49879 3
2520314.7503 2
2520315.0021 0
2520315.25362 1
2520315.50542 3
2520315.75693 0
2520316.00873 2
2520316.26025 1
2520316.76357 3
2520317.01537 2
2520317.26688 0
2520317.7702 3
2520318.02199 1
2520318.27351 2
2520318.52531 0
2520318.77683 3
2520319.28014 2
2520319.53194 0
2520319.78346 1
2520320.03526 3
2520320.28677 2
2520320.53856 0
2520320.79009 1
2520321.04189 3
2520321.5452 2
2520321.79672 0
2520322.04851 1
2520322.30003 3
2520322.55183 2
2520322.80335 0
2520323.05515 3
2520323.30666 1
2520323.55846 2
2520324.06185 3
2520324.3133 0
2520324.56516 1
2520325.06846 2
2520325.31994 3
2520325.57179 0
2520325.82325 1
2520326.57837 2
2520326.82988 0
2520327.08173 3
2520327.33319 1
2520327.58505 2
2520327.83651 0
2520328.08837 3
2520328.33982 1
2520328.59165 2
2520328.84314 0
2520329.095 1
2520329.34645 3
2520329.84977 0
2520330.10164 2
2520330.35308 3
2520330.60494 1
2520331.10823 2
2520331.35971 0
2520331.61157 3
2520331.86303 1
2520332.36635 0
2520332.61821 2
2520332.86966 3
2520333.12152 1
2520333.87628 2
2520334.12808 1
2520334.3796 3
2520334.6314 0
2520335.38624 2
2520335.63803 1
2520335.88955 0
2520336.14135 3
2520336.39286 2
2520336.64466 1
2520336.89618 0
2520337.14798 3
2520337.65129 2
2520337.90281 3
2520338.15461 0
2520338.40612 1
2520339.16124 2
2520339.41275 3
2520339.66455 0
2520339.91607 1
2520340.16787 3
2520340.41938 0
2520340.67119 2
2520340.9227 1
2520341.1745 3
2520341.42601 2
2520341.67782 1
2520341.92933 0
2520342.18113 2
2520342.43265 3
2520342.68444 0
2520342.93596 1
2520343.43928 2
2520343.69108 0
2520343.9426 3
2520344.19446 1
2520345.20109 2
2520345.45254 3
2520345.70437 0
2520345.95586 1
2520346.20768 2
2520346.45917 3
2520346.711 0
2520346.96249 1
2520347.46581 2
2520347.71766 3
2520347.96912 0
2520348.22095 1
2520348.47243 2
2520348.72424 3
2520348.97575 1
2520349.22759 0
2520349.47908 3
2520349.73092 2
2520349.98238 0
2520350.23424 1
2520350.4857 3
2520350.73752 2
2520350.98901 0
2520351.24088 1
2520351.74417 3
2520351.99564 0
2520352.24751 2
2520352.49896 1
2520353.00228 0
2520353.25411 3
2520353.50558 2
2520353.75745 1
2520354.0089 0
2520354.26069 3
2520354.51221 1
2520354.76401 2
2520355.26732 0
2520355.51885 3
2520355.77064 1
2520356.02216 2
2520356.27396 0
2520356.52547 3
2520357.0288 2
2520357.28059 1
2520357.7839 3
2520358.03542 0
2520358.28722 1
2520358.53874 2
2520359.04205 3
2520359.29385 0
2520359.54537 2
2520359.79717 1
2520360.04868 0
2520360.30049 3
2520360.552 1
2520360.80379 2
2520361.05531 0
2520361.30711 3
2520362.06194 0
2520362.31373 1
2520362.56526 3
2520362.81706 2
2520363.32037 0
2520363.57189 1
2520363.82369 2
2520364.07521 3
2520364.32706 0
2520364.57852 1
2520364.83038 2
2520365.08184 3
2520365.33369 0
2520365.58515 1
2520365.83701 2
2520366.08847 3
2520366.59179 0
2520367.0951 1
2520367.34695 2
2520367.59842 3
2520367.85026 1
2520368.10174 0
2520368.60505 2
2520368.85688 3
2520369.10836 0
2520369.36023 1
2520369.61168 2
2520369.86354 3
2520370.11499 0
2520370.36688 1
2520370.61832 2
2520370.87013 3
2520371.12163 0
2520371.37346 1
2520371.87681 2
2520372.12826 3
2520372.38013 0
2520372.63156 1
2520373.13489 2
2520373.38675 0
2520373.6382 3
2520373.88999 1
2520374.14151 2
2520374.3933 0
2520374.64482 1
2520374.89662 3
2520375.14814 1
2520375.39994 2
2520375.65146 0
2520375.90325 3
2520376.15477 1
2520376.40657 2
2520376.65808 0
2520376.90988 3
2520377.1614 1
2520377.66472 2
2520377.91651 0
2520378.16803 3
2520378.41983 1
2520378.67135 2
2520378.92315 0
2520379.17466 1
2520379.42646 3
2520379.92977 0
2520380.1813 2
2520380.43309 1
2520380.68461 3
2520380.9364 2
2520381.18793 0
2520381.43971 1
2520381.69124 3
2520381.94306 2
2520382.19455 0
2520382.44635 1
2520382.69788 3
2520382.94967 2
2520383.20119 0
2520383.45298 1
2520383.95634 3
2520384.20782 2
2520384.4597 0
2520384.71114 1
2520385.21445 0
2520385.46631 3
2520385.71777 2
2520385.96965 1
2520386.22108 0
2520386.47293 3
2520386.7244 1
2520386.97627 2
2520387.47958 3
2520387.73103 0
2520387.98289 2
2520388.23435 1
2520388.73766 3
2520389.24098 0
2520389.49285 2
2520389.74431 1
2520389.99616 3
2520390.24761 0
2520390.49946 1
2520390.75092 2
2520391.00276 3
2520391.25425 0
2520391.50609 2
2520391.75756 1
2520392.26087 3
2520392.51272 0
2520392.76418 2
2520393.01601 1
2520393.2675 3
2520393.51935 0
2520394.0226 1
2520394.27412 2
2520394.52592 3
2520394.77744 0
2520395.28075 1
2520395.53256 2
2520395.78406 3
2520396.03587 0
2520396.28738 2
2520396.53918 1
2520396.7907 3
2520397.0425 0
2520397.5458 3
2520397.79733 2
2520398.04912 1
2520398.30064 0
2520398.55244 3
2520398.80396 1
2520399.05576 2
2520399.30728 0
2520399.55908 3
2520400.06238 1
2520400.31391 2
2520400.56571 3
2520400.81722 0
2520401.32054 1
2520401.57233 2
2520401.82385 0
2520402.07565 3
2520402.32717 1
2520402.57896 2
2520402.83048 3
2520403.08228 0
2520403.3338 1
2520403.5856 2
2520404.08898 3
2520404.34043 1
2520404.59229 0
2520404.84375 2
2520405.09562 3
2520405.34706 1
2520405.59893 2
2520405.85038 0
2520406.10221 1
2520406.3537 3
2520406.85701 0
2520407.10886 2
2520407.36032 1
2520407.6122 3
2520407.86364 0
2520408.11551 2
2520408.87027 1
2520409.12216 3
2520409.37359 0
2520409.62544 2
2520410.12873 1
2520410.38022 0
2520410.63209 3
2520410.88353 2
2520411.13541 0
2520411.38685 3
2520411.63873 2
2520411.89016 1
2520412.39348 3
2520412.6453 0
2520412.89679 2
2520413.14866 1
2520413.40011 3
2520413.65198 0
2520413.90344 1
2520414.15521 2
2520414.65857 3
2520414.91005 0
2520415.16191 1
2520415.41337 2
2520415.66516 3
2520415.91671 0
2520416.16847 1
2520416.42 2
2520416.6718 0
2520416.92331 3
2520417.17514 1
2520417.42663 2
2520417.67842 3
2520417.92994 0
2520418.18174 1
2520418.68505 2
2520418.93658 3
2520419.18837 1
2520419.43989 0
2520419.69169 2
2520420.19506 3
2520420.44652 1
2520420.69831 0
2520420.94984 2
2520421.20166 1
2520421.45315 3
2520421.70495 0
2520421.95646 2
2520422.20826 1
2520422.45981 3
2520422.71158 0
2520422.96309 2
2520423.21493 3
2520423.46641 1
2520423.71821 0
2520423.96973 2
2520424.22159 0
2520424.47305 3
2520424.72489 1
2520424.97637 2
2520425.47968 1
2520425.7315 3
2520425.98299 0
2520426.23483 2
2520426.48631 0
2520426.73816 3
2520426.98962 1
2520427.24149 2
2520427.49294 0
2520427.74478 1
2520427.99625 3
2520428.2481 2
2520428.49957 0
2520428.75142 1
2520429.00288 3
2520429.25472 2
2520429.75809 1
2520430.00952 0
2520430.2614 2
2520430.51284 3
2520430.7647 1
2520431.01615 0
2520431.26802 2
2520431.51946 3
2520431.77131 1
2520432.02278 0
2520432.27459 2
2520432.52609 3
2520432.77794 1
2520433.02944 0
2520433.28131 2
2520433.53272 3
2520433.78459 1
2520434.03603 0
2520434.28783 2
2520434.53935 3
2520434.79113 1
2520435.04266 0
2520435.29446 2
2520435.54599 3
2520435.79777 1
2520436.30109 2
2520436.55261 0
2520436.8044 3
2520437.05593 1
2520437.30771 0
2520437.55924 2
2520437.81103 3
2520438.06255 1
2520438.31435 0
2520438.56587 3
2520438.81766 2
2520439.06919 1
2520439.32098 0
2520439.5725 3
2520439.82428 2
2520440.07582 1
2520440.32761 0
2520440.57914 3
2520440.83092 1
2520441.08245 2
2520441.58576 0
2520441.83755 3
2520442.08908 2
2520442.34087 1
2520443.09571 0
2520443.3475 2
2520443.59902 1
2520443.85081 3
2520444.10235 2
2520444.35424 1
2520444.60566 3
2520444.85753 0
2520445.36081 2
2520445.61229 1
2520445.86413 0
2520446.1156 3
2520446.36746 2
2520446.61892 3
2520446.87079 1
2520447.12224 0
2520447.3741 2
2520447.62555 1
2520447.87744 0
2520448.12886 3
2520448.38066 2
2520448.63218 1
2520448.88398 0
2520449.1355 2
2520449.3873 3
2520449.63881 1
2520449.89061 0
2520450.14213 2
2520450.39393 3
2520451.14876 0
2520451.40055 1
2520451.65207 2
2520451.9039 3
2520452.6587 1
2520452.91051 0
2520453.16203 2
2520453.41382 3
2520453.66533 0
2520453.91713 1
2520454.16866 2
2520454.4205 3
2520454.67196 0
2520454.9238 2
2520455.17529 1
2520455.42716 3
2520455.67861 2
2520455.93045 0
2520456.18191 1
2520456.43377 3
2520456.93704 2
2520457.18855 0
2520457.44039 1
2520457.69187 3
2520457.94371 2
2520458.19518 0
2520458.44702 1
2520458.6985 3
2520459.20181 2
2520459.45365 0
2520459.70512 1
2520459.95695 3
2520460.20844 2
2520460.46028 0
2520460.71175 1
2520460.9636 3
2520461.21507 2
2520461.46692 0
2520461.71839 1
2520461.97025 3
2520462.2217 2
2520462.47354 0
2520462.97684 1
2520463.22833 3
2520463.48018 0
2520463.73164 2
2520463.98345 1
2520464.23498 3
2520464.48675 2
2520464.73826 0
2520464.99007 3
2520465.24158 2
2520465.49342 0
2520465.7449 1
2520466.24823 2
2520466.50001 1
2520466.75155 3
2520467.00333 0
2520467.50667 1
2520467.75816 0
2520468.00996 2
2520468.26148 3
2520468.76482 2
2520469.01658 3
2520469.2681 1
2520469.51991 0
2520470.02325 1
2520470.27473 3
2520470.52655 0
2520470.77805 2
2520471.28137 1
2520471.53317 0
2520471.78468 2
2520472.03647 3
2520472.5398 1
2520472.79134 0
2520473.04312 3
2520473.29463 2
2520473.79794 2
2520474.04983 3
2520474.30127 0
2520474.5531 1
2520474.80458 3
2520475.05642 2
2520475.30792 0
2520475.55974 1
2520476.06306 3
2520476.31453 2
2520476.56638 0
2520476.81784 1
2520477.06967 3
2520477.32118 2
2520477.57299 0
2520477.82447 1
2520478.07631 2
2520478.32779 3
2520478.57964 0
2520478.8311 1
2520479.08294 2
2520479.58627 3
2520479.83774 0
2520480.08959 1
2520480.34105 2
2520480.5929 3
2520480.84436 1
2520481.09621 0
2520481.59954 2
2520481.85099 3
2520482.10284 1
2520482.35431 0
2520482.60612 2
2520482.85762 3
2520483.10947 1
2520483.36094 0
2520483.6128 3
2520483.86426 2
2520484.11605 1
2520484.36756 0
2520484.87088 3
2520485.12268 2
2520485.3742 1
2520485.62599 0
2520486.38083 3
2520486.63262 2
2520486.88414 1
2520487.13597 0
2520487.38745 3
2520487.63925 2
2520487.89077 1
2520488.14259 0
2520488.39409 2
2520488.64589 3
2520488.8974 1
2520489.14922 0
2520489.40072 2
2520489.65251 3
2520489.90403 1
2520490.15583 2
2520490.40735 0
2520490.65914 3
2520491.16246 1
2520491.66578 0
2520491.91729 2
2520492.16909 3
2520492.42062 1
2520492.67241 2
2520492.92392 3
2520493.17574 0
2520493.42724 1
2520493.93056 2
2520494.18243 3
2520494.43388 0
2520494.68573 1
2520494.9372 0
2520495.18905 2
2520495.44051 3
2520495.69235 1
2520495.94383 2
2520496.19563 0
2520496.44714 3
2520496.69897 1
2520497.20232 2
2520497.45377 0
2520497.70561 3
2520497.95708 1
2520498.20891 2
2520498.71223 0
2520498.96372 3
2520499.21554 1
2520499.46704 2
2520499.71887 0
2520499.97034 1
2520500.22218 3
2520500.72552 2
2520500.97698 1
2520501.22883 3
2520501.48029 0
2520501.73212 3
2520501.9836 0
2520502.23545 2
2520502.48692 1
2520503.24208 0
2520503.49356 3
2520503.74542 2
2520503.99687 1
2520504.24866 3
2520504.50018 2
2520504.752 0
2520505.0035 1
2520505.25529 2
2520505.5068 3
2520505.75861 0
2520506.26192 1
2520506.51344 3
2520506.76527 2
2520507.01675 0
2520507.52007 1
2520507.77187 3
2520508.02341 2
2520508.27518 0
2520509.03002 1
2520509.28184 3
2520509.53333 0
2520509.78514 2
2520510.03664 3
2520510.28846 1
2520510.53996 2
2520510.79176 0
2520511.04327 3
2520511.29508 2
2520511.54659 1
2520511.79839 0
2520512.04991 3
2520512.30171 2
2520512.55322 0
2520512.80502 1
2520513.05653 3
2520513.81166 2
2520514.06318 0
2520514.31504 3
2520514.56649 1
2520515.0698 0
2520515.32165 2
2520515.57312 3
2520515.82494 1
2520516.32827 0
2520516.57978 3
2520516.8316 2
2520517.08307 1
2520517.33492 0
2520517.58638 3
2520517.8382 2
2520518.0897 1
2520518.34153 0
2520518.84485 3
2520519.09633 2
2520519.34817 1
2520519.85148 0
2520520.10296 3
2520520.35482 1
2520520.60627 2
2520521.10959 0
2520521.36142 2
2520521.6129 3
2520521.86476 1
2520522.11622 1
2520522.36806 2
2520522.61953 0
2520522.87139 3
2520523.12285 1
2520523.37469 3
2520523.62617 2
2520523.87801 0
2520524.12948 1
2520524.38128 2
2520524.63279 0
2520524.88459 3
2520525.13611 1
2520525.3879 0
2520525.89122 3
2520526.14274 2
2520526.64605 1
2520526.89785 0
2520527.14937 2
2520527.40117 3
2520527.65268 1
2520527.90448 0
2520528.156 2
2520528.4078 3
2520528.91112 1
2520529.16263 2
2520529.41443 0
2520529.66594 3
2520530.16926 2
2520530.42106 0
2520530.67257 1
2520530.92437 3
2520531.42769 2
2520531.6792 0
2520531.931 1
2520532.18252 3
2520532.43432 1
2520532.68583 0
2520532.93764 2
2520533.18915 3
2520533.69246 0
2520533.94427 1
2520534.1958 2
2520534.44764 3
2520534.6991 0
2520534.95094 2
2520535.20242 1
2520535.45423 3
2520535.70573 2
2520535.95757 1
2520536.20905 0
2520536.4609 3
2520536.71237 2
2520536.96422 1
2520537.21569 3
2520537.46749 0
2520537.71899 2
2520537.97082 1
2520538.22232 3
2520538.47415 2
2520538.72563 0
2520538.97747 1
2520539.48079 0
2520539.73226 3
2520539.98407 2
2520540.23557 1
2520540.48743 0
2520540.99071 3
2520541.24221 2
2520541.49405 1
2520541.74552 0
2520541.99737 3
2520542.24883 2
2520542.50065 1
2520543.00398 0
2520543.25547 3
2520543.50731 1
2520543.75878 2
2520544.26209 0
2520544.51389 3
2520544.7654 1
2520545.01721 2
2520545.26873 0
2520545.52052 3
2520545.77203 1
2520546.02384 2
2520546.52719 0
2520546.77866 1
2520547.03047 3
2520547.28199 2
2520547.53379 1
2520547.7853 0
2520548.03709 3
2520548.28861 2
2520548.54045 1
2520548.79192 0
2520549.04375 3
2520549.29524 2
2520549.54704 1
2520549.79857 0
2520550.05036 3
2520550.30187 2
2520550.55367 1
2520550.80518 0
2520551.56031 3
2520551.81182 2
2520552.06362 1
2520552.31514 0
2520552.56694 3
2520552.81845 2
2520553.07025 0
2520553.32176 1
2520553.57356 3
2520553.82508 2
2520554.07694 0
2520554.3284 1
2520554.58024 2
2520554.83172 3
2520555.33503 0
2520555.58689 1
2520555.83834 2
2520556.09019 3
2520556.34167 0
2520556.59351 1
2520556.84498 2
2520557.09681 3
2520557.3483 0
2520557.8516 1
2520558.10345 2
2520558.35492 3
2520558.60677 0
2520558.85825 1
2520559.11007 3
2520559.36155 2
2520559.61339 0
2520559.86486 1
2520560.11671 2
2520560.36818 3
2520560.62002 0
2520560.87151 1
2520561.12334 3
2520561.37481 2
2520561.62666 0
2520561.87813 1
2520562.38145 3
2520562.63328 2
2520562.88477 1
2520563.1366 0
2520563.38809 3
2520563.63992 1
2520563.89139 2
2520564.14321 0
2520564.3947 3
2520564.64651 2
2520564.89801 0
2520565.14982 1
2520565.65314 3
2520566.15644 2
2520566.40796 1
2520566.65976 0
2520566.91127 3
2520567.4146 2
2520567.66639 0
2520567.91791 1
2520568.42122 3
2520568.67305 0
2520568.92454 2
2520569.17634 1
2520569.67965 3
2520569.93118 0
2520570.18296 2
2520570.43448 1
2520570.9378 0
2520571.18961 3
2520571.44111 2
2520571.69292 1
2520572.19624 3
2520572.44774 0
2520572.69954 2
2520572.95106 1
2520573.20289 0
2520573.45437 2
2520573.70618 3
2520573.95769 1
2520574.20954 2
2520574.46102 0
2520574.71285 3
2520574.96433 1
2520575.21617 2
2520575.46764 0
2520575.7195 3
2520575.97096 2
2520576.2228 1
2520576.47427 0
2520576.72611 3
2520576.97759 2
2520577.22942 1
2520577.4809 0
2520577.73275 3
2520577.98422 2
2520578.23606 1
2520578.48754 0
2520578.73937 3
2520579.2427 2
2520579.49417 0
2520579.746 1
2520579.99748 3
2520580.24932 0
2520580.50081 1
2520580.75264 2
2520581.00412 3
2520581.25595 1
2520581.50742 2
2520581.75927 0
2520582.2626 3
2520582.51406 1
2520582.76589 2
2520583.01737 0
2520583.26923 3
2520583.52069 1
2520584.024 0
2520584.27581 2
2520584.52731 3
2520584.77911 1
2520585.03063 0
2520585.28243 2
2520585.53394 3
2520586.03726 1
2520586.28905 0
2520586.54057 2
2520586.79237 3
2520587.04389 1
2520587.2957 0
2520587.5472 3
2520587.79901 2
2520588.05052 1
2520588.30233 3
2520588.55383 0
2520588.80564 1
2520589.05715 2
2520589.56046 0
2520589.81226 3
2520590.06378 1
2520590.31558 2
2520590.56709 0
2520590.8189 3
2520591.07041 2
2520591.32222 1
2520591.57373 0
2520592.07704 3
2520592.32884 2
2520592.58036 1
2520592.83216 0
2520593.08367 3
2520593.33547 2
2520593.58698 1
2520593.83879 0
2520594.59362 3
2520594.84546 2
2520595.09694 1
2520595.34878 0
2520596.10357 2
2520596.35541 3
2520596.60689 0
2520596.85873 1
2520597.11021 2
2520597.36204 3
2520597.61351 1
2520597.86538 0
2520598.11684 2
2520598.62015 3
2520598.87198 0
2520599.12347 1
2520599.37528 2
2520599.87861 3
2520600.1301 0
2520600.38196 1
2520600.63342 2
2520600.88524 3
2520601.13672 0
2520601.38859 2
2520601.64004 1
2520602.14336 3
2520602.39519 0
2520602.64668 2
2520602.89849 1
2520603.14998 3
2520603.40184 0
2520603.6533 1
2520603.90518 2
2520604.40841 3
2520604.65992 1
2520604.91173 0
2520605.16324 2
2520605.66656 3
2520605.91836 1
2520606.16987 2
2520606.42168 0
2520606.92498 1
2520607.1765 3
2520607.42839 0
2520607.67982 2
2520607.93167 3
2520608.18313 2
2520608.43498 1
2520608.68645 0
2520608.9383 1
2520609.18978 3
2520609.44162 2
2520609.69308 0
2520609.94492 1
2520610.1964 3
2520610.44825 2
2520610.69971 0
2520610.95156 1
2520611.20304 2
2520611.45488 3
2520611.70634 0
2520611.95824 1
2520612.20966 2
2520612.46151 3
2520612.71297 0
2520612.96482 1
2520613.21629 2
2520613.71961 3
2520613.97147 0
2520614.22292 1
2520614.47471 2
2520614.72623 0
2520614.97802 3
2520615.22954 1
2520615.48133 3
2520615.73286 2
2520615.98465 0
2520616.23617 1
2520616.48796 2
2520616.73949 3
2520616.99128 0
2520617.24281 1
2520617.74613 2
2520617.99791 0
2520618.24943 3
2520618.50123 1
2520618.75275 2
2520619.00456 0
2520619.25607 3
2520619.50786 1
2520619.75938 2
2520620.01118 0
2520620.26271 3
2520620.5145 1
2520620.76601 2
2520621.01782 0
2520621.26933 3
2520621.52114 1
2520622.02444 2
2520622.27597 0
2520622.52776 3
2520622.77928 1
2520623.03106 2
2520623.53441 0
2520623.7859 3
2520624.0377 1
2520624.28923 2
2520624.79256 0
2520625.04436 3
2520625.29585 1
2520625.54771 2
2520625.79917 0
2520626.05104 3
2520626.30249 2
2520626.55434 1
2520627.05765 0
2520627.30912 3
2520627.56095 2
2520627.81243 1
2520628.56758 3
2520628.81909 0
2520629.0709 2
2520629.32237 1
2520629.82569 3
2520630.07757 2
2520630.32901 0
2520630.58085 1
2520630.83244 0
2520631.08418 3
2520631.33566 1
2520631.58747 2
2520631.83895 3
2520632.09083 0
2520632.34227 1
2520632.59412 2
2520632.84559 3
2520633.09743 0
2520633.60072 2
2520633.85221 1
2520634.10409 3
2520634.60736 2
2520634.85884 0
2520635.11064 3
2520635.36216 1
2520635.86547 0
2520636.11727 2
2520636.36879 3
2520636.62058 1
2520636.8721 0
2520637.12392 3
2520637.37542 2
2520637.62721 1
2520637.87873 0
2520638.13061 2
2520638.38206 3
2520638.63387 1
2520638.88539 2
2520639.13716 0
2520639.38868 3
2520639.64049 1
2520639.89202 2
2520640.14379 3
2520640.39531 0
2520640.6471 1
2520641.15046 2
2520641.40194 0
2520641.65374 3
2520641.90528 1
2520642.15705 2
2520642.4086 0
2520642.66037 3
2520642.91188 1
2520643.16372 0
2520643.4152 2
2520643.66701 3
2520643.91852 1
2520644.42186 0
2520644.67367 2
2520644.92515 1
2520645.17699 3
2520645.42846 0
2520645.68033 2
2520645.93178 3
2520646.18363 1
2520646.4351 0
2520646.68695 3
2520646.93841 2
2520647.19028 1
2520647.69357 0
2520647.94504 3
2520648.19689 2
2520648.44836 1
2520648.70019 3
2520648.95167 0
2520649.20353 2
2520649.45499 1
2520649.70686 3
2520649.95831 2
2520650.21017 0
2520650.46162 1
2520650.71347 3
2520650.96496 2
2520651.2168 0
2520651.46825 1
2520651.72011 2
2520651.97156 3
2520652.47488 0
2520652.72672 2
2520652.97822 1
2520653.23006 3
2520653.73334 0
2520653.98483 2
2520654.23665 1
2520654.48814 3
2520654.73993 0
2520654.99145 2
2520655.24326 1
2520655.4948 2
2520655.74656 0
