2 1  
3 0  
4 2  
5 3  
6 1  
7 0  
8 2  
9 3  
10 1  
11 0  
12 2  
13 3  
14 1  
15 0  
16 2  
17 3  
18 1  
19 0  
20 2  
21 3  
22 1  
23 0  
24 2  
25 3  
26 1  
27 0  
28 2  
29 3  
30 1  
31 0  
32 2  
33 3  
34 1  
35 0  
36 2  
37 3  
38 1  
39 0  
40 2  
41 3  
42 1  
43 0  
44 2  
45 3  
46 1  
47 0  
48 2  
49 3  
50 1  
51 0  
52 2  
53 3  
54 1  
55 0  
56 2  
57 3  
58 1  
59 0  
60 2  
61 3  
62 1  
63 0  
64 2  
65 3  
66 1  
67 0  
68 2  
69 3  
70 1  
71 0  
72 2  
73 3  
74 1  
75 0  
76 2  
77 3  
78 1  
79 0  
80 2  
81 3  
82 1  
83 0  
84 2  
85 3  
86 1  
87 0  
88 2  
89 3  
90 1  
91 0  
92 2  
93 3  
94 1  
95 0  
96 2  
97 3  
98 1  
99 0  
100 2  
101 3  
102 1  
103 0  
104 2  
105 3  
106 1  
107 0  
108 2  
109 3  
110 1  
111 0  
112 2  
113 3  
114 1  
115 0  
116 2  
117 3  
118 1  
119 0  
120 2  
121 1  
122 3  
123 0  
124 2  
125 1  
126 3  
127 0  
128 2  
129 1  
130 3  
131 0  
132 2  
133 1  
134 3  
135 0  
136 2  
137 1  
138 3  
139 0  
140 2  
141 1  
142 3  
143 0  
144 2  
145 1  
146 3  
147 0  
148 2  
149 1  
150 3  
151 0  
152 2  
153 1  
154 3  
155 0  
156 2  
157 1  
158 3  
159 0  
160 2  
161 1  
162 3  
163 0  
164 2  
165 1  
166 3  
167 0  
168 2  
169 1  
170 3  
171 0  
172 2  
173 1  
174 3  
175 0  
176 2  
177 1  
178 3  
179 0  
180 2  
181 1  
182 3  
183 0  
184 2  
185 1  
186 3  
187 0  
188 2  
189 1  
190 3  
191 0  
192 2  
193 1  
194 3  
195 0  
196 2  
197 1  
198 3  
199 0  
200 2  
201 1  
202 3  
203 0  
204 2  
205 1  
206 3  
207 0  
208 2  
209 1  
210 3  
211 0  
212 2  
213 1  
214 3  
215 0  
216 2  
217 1  
218 3  
219 0  
220 2  
221 1  
222 3  
223 0  
224 2  
225 1  
226 3  
227 2  
228 0  
229 1  
230 3  
231 2  
232 0  
233 1  
234 3  
235 2  
236 0  
237 1  
238 3  
239 2  
240 0  
241 1  
242 3  
243 2  
244 0  
245 1  
246 3  
247 2  
248 0  
249 1  
250 3  
251 2  
252 0  
253 1  
254 3  
255 2  
256 0  
257 1  
258 3  
259 2  
260 0  
261 1  
262 3  
263 2  
264 0  
265 1  
266 3  
267 2  
268 1  
269 0  
270 3  
271 2  
272 1  
273 0  
274 3  
275 2  
276 1  
277 0  
278 3  
279 2  
280 1  
281 0  
282 3  
283 2  
284 1  
285 0  
286 3  
287 2  
288 1  
289 0  
290 3  
291 2  
292 1  
293 0  
294 3  
295 2  
296 1  
297 0  
298 3  
299 2  
300 1  
301 0  
302 3  
303 2  
304 1  
305 0  
306 3  
307 2  
308 1  
309 0  
310 3  
311 2  
312 1  
313 0  
314 3  
315 2  
316 1  
317 0  
318 3  
319 2  
320 1  
321 0  
322 3  
323 2  
324 1  
325 0  
326 3  
327 2  
328 1  
329 0  
330 3  
331 2  
332 1  
333 0  
334 3  
335 2  
336 1  
337 0  
338 3  
339 2  
340 1  
341 3  
342 0  
343 1  
344 2  
345 3  
346 0  
347 1  
348 2  
349 3  
350 0  
351 1  
352 2  
353 3  
354 0  
355 1  
356 2  
357 3  
358 0  
359 1  
360 2  
361 3  
362 0  
363 1  
364 2  
365 3  
366 0  
367 1  
368 2  
369 3  
370 1  
371 0  
372 2  
373 3  
374 1  
375 0  
376 2  
377 3  
378 1  
379 0  
380 2  
381 3  
382 1  
383 2  
384 0  
385 3  
386 1  
387 2  
388 0  
389 3  
390 1  
391 2  
392 0  
393 3  
394 1  
395 2  
396 0  
397 1  
398 3  
399 2  
400 0  
401 1  
402 3  
403 2  
404 0  
405 1  
406 3  
407 2  
408 0  
409 1  
410 3  
411 2  
412 1  
413 0  
414 3  
415 2  
416 1  
417 0  
418 3  
419 2  
420 1  
421 0  
422 3  
423 2  
424 1  
425 0  
426 3  
427 2  
428 1  
429 0  
430 3  
431 2  
432 1  
433 0  
434 3  
435 2  
436 1  
437 0  
438 3  
439 2  
440 1  
441 0  
442 3  
443 2  
444 1  
445 0  
446 3  
447 2  
448 1  
449 0  
450 3  
451 2  
452 1  
453 0  
454 3  
455 2  
456 1  
457 0  
458 3  
459 2  
460 1  
461 0  
462 3  
463 2  
464 1  
465 0  
466 3  
467 2  
468 1  
469 0  
470 3  
471 2  
472 1  
473 0  
474 3  
475 2  
476 1  
477 0  
478 3  
479 2  
480 1  
481 0  
482 3  
483 2  
484 1  
485 0  
486 3  
487 2  
488 1  
489 0  
490 3  
491 2  
492 1  
493 0  
494 3  
495 2  
496 1  
497 0  
498 3  
499 2  
500 1  
501 0  
502 3  
503 2  
504 1  
505 0  
506 3  
507 2  
508 1  
509 0  
510 3  
511 2  
512 1  
513 0  
514 3  
515 2  
516 1  
517 0  
518 3  
519 2  
520 1  
521 0  
522 3  
523 2  
524 1  
525 0  
526 3  
527 2  
528 1  
529 0  
530 3  
531 2  
532 1  
533 0  
534 3  
535 2  
536 1  
537 0  
538 3  
539 2  
540 1  
541 0  
542 3  
543 2  
544 1  
545 0  
546 3  
547 2  
548 1  
549 0  
550 3  
551 2  
552 1  
553 0  
554 3  
555 2  
556 1  
557 0  
558 3  
559 2  
560 1  
561 0  
562 3  
563 2  
564 1  
565 0  
566 3  
567 2  
568 1  
569 0  
570 3  
571 2  
572 1  
573 0  
574 3  
575 2  
576 1  
577 0  
578 3  
579 2  
580 1  
581 0  
582 3  
583 2  
584 1  
585 0  
586 3  
587 2  
588 1  
589 0  
590 3  
591 2  
592 1  
593 0  
594 3  
595 2  
596 1  
597 0  
598 3  
599 2  
600 1  
601 0  
602 3  
603 1  
604 2  
605 0  
606 3  
607 1  
608 2  
609 0  
610 3  
611 1  
612 2  
613 0  
614 3  
615 1  
616 2  
617 0  
618 3  
619 1  
620 2  
621 0  
622 3  
623 1  
624 2  
625 0  
626 3  
627 1  
628 2  
629 0  
630 3  
631 1  
632 2  
633 0  
634 3  
635 1  
636 2  
637 0  
638 3  
639 1  
640 2  
641 0  
642 3  
643 1  
644 2  
645 3  
646 0  
647 1  
648 2  
649 3  
650 1  
651 0  
652 2  
653 3  
654 1  
655 2  
656 0  
657 3  
658 1  
659 2  
660 0  
661 3  
662 1  
663 2  
664 0  
665 3  
666 1  
667 2  
668 0  
669 3  
670 1  
671 2  
672 0  
673 3  
674 1  
675 2  
676 0  
677 3  
678 1  
679 2  
680 0  
681 1  
682 3  
683 2  
684 0  
685 1  
686 2  
687 3  
688 0  
689 1  
690 2  
691 3  
692 0  
693 1  
694 2  
695 3  
696 0  
697 1  
698 2  
699 0  
700 3  
701 1  
702 2  
703 0  
704 3  
705 1  
706 2  
707 0  
708 3  
709 1  
710 2  
711 0  
712 3  
713 1  
714 2  
715 0  
716 3  
717 1  
718 2  
719 0  
720 3  
721 1  
722 2  
723 0  
724 3  
725 1  
726 2  
727 0  
728 3  
729 1  
730 2  
731 0  
732 3  
733 1  
734 2  
735 0  
736 3  
737 1  
738 2  
739 0  
740 3  
741 1  
742 2  
743 0  
744 3  
745 1  
746 2  
747 0  
748 3  
749 1  
750 2  
751 0  
752 3  
753 1  
754 2  
755 0  
756 3  
757 1  
758 2  
759 0  
760 3  
761 1  
762 2  
763 0  
764 3  
765 1  
766 2  
767 0  
768 3  
769 1  
770 2  
771 0  
772 3  
773 1  
774 2  
775 0  
776 3  
777 1  
778 2  
779 0  
780 3  
781 1  
782 2  
783 0  
784 3  
785 1  
786 2  
787 0  
788 3  
789 1  
790 2  
791 0  
792 3  
793 1  
794 2  
795 0  
796 3  
797 1  
798 2  
799 0  
800 3  
801 1  
802 2  
803 0  
804 3  
805 1  
806 2  
807 0  
808 3  
809 1  
810 2  
811 0  
812 3  
813 1  
814 2  
815 0  
816 3  
817 1  
818 2  
819 0  
820 3  
821 1  
822 2  
823 0  
824 3  
825 1  
826 2  
827 0  
828 3  
829 1  
830 2  
831 0  
832 3  
833 1  
834 2  
835 0  
836 3  
837 1  
838 2  
839 0  
840 3  
841 1  
842 2  
843 0  
844 3  
845 1  
846 2  
847 0  
848 3  
849 1  
850 2  
851 0  
852 3  
853 1  
854 2  
855 0  
856 3  
857 1  
858 2  
859 0  
860 3  
861 1  
862 2  
863 0  
864 3  
865 1  
866 2  
867 0  
868 3  
869 1  
870 2  
871 0  
872 3  
873 1  
874 2  
875 0  
876 3  
877 1  
878 2  
879 0  
880 3  
881 1  
882 2  
883 0  
884 3  
885 1  
886 2  
887 0  
888 3  
889 1  
890 2  
891 0  
892 3  
893 1  
894 2  
895 0  
896 3  
897 1  
898 2  
899 0  
900 3  
901 1  
902 2  
903 0  
904 1  
905 3  
906 2  
907 0  
908 1  
909 3  
910 2  
911 1  
912 0  
913 3  
914 2  
915 1  
916 0  
917 3  
918 1  
919 2  
920 0  
921 3  
922 1  
923 2  
924 0  
925 3  
926 1  
927 2  
928 0  
929 3  
930 1  
931 2  
932 0  
933 3  
934 1  
935 2  
936 0  
937 3  
938 1  
939 2  
940 0  
941 3  
942 1  
943 2  
944 0  
945 3  
946 1  
947 2  
948 0  
949 3  
950 1  
951 2  
952 0  
953 3  
954 1  
955 2  
956 0  
957 3  
958 1  
959 2  
960 0  
961 3  
962 1  
963 2  
964 0  
965 3  
966 1  
967 2  
968 0  
969 3  
970 1  
971 2  
972 0  
973 1  
974 3  
975 2  
976 0  
977 1  
978 3  
979 2  
980 0  
981 1  
982 2  
983 3  
984 0  
985 1  
986 2  
987 3  
988 0  
989 1  
990 2  
991 3  
992 0  
993 1  
994 2  
995 3  
996 0  
997 1  
998 2  
999 3  
1000 0  
1001 1  
1002 2  
1003 3  
1004 0  
1005 1  
1006 2  
1007 3  
1008 0  
1009 1  
1010 2  
1011 3  
1012 0  
1013 1  
1014 2  
1015 3  
1016 0  
1017 1  
1018 2  
1019 3  
1020 0  
1021 1  
1022 2  
1023 3  
1024 0  
1025 1  
1026 2  
1027 3  
1028 0  
1029 1  
1030 2  
1031 3  
1032 0  
1033 1  
1034 2  
1035 3  
1036 0  
1037 1  
1038 2  
1039 3  
1040 0  
1041 1  
1042 2  
1043 3  
1044 0  
1045 1  
1046 2  
1047 3  
1048 0  
1049 1  
1050 2  
1051 3  
1052 0  
1053 1  
1054 2  
1055 3  
1056 0  
1057 1  
1058 2  
1059 3  
1060 0  
1061 1  
1062 2  
1063 3  
1064 0  
1065 1  
1066 2  
1067 3  
1068 0  
1069 1  
1070 2  
1071 3  
1072 0  
1073 1  
1074 2  
1075 3  
1076 0  
1077 1  
1078 2  
1079 3  
1080 0  
1081 1  
1082 2  
1083 3  
1084 0  
1085 1  
1086 2  
1087 3  
1088 0  
1089 1  
1090 2  
1091 3  
1092 0  
1093 1  
1094 2  
1095 3  
1096 0  
1097 1  
1098 2  
1099 3  
1100 0  
1101 1  
1102 2  
1103 3  
1104 0  
1105 1  
1106 2  
1107 3  
1108 0  
1109 1  
1110 2  
1111 3  
1112 0  
1113 1  
1114 2  
1115 3  
1116 0  
1117 1  
1118 2  
1119 3  
1120 0  
1121 1  
1122 2  
1123 3  
1124 0  
1125 1  
1126 2  
1127 3  
1128 0  
1129 1  
1130 2  
1131 3  
1132 0  
1133 2  
1134 1  
1135 3  
1136 0  
1137 2  
1138 1  
1139 3  
1140 0  
1141 2  
1142 1  
1143 3  
1144 0  
1145 2  
1146 1  
1147 3  
1148 0  
1149 2  
1150 1  
1151 3  
1152 0  
1153 2  
1154 1  
1155 3  
1156 0  
1157 2  
1158 1  
1159 3  
1160 0  
1161 2  
1162 1  
1163 3  
1164 0  
1165 2  
1166 1  
1167 3  
1168 0  
1169 2  
1170 1  
1171 3  
1172 0  
1173 2  
1174 1  
1175 3  
1176 0  
1177 2  
1178 1  
1179 3  
1180 0  
1181 2  
1182 1  
1183 3  
1184 0  
1185 2  
1186 1  
1187 3  
1188 0  
1189 2  
1190 1  
1191 3  
1192 0  
1193 2  
1194 1  
1195 3  
1196 0  
1197 2  
1198 1  
1199 3  
1200 0  
1201 2  
1202 1  
1203 3  
1204 0  
1205 2  
1206 1  
1207 3  
1208 0  
1209 2  
1210 1  
1211 3  
1212 0  
1213 2  
1214 1  
1215 3  
1216 0  
1217 1  
1218 2  
1219 3  
1220 0  
1221 1  
1222 2  
1223 3  
1224 0  
1225 1  
1226 2  
1227 3  
1228 0  
1229 1  
1230 2  
1231 3  
1232 0  
1233 1  
1234 2  
1235 3  
1236 0  
1237 1  
1238 2  
1239 3  
1240 0  
1241 1  
1242 2  
1243 3  
1244 0  
1245 1  
1246 2  
1247 3  
1248 0  
1249 1  
1250 2  
1251 3  
1252 0  
1253 1  
1254 2  
1255 3  
1256 1  
1257 0  
1258 2  
1259 3  
1260 1  
1261 0  
1262 2  
1263 3  
1264 1  
1265 2  
1266 0  
1267 3  
1268 1  
1269 2  
1270 0  
1271 3  
1272 1  
1273 2  
1274 0  
1275 3  
1276 1  
1277 2  
1278 0  
1279 3  
1280 1  
1281 2  
1282 0  
1283 3  
1284 1  
1285 2  
1286 0  
1287 3  
1288 1  
1289 2  
1290 0  
1291 3  
1292 1  
1293 2  
1294 0  
1295 3  
1296 1  
1297 2  
1298 0  
1299 3  
1300 1  
1301 2  
1302 0  
1303 3  
1304 1  
1305 2  
1306 0  
1307 3  
1308 1  
1309 2  
1310 0  
1311 3  
1312 1  
1313 2  
1314 0  
1315 3  
1316 1  
1317 2  
1318 0  
1319 3  
1320 1  
1321 2  
1322 0  
1323 3  
1324 1  
1325 2  
1326 0  
1327 3  
1328 1  
1329 2  
1330 0  
1331 3  
1332 1  
1333 2  
1334 0  
1335 3  
1336 1  
1337 2  
1338 0  
1339 3  
1340 1  
1341 2  
1342 0  
1343 3  
1344 1  
1345 2  
1346 0  
1347 3  
1348 1  
1349 2  
1350 0  
1351 3  
1352 1  
1353 2  
1354 0  
1355 3  
1356 1  
1357 2  
1358 0  
1359 3  
1360 1  
1361 2  
1362 0  
1363 3  
1364 1  
1365 2  
1366 0  
1367 3  
1368 1  
1369 2  
1370 0  
1371 3  
1372 1  
1373 2  
1374 0  
1375 3  
1376 1  
1377 2  
1378 0  
1379 3  
1380 1  
1381 2  
1382 0  
1383 3  
1384 1  
1385 2  
1386 0  
1387 3  
1388 1  
1389 2  
1390 0  
1391 3  
1392 1  
1393 2  
1394 0  
1395 3  
1396 1  
1397 2  
1398 0  
1399 3  
1400 1  
1401 2  
1402 0  
1403 3  
1404 1  
1405 2  
1406 0  
1407 3  
1408 1  
1409 2  
1410 0  
1411 3  
1412 1  
1413 2  
1414 0  
1415 3  
1416 1  
1417 2  
1418 0  
1419 3  
1420 1  
1421 2  
1422 0  
1423 3  
1424 1  
1425 2  
1426 0  
1427 3  
1428 1  
1429 2  
1430 0  
1431 3  
1432 1  
1433 2  
1434 0  
1435 3  
1436 1  
1437 2  
1438 0  
1439 3  
1440 1  
1441 2  
1442 0  
1443 3  
1444 1  
1445 2  
1446 0  
1447 3  
1448 1  
1449 2  
1450 0  
1451 3  
1452 1  
1453 2  
1454 0  
1455 3  
1456 1  
1457 2  
1458 0  
1459 3  
1460 1  
1461 2  
1462 0  
1463 3  
1464 1  
1465 2  
1466 0  
1467 3  
1468 1  
1469 2  
1470 0  
1471 3  
1472 1  
1473 2  
1474 0  
1475 3  
1476 1  
1477 2  
1478 0  
1479 3  
1480 1  
1481 2  
1482 0  
1483 3  
1484 1  
1485 2  
1486 0  
1487 3  
1488 1  
1489 2  
1490 0  
1491 3  
1492 1  
1493 2  
1494 0  
1495 3  
1496 1  
1497 2  
1498 0  
1499 3  
1500 1  
1501 2  
1502 0  
1503 3  
1504 1  
1505 2  
1506 0  
1507 3  
1508 1  
1509 2  
1510 0  
1511 3  
1512 1  
1513 2  
1514 0  
1515 3  
1516 1  
1517 2  
1518 0  
1519 3  
1520 1  
1521 2  
1522 0  
1523 3  
1524 1  
1525 2  
1526 0  
1527 3  
1528 1  
1529 2  
1530 3  
1531 0  
1532 1  
1533 3  
1534 2  
1535 0  
1536 1  
1537 3  
1538 2  
1539 0  
1540 1  
1541 3  
1542 2  
1543 0  
1544 1  
1545 3  
1546 2  
1547 0  
1548 1  
1549 3  
1550 2  
1551 0  
1552 1  
1553 3  
1554 2  
1555 0  
1556 1  
1557 3  
1558 2  
1559 0  
1560 1  
1561 3  
1562 2  
1563 0  
1564 1  
1565 3  
1566 2  
1567 0  
1568 1  
1569 3  
1570 2  
1571 0  
1572 1  
1573 3  
1574 2  
1575 1  
1576 0  
1577 3  
1578 2  
1579 1  
1580 3  
1581 0  
1582 2  
1583 1  
1584 3  
1585 2  
1586 0  
1587 1  
1588 3  
1589 2  
1590 0  
1591 1  
1592 3  
1593 2  
1594 0  
1595 1  
1596 3  
1597 2  
1598 1  
1599 0  
1600 3  
1601 2  
1602 1  
1603 0  
1604 3  
1605 2  
1606 1  
1607 3  
1608 0  
1609 2  
1610 1  
1611 3  
1612 0  
1613 2  
1614 1  
1615 3  
1616 0  
1617 2  
1618 1  
1619 3  
1620 0  
1621 2  
1622 1  
1623 3  
1624 0  
1625 2  
1626 1  
1627 3  
1628 0  
1629 2  
1630 1  
1631 3  
1632 0  
1633 2  
1634 1  
1635 3  
1636 0  
1637 2  
1638 1  
1639 3  
1640 0  
1641 2  
1642 1  
1643 3  
1644 0  
1645 2  
1646 1  
1647 3  
1648 0  
1649 2  
1650 1  
1651 3  
1652 0  
1653 2  
1654 1  
1655 3  
1656 0  
1657 2  
1658 1  
1659 3  
1660 0  
1661 2  
1662 1  
1663 3  
1664 0  
1665 2  
1666 3  
1667 1  
1668 0  
1669 2  
1670 3  
1671 0  
1672 1  
1673 2  
1674 3  
1675 0  
1676 1  
1677 2  
1678 3  
1679 0  
1680 2  
1681 1  
1682 3  
1683 0  
1684 2  
1685 1  
1686 3  
1687 0  
1688 2  
1689 1  
1690 3  
1691 0  
1692 2  
1693 1  
1694 3  
1695 0  
1696 2  
1697 1  
1698 3  
1699 0  
1700 2  
1701 1  
1702 3  
1703 0  
1704 2  
1705 1  
1706 3  
1707 0  
1708 2  
1709 1  
1710 3  
1711 0  
1712 2  
1713 1  
1714 3  
1715 0  
1716 2  
1717 1  
1718 3  
1719 0  
1720 2  
1721 1  
1722 3  
1723 0  
1724 2  
1725 1  
1726 3  
1727 0  
1728 2  
1729 1  
1730 3  
1731 0  
1732 2  
1733 1  
1734 3  
1735 0  
1736 2  
1737 1  
1738 3  
1739 0  
1740 2  
1741 1  
1742 3  
1743 0  
1744 2  
1745 1  
1746 3  
1747 0  
1748 2  
1749 1  
1750 3  
1751 0  
1752 2  
1753 1  
1754 3  
1755 0  
1756 2  
1757 1  
1758 3  
1759 0  
1760 2  
1761 1  
1762 3  
1763 0  
1764 2  
1765 1  
1766 3  
1767 0  
1768 2  
1769 1  
1770 3  
1771 0  
1772 2  
1773 1  
1774 3  
1775 0  
1776 2  
1777 1  
1778 3  
1779 0  
1780 2  
1781 1  
1782 3  
1783 0  
1784 2  
1785 1  
1786 3  
1787 0  
1788 2  
1789 1  
1790 3  
1791 0  
1792 2  
1793 1  
1794 3  
1795 0  
1796 2  
1797 1  
1798 3  
1799 0  
1800 2  
1801 1  
1802 3  
1803 0  
1804 2  
1805 1  
1806 3  
1807 0  
1808 2  
1809 1  
1810 3  
1811 0  
1812 2  
1813 1  
1814 3  
1815 0  
1816 2  
1817 1  
1818 3  
1819 0  
1820 2  
1821 1  
1822 3  
1823 0  
1824 2  
1825 1  
1826 3  
1827 0  
1828 2  
1829 1  
1830 3  
1831 0  
1832 2  
1833 1  
1834 3  
1835 0  
1836 2  
1837 1  
1838 3  
1839 0  
1840 2  
1841 1  
1842 3  
1843 0  
1844 2  
1845 1  
1846 3  
1847 0  
1848 2  
1849 1  
1850 3  
1851 0  
1852 2  
1853 1  
1854 3  
1855 2  
1856 0  
1857 1  
1858 3  
1859 2  
1860 0  
1861 1  
1862 3  
1863 2  
1864 0  
1865 1  
1866 3  
1867 2  
1868 0  
1869 1  
1870 3  
1871 0  
1872 2  
1873 1  
1874 3  
1875 0  
1876 2  
1877 1  
1878 3  
1879 0  
1880 2  
1881 1  
1882 3  
1883 0  
1884 2  
1885 1  
1886 3  
1887 0  
1888 2  
1889 1  
1890 3  
1891 0  
1892 2  
1893 1  
1894 3  
1895 0  
1896 2  
1897 1  
1898 3  
1899 0  
1900 2  
1901 1  
1902 3  
1903 0  
1904 2  
1905 1  
1906 3  
1907 0  
1908 2  
1909 1  
1910 3  
1911 0  
1912 2  
1913 1  
1914 3  
1915 0  
1916 2  
1917 1  
1918 3  
1919 0  
1920 2  
1921 1  
1922 3  
1923 0  
1924 2  
1925 1  
1926 3  
1927 0  
1928 2  
1929 1  
1930 3  
1931 0  
1932 2  
1933 1  
1934 3  
1935 0  
1936 2  
1937 1  
1938 3  
1939 0  
1940 2  
1941 1  
1942 3  
1943 0  
1944 2  
1945 3  
1946 1  
1947 0  
1948 2  
1949 3  
1950 1  
1951 0  
1952 2  
1953 3  
1954 1  
1955 0  
1956 2  
1957 3  
1958 1  
1959 0  
1960 2  
1961 3  
1962 1  
1963 0  
1964 2  
1965 3  
1966 1  
1967 0  
1968 2  
1969 3  
1970 1  
1971 0  
1972 2  
1973 3  
1974 1  
1975 0  
1976 2  
1977 3  
1978 1  
1979 0  
1980 2  
1981 3  
1982 1  
1983 0  
1984 2  
1985 3  
1986 1  
1987 0  
1988 2  
1989 3  
1990 1  
1991 0  
1992 2  
1993 3  
1994 1  
1995 0  
1996 2  
1997 3  
1998 1  
1999 0  
2000 2  
2001 3  
2002 1  
2003 0  
2004 2  
2005 3  
2006 1  
2007 0  
2008 2  
2009 3  
2010 1  
2011 0  
2012 2  
2013 3  
2014 1  
2015 0  
2016 2  
2017 3  
2018 1  
2019 0  
2020 2  
2021 3  
2022 1  
2023 0  
2024 2  
2025 3  
2026 1  
2027 0  
2028 2  
2029 3  
2030 1  
2031 0  
2032 2  
2033 3  
2034 1  
2035 0  
2036 2  
2037 3  
2038 1  
2039 0  
2040 2  
2041 1  
2042 3  
2043 0  
2044 2  
2045 1  
2046 3  
2047 0  
2048 2  
2049 1  
2050 3  
2051 0  
2052 2  
2053 1  
2054 3  
2055 0  
2056 2  
2057 1  
2058 3  
2059 0  
2060 2  
2061 1  
2062 3  
2063 0  
2064 2  
2065 1  
2066 3  
2067 0  
2068 2  
2069 1  
2070 3  
2071 0  
2072 2  
2073 1  
2074 3  
2075 0  
2076 2  
2077 1  
2078 3  
2079 0  
2080 2  
2081 1  
2082 3  
2083 0  
2084 2  
2085 1  
2086 3  
2087 0  
2088 2  
2089 1  
2090 3  
2091 0  
2092 2  
2093 1  
2094 3  
2095 0  
2096 2  
2097 1  
2098 3  
2099 0  
2100 2  
2101 1  
2102 3  
2103 0  
2104 2  
2105 1  
2106 3  
2107 0  
2108 2  
2109 1  
2110 3  
2111 0  
2112 2  
2113 1  
2114 3  
2115 0  
2116 2  
2117 1  
2118 3  
2119 0  
2120 2  
2121 1  
2122 3  
2123 0  
2124 2  
2125 1  
2126 3  
2127 0  
2128 2  
2129 1  
2130 3  
2131 0  
2132 2  
2133 1  
2134 3  
2135 0  
2136 2  
2137 1  
2138 3  
2139 0  
2140 2  
2141 1  
2142 3  
2143 0  
2144 2  
2145 1  
2146 3  
2147 0  
2148 2  
2149 1  
2150 3  
2151 0  
2152 2  
2153 1  
2154 3  
2155 0  
2156 1  
2157 2  
2158 3  
2159 0  
2160 1  
2161 3  
2162 2  
2163 0  
2164 1  
2165 3  
2166 2  
2167 0  
2168 1  
2169 3  
2170 2  
2171 0  
2172 1  
2173 3  
2174 2  
2175 0  
2176 1  
2177 3  
2178 2  
2179 0  
2180 1  
2181 3  
2182 2  
2183 0  
2184 1  
2185 3  
2186 2  
2187 0  
2188 1  
2189 3  
2190 2  
2191 0  
2192 1  
2193 3  
2194 2  
2195 0  
2196 1  
2197 3  
2198 2  
2199 0  
2200 1  
2201 3  
2202 2  
2203 0  
2204 1  
2205 3  
2206 2  
2207 0  
2208 1  
2209 3  
2210 2  
2211 0  
2212 1  
2213 3  
2214 2  
2215 0  
2216 1  
2217 3  
2218 2  
2219 0  
2220 1  
2221 3  
2222 2  
2223 0  
2224 1  
2225 3  
2226 2  
2227 0  
2228 1  
2229 3  
2230 2  
2231 0  
2232 1  
2233 3  
2234 2  
2235 0  
2236 1  
2237 3  
2238 2  
2239 0  
2240 1  
2241 3  
2242 2  
2243 0  
2244 1  
2245 3  
2246 2  
2247 0  
2248 1  
2249 3  
2250 2  
2251 0  
2252 1  
2253 3  
2254 2  
2255 0  
2256 1  
2257 3  
2258 2  
2259 0  
2260 1  
2261 3  
2262 2  
2263 0  
2264 1  
2265 3  
2266 2  
2267 0  
2268 1  
2269 3  
2270 2  
2271 0  
2272 1  
2273 3  
2274 2  
2275 0  
2276 1  
2277 3  
2278 2  
2279 0  
2280 1  
2281 3  
2282 2  
2283 0  
2284 1  
2285 3  
2286 2  
2287 0  
2288 1  
2289 2  
2290 3  
2291 0  
2292 1  
2293 2  
2294 3  
2295 0  
2296 1  
2297 2  
2298 3  
2299 0  
2300 1  
2301 2  
2302 3  
2303 0  
2304 1  
2305 2  
2306 3  
2307 0  
2308 1  
2309 2  
2310 3  
2311 0  
2312 1  
2313 2  
2314 3  
2315 0  
2316 1  
2317 2  
2318 3  
2319 0  
2320 1  
2321 2  
2322 3  
2323 0  
2324 1  
2325 2  
2326 3  
2327 0  
2328 1  
2329 2  
2330 3  
2331 0  
2332 1  
2333 2  
2334 3  
2335 0  
2336 1  
2337 2  
2338 3  
2339 0  
2340 1  
2341 2  
2342 3  
2343 0  
2344 1  
2345 2  
2346 3  
2347 0  
2348 1  
2349 2  
2350 3  
2351 0  
2352 1  
2353 2  
2354 3  
2355 0  
2356 1  
2357 2  
2358 3  
2359 0  
2360 1  
2361 2  
2362 3  
2363 0  
2364 1  
2365 2  
2366 3  
2367 0  
2368 1  
2369 2  
2370 3  
2371 0  
2372 1  
2373 2  
2374 3  
2375 0  
2376 1  
2377 2  
2378 3  
2379 0  
2380 1  
2381 2  
2382 3  
2383 0  
2384 1  
2385 2  
