2 0
3 2
4 3
5 1
6 2
7 0
8 1
9 3
10 2
11 1
12 1
13 0
14 3
15 1
16 2
17 1
18 1
19 3
20 1
21 0
22 2
23 3
24 1
25 1
26 2
27 0
28 3
29 1
30 2
31 1
32 3
33 2
34 1
35 0
36 3
37 1
38 1
39 0
40 2
41 3
42 1
43 2
44 1
45 3
46 0
47 2
48 1
49 3
50 2
51 0
52 1
53 1
54 3
55 2
56 0
57 1
58 2
59 1
60 3
61 2
62 0
63 1
64 3
65 2
66 1
67 0
68 3
69 2
70 1
71 0
72 3
73 2
74 1
75 1
76 0
77 2
78 3
79 1
80 1
81 0
82 3
83 2
86 0
87 1
88 3
89 2
90 1
91 1
94 2
95 1
96 0
97 3
98 2
100 1
104 0
105 1
106 3
107 2
108 1
109 0
110 3
111 2
115 1
116 3
117 0
118 2
119 1
122 3
124 0
125 1
126 2
127 3
129 1
132 2
133 0
134 1
135 3
138 1
139 2
142 0
143 3
144 1
145 2
147 1
150 0
151 1
152 3
153 2
155 2
156 1
158 3
160 0
161 1
162 2
164 3
165 1
167 2
168 1
170 0
171 3
172 1
173 2
175 1
176 3
178 2
179 1
180 0
183 3
184 1
185 2
189 0
190 3
191 2
192 1
195 1
197 0
198 3
199 2
200 1
202 1
204 0
205 3
206 2
207 1
210 1
211 1
212 0
213 3
214 2
216 1
218 0
219 2
220 3
221 1
224 1
226 2
227 3
228 0
230 2
231 1
232 3
233 2
234 1
235 0
239 1
240 3
241 0
243 2
244 1
245 3
246 0
249 1
250 2
252 3
253 1
254 0
255 2
256 1
259 0
260 1
261 3
262 2
265 0
266 1
268 3
269 2
271 1
272 0
274 3
275 2
276 1
280 0
281 3
282 1
283 2
285 1
286 3
287 2
288 0
290 1
291 3
293 2
296 1
297 0
300 3
301 2
303 1
304 0
308 3
309 2
310 1
312 1
313 0
315 2
316 3
317 1
318 1
322 2
323 1
324 0
325 3
326 2
327 1
329 1
331 3
332 2
333 1
334 0
336 1
337 3
338 2
339 1
340 0
342 3
343 2
345 1
347 3
348 0
349 2
350 1
352 1
354 3
355 0
356 1
357 2
360 1
361 0
362 3
364 1
366 2
367 1
368 0
370 3
372 1
373 2
376 1
379 0
380 1
381 3
383 2
384 0
385 1
388 3
389 2
390 0
392 1
395 3
396 2
397 0
399 1
400 3
402 2
403 0
404 1
405 3
408 2
409 0
410 1
411 3
413 2
414 1
416 0
419 1
420 3
421 2
422 1
423 0
425 3
426 2
427 1
430 0
433 1
434 3
435 2
436 1
437 0
438 1
443 3
444 2
445 1
447 0
449 2
450 3
451 1
452 1
454 0
455 2
456 3
457 1
458 2
460 1
462 3
464 0
465 1
466 2
467 3
469 1
471 2
472 0
474 3
476 1
479 2
481 0
482 1
484 3
489 0
490 1
491 2
492 3
496 1
497 2
498 0
499 3
500 1
502 2
504 1
506 3
507 0
508 1
509 2
512 1
513 3
514 0
518 2
520 3
521 1
523 0
524 2
525 3
526 1
528 0
530 1
531 2
532 3
534 0
535 1
536 2
538 1
539 0
540 3
541 2
543 1
547 3
548 1
549 2
550 0
551 1
554 1
555 3
556 0
557 2
558 1
561 1
563 3
564 2
565 0
566 1
569 3
570 2
571 1
572 0
574 1
575 3
576 2
579 0
580 1
581 3
582 2
584 1
586 0
587 3
588 2
589 1
592 1
594 2
595 0
596 3
597 1
599 1
600 2
602 3
603 0
606 1
609 2
611 1
612 3
613 0
614 1
618 2
619 1
620 3
622 1
623 0
624 2
626 3
628 1
631 0
632 2
633 1
634 3
636 1
639 2
640 3
641 0
642 1
647 3
648 2
649 0
650 1
654 1
655 2
656 3
657 0
658 1
660 1
661 0
662 2
663 3
664 1
668 1
669 0
670 2
671 3
672 1
677 1
678 3
679 2
680 0
681 1
684 0
685 2
686 1
687 3
689 1
690 0
691 2
692 3
694 1
697 1
698 2
699 3
700 0
701 1
704 2
705 3
706 1
707 0
708 1
711 2
712 1
713 3
714 0
715 1
718 1
719 0
721 3
722 2
724 1
726 1
728 2
729 3
730 0
731 1
733 1
734 0
736 2
737 3
738 1
741 0
742 2
743 1
744 3
745 1
750 0
751 1
752 2
753 3
759 1
760 0
761 3
762 2
765 1
766 3
768 2
769 0
770 3
771 1
775 1
776 0
777 2
778 3
779 1
782 1
784 1
785 0
786 2
787 3
788 1
792 1
793 0
794 2
795 3
798 1
801 2
802 1
803 3
804 0
806 2
809 1
810 3
811 0
812 2
813 1
815 3
816 0
817 1
819 2
820 3
823 1
824 0
825 2
826 3
827 1
832 1
833 2
834 3
835 0
836 1
840 0
841 1
842 2
843 3
844 1
845 0
846 1
848 2
849 3
851 1
852 2
853 0
856 1
858 3
859 0
861 2
865 1
866 0
867 3
869 2
872 3
873 0
874 1
875 1
878 2
879 3
881 0
882 1
887 2
888 1
889 3
890 0
891 1
896 1
897 2
898 3
899 0
901 1
902 3
903 2
905 1
906 0
908 3
911 2
912 1
916 3
917 0
918 1
919 2
921 1
925 3
926 0
927 1
928 2
931 3
933 1
937 0
940 2
941 3
942 1
944 0
945 2
946 3
947 1
950 1
951 2
952 3
953 0
954 1
958 1
959 0
960 2
961 3
964 1
965 3
966 2
967 0
970 1
973 0
974 2
975 3
977 1
979 2
981 0
982 1
983 3
984 2
987 0
990 3
991 2
993 1
994 0
997 1
998 3
999 1
1000 2
1001 3
1002 0
1003 1
1007 2
1008 3
1009 1
1010 0
1012 1
1014 2
1015 3
1017 0
1019 1
1022 3
1023 2
1024 0
1027 1
1031 0
1032 2
1033 3
1035 1
1038 0
1040 2
1041 3
1042 1
1044 1
1046 0
1047 2
1048 3
1049 1
1055 0
1057 2
1058 3
1059 1
1064 1
1065 0
1066 2
1067 3
1075 1
1076 2
1077 3
1078 0
1081 2
1082 3
1083 1
1084 0
1087 3
1088 2
1089 1
1091 0
1093 1
1094 3
1095 2
1100 1
1101 0
1102 3
1103 2
1108 3
1109 2
1110 0
1111 1
1114 1
1115 3
1116 2
1117 0
1121 3
1122 2
1123 1
1124 0
1127 1
1128 3
1129 2
1131 0
1135 3
1136 2
1137 1
1138 0
1139 1
1141 3
1143 0
1145 2
1146 1
1149 0
1150 1
1151 3
1152 2
1157 0
1158 3
1159 2
1160 1
1163 1
1164 0
1169 3
1170 0
1171 2
1172 1
1175 3
1177 1
1178 0
1181 1
1182 2
1183 3
1186 0
1188 1
1189 3
1190 2
1194 1
1195 0
1197 3
1198 2
1199 1
1204 1
1205 3
1207 2
1210 1
1216 3
1217 2
1218 0
1219 1
1220 3
1221 2
1222 0
1224 1
1225 3
1227 2
1230 0
1232 3
1234 1
1235 2
1238 3
1239 0
1240 1
1242 2
1243 3
1246 0
1247 1
1250 2
1251 3
1253 0
1254 1
1255 0
1257 2
1258 3
1262 0
1264 2
1265 1
1266 3
1268 0
1269 1
1273 2
1274 3
1275 1
1276 0
1279 2
1281 1
1282 3
1285 0
1287 1
1288 2
1292 3
1293 1
1294 0
1295 1
1298 2
1299 3
1300 0
1301 1
1305 2
1306 3
1307 0
1308 1
1311 1
1314 0
1315 2
1316 3
1317 1
1320 0
1324 1
1326 3
1327 2
1328 0
1329 1
1333 1
1334 0
1336 2
1337 3
1338 1
1341 0
1342 1
1343 3
1344 2
1345 1
1349 0
1352 1
1355 2
1356 3
1357 1
1360 0
1363 1
1364 2
1365 3
1368 0
1369 1
1371 2
1372 3
1377 1
1378 0
1379 3
1380 2
1381 3
1382 1
1386 2
1387 3
1388 0
1389 1
1391 1
1393 2
1394 3
1395 0
1397 1
1400 2
1401 3
1402 1
1404 0
1407 3
1408 2
1409 1
1412 1
1414 0
1417 3
1418 2
1419 1
1422 0
1424 2
1425 3
1426 1
1427 0
1429 2
1430 3
1434 0
1435 1
1437 2
1438 3
1441 0
1444 1
1446 1
1447 2
1448 3
1449 0
1451 1
1453 0
1454 2
1455 3
1459 1
1462 0
1463 2
1464 3
1465 1
1468 0
1472 1
1473 3
1474 0
1475 2
1477 3
1479 1
1481 0
1484 1
1486 2
1487 3
1489 0
1490 1
1494 2
1495 3
1496 1
1497 0
1500 1
1501 2
1502 3
1504 0
1506 1
1507 3
1510 2
1511 1
1512 3
1513 0
1516 1
1518 2
1520 3
1521 0
1522 1
1525 1
1527 2
1528 3
1529 0
1532 1
1535 2
1536 3
1537 0
1538 1
1541 2
1542 3
1543 0
1544 1
1546 1
1549 2
1550 3
1551 0
1552 1
1556 1
1557 2
1558 3
1560 0
1562 1
1564 2
1565 3
1567 1
1568 0
1571 3
1572 2
1573 1
1574 0
1575 3
1577 1
1580 2
1581 0
1582 1
1583 3
1587 0
1588 2
1589 1
1591 3
1593 0
1596 1
1597 2
1599 3
1602 1
1603 0
1606 2
1607 3
1608 1
1611 0
1613 2
1614 3
1616 1
1617 0
1621 1
1624 0
1627 1
1632 1
1633 0
1637 2
1638 1
1639 3
1640 0
1641 3
1642 1
1643 2
1647 1
1648 0
1649 3
1653 2
1654 1
1656 0
1657 3
1660 1
1661 2
1663 3
1665 1
1666 0
1669 2
1671 1
1672 3
1673 3
1674 2
1676 0
1677 1
1678 2
1679 3
1684 0
1687 2
1688 3
1689 1
1692 0
1695 3
1696 2
1698 1
1700 0
1701 3
1702 2
1703 1
1705 3
1707 0
1710 2
1711 1
1713 3
1715 0
1716 1
1718 2
1721 0
1722 3
1723 1
1726 2
1729 0
1730 1
1731 3
1735 2
1737 3
1738 0
1739 1
1744 2
1745 3
1746 0
1747 1
1749 0
1752 2
1753 3
1755 1
1757 0
1761 2
1762 3
1763 1
1764 0
1768 2
1769 3
1770 1
1771 0
1777 0
1778 1
1781 2
1782 3
1783 1
1784 0
1786 1
1789 3
1790 1
1792 0
1801 0
1802 1
1803 3
1804 2
1806 1
1808 0
1809 3
1810 2
1811 1
1812 3
1816 0
1817 1
1818 2
1819 3
1822 1
1824 0
1827 1
1828 2
1829 3
1831 0
1835 1
1838 2
1839 3
1840 2
1841 1
1842 0
1845 1
1848 0
1849 2
1850 3
1851 1
1854 1
1855 0
1856 3
1857 2
1858 1
1859 3
1862 0
1863 1
1864 2
1866 3
1869 0
1870 1
1871 2
1872 3
1874 1
1876 0
1878 1
1879 2
1880 3
1882 0
1885 1
1886 3
1887 2
1888 0
1889 1
1892 1
1893 0
1894 3
1895 2
1899 1
1900 3
1902 0
1903 1
1904 2
1907 0
1908 3
1909 1
1912 1
1916 2
1917 1
1918 0
1919 3
1920 1
1922 2
1923 0
1926 1
1927 3
1929 1
1930 2
1931 0
1933 3
1934 1
1938 1
1939 2
1940 3
1941 0
1948 0
1949 2
1950 3
1951 1
1953 1
1957 0
1959 1
1960 3
1962 2
1963 1
1964 3
1967 0
1968 1
1973 1
1974 2
1975 3
1977 1
1978 0
1981 2
1982 3
1984 1
1986 0
1988 1
1992 2
1993 3
1994 1
1995 0
1999 1
2000 0
2001 1
2003 2
2004 3
2007 1
2008 0
2013 2
2014 3
2015 0
2016 1
2020 0
2022 2
2023 3
2025 1
2030 0
2031 3
2032 2
2033 1
2035 0
2038 1
2039 3
2040 2
2041 0
2046 3
2047 1
2048 2
2051 0
2052 1
2055 3
2056 0
2057 1
2058 2
2061 1
2062 0
2063 3
2064 2
2068 0
2069 1
2073 3
2074 2
2075 1
2076 0
2080 3
2081 2
2082 0
2083 1
2087 3
2088 2
2090 0
2091 1
2093 3
2099 2
2100 0
2101 1
2102 3
2107 1
2108 0
2109 2
2111 3
2116 0
2117 1
2118 2
2120 3
2122 1
2125 0
2129 3
2130 1
2134 0
2136 1
2142 3
2143 2
2144 0
2145 1
2146 1
2148 3
2150 0
2151 2
2154 1
2155 3
2156 0
2160 2
2161 3
2162 0
2166 1
2170 0
2171 2
2172 3
2174 1
2177 0
2178 2
2180 2
2181 3
2182 0
2183 1
2190 1
2191 0
2192 3
2193 2
2195 1
2198 0
2200 2
2201 3
2203 0
2209 0
2210 3
2211 2
2216 0
2217 3
2218 2
2220 1
2224 0
2225 3
2226 1
2227 2
2230 3
2231 0
2235 1
2236 2
2238 3
2239 0
2240 1
2243 2
2246 1
2247 0
2248 3
2251 2
2253 1
2255 0
2256 1
2257 3
2258 1
2261 2
2263 0
2266 1
2267 3
2271 2
2272 0
2276 1
2277 3
2279 0
2282 2
2284 3
2285 1
2287 0
2289 2
2293 3
2294 1
2296 0
2298 1
2301 0
2302 2
2303 3
2304 1
2308 0
2310 1
2313 3
2314 2
2315 0
2317 1
2320 0
2324 1
2325 2
2326 3
2327 0
2335 0
2336 2
2337 3
2341 0
2343 2
2344 3
2345 0
2346 1
2352 0
2354 1
2355 2
2356 3
2358 1
2361 0
2364 3
2365 1
2366 2
2368 0
2372 3
2374 2
2376 0
2378 3
2382 1
2383 2
2386 0
2387 3
2388 1
2391 2
2392 1
2394 0
2395 3
2400 1
2401 2
2402 1
2403 0
2404 3
2407 1
2410 2
2411 0
2413 3
2415 1
2419 2
2420 0
2423 1
2424 1
2425 3
2427 0
2428 1
2429 2
2433 3
2435 0
2436 2
2437 1
2441 0
2444 3
2445 2
2446 1
2447 0
2449 1
2450 3
2454 2
2455 0
2456 3
2457 1
2462 0
2463 2
2465 1
2470 0
2474 1
2476 2
2477 0
2478 3
2482 1
2486 0
2487 2
2488 3
2489 1
2491 0
2497 1
2498 0
2499 2
2500 3
2504 1
2506 0
2509 2
2510 3
2513 0
2514 1
2515 3
2519 3
2520 2
2522 0
2525 1
2531 0
2532 2
2533 3
2534 1
2535 3
2538 0
2540 1
2542 2
2543 3
2547 0
2548 1
2553 2
2554 3
2555 1
2556 0
2562 3
2563 2
2564 1
2565 0
2569 1
2571 2
2572 3
2574 0
2578 1
2581 0
2582 2
2583 3
2587 1
2589 1
2590 0
2592 3
2593 2
2596 0
2601 2
2602 3
2603 0
2612 1
2613 2
2614 3
2615 0
2618 0
2619 3
2620 2
2622 1
2623 0
2624 3
2625 1
2631 2
2633 0
2636 3
2640 0
2643 2
2647 0
2648 1
2649 3
2650 1
2652 1
2655 0
2656 2
2658 1
2659 3
2660 1
2662 0
2665 2
2668 3
2669 1
2670 0
2678 0
2679 1
2680 3
2686 1
2687 0
2688 2
2689 3
2690 1
2696 0
2700 2
2701 3
2702 1
2705 0
2706 3
2708 1
2710 2
2713 3
2714 0
2717 1
2721 2
2723 0
2724 2
2725 3
2730 1
2733 0
2735 3
2738 1
2741 0
2745 1
2751 1
2752 0
2757 0
2758 1
2762 2
2763 3
2766 1
2767 0
2769 2
2770 3
2774 0
2776 1
2777 3
2778 2
2779 0
2782 3
2784 2
2785 1
2787 0
2788 2
2789 3
2793 1
2794 0
2797 2
2798 2
2799 3
2800 3
2802 0
2803 1
2806 2
2808 3
2809 1
2810 0
2814 2
2815 1
2817 0
2818 3
2821 1
2824 2
2826 0
2827 3
2834 0
2835 2
2836 3
2839 1
2844 0
2846 2
2847 3
2849 1
2854 0
2856 1
2857 2
2858 3
2863 0
2864 1
2865 3
2873 1
2874 3
2875 1
2876 0
2882 1
2885 0
2887 1
2894 1
2897 0
2898 2
2899 3
2903 0
2904 2
2905 3
2910 0
2915 2
2916 3
2917 1
2918 2
2919 0
2920 1
2925 1
2926 3
2927 0
2928 2
2932 0
2933 2
2934 3
2935 2
2936 3
2937 1
2938 3
2941 0
2945 1
2946 2
2947 0
2948 3
2954 1
2955 0
2956 1
2957 2
2958 3
2961 0
2962 1
2963 2
2964 3
2967 0
2969 1
2971 2
2972 1
2975 3
2976 0
2978 2
2979 1
2982 0
2983 3
2985 2
2987 1
2989 0
2990 3
2993 2
2994 1
2997 3
2998 0
3002 2
3003 1
3004 3
3006 0
3011 2
3012 3
3013 1
3016 0
3021 1
3022 2
3023 3
3026 0
3030 1
3032 2
3033 3
3035 1
3038 0
3041 2
3042 3
3043 1
3044 0
3052 3
3053 0
3061 0
3065 2
3066 3
3068 1
3069 0
3070 3
3075 2
3076 3
3077 0
3078 1
3083 0
3084 1
3085 2
3086 3
3089 1
3090 0
3094 1
3095 3
3096 2
3097 0
3099 1
3101 2
3102 3
3103 0
3104 1
3105 2
3112 0
3113 1
3114 3
3115 2
3118 0
3119 1
3123 3
3124 2
3126 0
3129 3
3130 1
3131 2
3132 1
3133 0
3134 3
3138 1
3139 2
3140 3
3144 0
3147 2
3148 3
3149 1
3152 0
3154 2
3155 3
3158 1
3159 0
3163 3
3164 2
3166 1
3171 3
3172 2
3175 1
3176 1
3182 3
3183 2
3184 0
3185 1
3189 1
3190 0
3191 2
3192 3
3198 0
3199 1
3200 2
3201 3
3207 0
3208 3
3209 2
3212 3
3216 0
3217 2
3218 0
3219 1
3220 3
3225 0
3227 1
3231 2
3232 3
3233 0
3237 1
3240 0
3242 1
3243 2
3244 3
3249 0
3250 1
3251 2
3252 3
3253 1
3255 0
3256 1
3261 2
3262 3
3263 0
3264 1
3270 0
3271 3
3272 2
3273 3
3274 1
3277 0
3279 1
3283 2
3284 3
3285 0
3288 1
3292 0
3293 2
3294 3
3295 1
3297 3
3300 0
3301 1
3304 2
3309 1
3312 2
3319 1
3320 3
3323 2
3324 3
3325 0
3326 1
3329 0
3330 2
3331 3
3334 1
3337 0
3340 2
3341 3
3342 1
3347 3
3348 2
3349 0
3350 3
3352 1
3354 1
3355 3
3358 0
3359 0
3360 2
3361 3
3362 1
3367 0
3368 1
3369 2
3370 3
3375 0
3376 1
3379 3
3380 2
3383 1
3384 0
3387 3
3388 2
3389 1
3390 0
3393 3
3395 2
3396 0
3400 3
3404 2
3405 0
3406 3
3411 1
3413 0
3415 1
3416 2
3417 3
3418 0
3424 3
3425 1
3426 2
3427 0
3429 3
3432 2
3433 0
3437 3
3438 1
3440 0
3441 2
3444 1
3445 3
3446 1
3447 0
3450 2
3457 3
3458 0
3460 2
3461 3
3463 0
3467 1
3468 2
3469 3
3471 0
3474 2
3475 3
3476 1
3477 1
3479 0
3481 2
3482 3
3486 1
3487 2
3488 0
3489 3
3494 2
3496 1
3497 3
3498 0
3502 2
3503 1
3504 1
3507 3
3508 0
3510 2
3512 1
3515 3
3516 0
3517 2
3518 1
3522 3
3524 0
3526 2
3527 1
3528 3
3532 0
3534 1
3535 2
3536 3
3537 1
3540 0
3545 2
3546 3
3547 1
3548 0
3552 2
3553 3
3554 0
3555 1
3562 1
3563 2
3564 3
3565 0
3566 1
3570 0
3573 3
3574 2
3576 1
3577 0
3578 3
3580 2
3583 3
3584 0
3585 1
3588 2
3589 3
3591 1
3592 0
3600 2
3601 3
3606 3
3607 2
3611 1
3613 3
3614 0
3615 2
3617 3
3620 1
3621 2
3622 0
3625 3
3628 2
3629 1
3630 0
3633 3
3637 2
3638 1
3639 0
3640 1
3641 3
3644 2
3645 1
3647 3
3648 0
3649 1
3650 0
3651 1
3653 2
3654 1
3655 3
3660 0
3661 2
3662 3
3666 1
3670 2
3671 0
3672 3
3673 1
3674 1
3678 2
3679 3
3680 1
3681 0
3687 3
3688 1
3689 2
3690 0
3691 1
3693 3
3698 0
3699 2
3700 3
3706 2
3707 3
3708 0
3714 1
3715 0
3718 2
3723 0
3724 1
3729 1
3733 0
3735 1
3741 0
3745 2
3746 3
3747 0
3748 1
3749 1
3754 2
3755 3
3756 0
3761 2
3762 3
3763 0
3765 1
3768 3
3770 0
3772 2
3773 3
3774 1
3777 0
3780 1
3781 3
3782 2
3783 3
3784 2
3786 1
3787 0
3788 1
3791 2
3792 3
3793 1
3795 0
3797 1
3798 2
3799 3
3803 0
3804 1
3806 2
3807 3
3808 1
3812 0
3813 3
3814 2
3817 1
3820 3
3821 2
3822 0
3826 3
3827 2
3829 0
3836 3
3837 2
3839 0
3843 1
3845 3
3846 2
3849 0
3850 1
3853 2
3854 3
3855 1
3858 0
3860 3
3861 2
3862 1
3868 1
3869 3
3870 2
3872 1
3875 1
3879 1
3880 0
3881 3
3882 2
3884 0
3885 3
3886 1
3888 2
3890 0
3893 1
3895 3
3896 1
3898 2
3900 0
3903 3
3906 0
3907 2
3912 0
3913 3
3915 1
3916 2
3917 0
3920 0
3921 3
3924 1
3925 2
3928 0
3929 3
3933 1
3934 2
3935 3
3936 0
3940 1
3943 2
3944 3
3945 0
3946 1
3950 2
3951 1
3952 3
3953 0
3957 3
3958 2
3959 1
3960 0
3963 1
3965 3
3966 2
3968 0
3973 1
3974 3
3975 2
3977 0
3981 1
3982 2
3983 3
3987 0
3988 2
3990 3
3991 1
3995 2
3996 3
3998 0
3999 1
4003 2
4004 3
4008 1
4009 0
4012 2
4013 3
4019 0
4020 1
4021 1
4023 3
4024 2
4026 0
4027 1
4028 3
4029 2
4035 0
4036 1
4037 3
4038 2
4042 0
4045 1
4046 2
4047 3
4048 0
4052 1
4054 3
4055 2
4056 0
4058 1
4062 2
4063 3
4064 0
4065 1
4070 1
4071 0
4072 2
4073 3
4077 0
4079 2
4080 3
4081 1
4086 0
4087 2
4088 3
4093 3
4094 1
4095 2
4096 0
4101 0
4102 1
4103 2
4104 3
4108 0
4109 1
4111 2
4112 3
4115 1
4116 0
4118 2
4120 3
4121 1
4124 2
4125 0
4127 3
4128 1
4131 2
4133 0
4134 1
4135 3
4138 2
4139 1
4140 3
4143 0
4145 2
4146 1
4151 1
4153 0
4154 2
4162 3
4163 1
4164 0
4166 2
4167 3
4169 1
4171 2
4173 0
4174 3
4175 1
4180 2
4182 1
4183 0
4184 3
4188 1
4189 2
4191 0
4192 3
4193 1
4196 1
4197 3
4198 2
4199 3
4200 0
4201 1
4205 0
4206 1
4207 2
4208 3
4210 1
4212 0
4213 2
4214 3
4216 1
4220 0
4221 1
4224 2
4225 3
4227 0
4228 1
4232 1
4233 3
4234 2
4235 0
4237 1
4240 2
4241 3
4242 0
4245 1
4246 2
4247 3
4248 0
4251 1
4252 2
4253 3
4254 1
4255 0
4257 2
4258 3
4260 1
4263 0
4264 2
4265 3
4270 2
4271 3
4272 0
4273 1
4276 1
4277 2
4278 3
4279 0
4282 1
4284 2
4285 3
4287 0
4288 1
4293 3
4294 1
4297 1
4299 0
4303 1
4305 2
4306 3
4308 1
4309 0
4310 3
4311 2
4313 1
4315 3
4318 1
4319 2
4320 0
4322 3
4324 1
4327 1
4328 0
4329 2
4330 3
4332 1
4336 0
4338 2
4339 3
4341 1
4342 2
4345 0
4348 1
4349 2
4350 3
4351 1
