16455.085398
16455.0854009
16455.0854038
16455.0854067
16455.0854096
16455.0854125
16455.0854154
16455.0854184
16455.0854213
16455.0854242
16455.0854271
16455.08543
16455.0854329
16455.0854358
16455.0854387
16455.0854417
16455.0854446
16455.0854475
16455.0854504
16455.0854533
16455.0854562
16455.0854591
16455.0854621
16455.085465
16455.0854679
16455.0854708
16455.0854737
16455.0854766
16455.0854795
16455.0854824
16455.0854854
16455.0854883
16455.0854912
16455.0854941
16455.085497
16455.0854999
16455.0855028
16455.0855057
16455.0855087
16455.0855116
16455.0855145
16455.0855174
16455.0855203
16455.0855232
16455.0855261
16455.085529
16455.085532
16455.0855349
16455.0855378
16455.0855407
16455.0855436
16455.0855465
16455.0855494
16455.0855523
16455.0855553
16455.0855582
16455.0855611
16455.085564
16455.0855669
16455.0855698
16455.0855727
16455.0855756
16455.0855786
16455.0855815
16455.0855844
16455.0855873
16455.0855902
16455.0855931
16455.085596
16455.0855989
16455.0856019
16455.0856048
16455.0856077
16455.0856106
16455.0856135
16455.0856164
16455.0856193
16455.0856222
16455.0856252
16455.0856281
16455.085631
16455.0856339
16455.0856368
16455.0856397
16455.0856426
16455.0856456
16455.0856485
16455.0856514
16455.0856543
16455.0856572
16455.0856601
16455.085663
16455.0856659
16455.0856689
16455.0856718
16455.0856747
16455.0856776
16455.0856805
16455.0856834
16455.0856863
16455.0856892
16455.0856922
16455.0856951
16455.085698
16455.0857009
16455.0857038
16455.0857067
16455.0857096
16455.0857125
16455.0857155
16455.0857184
16455.0857213
16455.0857242
16455.0857271
16455.08573
16455.0857329
16455.0857358
16455.0857388
16455.0857417
16455.0857446
16455.0857475
16455.0857504
16455.0857533
16455.0857562
16455.0857591
16455.0857621
16455.085765
16455.0857679
16455.0857708
16455.0857737
16455.0857766
16455.0857795
16455.0857824
16455.0857854
16455.0857883
16455.0857912
16455.0857941
16455.085797
16455.0857999
16455.0858028
16455.0858058
16455.0858087
16455.0858116
16455.0858145
16455.0858174
16455.0858203
16455.0858232
16455.0858261
16455.0858291
16455.085832
16455.0858349
16455.0858378
16455.0858407
16455.0858436
16455.0858465
16455.0858494
16455.0858524
16455.0858553
16455.0858582
16455.0858611
16455.085864
16455.0858669
16455.0858698
16455.0858727
16455.0858757
16455.0858786
16455.0858815
16455.0858844
16455.0858873
16455.0858902
16455.0858931
16455.085896
16455.085899
16455.0859019
16455.0859048
16455.0859077
16455.0859106
16455.0859135
16455.0859164
16455.0859193
16455.0859223
16455.0859252
16455.0859281
16455.085931
16455.0859339
16455.0859368
16455.0859397
16455.0859426
16455.0859456
16455.0859485
16455.0859514
16455.0859543
16455.0859572
16455.0859601
16455.085963
16455.0859659
16455.0859689
16455.0859718
16455.0859747
16455.0859776
16455.0859805
16455.0859834
16455.0859863
16455.0859893
16455.0859922
16455.0859951
16455.085998
16455.0860009
16455.0860038
16455.0860067
16455.0860096
16455.0860126
16455.0860155
16455.0860184
16455.0860213
16455.0860242
16455.0860271
16455.08603
16455.0860329
16455.0860359
16455.0860388
16455.0860417
16455.0860446
16455.0860475
16455.0860504
16455.0860533
16455.0860562
16455.0860592
16455.0860621
16455.086065
16455.0860679
16455.0860708
16455.0860737
16455.0860766
16455.0860795
16455.0860825
16455.0860854
16455.0860883
16455.0860912
16455.0860941
16455.086097
16455.0860999
16455.0861028
16455.0861058
16455.0861087
16455.0861116
16455.0861145
16455.0861174
16455.0861203
16455.0861232
16455.0861261
16455.0861291
16455.086132
16455.0861349
16455.0861378
16455.0861407
16455.0861436
16455.0861465
16455.0861495
16455.0861524
16455.0861553
16455.0861582
16455.0861611
16455.086164
16455.0861669
16455.0861698
16455.0861728
16455.0861757
16455.0861786
16455.0861815
16455.0861844
16455.0861873
16455.0861902
16455.0861931
16455.0861961
16455.086199
16455.0862019
16455.0862048
16455.0862077
16455.0862106
16455.0862135
16455.0862164
16455.0862194
16455.0862223
16455.0862252
16455.0862281
16455.086231
16455.0862339
16455.0862368
16455.0862397
16455.0862427
16455.0862456
16455.0862485
16455.0862514
16455.0862543
16455.0862572
16455.0862601
16455.086263
16455.086266
16455.0862689
16455.0862718
16455.0862747
16455.0862776
16455.0862805
16455.0862834
16455.0862863
16455.0862893
16455.0862922
16455.0862951
16455.086298
16455.0863009
16455.0863038
16455.0863067
16455.0863096
16455.0863126
16455.0863155
16455.0863184
16455.0863213
16455.0863242
16455.0863271
16455.08633
16455.086333
16455.0863359
16455.0863388
16455.0863417
16455.0863446
16455.0863475
16455.0863504
16455.0863533
16455.0863563
16455.0863592
16455.0863621
16455.086365
16455.0863679
16455.0863708
16455.0863737
16455.0863766
16455.0863796
16455.0863825
16455.0863854
16455.0863883
16455.0863912
16455.0863941
16455.086397
16455.0863999
16455.0864029
16455.0864058
16455.0864087
16455.0864116
16455.0864145
16455.0864174
16455.0864203
16455.0864232
16455.0864262
16455.0864291
16455.086432
16455.0864349
16455.0864378
16455.0864407
16455.0864436
16455.0864465
16455.0864495
16455.0864524
16455.0864553
16455.0864582
16455.0864611
16455.086464
16455.0864669
16455.0864698
16455.0864728
16455.0864757
16455.0864786
16455.0864815
16455.0864844
16455.0864873
16455.0864902
16455.0864932
16455.0864961
16455.086499
16455.0865019
16455.0865048
16455.0865077
16455.0865106
16455.0865135
16455.0865165
16455.0865194
16455.0865223
16455.0865252
16455.0865281
16455.086531
16455.0865339
16455.0865368
16455.0865398
16455.0865427
16455.0865456
16455.0865485
16455.0865514
16455.0865543
16455.0865572
16455.0865601
16455.0865631
16455.086566
16455.0865689
16455.0865718
16455.0865747
16455.0865776
16455.0865805
16455.0865834
16455.0865864
16455.0865893
16455.0865922
16455.0865951
16455.086598
16455.0866009
16455.0866038
16455.0866067
16455.0866097
16455.0866126
16455.0866155
16455.0866184
16455.0866213
16455.0866242
16455.0866271
16455.08663
16455.086633
16455.0866359
16455.0866388
16455.0866417
16455.0866446
16455.0866475
16455.0866504
16455.0866533
16455.0866563
16455.0866592
16455.0866621
16455.086665
16455.0866679
16455.0866708
16455.0866737
16455.0866767
16455.0866796
16455.0866825
16455.0866854
16455.0866883
16455.0866912
16455.0866941
16455.086697
16455.0867
16455.0867029
16455.0867058
16455.0867087
16455.0867116
16455.0867145
16455.0867174
16455.0867203
16455.0867233
16455.0867262
16455.0867291
16455.086732
16455.0867349
16455.0867378
16455.0867407
16455.0867436
16455.0867466
16455.0867495
16455.0867524
16455.0867553
16455.0867582
16455.0867611
16455.086764
16455.0867669
16455.0867699
16455.0867728
16455.0867757
16455.0867786
16455.0867815
16455.0867844
16455.0867873
16455.0867902
16455.0867932
16455.0867961
16455.086799
16455.0868019
16455.0868048
16455.0868077
16455.0868106
16455.0868135
16455.0868165
16455.0868194
16455.0868223
16455.0868252
16455.0868281
16455.086831
16455.0868339
16455.0868369
16455.0868398
16455.0868427
16455.0868456
16455.0868485
16455.0868514
16455.0868543
16455.0868572
16455.0868602
16455.0868631
16455.086866
16455.0868689
16455.0868718
16455.0868747
16455.0868776
16455.0868805
16455.0868835
16455.0868864
16455.0868893
16455.0868922
16455.0868951
16455.086898
16455.0869009
16455.0869038
16455.0869068
16455.0869097
16455.0869126
16455.0869155
16455.0869184
16455.0869213
16455.0869242
16455.0869271
16455.0869301
16455.086933
16455.0869359
16455.0869388
16455.0869417
16455.0869446
16455.0869475
16455.0869504
16455.0869534
16455.0869563
16455.0869592
16455.0869621
16455.086965
16455.0869679
16455.0869708
16455.0869737
16455.0869767
16455.0869796
16455.0869825
16455.0869854
16455.0869883
16455.0869912
16455.0869941
16455.086997
16455.087
16455.0870029
16455.0870058
16455.0870087
16455.0870116
16455.0870145
16455.0870174
16455.0870204
16455.0870233
16455.0870262
16455.0870291
16455.087032
16455.0870349
16455.0870378
16455.0870407
16455.0870437
16455.0870466
16455.0870495
16455.0870524
16455.0870553
16455.0870582
16455.0870611
16455.087064
16455.087067
16455.0870699
16455.0870728
16455.0870757
16455.0870786
16455.0870815
16455.0870844
16455.0870873
16455.0870903
16455.0870932
16455.0870961
16455.087099
16455.0871019
16455.0871048
16455.0871077
16455.0871106
16455.0871136
16455.0871165
16455.0871194
16455.0871223
16455.0871252
16455.0871281
16455.087131
16455.0871339
16455.0871369
16455.0871398
16455.0871427
16455.0871456
16455.0871485
16455.0871514
16455.0871543
16455.0871572
16455.0871602
16455.0871631
16455.087166
16455.0871689
16455.0871718
16455.0871747
16455.0871776
16455.0871806
16455.0871835
16455.0871864
16455.0871893
16455.0871922
16455.0871951
16455.087198
16455.0872009
16455.0872039
16455.0872068
16455.0872097
16455.0872126
16455.0872155
16455.0872184
16455.0872213
16455.0872242
16455.0872272
16455.0872301
16455.087233
16455.0872359
16455.0872388
16455.0872417
16455.0872446
16455.0872475
16455.0872505
16455.0872534
16455.0872563
16455.0872592
16455.0872621
16455.087265
16455.0872679
16455.0872708
16455.0872738
16455.0872767
16455.0872796
16455.0872825
16455.0872854
16455.0872883
16455.0872912
16455.0872941
16455.0872971
16455.0873
16455.0873029
16455.0873058
16455.0873087
16455.0873116
16455.0873145
16455.0873174
16455.0873204
16455.0873233
16455.0873262
16455.0873291
16455.087332
16455.0873349
16455.0873378
16455.0873407
16455.0873437
16455.0873466
16455.0873495
16455.0873524
16455.0873553
16455.0873582
16455.0873611
16455.0873641
16455.087367
16455.0873699
16455.0873728
16455.0873757
16455.0873786
16455.0873815
16455.0873844
16455.0873874
16455.0873903
16455.0873932
16455.0873961
16455.087399
16455.0874019
16455.0874048
16455.0874077
16455.0874107
16455.0874136
16455.0874165
16455.0874194
16455.0874223
16455.0874252
16455.0874281
16455.087431
16455.087434
16455.0874369
16455.0874398
16455.0874427
16455.0874456
16455.0874485
16455.0874514
16455.0874543
16455.0874573
16455.0874602
16455.0874631
16455.087466
16455.0874689
16455.0874718
16455.0874747
16455.0874776
16455.0874806
16455.0874835
16455.0874864
16455.0874893
16455.0874922
16455.0874951
16455.087498
16455.0875009
16455.0875039
16455.0875068
16455.0875097
16455.0875126
16455.0875155
16455.0875184
16455.0875213
16455.0875243
16455.0875272
16455.0875301
16455.087533
16455.0875359
16455.0875388
16455.0875417
16455.0875446
16455.0875476
16455.0875505
16455.0875534
16455.0875563
16455.0875592
16455.0875621
16455.087565
16455.0875679
16455.0875709
16455.0875738
16455.0875767
16455.0875796
16455.0875825
16455.0875854
16455.0875883
16455.0875912
16455.0875942
16455.0875971
16455.0876
16455.0876029
16455.0876058
16455.0876087
16455.0876116
16455.0876145
16455.0876175
16455.0876204
16455.0876233
16455.0876262
16455.0876291
16455.087632
16455.0876349
16455.0876378
16455.0876408
16455.0876437
16455.0876466
16455.0876495
16455.0876524
16455.0876553
16455.0876582
16455.0876611
16455.0876641
16455.087667
16455.0876699
16455.0876728
16455.0876757
16455.0876786
16455.0876815
16455.0876844
16455.0876874
16455.0876903
16455.0876932
16455.0876961
16455.087699
16455.0877019
16455.0877048
16455.0877078
16455.0877107
16455.0877136
16455.0877165
16455.0877194
16455.0877223
16455.0877252
16455.0877281
16455.0877311
16455.087734
16455.0877369
16455.0877398
16455.0877427
16455.0877456
16455.0877485
16455.0877514
16455.0877544
16455.0877573
16455.0877602
16455.0877631
16455.087766
16455.0877689
16455.0877718
16455.0877747
16455.0877777
16455.0877806
16455.0877835
16455.0877864
16455.0877893
16455.0877922
16455.0877951
16455.087798
16455.087801
16455.0878039
16455.0878068
16455.0878097
16455.0878126
16455.0878155
16455.0878184
16455.0878213
16455.0878243
16455.0878272
16455.0878301
16455.087833
16455.0878359
16455.0878388
16455.0878417
16455.0878446
16455.0878476
16455.0878505
16455.0878534
16455.0878563
16455.0878592
16455.0878621
16455.087865
16455.087868
16455.0878709
16455.0878738
16455.0878767
16455.0878796
16455.0878825
16455.0878854
16455.0878883
16455.0878913
16455.0878942
16455.0878971
16455.0879
16455.0879029
16455.0879058
16455.0879087
16455.0879116
16455.0879146
16455.0879175
16455.0879204
16455.0879233
16455.0879262
16455.0879291
16455.087932
16455.0879349
16455.0879379
16455.0879408
16455.0879437
16455.0879466
16455.0879495
16455.0879524
16455.0879553
16455.0879582
16455.0879612
16455.0879641
16455.087967
16455.0879699
16455.0879728
16455.0879757
16455.0879786
16455.0879815
16455.0879845
16455.0879874
16455.0879903
16455.0879932
16455.0879961
16455.087999
16455.0880019
16455.0880048
16455.0880078
16455.0880107
16455.0880136
16455.0880165
16455.0880194
16455.0880223
16455.0880252
16455.0880281
16455.0880311
16455.088034
16455.0880369
16455.0880398
16455.0880427
16455.0880456
16455.0880485
16455.0880515
16455.0880544
16455.0880573
16455.0880602
16455.0880631
16455.088066
16455.0880689
16455.0880718
16455.0880748
16455.0880777
16455.0880806
16455.0880835
16455.0880864
16455.0880893
16455.0880922
16455.0880951
16455.0880981
16455.088101
16455.0881039
16455.0881068
16455.0881097
16455.0881126
16455.0881155
16455.0881184
16455.0881214
16455.0881243
16455.0881272
16455.0881301
16455.088133
16455.0881359
16455.0881388
16455.0881417
16455.0881447
16455.0881476
16455.0881505
16455.0881534
16455.0881563
16455.0881592
16455.0881621
16455.088165
16455.088168
16455.0881709
16455.0881738
16455.0881767
16455.0881796
16455.0881825
16455.0881854
16455.0881883
16455.0881913
16455.0881942
16455.0881971
16455.0882
16455.0882029
16455.0882058
16455.0882087
16455.0882117
16455.0882146
16455.0882175
16455.0882204
16455.0882233
16455.0882262
16455.0882291
16455.088232
16455.088235
16455.0882379
16455.0882408
16455.0882437
16455.0882466
16455.0882495
16455.0882524
16455.0882553
16455.0882583
16455.0882612
16455.0882641
16455.088267
16455.0882699
16455.0882728
16455.0882757
16455.0882786
16455.0882816
16455.0882845
16455.0882874
16455.0882903
16455.0882932
16455.0882961
16455.088299
16455.0883019
16455.0883049
16455.0883078
16455.0883107
16455.0883136
16455.0883165
16455.0883194
16455.0883223
16455.0883252
16455.0883282
16455.0883311
16455.088334
16455.0883369
16455.0883398
16455.0883427
16455.0883456
16455.0883485
16455.0883515
16455.0883544
16455.0883573
16455.0883602
16455.0883631
16455.088366
16455.0883689
16455.0883718
16455.0883748
16455.0883777
16455.0883806
16455.0883835
16455.0883864
16455.0883893
16455.0883922
16455.0883952
16455.0883981
16455.088401
16455.0884039
16455.0884068
16455.0884097
16455.0884126
16455.0884155
16455.0884185
16455.0884214
16455.0884243
16455.0884272
16455.0884301
16455.088433
16455.0884359
16455.0884388
16455.0884418
16455.0884447
16455.0884476
16455.0884505
16455.0884534
16455.0884563
16455.0884592
16455.0884621
16455.0884651
16455.088468
16455.0884709
16455.0884738
16455.0884767
16455.0884796
16455.0884825
16455.0884854
16455.0884884
16455.0884913
16455.0884942
16455.0884971
16455.0885
16455.0885029
16455.0885058
16455.0885087
16455.0885117
16455.0885146
16455.0885175
16455.0885204
16455.0885233
16455.0885262
16455.0885291
16455.088532
16455.088535
16455.0885379
16455.0885408
16455.0885437
16455.0885466
16455.0885495
16455.0885524
16455.0885554
16455.0885583
16455.0885612
16455.0885641
16455.088567
16455.0885699
16455.0885728
16455.0885757
16455.0885787
16455.0885816
16455.0885845
16455.0885874
16455.0885903
16455.0885932
16455.0885961
16455.088599
16455.088602
16455.0886049
16455.0886078
16455.0886107
16455.0886136
16455.0886165
16455.0886194
16455.0886223
16455.0886253
16455.0886282
16455.0886311
16455.088634
16455.0886369
16455.0886398
16455.0886427
16455.0886456
16455.0886486
16455.0886515
16455.0886544
16455.0886573
16455.0886602
16455.0886631
16455.088666
16455.0886689
16455.0886719
16455.0886748
16455.0886777
16455.0886806
16455.0886835
16455.0886864
16455.0886893
16455.0886922
16455.0886952
16455.0886981
16455.088701
16455.0887039
16455.0887068
16455.0887097
16455.0887126
16455.0887155
16455.0887185
16455.0887214
16455.0887243
16455.0887272
16455.0887301
16455.088733
16455.0887359
16455.0887389
16455.0887418
16455.0887447
16455.0887476
16455.0887505
16455.0887534
16455.0887563
16455.0887592
16455.0887622
16455.0887651
16455.088768
16455.0887709
16455.0887738
16455.0887767
16455.0887796
16455.0887825
16455.0887855
16455.0887884
16455.0887913
16455.0887942
16455.0887971
16455.0888
16455.0888029
16455.0888058
16455.0888088
16455.0888117
16455.0888146
16455.0888175
16455.0888204
16455.0888233
16455.0888262
16455.0888291
16455.0888321
16455.088835
16455.0888379
16455.0888408
16455.0888437
16455.0888466
16455.0888495
16455.0888524
16455.0888554
16455.0888583
16455.0888612
16455.0888641
16455.088867
16455.0888699
16455.0888728
16455.0888757
16455.0888787
16455.0888816
16455.0888845
16455.0888874
16455.0888903
16455.0888932
16455.0888961
16455.088899
16455.088902
16455.0889049
16455.0889078
16455.0889107
16455.0889136
16455.0889165
16455.0889194
16455.0889224
16455.0889253
16455.0889282
16455.0889311
16455.088934
16455.0889369
16455.0889398
16455.0889427
16455.0889457
16455.0889486
16455.0889515
16455.0889544
16455.0889573
16455.0889602
16455.0889631
16455.088966
16455.088969
16455.0889719
16455.0889748
16455.0889777
16455.0889806
16455.0889835
16455.0889864
16455.0889893
16455.0889923
16455.0889952
16455.0889981
16455.089001
16455.0890039
16455.0890068
16455.0890097
16455.0890126
16455.0890156
16455.0890185
16455.0890214
16455.0890243
16455.0890272
16455.0890301
16455.089033
16455.0890359
16455.0890389
16455.0890418
16455.0890447
16455.0890476
16455.0890505
16455.0890534
16455.0890563
16455.0890592
16455.0890622
16455.0890651
16455.089068
16455.0890709
16455.0890738
16455.0890767
16455.0890796
16455.0890826
16455.0890855
16455.0890884
16455.0890913
16455.0890942
16455.0890971
16455.0891
16455.0891029
16455.0891059
16455.0891088
16455.0891117
16455.0891146
16455.0891175
16455.0891204
16455.0891233
16455.0891262
16455.0891292
16455.0891321
16455.089135
16455.0891379
16455.0891408
16455.0891437
16455.0891466
16455.0891495
16455.0891525
16455.0891554
16455.0891583
16455.0891612
16455.0891641
16455.089167
16455.0891699
16455.0891728
16455.0891758
16455.0891787
16455.0891816
16455.0891845
16455.0891874
16455.0891903
16455.0891932
16455.0891961
16455.0891991
16455.089202
16455.0892049
16455.0892078
16455.0892107
16455.0892136
16455.0892165
16455.0892194
16455.0892224
16455.0892253
16455.0892282
16455.0892311
16455.089234
16455.0892369
16455.0892398
16455.0892427
16455.0892457
16455.0892486
16455.0892515
16455.0892544
16455.0892573
16455.0892602
16455.0892631
16455.0892661
16455.089269
16455.0892719
16455.0892748
16455.0892777
16455.0892806
16455.0892835
16455.0892864
16455.0892894
16455.0892923
16455.0892952
16455.0892981
16455.089301
16455.0893039
16455.0893068
16455.0893097
16455.0893127
16455.0893156
16455.0893185
16455.0893214
16455.0893243
16455.0893272
16455.0893301
16455.089333
16455.089336
16455.0893389
16455.0893418
16455.0893447
16455.0893476
16455.0893505
16455.0893534
16455.0893563
16455.0893593
16455.0893622
16455.0893651
16455.089368
16455.0893709
16455.0893738
16455.0893767
16455.0893796
16455.0893826
16455.0893855
16455.0893884
16455.0893913
16455.0893942
16455.0893971
16455.0894
16455.0894029
16455.0894059
16455.0894088
16455.0894117
16455.0894146
16455.0894175
16455.0894204
16455.0894233
16455.0894263
16455.0894292
16455.0894321
16455.089435
16455.0894379
16455.0894408
16455.0894437
16455.0894466
16455.0894496
16455.0894525
16455.0894554
16455.0894583
16455.0894612
16455.0894641
16455.089467
16455.0894699
16455.0894729
16455.0894758
16455.0894787
16455.0894816
16455.0894845
16455.0894874
16455.0894903
16455.0894932
16455.0894962
16455.0894991
16455.089502
16455.0895049
16455.0895078
16455.0895107
16455.0895136
16455.0895165
16455.0895195
16455.0895224
16455.0895253
16455.0895282
16455.0895311
16455.089534
16455.0895369
16455.0895398
16455.0895428
16455.0895457
16455.0895486
16455.0895515
16455.0895544
16455.0895573
16455.0895602
16455.0895631
16455.0895661
16455.089569
16455.0895719
16455.0895748
16455.0895777
16455.0895806
16455.0895835
16455.0895864
16455.0895894
16455.0895923
16455.0895952
16455.0895981
16455.089601
16455.0896039
16455.0896068
16455.0896098
16455.0896127
16455.0896156
16455.0896185
16455.0896214
16455.0896243
16455.0896272
16455.0896301
16455.0896331
16455.089636
16455.0896389
16455.0896418
16455.0896447
16455.0896476
16455.0896505
16455.0896534
16455.0896564
16455.0896593
16455.0896622
16455.0896651
16455.089668
16455.0896709
16455.0896738
16455.0896767
16455.0896797
16455.0896826
16455.0896855
16455.0896884
16455.0896913
16455.0896942
16455.0896971
16455.0897
16455.089703
16455.0897059
16455.0897088
16455.0897117
16455.0897146
16455.0897175
16455.0897204
16455.0897233
16455.0897263
16455.0897292
16455.0897321
16455.089735
16455.0897379
16455.0897408
16455.0897437
16455.0897466
16455.0897496
16455.0897525
16455.0897554
16455.0897583
16455.0897612
16455.0897641
16455.089767
16455.08977
16455.0897729
16455.0897758
16455.0897787
16455.0897816
16455.0897845
16455.0897874
16455.0897903
16455.0897933
16455.0897962
16455.0897991
16455.089802
16455.0898049
16455.0898078
16455.0898107
16455.0898136
16455.0898166
16455.0898195
16455.0898224
16455.0898253
16455.0898282
16455.0898311
16455.089834
16455.0898369
16455.0898399
16455.0898428
16455.0898457
16455.0898486
16455.0898515
16455.0898544
16455.0898573
16455.0898602
16455.0898632
16455.0898661
16455.089869
16455.0898719
16455.0898748
16455.0898777
16455.0898806
16455.0898835
16455.0898865
16455.0898894
16455.0898923
16455.0898952
16455.0898981
16455.089901
16455.0899039
16455.0899068
16455.0899098
16455.0899127
16455.0899156
16455.0899185
16455.0899214
16455.0899243
16455.0899272
16455.0899301
16455.0899331
16455.089936
16455.0899389
16455.0899418
16455.0899447
16455.0899476
16455.0899505
16455.0899535
16455.0899564
16455.0899593
16455.0899622
16455.0899651
16455.089968
16455.0899709
16455.0899738
16455.0899768
16455.0899797
16455.0899826
16455.0899855
16455.0899884
16455.0899913
16455.0899942
16455.0899971
16455.0900001
16455.090003
16455.0900059
16455.0900088
16455.0900117
16455.0900146
16455.0900175
16455.0900204
16455.0900234
16455.0900263
16455.0900292
16455.0900321
16455.090035
16455.0900379
16455.0900408
16455.0900437
16455.0900467
16455.0900496
16455.0900525
16455.0900554
16455.0900583
16455.0900612
16455.0900641
16455.090067
16455.09007
16455.0900729
16455.0900758
16455.0900787
16455.0900816
16455.0900845
16455.0900874
16455.0900903
16455.0900933
16455.0900962
16455.0900991
16455.090102
16455.0901049
16455.0901078
16455.0901107
16455.0901137
16455.0901166
16455.0901195
16455.0901224
16455.0901253
16455.0901282
16455.0901311
16455.090134
16455.090137
16455.0901399
16455.0901428
16455.0901457
16455.0901486
16455.0901515
16455.0901544
16455.0901573
16455.0901603
16455.0901632
16455.0901661
16455.090169
16455.0901719
16455.0901748
16455.0901777
16455.0901806
16455.0901836
16455.0901865
16455.0901894
16455.0901923
16455.0901952
16455.0901981
16455.090201
16455.0902039
16455.0902069
16455.0902098
16455.0902127
16455.0902156
16455.0902185
16455.0902214
16455.0902243
16455.0902272
16455.0902302
16455.0902331
16455.090236
16455.0902389
16455.0902418
16455.0902447
16455.0902476
16455.0902505
16455.0902535
16455.0902564
16455.0902593
16455.0902622
16455.0902651
16455.090268
16455.0902709
16455.0902738
16455.0902768
16455.0902797
16455.0902826
16455.0902855
16455.0902884
16455.0902913
16455.0902942
16455.0902972
16455.0903001
16455.090303
16455.0903059
16455.0903088
16455.0903117
16455.0903146
16455.0903175
16455.0903205
16455.0903234
16455.0903263
16455.0903292
16455.0903321
16455.090335
16455.0903379
16455.0903408
16455.0903438
16455.0903467
16455.0903496
16455.0903525
16455.0903554
16455.0903583
16455.0903612
16455.0903641
16455.0903671
16455.09037
16455.0903729
16455.0903758
16455.0903787
16455.0903816
16455.0903845
16455.0903874
16455.0903904
16455.0903933
16455.0903962
16455.0903991
16455.090402
16455.0904049
16455.0904078
16455.0904107
16455.0904137
16455.0904166
16455.0904195
16455.0904224
16455.0904253
16455.0904282
16455.0904311
16455.090434
16455.090437
16455.0904399
16455.0904428
16455.0904457
16455.0904486
16455.0904515
16455.0904544
16455.0904574
16455.0904603
16455.0904632
16455.0904661
16455.090469
16455.0904719
16455.0904748
16455.0904777
16455.0904807
16455.0904836
16455.0904865
16455.0904894
16455.0904923
16455.0904952
16455.0904981
16455.090501
16455.090504
16455.0905069
16455.0905098
16455.0905127
16455.0905156
16455.0905185
16455.0905214
16455.0905243
16455.0905273
16455.0905302
16455.0905331
16455.090536
16455.0905389
16455.0905418
16455.0905447
16455.0905476
16455.0905506
16455.0905535
16455.0905564
16455.0905593
16455.0905622
16455.0905651
16455.090568
16455.0905709
16455.0905739
16455.0905768
16455.0905797
16455.0905826
16455.0905855
16455.0905884
16455.0905913
16455.0905942
16455.0905972
16455.0906001
16455.090603
16455.0906059
16455.0906088
16455.0906117
16455.0906146
16455.0906175
16455.0906205
16455.0906234
16455.0906263
16455.0906292
16455.0906321
16455.090635
16455.0906379
16455.0906409
16455.0906438
16455.0906467
16455.0906496
16455.0906525
16455.0906554
16455.0906583
16455.0906612
16455.0906642
16455.0906671
16455.09067
16455.0906729
16455.0906758
16455.0906787
16455.0906816
16455.0906845
16455.0906875
16455.0906904
16455.0906933
16455.0906962
16455.0906991
16455.090702
16455.0907049
16455.0907078
16455.0907108
16455.0907137
16455.0907166
16455.0907195
16455.0907224
16455.0907253
16455.0907282
16455.0907311
16455.0907341
16455.090737
16455.0907399
16455.0907428
16455.0907457
16455.0907486
16455.0907515
16455.0907544
16455.0907574
16455.0907603
16455.0907632
16455.0907661
16455.090769
16455.0907719
16455.0907748
16455.0907777
16455.0907807
16455.0907836
16455.0907865
16455.0907894
16455.0907923
16455.0907952
16455.0907981
16455.0908011
16455.090804
16455.0908069
16455.0908098
16455.0908127
16455.0908156
16455.0908185
16455.0908214
16455.0908244
16455.0908273
16455.0908302
16455.0908331
16455.090836
16455.0908389
16455.0908418
16455.0908447
16455.0908477
16455.0908506
16455.0908535
16455.0908564
16455.0908593
16455.0908622
16455.0908651
16455.090868
16455.090871
16455.0908739
16455.0908768
16455.0908797
16455.0908826
16455.0908855
16455.0908884
16455.0908913
16455.0908943
16455.0908972
16455.0909001
16455.090903
16455.0909059
16455.0909088
16455.0909117
16455.0909146
16455.0909176
16455.0909205
16455.0909234
16455.0909263
16455.0909292
16455.0909321
16455.090935
16455.0909379
16455.0909409
16455.0909438
16455.0909467
16455.0909496
16455.0909525
16455.0909554
16455.0909583
16455.0909612
16455.0909642
16455.0909671
16455.09097
16455.0909729
16455.0909758
16455.0909787
16455.0909816
16455.0909846
16455.0909875
16455.0909904
16455.0909933
16455.0909962
16455.0909991
16455.091002
16455.0910049
16455.0910079
16455.0910108
16455.0910137
16455.0910166
16455.0910195
16455.0910224
16455.0910253
16455.0910282
16455.0910312
16455.0910341
16455.091037
16455.0910399
16455.0910428
16455.0910457
16455.0910486
16455.0910515
16455.0910545
16455.0910574
16455.0910603
16455.0910632
16455.0910661
16455.091069
16455.0910719
16455.0910748
16455.0910778
16455.0910807
16455.0910836
16455.0910865
16455.0910894
16455.0910923
16455.0910952
16455.0910981
16455.0911011
16455.091104
16455.0911069
16455.0911098
16455.0911127
16455.0911156
16455.0911185
16455.0911214
16455.0911244
16455.0911273
16455.0911302
16455.0911331
16455.091136
16455.0911389
16455.0911418
16455.0911448
16455.0911477
16455.0911506
16455.0911535
16455.0911564
16455.0911593
16455.0911622
16455.0911651
16455.0911681
16455.091171
16455.0911739
16455.0911768
16455.0911797
16455.0911826
16455.0911855
16455.0911884
16455.0911914
16455.0911943
16455.0911972
16455.0912001
16455.091203
16455.0912059
16455.0912088
16455.0912117
16455.0912147
16455.0912176
16455.0912205
16455.0912234
16455.0912263
16455.0912292
16455.0912321
16455.091235
16455.091238
16455.0912409
16455.0912438
16455.0912467
16455.0912496
16455.0912525
16455.0912554
16455.0912583
16455.0912613
16455.0912642
16455.0912671
16455.09127
16455.0912729
16455.0912758
16455.0912787
16455.0912816
16455.0912846
16455.0912875
16455.0912904
16455.0912933
16455.0912962
16455.0912991
16455.091302
16455.0913049
16455.0913079
16455.0913108
16455.0913137
16455.0913166
16455.0913195
16455.0913224
16455.0913253
16455.0913283
16455.0913312
16455.0913341
16455.091337
16455.0913399
16455.0913428
16455.0913457
16455.0913486
16455.0913516
16455.0913545
16455.0913574
16455.0913603
16455.0913632
16455.0913661
16455.091369
16455.0913719
16455.0913749
16455.0913778
16455.0913807
16455.0913836
16455.0913865
16455.0913894
16455.0913923
16455.0913952
16455.0913982
16455.0914011
16455.091404
16455.0914069
16455.0914098
16455.0914127
16455.0914156
16455.0914185
16455.0914215
16455.0914244
16455.0914273
16455.0914302
16455.0914331
16455.091436
16455.0914389
16455.0914418
16455.0914448
16455.0914477
16455.0914506
16455.0914535
16455.0914564
16455.0914593
16455.0914622
16455.0914651
16455.0914681
16455.091471
16455.0914739
16455.0914768
16455.0914797
16455.0914826
16455.0914855
16455.0914885
16455.0914914
16455.0914943
16455.0914972
16455.0915001
16455.091503
16455.0915059
16455.0915088
16455.0915118
16455.0915147
16455.0915176
16455.0915205
16455.0915234
16455.0915263
16455.0915292
16455.0915321
16455.0915351
16455.091538
16455.0915409
16455.0915438
16455.0915467
16455.0915496
16455.0915525
16455.0915554
16455.0915584
16455.0915613
16455.0915642
16455.0915671
16455.09157
16455.0915729
16455.0915758
16455.0915787
16455.0915817
16455.0915846
16455.0915875
16455.0915904
16455.0915933
16455.0915962
16455.0915991
16455.091602
16455.091605
16455.0916079
16455.0916108
16455.0916137
16455.0916166
16455.0916195
16455.0916224
16455.0916253
16455.0916283
16455.0916312
16455.0916341
16455.091637
16455.0916399
16455.0916428
16455.0916457
16455.0916486
16455.0916516
16455.0916545
16455.0916574
16455.0916603
16455.0916632
16455.0916661
16455.091669
16455.091672
16455.0916749
16455.0916778
16455.0916807
16455.0916836
16455.0916865
16455.0916894
16455.0916923
16455.0916953
16455.0916982
16455.0917011
16455.091704
16455.0917069
16455.0917098
16455.0917127
16455.0917156
16455.0917186
16455.0917215
16455.0917244
16455.0917273
16455.0917302
16455.0917331
16455.091736
16455.0917389
16455.0917419
16455.0917448
16455.0917477
16455.0917506
16455.0917535
16455.0917564
16455.0917593
16455.0917622
16455.0917652
16455.0917681
16455.091771
16455.0917739
16455.0917768
16455.0917797
16455.0917826
16455.0917855
16455.0917885
16455.0917914
16455.0917943
16455.0917972
16455.0918001
16455.091803
16455.0918059
16455.0918088
16455.0918118
16455.0918147
16455.0918176
16455.0918205
16455.0918234
16455.0918263
16455.0918292
16455.0918322
16455.0918351
16455.091838
16455.0918409
16455.0918438
16455.0918467
16455.0918496
16455.0918525
16455.0918555
16455.0918584
16455.0918613
16455.0918642
16455.0918671
16455.09187
16455.0918729
16455.0918758
16455.0918788
16455.0918817
16455.0918846
16455.0918875
16455.0918904
16455.0918933
16455.0918962
16455.0918991
16455.0919021
16455.091905
16455.0919079
16455.0919108
16455.0919137
16455.0919166
16455.0919195
16455.0919224
16455.0919254
16455.0919283
16455.0919312
16455.0919341
16455.091937
16455.0919399
16455.0919428
16455.0919457
16455.0919487
16455.0919516
16455.0919545
16455.0919574
16455.0919603
16455.0919632
16455.0919661
16455.091969
16455.091972
16455.0919749
16455.0919778
16455.0919807
16455.0919836
16455.0919865
16455.0919894
16455.0919923
16455.0919953
16455.0919982
16455.0920011
16455.092004
16455.0920069
16455.0920098
16455.0920127
16455.0920157
16455.0920186
16455.0920215
16455.0920244
16455.0920273
16455.0920302
16455.0920331
16455.092036
16455.092039
16455.0920419
16455.0920448
16455.0920477
16455.0920506
16455.0920535
16455.0920564
16455.0920593
16455.0920623
16455.0920652
16455.0920681
16455.092071
16455.0920739
16455.0920768
16455.0920797
16455.0920826
16455.0920856
16455.0920885
16455.0920914
16455.0920943
16455.0920972
16455.0921001
16455.092103
16455.0921059
16455.0921089
16455.0921118
16455.0921147
16455.0921176
16455.0921205
16455.0921234
16455.0921263
16455.0921292
16455.0921322
16455.0921351
16455.092138
16455.0921409
16455.0921438
16455.0921467
16455.0921496
16455.0921525
16455.0921555
16455.0921584
16455.0921613
16455.0921642
16455.0921671
16455.09217
16455.0921729
16455.0921758
16455.0921788
16455.0921817
16455.0921846
16455.0921875
16455.0921904
16455.0921933
16455.0921962
16455.0921992
16455.0922021
16455.092205
16455.0922079
16455.0922108
16455.0922137
16455.0922166
16455.0922195
16455.0922225
16455.0922254
16455.0922283
16455.0922312
16455.0922341
16455.092237
16455.0922399
16455.0922428
16455.0922458
16455.0922487
16455.0922516
16455.0922545
16455.0922574
16455.0922603
16455.0922632
16455.0922661
16455.0922691
16455.092272
16455.0922749
16455.0922778
16455.0922807
16455.0922836
16455.0922865
16455.0922894
16455.0922924
16455.0922953
16455.0922982
16455.0923011
16455.092304
16455.0923069
16455.0923098
16455.0923127
16455.0923157
16455.0923186
16455.0923215
16455.0923244
16455.0923273
16455.0923302
16455.0923331
16455.092336
16455.092339
16455.0923419
16455.0923448
16455.0923477
16455.0923506
16455.0923535
16455.0923564
16455.0923594
16455.0923623
16455.0923652
16455.0923681
16455.092371
16455.0923739
16455.0923768
16455.0923797
16455.0923827
16455.0923856
16455.0923885
16455.0923914
16455.0923943
16455.0923972
16455.0924001
16455.092403
16455.092406
16455.0924089
16455.0924118
16455.0924147
16455.0924176
16455.0924205
16455.0924234
16455.0924263
16455.0924293
16455.0924322
16455.0924351
16455.092438
16455.0924409
16455.0924438
16455.0924467
16455.0924496
16455.0924526
16455.0924555
16455.0924584
16455.0924613
16455.0924642
16455.0924671
16455.09247
16455.0924729
16455.0924759
16455.0924788
16455.0924817
16455.0924846
16455.0924875
16455.0924904
16455.0924933
16455.0924962
16455.0924992
16455.0925021
16455.092505
16455.0925079
16455.0925108
16455.0925137
16455.0925166
16455.0925195
16455.0925225
16455.0925254
16455.0925283
16455.0925312
16455.0925341
16455.092537
16455.0925399
16455.0925429
16455.0925458
16455.0925487
16455.0925516
16455.0925545
16455.0925574
16455.0925603
16455.0925632
16455.0925662
16455.0925691
16455.092572
16455.0925749
16455.0925778
16455.0925807
16455.0925836
16455.0925865
16455.0925895
16455.0925924
16455.0925953
16455.0925982
16455.0926011
16455.092604
16455.0926069
16455.0926098
16455.0926128
16455.0926157
16455.0926186
16455.0926215
16455.0926244
16455.0926273
16455.0926302
16455.0926331
16455.0926361
16455.092639
16455.0926419
16455.0926448
16455.0926477
16455.0926506
16455.0926535
16455.0926564
16455.0926594
16455.0926623
16455.0926652
16455.0926681
16455.092671
16455.0926739
16455.0926768
16455.0926797
16455.0926827
16455.0926856
16455.0926885
16455.0926914
16455.0926943
16455.0926972
16455.0927001
16455.0927031
16455.092706
16455.0927089
16455.0927118
16455.0927147
16455.0927176
16455.0927205
16455.0927234
16455.0927264
16455.0927293
16455.0927322
16455.0927351
16455.092738
16455.0927409
16455.0927438
16455.0927467
16455.0927497
16455.0927526
16455.0927555
16455.0927584
16455.0927613
16455.0927642
16455.0927671
16455.09277
16455.092773
16455.0927759
16455.0927788
16455.0927817
16455.0927846
16455.0927875
16455.0927904
16455.0927933
16455.0927963
16455.0927992
16455.0928021
16455.092805
16455.0928079
16455.0928108
16455.0928137
16455.0928166
16455.0928196
16455.0928225
16455.0928254
16455.0928283
16455.0928312
16455.0928341
16455.092837
16455.0928399
16455.0928429
16455.0928458
16455.0928487
16455.0928516
16455.0928545
16455.0928574
16455.0928603
16455.0928632
16455.0928662
16455.0928691
16455.092872
16455.0928749
16455.0928778
16455.0928807
16455.0928836
16455.0928866
16455.0928895
16455.0928924
16455.0928953
16455.0928982
16455.0929011
16455.092904
16455.0929069
16455.0929099
16455.0929128
16455.0929157
16455.0929186
16455.0929215
16455.0929244
16455.0929273
16455.0929302
16455.0929332
16455.0929361
16455.092939
16455.0929419
16455.0929448
16455.0929477
16455.0929506
16455.0929535
16455.0929565
16455.0929594
16455.0929623
16455.0929652
16455.0929681
16455.092971
16455.0929739
16455.0929768
16455.0929798
16455.0929827
16455.0929856
16455.0929885
16455.0929914
16455.0929943
16455.0929972
16455.0930001
16455.0930031
16455.093006
16455.0930089
16455.0930118
16455.0930147
16455.0930176
16455.0930205
16455.0930234
16455.0930264
16455.0930293
16455.0930322
16455.0930351
16455.093038
16455.0930409
16455.0930438
16455.0930468
16455.0930497
16455.0930526
16455.0930555
16455.0930584
16455.0930613
16455.0930642
16455.0930671
16455.0930701
16455.093073
16455.0930759
16455.0930788
16455.0930817
16455.0930846
16455.0930875
16455.0930904
16455.0930934
16455.0930963
16455.0930992
16455.0931021
16455.093105
16455.0931079
16455.0931108
16455.0931137
16455.0931167
16455.0931196
16455.0931225
16455.0931254
16455.0931283
16455.0931312
16455.0931341
16455.093137
16455.09314
16455.0931429
16455.0931458
16455.0931487
16455.0931516
16455.0931545
16455.0931574
16455.0931603
16455.0931633
16455.0931662
16455.0931691
16455.093172
16455.0931749
16455.0931778
16455.0931807
16455.0931836
16455.0931866
16455.0931895
16455.0931924
16455.0931953
16455.0931982
16455.0932011
16455.093204
16455.0932069
16455.0932099
16455.0932128
16455.0932157
16455.0932186
16455.0932215
16455.0932244
16455.0932273
16455.0932303
16455.0932332
16455.0932361
16455.093239
16455.0932419
16455.0932448
16455.0932477
16455.0932506
16455.0932536
16455.0932565
16455.0932594
16455.0932623
16455.0932652
16455.0932681
16455.093271
16455.0932739
16455.0932769
16455.0932798
16455.0932827
16455.0932856
16455.0932885
16455.0932914
16455.0932943
16455.0932972
16455.0933002
16455.0933031
16455.093306
16455.0933089
16455.0933118
16455.0933147
16455.0933176
16455.0933205
16455.0933235
16455.0933264
16455.0933293
16455.0933322
16455.0933351
16455.093338
16455.0933409
16455.0933438
16455.0933468
16455.0933497
16455.0933526
16455.0933555
16455.0933584
16455.0933613
16455.0933642
16455.0933671
16455.0933701
16455.093373
16455.0933759
16455.0933788
16455.0933817
16455.0933846
16455.0933875
16455.0933905
16455.0933934
16455.0933963
16455.0933992
16455.0934021
16455.093405
16455.0934079
16455.0934108
16455.0934138
16455.0934167
16455.0934196
16455.0934225
16455.0934254
16455.0934283
16455.0934312
16455.0934341
16455.0934371
16455.09344
16455.0934429
16455.0934458
16455.0934487
16455.0934516
16455.0934545
16455.0934574
16455.0934604
16455.0934633
16455.0934662
16455.0934691
16455.093472
16455.0934749
16455.0934778
16455.0934807
16455.0934837
16455.0934866
16455.0934895
16455.0934924
16455.0934953
16455.0934982
16455.0935011
16455.093504
16455.093507
16455.0935099
16455.0935128
16455.0935157
16455.0935186
16455.0935215
16455.0935244
16455.0935273
16455.0935303
16455.0935332
16455.0935361
16455.093539
16455.0935419
16455.0935448
16455.0935477
16455.0935506
16455.0935536
16455.0935565
16455.0935594
16455.0935623
16455.0935652
16455.0935681
16455.093571
16455.093574
16455.0935769
16455.0935798
16455.0935827
16455.0935856
16455.0935885
16455.0935914
16455.0935943
16455.0935973
16455.0936002
16455.0936031
16455.093606
16455.0936089
16455.0936118
16455.0936147
16455.0936176
16455.0936206
16455.0936235
16455.0936264
16455.0936293
16455.0936322
16455.0936351
16455.093638
16455.0936409
16455.0936439
16455.0936468
16455.0936497
16455.0936526
16455.0936555
16455.0936584
16455.0936613
16455.0936642
16455.0936672
16455.0936701
16455.093673
16455.0936759
16455.0936788
16455.0936817
16455.0936846
16455.0936875
16455.0936905
16455.0936934
16455.0936963
16455.0936992
16455.0937021
16455.093705
16455.0937079
16455.0937108
16455.0937138
16455.0937167
16455.0937196
16455.0937225
16455.0937254
16455.0937283
16455.0937312
16455.0937342
16455.0937371
16455.09374
16455.0937429
16455.0937458
16455.0937487
16455.0937516
16455.0937545
16455.0937575
16455.0937604
16455.0937633
16455.0937662
16455.0937691
16455.093772
16455.0937749
16455.0937778
16455.0937808
16455.0937837
16455.0937866
16455.0937895
16455.0937924
16455.0937953
16455.0937982
16455.0938011
16455.0938041
16455.093807
16455.0938099
16455.0938128
16455.0938157
16455.0938186
16455.0938215
16455.0938244
16455.0938274
16455.0938303
16455.0938332
16455.0938361
16455.093839
16455.0938419
16455.0938448
16455.0938477
16455.0938507
16455.0938536
16455.0938565
16455.0938594
16455.0938623
16455.0938652
16455.0938681
16455.093871
16455.093874
16455.0938769
16455.0938798
16455.0938827
16455.0938856
16455.0938885
16455.0938914
16455.0938943
16455.0938973
16455.0939002
16455.0939031
16455.093906
16455.0939089
16455.0939118
16455.0939147
16455.0939177
16455.0939206
16455.0939235
16455.0939264
16455.0939293
16455.0939322
16455.0939351
16455.093938
16455.093941
16455.0939439
16455.0939468
16455.0939497
16455.0939526
16455.0939555
16455.0939584
16455.0939613
16455.0939643
16455.0939672
16455.0939701
16455.093973
16455.0939759
16455.0939788
16455.0939817
16455.0939846
16455.0939876
16455.0939905
16455.0939934
16455.0939963
16455.0939992
16455.0940021
16455.094005
16455.0940079
16455.0940109
16455.0940138
16455.0940167
16455.0940196
16455.0940225
16455.0940254
16455.0940283
16455.0940312
16455.0940342
16455.0940371
16455.09404
16455.0940429
16455.0940458
16455.0940487
16455.0940516
16455.0940545
16455.0940575
16455.0940604
16455.0940633
16455.0940662
16455.0940691
16455.094072
16455.0940749
16455.0940779
16455.0940808
16455.0940837
16455.0940866
16455.0940895
16455.0940924
16455.0940953
16455.0940982
16455.0941012
16455.0941041
16455.094107
16455.0941099
16455.0941128
16455.0941157
16455.0941186
16455.0941215
16455.0941245
16455.0941274
16455.0941303
16455.0941332
16455.0941361
16455.094139
16455.0941419
16455.0941448
16455.0941478
16455.0941507
16455.0941536
16455.0941565
16455.0941594
16455.0941623
16455.0941652
16455.0941681
16455.0941711
16455.094174
16455.0941769
16455.0941798
16455.0941827
16455.0941856
16455.0941885
16455.0941914
16455.0941944
16455.0941973
16455.0942002
16455.0942031
16455.094206
16455.0942089
16455.0942118
16455.0942147
16455.0942177
16455.0942206
16455.0942235
16455.0942264
16455.0942293
16455.0942322
16455.0942351
16455.094238
16455.094241
16455.0942439
16455.0942468
16455.0942497
16455.0942526
16455.0942555
16455.0942584
16455.0942614
16455.0942643
16455.0942672
16455.0942701
16455.094273
16455.0942759
16455.0942788
16455.0942817
16455.0942847
16455.0942876
16455.0942905
16455.0942934
16455.0942963
16455.0942992
16455.0943021
16455.094305
16455.094308
16455.0943109
16455.0943138
16455.0943167
16455.0943196
16455.0943225
16455.0943254
16455.0943283
16455.0943313
16455.0943342
16455.0943371
16455.09434
16455.0943429
16455.0943458
16455.0943487
16455.0943516
16455.0943546
16455.0943575
16455.0943604
16455.0943633
16455.0943662
16455.0943691
16455.094372
16455.0943749
16455.0943779
16455.0943808
16455.0943837
16455.0943866
16455.0943895
16455.0943924
16455.0943953
16455.0943982
16455.0944012
16455.0944041
16455.094407
16455.0944099
16455.0944128
16455.0944157
16455.0944186
16455.0944216
16455.0944245
16455.0944274
16455.0944303
16455.0944332
16455.0944361
16455.094439
16455.0944419
16455.0944449
16455.0944478
16455.0944507
16455.0944536
16455.0944565
16455.0944594
16455.0944623
16455.0944652
16455.0944682
16455.0944711
16455.094474
16455.0944769
16455.0944798
16455.0944827
16455.0944856
16455.0944885
16455.0944915
16455.0944944
16455.0944973
16455.0945002
16455.0945031
16455.094506
16455.0945089
16455.0945118
16455.0945148
16455.0945177
16455.0945206
16455.0945235
16455.0945264
16455.0945293
16455.0945322
16455.0945351
16455.0945381
16455.094541
16455.0945439
16455.0945468
16455.0945497
16455.0945526
16455.0945555
16455.0945584
16455.0945614
16455.0945643
16455.0945672
16455.0945701
16455.094573
16455.0945759
16455.0945788
16455.0945817
16455.0945847
16455.0945876
16455.0945905
16455.0945934
16455.0945963
16455.0945992
16455.0946021
16455.0946051
16455.094608
16455.0946109
16455.0946138
16455.0946167
16455.0946196
16455.0946225
16455.0946254
16455.0946284
16455.0946313
16455.0946342
16455.0946371
16455.09464
16455.0946429
16455.0946458
16455.0946487
16455.0946517
16455.0946546
16455.0946575
16455.0946604
16455.0946633
16455.0946662
16455.0946691
16455.094672
16455.094675
16455.0946779
16455.0946808
16455.0946837
16455.0946866
16455.0946895
16455.0946924
16455.0946953
16455.0946983
16455.0947012
16455.0947041
16455.094707
16455.0947099
16455.0947128
16455.0947157
16455.0947186
16455.0947216
16455.0947245
16455.0947274
16455.0947303
16455.0947332
16455.0947361
16455.094739
16455.0947419
16455.0947449
16455.0947478
16455.0947507
16455.0947536
16455.0947565
16455.0947594
16455.0947623
16455.0947653
16455.0947682
16455.0947711
16455.094774
16455.0947769
16455.0947798
16455.0947827
16455.0947856
16455.0947886
16455.0947915
16455.0947944
16455.0947973
16455.0948002
16455.0948031
16455.094806
16455.0948089
16455.0948119
16455.0948148
16455.0948177
16455.0948206
16455.0948235
16455.0948264
16455.0948293
16455.0948322
16455.0948352
16455.0948381
16455.094841
16455.0948439
16455.0948468
16455.0948497
16455.0948526
16455.0948555
16455.0948585
16455.0948614
16455.0948643
16455.0948672
16455.0948701
16455.094873
16455.0948759
16455.0948788
16455.0948818
16455.0948847
16455.0948876
16455.0948905
16455.0948934
16455.0948963
16455.0948992
16455.0949021
16455.0949051
16455.094908
16455.0949109
16455.0949138
16455.0949167
16455.0949196
16455.0949225
16455.0949254
16455.0949284
16455.0949313
16455.0949342
16455.0949371
16455.09494
16455.0949429
16455.0949458
16455.0949488
16455.0949517
16455.0949546
16455.0949575
16455.0949604
16455.0949633
16455.0949662
16455.0949691
16455.0949721
16455.094975
16455.0949779
16455.0949808
16455.0949837
16455.0949866
16455.0949895
16455.0949924
16455.0949954
16455.0949983
16455.0950012
16455.0950041
16455.095007
16455.0950099
16455.0950128
16455.0950157
16455.0950187
16455.0950216
16455.0950245
16455.0950274
16455.0950303
16455.0950332
16455.0950361
16455.095039
16455.095042
16455.0950449
16455.0950478
16455.0950507
16455.0950536
16455.0950565
16455.0950594
16455.0950623
16455.0950653
16455.0950682
16455.0950711
16455.095074
16455.0950769
16455.0950798
16455.0950827
16455.0950856
16455.0950886
16455.0950915
16455.0950944
16455.0950973
16455.0951002
16455.0951031
16455.095106
16455.095109
16455.0951119
16455.0951148
16455.0951177
16455.0951206
16455.0951235
16455.0951264
16455.0951293
16455.0951323
16455.0951352
16455.0951381
16455.095141
16455.0951439
16455.0951468
16455.0951497
16455.0951526
16455.0951556
16455.0951585
16455.0951614
16455.0951643
16455.0951672
16455.0951701
16455.095173
16455.0951759
16455.0951789
16455.0951818
16455.0951847
16455.0951876
16455.0951905
16455.0951934
16455.0951963
16455.0951992
16455.0952022
16455.0952051
16455.095208
16455.0952109
16455.0952138
16455.0952167
16455.0952196
16455.0952225
16455.0952255
16455.0952284
16455.0952313
16455.0952342
16455.0952371
16455.09524
16455.0952429
16455.0952458
16455.0952488
16455.0952517
16455.0952546
16455.0952575
16455.0952604
16455.0952633
16455.0952662
16455.0952691
16455.0952721
16455.095275
16455.0952779
16455.0952808
16455.0952837
16455.0952866
16455.0952895
16455.0952925
16455.0952954
16455.0952983
16455.0953012
16455.0953041
16455.095307
16455.0953099
16455.0953128
16455.0953158
16455.0953187
16455.0953216
16455.0953245
16455.0953274
16455.0953303
16455.0953332
16455.0953361
16455.0953391
16455.095342
16455.0953449
16455.0953478
16455.0953507
16455.0953536
16455.0953565
16455.0953594
16455.0953624
16455.0953653
16455.0953682
16455.0953711
16455.095374
16455.0953769
16455.0953798
16455.0953827
16455.0953857
16455.0953886
16455.0953915
16455.0953944
16455.0953973
16455.0954002
16455.0954031
16455.095406
16455.095409
16455.0954119
16455.0954148
16455.0954177
16455.0954206
16455.0954235
16455.0954264
16455.0954293
16455.0954323
16455.0954352
16455.0954381
16455.095441
16455.0954439
16455.0954468
16455.0954497
16455.0954526
16455.0954556
16455.0954585
16455.0954614
16455.0954643
16455.0954672
16455.0954701
16455.095473
16455.095476
16455.0954789
16455.0954818
16455.0954847
16455.0954876
16455.0954905
16455.0954934
16455.0954963
16455.0954993
16455.0955022
16455.0955051
16455.095508
16455.0955109
16455.0955138
16455.0955167
16455.0955196
16455.0955226
16455.0955255
16455.0955284
16455.0955313
16455.0955342
16455.0955371
16455.09554
16455.0955429
16455.0955459
16455.0955488
16455.0955517
16455.0955546
16455.0955575
16455.0955604
16455.0955633
16455.0955662
16455.0955692
16455.0955721
16455.095575
16455.0955779
16455.0955808
16455.0955837
16455.0955866
16455.0955895
16455.0955925
16455.0955954
16455.0955983
16455.0956012
16455.0956041
16455.095607
16455.0956099
16455.0956128
16455.0956158
16455.0956187
16455.0956216
16455.0956245
16455.0956274
16455.0956303
16455.0956332
16455.0956362
16455.0956391
16455.095642
16455.0956449
16455.0956478
16455.0956507
16455.0956536
16455.0956565
16455.0956595
16455.0956624
16455.0956653
16455.0956682
16455.0956711
16455.095674
16455.0956769
16455.0956798
16455.0956828
16455.0956857
16455.0956886
16455.0956915
16455.0956944
16455.0956973
16455.0957002
16455.0957031
16455.0957061
16455.095709
16455.0957119
16455.0957148
16455.0957177
16455.0957206
16455.0957235
16455.0957264
16455.0957294
16455.0957323
16455.0957352
16455.0957381
16455.095741
16455.0957439
16455.0957468
16455.0957497
16455.0957527
16455.0957556
16455.0957585
16455.0957614
16455.0957643
16455.0957672
16455.0957701
16455.095773
16455.095776
16455.0957789
16455.0957818
16455.0957847
16455.0957876
16455.0957905
16455.0957934
16455.0957963
16455.0957993
16455.0958022
16455.0958051
16455.095808
16455.0958109
16455.0958138
16455.0958167
16455.0958197
16455.0958226
16455.0958255
16455.0958284
16455.0958313
16455.0958342
16455.0958371
16455.09584
16455.095843
16455.0958459
16455.0958488
16455.0958517
16455.0958546
16455.0958575
16455.0958604
16455.0958633
16455.0958663
16455.0958692
16455.0958721
16455.095875
16455.0958779
16455.0958808
16455.0958837
16455.0958866
16455.0958896
16455.0958925
16455.0958954
16455.0958983
16455.0959012
16455.0959041
16455.095907
16455.0959099
16455.0959129
16455.0959158
16455.0959187
16455.0959216
16455.0959245
16455.0959274
16455.0959303
16455.0959332
16455.0959362
16455.0959391
16455.095942
16455.0959449
16455.0959478
16455.0959507
16455.0959536
16455.0959565
16455.0959595
16455.0959624
16455.0959653
16455.0959682
16455.0959711
16455.095974
16455.0959769
16455.0959799
16455.0959828
16455.0959857
16455.0959886
16455.0959915
16455.0959944
16455.0959973
16455.0960002
16455.0960032
16455.0960061
16455.096009
16455.0960119
16455.0960148
16455.0960177
16455.0960206
16455.0960235
16455.0960265
16455.0960294
16455.0960323
16455.0960352
16455.0960381
16455.096041
16455.0960439
16455.0960468
16455.0960498
16455.0960527
16455.0960556
16455.0960585
16455.0960614
16455.0960643
16455.0960672
16455.0960701
16455.0960731
16455.096076
16455.0960789
16455.0960818
16455.0960847
16455.0960876
16455.0960905
16455.0960934
16455.0960964
16455.0960993
16455.0961022
16455.0961051
16455.096108
16455.0961109
16455.0961138
16455.0961167
16455.0961197
16455.0961226
16455.0961255
16455.0961284
16455.0961313
16455.0961342
16455.0961371
16455.09614
16455.096143
16455.0961459
16455.0961488
16455.0961517
16455.0961546
16455.0961575
16455.0961604
16455.0961634
16455.0961663
16455.0961692
16455.0961721
16455.096175
16455.0961779
16455.0961808
16455.0961837
16455.0961867
16455.0961896
16455.0961925
16455.0961954
16455.0961983
16455.0962012
16455.0962041
16455.096207
16455.09621
16455.0962129
16455.0962158
16455.0962187
16455.0962216
16455.0962245
16455.0962274
16455.0962303
16455.0962333
16455.0962362
16455.0962391
16455.096242
16455.0962449
16455.0962478
16455.0962507
16455.0962536
16455.0962566
16455.0962595
16455.0962624
16455.0962653
16455.0962682
16455.0962711
16455.096274
16455.0962769
16455.0962799
16455.0962828
16455.0962857
16455.0962886
16455.0962915
16455.0962944
16455.0962973
16455.0963002
16455.0963032
16455.0963061
16455.096309
16455.0963119
16455.0963148
16455.0963177
16455.0963206
16455.0963236
16455.0963265
16455.0963294
16455.0963323
16455.0963352
16455.0963381
16455.096341
16455.0963439
16455.0963469
16455.0963498
16455.0963527
16455.0963556
16455.0963585
16455.0963614
16455.0963643
16455.0963672
16455.0963702
16455.0963731
16455.096376
16455.0963789
16455.0963818
16455.0963847
16455.0963876
16455.0963905
16455.0963935
16455.0963964
16455.0963993
16455.0964022
16455.0964051
16455.096408
16455.0964109
16455.0964138
16455.0964168
16455.0964197
16455.0964226
16455.0964255
16455.0964284
16455.0964313
16455.0964342
16455.0964371
16455.0964401
16455.096443
16455.0964459
16455.0964488
16455.0964517
16455.0964546
16455.0964575
16455.0964604
16455.0964634
16455.0964663
16455.0964692
16455.0964721
16455.096475
16455.0964779
16455.0964808
16455.0964837
16455.0964867
16455.0964896
16455.0964925
16455.0964954
16455.0964983
16455.0965012
16455.0965041
16455.0965071
16455.09651
16455.0965129
16455.0965158
16455.0965187
16455.0965216
16455.0965245
16455.0965274
16455.0965304
16455.0965333
16455.0965362
16455.0965391
16455.096542
16455.0965449
16455.0965478
16455.0965507
16455.0965537
16455.0965566
16455.0965595
16455.0965624
16455.0965653
16455.0965682
16455.0965711
16455.096574
16455.096577
16455.0965799
16455.0965828
16455.0965857
16455.0965886
16455.0965915
16455.0965944
16455.0965973
16455.0966003
16455.0966032
16455.0966061
16455.096609
16455.0966119
16455.0966148
16455.0966177
16455.0966206
16455.0966236
16455.0966265
16455.0966294
16455.0966323
16455.0966352
16455.0966381
16455.096641
16455.0966439
16455.0966469
16455.0966498
16455.0966527
16455.0966556
16455.0966585
16455.0966614
16455.0966643
16455.0966673
16455.0966702
16455.0966731
16455.096676
16455.0966789
16455.0966818
16455.0966847
16455.0966876
16455.0966906
16455.0966935
16455.0966964
16455.0966993
16455.0967022
16455.0967051
16455.096708
16455.0967109
16455.0967139
16455.0967168
16455.0967197
16455.0967226
16455.0967255
16455.0967284
16455.0967313
16455.0967342
16455.0967372
16455.0967401
16455.096743
16455.0967459
16455.0967488
16455.0967517
16455.0967546
16455.0967575
16455.0967605
16455.0967634
16455.0967663
16455.0967692
16455.0967721
16455.096775
16455.0967779
16455.0967808
16455.0967838
16455.0967867
16455.0967896
16455.0967925
16455.0967954
16455.0967983
16455.0968012
16455.0968041
16455.0968071
16455.09681
16455.0968129
16455.0968158
16455.0968187
16455.0968216
16455.0968245
16455.0968274
16455.0968304
16455.0968333
16455.0968362
16455.0968391
16455.096842
16455.0968449
16455.0968478
16455.0968508
16455.0968537
16455.0968566
16455.0968595
16455.0968624
16455.0968653
16455.0968682
16455.0968711
16455.0968741
16455.096877
16455.0968799
16455.0968828
16455.0968857
16455.0968886
16455.0968915
16455.0968944
16455.0968974
16455.0969003
16455.0969032
16455.0969061
16455.096909
16455.0969119
16455.0969148
16455.0969177
16455.0969207
16455.0969236
16455.0969265
16455.0969294
16455.0969323
16455.0969352
16455.0969381
16455.096941
16455.096944
16455.0969469
16455.0969498
16455.0969527
16455.0969556
16455.0969585
16455.0969614
16455.0969643
16455.0969673
16455.0969702
16455.0969731
16455.096976
16455.0969789
16455.0969818
16455.0969847
16455.0969876
16455.0969906
16455.0969935
16455.0969964
16455.0969993
16455.0970022
16455.0970051
16455.097008
16455.097011
16455.0970139
16455.0970168
16455.0970197
16455.0970226
16455.0970255
16455.0970284
16455.0970313
16455.0970343
16455.0970372
16455.0970401
16455.097043
16455.0970459
16455.0970488
16455.0970517
16455.0970546
16455.0970576
16455.0970605
16455.0970634
16455.0970663
16455.0970692
16455.0970721
16455.097075
16455.0970779
16455.0970809
16455.0970838
16455.0970867
16455.0970896
16455.0970925
16455.0970954
16455.0970983
16455.0971012
16455.0971042
16455.0971071
16455.09711
16455.0971129
16455.0971158
16455.0971187
16455.0971216
16455.0971245
16455.0971275
16455.0971304
16455.0971333
16455.0971362
16455.0971391
16455.097142
16455.0971449
16455.0971478
16455.0971508
16455.0971537
16455.0971566
16455.0971595
16455.0971624
16455.0971653
16455.0971682
16455.0971711
16455.0971741
16455.097177
16455.0971799
16455.0971828
16455.0971857
16455.0971886
16455.0971915
16455.0971945
16455.0971974
16455.0972003
16455.0972032
16455.0972061
16455.097209
16455.0972119
16455.0972148
16455.0972178
16455.0972207
16455.0972236
16455.0972265
16455.0972294
16455.0972323
16455.0972352
16455.0972381
16455.0972411
16455.097244
16455.0972469
16455.0972498
16455.0972527
16455.0972556
16455.0972585
16455.0972614
16455.0972644
16455.0972673
16455.0972702
16455.0972731
16455.097276
16455.0972789
16455.0972818
16455.0972847
16455.0972877
16455.0972906
16455.0972935
16455.0972964
16455.0972993
16455.0973022
16455.0973051
16455.097308
16455.097311
16455.0973139
16455.0973168
16455.0973197
16455.0973226
16455.0973255
16455.0973284
16455.0973313
16455.0973343
16455.0973372
16455.0973401
16455.097343
16455.0973459
16455.0973488
16455.0973517
16455.0973547
16455.0973576
16455.0973605
16455.0973634
16455.0973663
16455.0973692
16455.0973721
16455.097375
16455.097378
16455.0973809
16455.0973838
16455.0973867
16455.0973896
16455.0973925
16455.0973954
16455.0973983
16455.0974013
16455.0974042
16455.0974071
16455.09741
16455.0974129
16455.0974158
16455.0974187
16455.0974216
16455.0974246
16455.0974275
16455.0974304
16455.0974333
16455.0974362
16455.0974391
16455.097442
16455.0974449
16455.0974479
16455.0974508
16455.0974537
16455.0974566
16455.0974595
16455.0974624
16455.0974653
16455.0974682
16455.0974712
16455.0974741
16455.097477
16455.0974799
16455.0974828
16455.0974857
16455.0974886
16455.0974915
16455.0974945
16455.0974974
16455.0975003
16455.0975032
16455.0975061
16455.097509
16455.0975119
16455.0975148
16455.0975178
16455.0975207
16455.0975236
16455.0975265
16455.0975294
16455.0975323
16455.0975352
16455.0975382
16455.0975411
16455.097544
16455.0975469
16455.0975498
16455.0975527
16455.0975556
16455.0975585
16455.0975615
16455.0975644
16455.0975673
16455.0975702
16455.0975731
16455.097576
16455.0975789
16455.0975818
16455.0975848
16455.0975877
16455.0975906
16455.0975935
16455.0975964
16455.0975993
16455.0976022
16455.0976051
16455.0976081
16455.097611
16455.0976139
16455.0976168
16455.0976197
16455.0976226
16455.0976255
16455.0976284
16455.0976314
16455.0976343
16455.0976372
16455.0976401
16455.097643
16455.0976459
16455.0976488
16455.0976517
16455.0976547
16455.0976576
16455.0976605
16455.0976634
16455.0976663
16455.0976692
16455.0976721
16455.097675
16455.097678
16455.0976809
16455.0976838
16455.0976867
16455.0976896
16455.0976925
16455.0976954
16455.0976984
16455.0977013
16455.0977042
16455.0977071
16455.09771
16455.0977129
16455.0977158
16455.0977187
16455.0977217
16455.0977246
16455.0977275
16455.0977304
16455.0977333
16455.0977362
16455.0977391
16455.097742
16455.097745
16455.0977479
16455.0977508
16455.0977537
16455.0977566
16455.0977595
16455.0977624
16455.0977653
16455.0977683
16455.0977712
16455.0977741
16455.097777
16455.0977799
16455.0977828
16455.0977857
16455.0977886
16455.0977916
16455.0977945
16455.0977974
16455.0978003
16455.0978032
16455.0978061
16455.097809
16455.0978119
16455.0978149
16455.0978178
16455.0978207
16455.0978236
16455.0978265
16455.0978294
16455.0978323
16455.0978352
16455.0978382
16455.0978411
16455.097844
16455.0978469
16455.0978498
16455.0978527
16455.0978556
16455.0978585
16455.0978615
16455.0978644
16455.0978673
16455.0978702
16455.0978731
16455.097876
16455.0978789
16455.0978819
16455.0978848
16455.0978877
16455.0978906
16455.0978935
16455.0978964
16455.0978993
16455.0979022
16455.0979052
16455.0979081
16455.097911
16455.0979139
16455.0979168
16455.0979197
16455.0979226
16455.0979255
16455.0979285
16455.0979314
16455.0979343
16455.0979372
16455.0979401
16455.097943
16455.0979459
16455.0979488
16455.0979518
16455.0979547
16455.0979576
16455.0979605
16455.0979634
16455.0979663
16455.0979692
16455.0979721
16455.0979751
16455.097978
16455.0979809
16455.0979838
16455.0979867
16455.0979896
16455.0979925
16455.0979954
16455.0979984
16455.0980013
16455.0980042
16455.0980071
16455.09801
16455.0980129
16455.0980158
16455.0980187
16455.0980217
16455.0980246
16455.0980275
16455.0980304
16455.0980333
16455.0980362
16455.0980391
16455.0980421
16455.098045
16455.0980479
16455.0980508
16455.0980537
16455.0980566
16455.0980595
16455.0980624
16455.0980654
16455.0980683
16455.0980712
16455.0980741
16455.098077
16455.0980799
16455.0980828
16455.0980857
16455.0980887
16455.0980916
16455.0980945
16455.0980974
16455.0981003
16455.0981032
16455.0981061
16455.098109
16455.098112
16455.0981149
16455.0981178
16455.0981207
16455.0981236
16455.0981265
16455.0981294
16455.0981323
16455.0981353
16455.0981382
16455.0981411
16455.098144
16455.0981469
16455.0981498
16455.0981527
16455.0981556
16455.0981586
16455.0981615
16455.0981644
16455.0981673
16455.0981702
16455.0981731
16455.098176
16455.0981789
16455.0981819
16455.0981848
16455.0981877
16455.0981906
16455.0981935
16455.0981964
16455.0981993
16455.0982022
16455.0982052
16455.0982081
16455.098211
16455.0982139
16455.0982168
16455.0982197
16455.0982226
16455.0982256
16455.0982285
16455.0982314
16455.0982343
16455.0982372
16455.0982401
16455.098243
16455.0982459
16455.0982489
16455.0982518
16455.0982547
16455.0982576
16455.0982605
16455.0982634
16455.0982663
16455.0982692
16455.0982722
16455.0982751
16455.098278
16455.0982809
16455.0982838
16455.0982867
16455.0982896
16455.0982925
16455.0982955
16455.0982984
16455.0983013
16455.0983042
16455.0983071
16455.09831
16455.0983129
16455.0983158
16455.0983188
16455.0983217
16455.0983246
16455.0983275
16455.0983304
16455.0983333
16455.0983362
16455.0983391
16455.0983421
16455.098345
16455.0983479
16455.0983508
16455.0983537
16455.0983566
16455.0983595
16455.0983624
16455.0983654
16455.0983683
16455.0983712
16455.0983741
16455.098377
16455.0983799
16455.0983828
16455.0983858
16455.0983887
16455.0983916
16455.0983945
16455.0983974
16455.0984003
16455.0984032
16455.0984061
16455.0984091
16455.098412
16455.0984149
16455.0984178
16455.0984207
16455.0984236
16455.0984265
16455.0984294
16455.0984324
16455.0984353
16455.0984382
16455.0984411
16455.098444
16455.0984469
16455.0984498
16455.0984527
16455.0984557
16455.0984586
16455.0984615
16455.0984644
16455.0984673
16455.0984702
16455.0984731
16455.098476
16455.098479
16455.0984819
16455.0984848
16455.0984877
16455.0984906
16455.0984935
16455.0984964
16455.0984993
16455.0985023
16455.0985052
16455.0985081
16455.098511
16455.0985139
16455.0985168
16455.0985197
16455.0985226
16455.0985256
16455.0985285
16455.0985314
16455.0985343
16455.0985372
16455.0985401
16455.098543
16455.0985459
16455.0985489
16455.0985518
16455.0985547
16455.0985576
16455.0985605
16455.0985634
16455.0985663
16455.0985693
16455.0985722
16455.0985751
16455.098578
16455.0985809
16455.0985838
16455.0985867
16455.0985896
16455.0985926
16455.0985955
16455.0985984
16455.0986013
16455.0986042
16455.0986071
16455.09861
16455.0986129
16455.0986159
16455.0986188
16455.0986217
16455.0986246
16455.0986275
16455.0986304
16455.0986333
16455.0986362
16455.0986392
16455.0986421
16455.098645
16455.0986479
16455.0986508
16455.0986537
16455.0986566
16455.0986595
16455.0986625
16455.0986654
16455.0986683
16455.0986712
16455.0986741
16455.098677
16455.0986799
16455.0986828
16455.0986858
16455.0986887
16455.0986916
16455.0986945
16455.0986974
16455.0987003
16455.0987032
16455.0987061
16455.0987091
16455.098712
16455.0987149
16455.0987178
16455.0987207
16455.0987236
16455.0987265
16455.0987294
16455.0987324
16455.0987353
16455.0987382
16455.0987411
16455.098744
16455.0987469
16455.0987498
16455.0987528
16455.0987557
16455.0987586
16455.0987615
16455.0987644
16455.0987673
16455.0987702
16455.0987731
16455.0987761
16455.098779
16455.0987819
16455.0987848
16455.0987877
16455.0987906
16455.0987935
16455.0987964
16455.0987994
16455.0988023
16455.0988052
16455.0988081
16455.098811
16455.0988139
16455.0988168
16455.0988197
16455.0988227
16455.0988256
16455.0988285
16455.0988314
16455.0988343
16455.0988372
16455.0988401
16455.098843
16455.098846
16455.0988489
16455.0988518
16455.0988547
16455.0988576
16455.0988605
16455.0988634
16455.0988663
16455.0988693
16455.0988722
16455.0988751
16455.098878
16455.0988809
16455.0988838
16455.0988867
16455.0988896
16455.0988926
16455.0988955
16455.0988984
16455.0989013
16455.0989042
16455.0989071
16455.09891
16455.098913
16455.0989159
16455.0989188
16455.0989217
16455.0989246
16455.0989275
16455.0989304
16455.0989333
16455.0989363
16455.0989392
16455.0989421
16455.098945
16455.0989479
16455.0989508
16455.0989537
16455.0989566
16455.0989596
16455.0989625
16455.0989654
16455.0989683
16455.0989712
16455.0989741
16455.098977
16455.0989799
16455.0989829
16455.0989858
16455.0989887
16455.0989916
16455.0989945
16455.0989974
16455.0990003
16455.0990032
16455.0990062
16455.0990091
16455.099012
16455.0990149
16455.0990178
16455.0990207
16455.0990236
16455.0990265
16455.0990295
16455.0990324
16455.0990353
16455.0990382
16455.0990411
16455.099044
16455.0990469
16455.0990498
16455.0990528
16455.0990557
16455.0990586
16455.0990615
16455.0990644
16455.0990673
16455.0990702
16455.0990731
16455.0990761
16455.099079
16455.0990819
16455.0990848
16455.0990877
16455.0990906
16455.0990935
16455.0990965
16455.0990994
16455.0991023
16455.0991052
16455.0991081
16455.099111
16455.0991139
16455.0991168
16455.0991198
16455.0991227
16455.0991256
16455.0991285
16455.0991314
16455.0991343
16455.0991372
16455.0991401
16455.0991431
16455.099146
16455.0991489
16455.0991518
16455.0991547
16455.0991576
16455.0991605
16455.0991634
16455.0991664
16455.0991693
16455.0991722
16455.0991751
16455.099178
16455.0991809
16455.0991838
16455.0991867
16455.0991897
16455.0991926
16455.0991955
16455.0991984
16455.0992013
16455.0992042
16455.0992071
16455.09921
16455.099213
16455.0992159
16455.0992188
16455.0992217
16455.0992246
16455.0992275
16455.0992304
16455.0992333
16455.0992363
16455.0992392
16455.0992421
16455.099245
16455.0992479
16455.0992508
16455.0992537
16455.0992567
16455.0992596
16455.0992625
16455.0992654
16455.0992683
16455.0992712
16455.0992741
16455.099277
16455.09928
16455.0992829
16455.0992858
16455.0992887
16455.0992916
16455.0992945
16455.0992974
16455.0993003
16455.0993033
16455.0993062
16455.0993091
16455.099312
16455.0993149
16455.0993178
16455.0993207
16455.0993236
16455.0993266
16455.0993295
16455.0993324
16455.0993353
16455.0993382
16455.0993411
16455.099344
16455.0993469
16455.0993499
16455.0993528
16455.0993557
16455.0993586
16455.0993615
16455.0993644
16455.0993673
16455.0993702
16455.0993732
16455.0993761
16455.099379
16455.0993819
16455.0993848
16455.0993877
16455.0993906
16455.0993935
16455.0993965
16455.0993994
16455.0994023
16455.0994052
16455.0994081
16455.099411
16455.0994139
16455.0994168
16455.0994198
16455.0994227
16455.0994256
16455.0994285
16455.0994314
16455.0994343
16455.0994372
16455.0994402
16455.0994431
16455.099446
16455.0994489
16455.0994518
16455.0994547
16455.0994576
16455.0994605
16455.0994635
16455.0994664
16455.0994693
16455.0994722
16455.0994751
16455.099478
16455.0994809
16455.0994838
16455.0994868
16455.0994897
16455.0994926
16455.0994955
16455.0994984
16455.0995013
16455.0995042
16455.0995071
16455.0995101
16455.099513
16455.0995159
16455.0995188
16455.0995217
16455.0995246
16455.0995275
16455.0995304
16455.0995334
16455.0995363
16455.0995392
16455.0995421
16455.099545
16455.0995479
16455.0995508
16455.0995537
16455.0995567
16455.0995596
16455.0995625
16455.0995654
16455.0995683
16455.0995712
16455.0995741
16455.099577
16455.09958
16455.0995829
16455.0995858
16455.0995887
16455.0995916
16455.0995945
16455.0995974
16455.0996004
16455.0996033
16455.0996062
16455.0996091
16455.099612
16455.0996149
16455.0996178
16455.0996207
16455.0996237
16455.0996266
16455.0996295
16455.0996324
16455.0996353
16455.0996382
16455.0996411
16455.099644
16455.099647
16455.0996499
16455.0996528
16455.0996557
16455.0996586
16455.0996615
16455.0996644
16455.0996673
16455.0996703
16455.0996732
16455.0996761
16455.099679
16455.0996819
16455.0996848
16455.0996877
16455.0996906
16455.0996936
16455.0996965
16455.0996994
16455.0997023
16455.0997052
16455.0997081
16455.099711
16455.0997139
16455.0997169
16455.0997198
16455.0997227
16455.0997256
16455.0997285
16455.0997314
16455.0997343
16455.0997372
16455.0997402
16455.0997431
16455.099746
16455.0997489
16455.0997518
16455.0997547
16455.0997576
16455.0997605
16455.0997635
16455.0997664
16455.0997693
16455.0997722
16455.0997751
16455.099778
16455.0997809
16455.0997839
16455.0997868
16455.0997897
16455.0997926
16455.0997955
16455.0997984
16455.0998013
16455.0998042
16455.0998072
16455.0998101
16455.099813
16455.0998159
16455.0998188
16455.0998217
16455.0998246
16455.0998275
16455.0998305
16455.0998334
16455.0998363
16455.0998392
16455.0998421
16455.099845
16455.0998479
16455.0998508
16455.0998538
16455.0998567
16455.0998596
16455.0998625
16455.0998654
16455.0998683
16455.0998712
16455.0998741
16455.0998771
16455.09988
16455.0998829
16455.0998858
16455.0998887
16455.0998916
16455.0998945
16455.0998974
16455.0999004
16455.0999033
16455.0999062
16455.0999091
16455.099912
16455.0999149
16455.0999178
16455.0999207
16455.0999237
16455.0999266
16455.0999295
16455.0999324
16455.0999353
16455.0999382
16455.0999411
16455.0999441
16455.099947
16455.0999499
16455.0999528
16455.0999557
16455.0999586
16455.0999615
16455.0999644
16455.0999674
16455.0999703
16455.0999732
16455.0999761
16455.099979
16455.0999819
16455.0999848
16455.0999877
16455.0999907
16455.0999936
16455.0999965
16455.0999994
16455.1000023
16455.1000052
16455.1000081
16455.100011
16455.100014
16455.1000169
16455.1000198
16455.1000227
16455.1000256
16455.1000285
16455.1000314
16455.1000343
16455.1000373
16455.1000402
16455.1000431
16455.100046
16455.1000489
16455.1000518
16455.1000547
16455.1000576
16455.1000606
16455.1000635
16455.1000664
16455.1000693
16455.1000722
16455.1000751
16455.100078
16455.1000809
16455.1000839
16455.1000868
16455.1000897
16455.1000926
16455.1000955
16455.1000984
16455.1001013
16455.1001042
16455.1001072
16455.1001101
16455.100113
16455.1001159
16455.1001188
16455.1001217
16455.1001246
16455.1001276
16455.1001305
16455.1001334
16455.1001363
16455.1001392
16455.1001421
16455.100145
16455.1001479
16455.1001509
16455.1001538
16455.1001567
16455.1001596
16455.1001625
16455.1001654
16455.1001683
16455.1001712
16455.1001742
16455.1001771
16455.10018
16455.1001829
16455.1001858
16455.1001887
16455.1001916
16455.1001945
16455.1001975
16455.1002004
16455.1002033
16455.1002062
16455.1002091
16455.100212
16455.1002149
16455.1002178
16455.1002208
16455.1002237
16455.1002266
16455.1002295
16455.1002324
16455.1002353
16455.1002382
16455.1002411
16455.1002441
16455.100247
16455.1002499
16455.1002528
16455.1002557
16455.1002586
16455.1002615
16455.1002644
16455.1002674
16455.1002703
16455.1002732
16455.1002761
16455.100279
16455.1002819
16455.1002848
16455.1002878
16455.1002907
16455.1002936
16455.1002965
16455.1002994
16455.1003023
16455.1003052
16455.1003081
16455.1003111
16455.100314
16455.1003169
16455.1003198
16455.1003227
16455.1003256
16455.1003285
16455.1003314
16455.1003344
16455.1003373
16455.1003402
16455.1003431
16455.100346
16455.1003489
16455.1003518
16455.1003547
16455.1003577
16455.1003606
16455.1003635
16455.1003664
16455.1003693
16455.1003722
16455.1003751
16455.100378
16455.100381
16455.1003839
16455.1003868
16455.1003897
16455.1003926
16455.1003955
16455.1003984
16455.1004013
16455.1004043
16455.1004072
16455.1004101
16455.100413
16455.1004159
16455.1004188
16455.1004217
16455.1004246
16455.1004276
16455.1004305
16455.1004334
16455.1004363
16455.1004392
16455.1004421
16455.100445
16455.1004479
16455.1004509
16455.1004538
16455.1004567
16455.1004596
16455.1004625
16455.1004654
16455.1004683
16455.1004713
16455.1004742
16455.1004771
16455.10048
16455.1004829
16455.1004858
16455.1004887
16455.1004916
16455.1004946
16455.1004975
16455.1005004
16455.1005033
16455.1005062
16455.1005091
16455.100512
16455.1005149
16455.1005179
16455.1005208
16455.1005237
16455.1005266
16455.1005295
16455.1005324
16455.1005353
16455.1005382
16455.1005412
16455.1005441
16455.100547
16455.1005499
16455.1005528
16455.1005557
16455.1005586
16455.1005615
16455.1005645
16455.1005674
16455.1005703
16455.1005732
16455.1005761
16455.100579
16455.1005819
16455.1005848
16455.1005878
16455.1005907
16455.1005936
16455.1005965
16455.1005994
16455.1006023
16455.1006052
16455.1006081
16455.1006111
16455.100614
16455.1006169
16455.1006198
16455.1006227
16455.1006256
16455.1006285
16455.1006315
16455.1006344
16455.1006373
16455.1006402
16455.1006431
16455.100646
16455.1006489
16455.1006518
16455.1006548
16455.1006577
16455.1006606
16455.1006635
16455.1006664
16455.1006693
16455.1006722
16455.1006751
16455.1006781
16455.100681
16455.1006839
16455.1006868
16455.1006897
16455.1006926
16455.1006955
16455.1006984
16455.1007014
16455.1007043
16455.1007072
16455.1007101
16455.100713
16455.1007159
16455.1007188
16455.1007217
16455.1007247
16455.1007276
16455.1007305
16455.1007334
16455.1007363
16455.1007392
16455.1007421
16455.100745
16455.100748
16455.1007509
16455.1007538
16455.1007567
16455.1007596
16455.1007625
16455.1007654
16455.1007683
16455.1007713
16455.1007742
16455.1007771
16455.10078
16455.1007829
16455.1007858
16455.1007887
16455.1007916
16455.1007946
16455.1007975
16455.1008004
16455.1008033
16455.1008062
16455.1008091
16455.100812
16455.100815
16455.1008179
16455.1008208
16455.1008237
16455.1008266
16455.1008295
16455.1008324
16455.1008353
16455.1008383
16455.1008412
16455.1008441
16455.100847
16455.1008499
16455.1008528
16455.1008557
16455.1008586
16455.1008616
16455.1008645
16455.1008674
16455.1008703
16455.1008732
16455.1008761
16455.100879
16455.1008819
16455.1008849
16455.1008878
16455.1008907
16455.1008936
16455.1008965
16455.1008994
16455.1009023
16455.1009052
16455.1009082
16455.1009111
16455.100914
16455.1009169
16455.1009198
16455.1009227
16455.1009256
16455.1009285
16455.1009315
16455.1009344
16455.1009373
16455.1009402
16455.1009431
16455.100946
16455.1009489
16455.1009518
16455.1009548
16455.1009577
16455.1009606
16455.1009635
16455.1009664
16455.1009693
16455.1009722
16455.1009752
16455.1009781
16455.100981
16455.1009839
16455.1009868
16455.1009897
16455.1009926
16455.1009955
16455.1009985
16455.1010014
16455.1010043
16455.1010072
16455.1010101
16455.101013
16455.1010159
16455.1010188
16455.1010218
16455.1010247
16455.1010276
16455.1010305
16455.1010334
16455.1010363
16455.1010392
16455.1010421
16455.1010451
16455.101048
16455.1010509
16455.1010538
16455.1010567
16455.1010596
16455.1010625
16455.1010654
16455.1010684
16455.1010713
16455.1010742
16455.1010771
16455.10108
16455.1010829
16455.1010858
16455.1010887
16455.1010917
16455.1010946
16455.1010975
16455.1011004
16455.1011033
16455.1011062
16455.1011091
16455.101112
16455.101115
16455.1011179
16455.1011208
16455.1011237
16455.1011266
16455.1011295
16455.1011324
16455.1011353
16455.1011383
16455.1011412
16455.1011441
16455.101147
16455.1011499
16455.1011528
16455.1011557
16455.1011587
16455.1011616
16455.1011645
16455.1011674
16455.1011703
16455.1011732
16455.1011761
16455.101179
16455.101182
16455.1011849
16455.1011878
16455.1011907
16455.1011936
16455.1011965
16455.1011994
16455.1012023
16455.1012053
16455.1012082
16455.1012111
16455.101214
16455.1012169
16455.1012198
16455.1012227
16455.1012256
16455.1012286
16455.1012315
16455.1012344
16455.1012373
16455.1012402
16455.1012431
16455.101246
16455.1012489
16455.1012519
16455.1012548
16455.1012577
16455.1012606
16455.1012635
16455.1012664
16455.1012693
16455.1012722
16455.1012752
16455.1012781
16455.101281
16455.1012839
16455.1012868
16455.1012897
16455.1012926
16455.1012955
16455.1012985
16455.1013014
16455.1013043
16455.1013072
16455.1013101
16455.101313
16455.1013159
16455.1013189
16455.1013218
16455.1013247
16455.1013276
16455.1013305
16455.1013334
16455.1013363
16455.1013392
16455.1013422
16455.1013451
16455.101348
16455.1013509
16455.1013538
16455.1013567
16455.1013596
16455.1013625
16455.1013655
16455.1013684
16455.1013713
16455.1013742
16455.1013771
16455.10138
16455.1013829
16455.1013858
16455.1013888
16455.1013917
16455.1013946
16455.1013975
16455.1014004
16455.1014033
16455.1014062
16455.1014091
16455.1014121
16455.101415
16455.1014179
16455.1014208
16455.1014237
16455.1014266
16455.1014295
16455.1014324
16455.1014354
16455.1014383
16455.1014412
16455.1014441
16455.101447
16455.1014499
16455.1014528
16455.1014557
16455.1014587
16455.1014616
16455.1014645
16455.1014674
16455.1014703
16455.1014732
16455.1014761
16455.101479
16455.101482
16455.1014849
16455.1014878
16455.1014907
16455.1014936
16455.1014965
16455.1014994
16455.1015024
16455.1015053
16455.1015082
16455.1015111
16455.101514
16455.1015169
16455.1015198
16455.1015227
16455.1015257
16455.1015286
16455.1015315
16455.1015344
16455.1015373
16455.1015402
16455.1015431
16455.101546
16455.101549
16455.1015519
16455.1015548
16455.1015577
16455.1015606
16455.1015635
16455.1015664
16455.1015693
16455.1015723
16455.1015752
16455.1015781
16455.101581
16455.1015839
16455.1015868
16455.1015897
16455.1015926
16455.1015956
16455.1015985
16455.1016014
16455.1016043
16455.1016072
16455.1016101
16455.101613
16455.1016159
16455.1016189
16455.1016218
16455.1016247
16455.1016276
16455.1016305
16455.1016334
16455.1016363
16455.1016392
16455.1016422
16455.1016451
16455.101648
16455.1016509
16455.1016538
16455.1016567
16455.1016596
16455.1016626
16455.1016655
16455.1016684
16455.1016713
16455.1016742
16455.1016771
16455.10168
16455.1016829
16455.1016859
16455.1016888
16455.1016917
16455.1016946
16455.1016975
16455.1017004
16455.1017033
16455.1017062
16455.1017092
16455.1017121
16455.101715
16455.1017179
16455.1017208
16455.1017237
16455.1017266
16455.1017295
16455.1017325
16455.1017354
16455.1017383
16455.1017412
16455.1017441
16455.101747
16455.1017499
16455.1017528
16455.1017558
16455.1017587
16455.1017616
16455.1017645
16455.1017674
16455.1017703
16455.1017732
16455.1017761
16455.1017791
16455.101782
16455.1017849
16455.1017878
16455.1017907
16455.1017936
16455.1017965
16455.1017994
16455.1018024
16455.1018053
16455.1018082
16455.1018111
16455.101814
16455.1018169
16455.1018198
16455.1018227
16455.1018257
16455.1018286
16455.1018315
16455.1018344
16455.1018373
16455.1018402
16455.1018431
16455.1018461
16455.101849
16455.1018519
16455.1018548
16455.1018577
16455.1018606
16455.1018635
16455.1018664
16455.1018694
16455.1018723
16455.1018752
16455.1018781
16455.101881
16455.1018839
16455.1018868
16455.1018897
16455.1018927
16455.1018956
16455.1018985
16455.1019014
16455.1019043
16455.1019072
16455.1019101
16455.101913
16455.101916
16455.1019189
16455.1019218
16455.1019247
16455.1019276
16455.1019305
16455.1019334
16455.1019363
16455.1019393
16455.1019422
16455.1019451
16455.101948
16455.1019509
16455.1019538
16455.1019567
16455.1019596
16455.1019626
16455.1019655
16455.1019684
16455.1019713
16455.1019742
16455.1019771
16455.10198
16455.1019829
16455.1019859
16455.1019888
16455.1019917
16455.1019946
16455.1019975
16455.1020004
16455.1020033
16455.1020062
16455.1020092
16455.1020121
16455.102015
16455.1020179
16455.1020208
16455.1020237
16455.1020266
16455.1020296
16455.1020325
16455.1020354
16455.1020383
16455.1020412
16455.1020441
16455.102047
16455.1020499
16455.1020529
16455.1020558
16455.1020587
16455.1020616
16455.1020645
16455.1020674
16455.1020703
16455.1020732
16455.1020762
16455.1020791
16455.102082
16455.1020849
16455.1020878
16455.1020907
16455.1020936
16455.1020965
16455.1020995
16455.1021024
16455.1021053
16455.1021082
16455.1021111
16455.102114
16455.1021169
16455.1021198
16455.1021228
16455.1021257
16455.1021286
16455.1021315
16455.1021344
16455.1021373
16455.1021402
16455.1021431
16455.1021461
16455.102149
16455.1021519
16455.1021548
16455.1021577
16455.1021606
16455.1021635
16455.1021664
16455.1021694
16455.1021723
16455.1021752
16455.1021781
16455.102181
16455.1021839
16455.1021868
16455.1021898
16455.1021927
16455.1021956
16455.1021985
16455.1022014
16455.1022043
16455.1022072
16455.1022101
16455.1022131
16455.102216
16455.1022189
16455.1022218
16455.1022247
16455.1022276
16455.1022305
16455.1022334
16455.1022364
16455.1022393
16455.1022422
16455.1022451
16455.102248
16455.1022509
16455.1022538
16455.1022567
16455.1022597
16455.1022626
16455.1022655
16455.1022684
16455.1022713
16455.1022742
16455.1022771
16455.10228
16455.102283
16455.1022859
16455.1022888
16455.1022917
16455.1022946
16455.1022975
16455.1023004
16455.1023033
16455.1023063
16455.1023092
16455.1023121
16455.102315
16455.1023179
16455.1023208
16455.1023237
16455.1023266
16455.1023296
16455.1023325
16455.1023354
16455.1023383
16455.1023412
16455.1023441
16455.102347
16455.1023499
16455.1023529
16455.1023558
16455.1023587
16455.1023616
16455.1023645
16455.1023674
16455.1023703
16455.1023733
16455.1023762
16455.1023791
16455.102382
16455.1023849
16455.1023878
16455.1023907
16455.1023936
16455.1023966
16455.1023995
16455.1024024
16455.1024053
16455.1024082
16455.1024111
16455.102414
16455.1024169
16455.1024199
16455.1024228
16455.1024257
16455.1024286
16455.1024315
16455.1024344
16455.1024373
16455.1024402
16455.1024432
16455.1024461
16455.102449
16455.1024519
16455.1024548
16455.1024577
16455.1024606
16455.1024635
16455.1024665
16455.1024694
16455.1024723
16455.1024752
16455.1024781
16455.102481
16455.1024839
16455.1024868
16455.1024898
16455.1024927
16455.1024956
16455.1024985
16455.1025014
16455.1025043
16455.1025072
16455.1025101
16455.1025131
16455.102516
16455.1025189
16455.1025218
16455.1025247
16455.1025276
16455.1025305
16455.1025335
16455.1025364
16455.1025393
16455.1025422
16455.1025451
16455.102548
16455.1025509
16455.1025538
16455.1025568
16455.1025597
16455.1025626
16455.1025655
16455.1025684
16455.1025713
16455.1025742
16455.1025771
16455.1025801
16455.102583
16455.1025859
16455.1025888
16455.1025917
16455.1025946
16455.1025975
16455.1026004
16455.1026034
16455.1026063
16455.1026092
16455.1026121
16455.102615
16455.1026179
16455.1026208
16455.1026237
16455.1026267
16455.1026296
16455.1026325
16455.1026354
16455.1026383
16455.1026412
16455.1026441
16455.102647
16455.10265
16455.1026529
16455.1026558
16455.1026587
16455.1026616
16455.1026645
16455.1026674
16455.1026703
16455.1026733
16455.1026762
16455.1026791
16455.102682
16455.1026849
16455.1026878
16455.1026907
16455.1026936
16455.1026966
16455.1026995
16455.1027024
16455.1027053
16455.1027082
16455.1027111
16455.102714
16455.102717
16455.1027199
16455.1027228
16455.1027257
16455.1027286
16455.1027315
16455.1027344
16455.1027373
16455.1027403
16455.1027432
16455.1027461
16455.102749
16455.1027519
16455.1027548
16455.1027577
16455.1027606
16455.1027636
16455.1027665
16455.1027694
16455.1027723
16455.1027752
16455.1027781
16455.102781
16455.1027839
16455.1027869
16455.1027898
16455.1027927
16455.1027956
16455.1027985
16455.1028014
16455.1028043
16455.1028072
16455.1028102
16455.1028131
16455.102816
16455.1028189
16455.1028218
16455.1028247
16455.1028276
16455.1028305
16455.1028335
16455.1028364
16455.1028393
16455.1028422
16455.1028451
16455.102848
16455.1028509
16455.1028538
16455.1028568
16455.1028597
16455.1028626
16455.1028655
16455.1028684
16455.1028713
16455.1028742
16455.1028772
16455.1028801
16455.102883
16455.1028859
16455.1028888
16455.1028917
16455.1028946
16455.1028975
16455.1029005
16455.1029034
16455.1029063
16455.1029092
16455.1029121
16455.102915
16455.1029179
16455.1029208
16455.1029238
16455.1029267
16455.1029296
16455.1029325
16455.1029354
16455.1029383
16455.1029412
16455.1029441
16455.1029471
16455.10295
16455.1029529
16455.1029558
16455.1029587
16455.1029616
16455.1029645
16455.1029674
16455.1029704
16455.1029733
16455.1029762
16455.1029791
16455.102982
16455.1029849
16455.1029878
16455.1029907
16455.1029937
16455.1029966
16455.1029995
16455.1030024
16455.1030053
16455.1030082
16455.1030111
16455.103014
16455.103017
16455.1030199
16455.1030228
16455.1030257
16455.1030286
16455.1030315
16455.1030344
16455.1030373
16455.1030403
16455.1030432
16455.1030461
16455.103049
16455.1030519
16455.1030548
16455.1030577
16455.1030607
16455.1030636
16455.1030665
16455.1030694
16455.1030723
16455.1030752
16455.1030781
16455.103081
16455.103084
16455.1030869
16455.1030898
16455.1030927
16455.1030956
16455.1030985
16455.1031014
16455.1031043
16455.1031073
16455.1031102
16455.1031131
16455.103116
16455.1031189
16455.1031218
16455.1031247
16455.1031276
16455.1031306
16455.1031335
16455.1031364
16455.1031393
16455.1031422
16455.1031451
16455.103148
16455.1031509
16455.1031539
16455.1031568
16455.1031597
16455.1031626
16455.1031655
16455.1031684
16455.1031713
16455.1031742
16455.1031772
16455.1031801
16455.103183
16455.1031859
16455.1031888
16455.1031917
16455.1031946
16455.1031975
16455.1032005
16455.1032034
16455.1032063
16455.1032092
16455.1032121
16455.103215
16455.1032179
16455.1032209
16455.1032238
16455.1032267
16455.1032296
16455.1032325
16455.1032354
16455.1032383
16455.1032412
16455.1032442
16455.1032471
16455.10325
16455.1032529
16455.1032558
16455.1032587
16455.1032616
16455.1032645
16455.1032675
16455.1032704
16455.1032733
16455.1032762
16455.1032791
16455.103282
16455.1032849
16455.1032878
16455.1032908
16455.1032937
16455.1032966
16455.1032995
16455.1033024
16455.1033053
16455.1033082
16455.1033111
16455.1033141
16455.103317
16455.1033199
16455.1033228
16455.1033257
16455.1033286
16455.1033315
16455.1033344
16455.1033374
16455.1033403
16455.1033432
16455.1033461
16455.103349
16455.1033519
16455.1033548
16455.1033577
16455.1033607
16455.1033636
16455.1033665
16455.1033694
16455.1033723
16455.1033752
16455.1033781
16455.103381
16455.103384
16455.1033869
16455.1033898
16455.1033927
16455.1033956
16455.1033985
16455.1034014
16455.1034044
16455.1034073
16455.1034102
16455.1034131
16455.103416
16455.1034189
16455.1034218
16455.1034247
16455.1034277
16455.1034306
16455.1034335
16455.1034364
16455.1034393
16455.1034422
16455.1034451
16455.103448
16455.103451
16455.1034539
16455.1034568
16455.1034597
16455.1034626
16455.1034655
16455.1034684
16455.1034713
16455.1034743
16455.1034772
16455.1034801
16455.103483
16455.1034859
16455.1034888
16455.1034917
16455.1034946
16455.1034976
16455.1035005
16455.1035034
16455.1035063
16455.1035092
16455.1035121
16455.103515
16455.1035179
16455.1035209
16455.1035238
16455.1035267
16455.1035296
16455.1035325
16455.1035354
16455.1035383
16455.1035412
16455.1035442
16455.1035471
16455.10355
16455.1035529
16455.1035558
16455.1035587
16455.1035616
16455.1035646
16455.1035675
16455.1035704
16455.1035733
16455.1035762
16455.1035791
16455.103582
16455.1035849
16455.1035879
16455.1035908
16455.1035937
16455.1035966
16455.1035995
16455.1036024
16455.1036053
16455.1036082
16455.1036112
16455.1036141
16455.103617
16455.1036199
16455.1036228
16455.1036257
16455.1036286
16455.1036315
16455.1036345
16455.1036374
16455.1036403
16455.1036432
16455.1036461
16455.103649
16455.1036519
16455.1036548
16455.1036578
16455.1036607
16455.1036636
16455.1036665
16455.1036694
16455.1036723
16455.1036752
16455.1036781
16455.1036811
16455.103684
16455.1036869
16455.1036898
16455.1036927
16455.1036956
16455.1036985
16455.1037014
16455.1037044
16455.1037073
16455.1037102
16455.1037131
16455.103716
16455.1037189
16455.1037218
16455.1037247
16455.1037277
16455.1037306
16455.1037335
16455.1037364
16455.1037393
16455.1037422
16455.1037451
16455.1037481
16455.103751
16455.1037539
16455.1037568
16455.1037597
16455.1037626
16455.1037655
16455.1037684
16455.1037714
16455.1037743
16455.1037772
16455.1037801
16455.103783
16455.1037859
16455.1037888
16455.1037917
16455.1037947
16455.1037976
16455.1038005
16455.1038034
16455.1038063
16455.1038092
16455.1038121
16455.103815
16455.103818
16455.1038209
16455.1038238
16455.1038267
16455.1038296
16455.1038325
16455.1038354
16455.1038383
16455.1038413
16455.1038442
16455.1038471
16455.10385
16455.1038529
16455.1038558
16455.1038587
16455.1038616
16455.1038646
16455.1038675
16455.1038704
16455.1038733
16455.1038762
16455.1038791
16455.103882
16455.1038849
16455.1038879
16455.1038908
16455.1038937
16455.1038966
16455.1038995
16455.1039024
16455.1039053
16455.1039083
16455.1039112
16455.1039141
16455.103917
16455.1039199
16455.1039228
16455.1039257
16455.1039286
16455.1039316
16455.1039345
16455.1039374
16455.1039403
16455.1039432
16455.1039461
16455.103949
16455.1039519
16455.1039549
16455.1039578
16455.1039607
16455.1039636
16455.1039665
16455.1039694
16455.1039723
16455.1039752
16455.1039782
16455.1039811
16455.103984
16455.1039869
16455.1039898
16455.1039927
16455.1039956
16455.1039985
16455.1040015
16455.1040044
16455.1040073
16455.1040102
16455.1040131
16455.104016
16455.1040189
16455.1040218
16455.1040248
16455.1040277
16455.1040306
16455.1040335
16455.1040364
16455.1040393
16455.1040422
16455.1040451
16455.1040481
16455.104051
16455.1040539
16455.1040568
16455.1040597
16455.1040626
16455.1040655
16455.1040684
16455.1040714
16455.1040743
16455.1040772
16455.1040801
16455.104083
16455.1040859
16455.1040888
16455.1040918
16455.1040947
16455.1040976
16455.1041005
16455.1041034
16455.1041063
16455.1041092
16455.1041121
16455.1041151
16455.104118
16455.1041209
16455.1041238
16455.1041267
16455.1041296
16455.1041325
16455.1041354
16455.1041384
16455.1041413
16455.1041442
16455.1041471
16455.10415
16455.1041529
16455.1041558
16455.1041587
16455.1041617
16455.1041646
16455.1041675
16455.1041704
16455.1041733
16455.1041762
16455.1041791
16455.104182
16455.104185
16455.1041879
16455.1041908
16455.1041937
16455.1041966
16455.1041995
16455.1042024
16455.1042053
16455.1042083
16455.1042112
16455.1042141
16455.104217
16455.1042199
16455.1042228
16455.1042257
16455.1042286
16455.1042316
16455.1042345
16455.1042374
16455.1042403
16455.1042432
16455.1042461
16455.104249
16455.104252
16455.1042549
16455.1042578
16455.1042607
16455.1042636
16455.1042665
16455.1042694
16455.1042723
16455.1042753
16455.1042782
16455.1042811
16455.104284
16455.1042869
16455.1042898
16455.1042927
16455.1042956
16455.1042986
16455.1043015
16455.1043044
16455.1043073
16455.1043102
16455.1043131
16455.104316
16455.1043189
16455.1043219
16455.1043248
16455.1043277
16455.1043306
16455.1043335
16455.1043364
16455.1043393
16455.1043422
16455.1043452
16455.1043481
16455.104351
16455.1043539
16455.1043568
16455.1043597
16455.1043626
16455.1043655
16455.1043685
16455.1043714
16455.1043743
16455.1043772
16455.1043801
16455.104383
16455.1043859
16455.1043888
16455.1043918
16455.1043947
16455.1043976
16455.1044005
16455.1044034
16455.1044063
16455.1044092
16455.1044121
16455.1044151
16455.104418
16455.1044209
16455.1044238
16455.1044267
16455.1044296
16455.1044325
16455.1044355
16455.1044384
16455.1044413
16455.1044442
16455.1044471
16455.10445
16455.1044529
16455.1044558
16455.1044588
16455.1044617
16455.1044646
16455.1044675
16455.1044704
16455.1044733
16455.1044762
16455.1044791
16455.1044821
16455.104485
16455.1044879
16455.1044908
16455.1044937
16455.1044966
16455.1044995
16455.1045024
16455.1045054
16455.1045083
16455.1045112
16455.1045141
16455.104517
16455.1045199
16455.1045228
16455.1045257
16455.1045287
16455.1045316
16455.1045345
16455.1045374
16455.1045403
16455.1045432
16455.1045461
16455.104549
16455.104552
16455.1045549
16455.1045578
16455.1045607
16455.1045636
16455.1045665
16455.1045694
16455.1045723
16455.1045753
16455.1045782
16455.1045811
16455.104584
16455.1045869
16455.1045898
16455.1045927
16455.1045957
16455.1045986
16455.1046015
16455.1046044
16455.1046073
16455.1046102
16455.1046131
16455.104616
16455.104619
16455.1046219
16455.1046248
16455.1046277
16455.1046306
16455.1046335
16455.1046364
16455.1046393
16455.1046423
16455.1046452
16455.1046481
16455.104651
16455.1046539
16455.1046568
16455.1046597
16455.1046626
16455.1046656
16455.1046685
16455.1046714
16455.1046743
16455.1046772
16455.1046801
16455.104683
16455.1046859
16455.1046889
16455.1046918
16455.1046947
16455.1046976
16455.1047005
16455.1047034
16455.1047063
16455.1047092
16455.1047122
16455.1047151
16455.104718
16455.1047209
16455.1047238
16455.1047267
16455.1047296
16455.1047325
16455.1047355
16455.1047384
16455.1047413
16455.1047442
16455.1047471
16455.10475
16455.1047529
16455.1047558
16455.1047588
16455.1047617
16455.1047646
16455.1047675
16455.1047704
16455.1047733
16455.1047762
16455.1047792
16455.1047821
16455.104785
16455.1047879
16455.1047908
16455.1047937
16455.1047966
16455.1047995
16455.1048025
16455.1048054
16455.1048083
16455.1048112
16455.1048141
16455.104817
16455.1048199
16455.1048228
16455.1048258
16455.1048287
16455.1048316
16455.1048345
16455.1048374
16455.1048403
16455.1048432
16455.1048461
16455.1048491
16455.104852
16455.1048549
16455.1048578
16455.1048607
16455.1048636
16455.1048665
16455.1048694
16455.1048724
16455.1048753
16455.1048782
16455.1048811
16455.104884
16455.1048869
16455.1048898
16455.1048927
16455.1048957
16455.1048986
16455.1049015
16455.1049044
16455.1049073
16455.1049102
16455.1049131
