16429.0605099
16429.0605128
16429.0605157
16429.0605186
16429.0605215
16429.0605244
16429.0605273
16429.0605303
16429.0605332
16429.0605361
16429.060539
16429.0605419
16429.0605448
16429.0605477
16429.0605507
16429.0605536
16429.0605565
16429.0605594
16429.0605623
16429.0605652
16429.0605681
16429.060571
16429.060574
16429.0605769
16429.0605798
16429.0605827
16429.0605856
16429.0605885
16429.0605914
16429.0605943
16429.0605973
16429.0606002
16429.0606031
16429.060606
16429.0606089
16429.0606118
16429.0606147
16429.0606176
16429.0606206
16429.0606235
16429.0606264
16429.0606293
16429.0606322
16429.0606351
16429.060638
16429.0606409
16429.0606439
16429.0606468
16429.0606497
16429.0606526
16429.0606555
16429.0606584
16429.0606613
16429.0606642
16429.0606672
16429.0606701
16429.060673
16429.0606759
16429.0606788
16429.0606817
16429.0606846
16429.0606875
16429.0606905
16429.0606934
16429.0606963
16429.0606992
16429.0607021
16429.060705
16429.0607079
16429.0607109
16429.0607138
16429.0607167
16429.0607196
16429.0607225
16429.0607254
16429.0607283
16429.0607312
16429.0607342
16429.0607371
16429.06074
16429.0607429
16429.0607458
16429.0607487
16429.0607516
16429.0607545
16429.0607575
16429.0607604
16429.0607633
16429.0607662
16429.0607691
16429.060772
16429.0607749
16429.0607778
16429.0607808
16429.0607837
16429.0607866
16429.0607895
16429.0607924
16429.0607953
16429.0607982
16429.0608011
16429.0608041
16429.060807
16429.0608099
16429.0608128
16429.0608157
16429.0608186
16429.0608215
16429.0608244
16429.0608274
16429.0608303
16429.0608332
16429.0608361
16429.060839
16429.0608419
16429.0608448
16429.0608477
16429.0608507
16429.0608536
16429.0608565
16429.0608594
16429.0608623
16429.0608652
16429.0608681
16429.060871
16429.060874
16429.0608769
16429.0608798
16429.0608827
16429.0608856
16429.0608885
16429.0608914
16429.0608944
16429.0608973
16429.0609002
16429.0609031
16429.060906
16429.0609089
16429.0609118
16429.0609147
16429.0609177
16429.0609206
16429.0609235
16429.0609264
16429.0609293
16429.0609322
16429.0609351
16429.060938
16429.060941
16429.0609439
16429.0609468
16429.0609497
16429.0609526
16429.0609555
16429.0609584
16429.0609613
16429.0609643
16429.0609672
16429.0609701
16429.060973
16429.0609759
16429.0609788
16429.0609817
16429.0609846
16429.0609876
16429.0609905
16429.0609934
16429.0609963
16429.0609992
16429.0610021
16429.061005
16429.0610079
16429.0610109
16429.0610138
16429.0610167
16429.0610196
16429.0610225
16429.0610254
16429.0610283
16429.0610312
16429.0610342
16429.0610371
16429.06104
16429.0610429
16429.0610458
16429.0610487
16429.0610516
16429.0610546
16429.0610575
16429.0610604
16429.0610633
16429.0610662
16429.0610691
16429.061072
16429.0610749
16429.0610779
16429.0610808
16429.0610837
16429.0610866
16429.0610895
16429.0610924
16429.0610953
16429.0610982
16429.0611012
16429.0611041
16429.061107
16429.0611099
16429.0611128
16429.0611157
16429.0611186
16429.0611215
16429.0611245
16429.0611274
16429.0611303
16429.0611332
16429.0611361
16429.061139
16429.0611419
16429.0611448
16429.0611478
16429.0611507
16429.0611536
16429.0611565
16429.0611594
16429.0611623
16429.0611652
16429.0611681
16429.0611711
16429.061174
16429.0611769
16429.0611798
16429.0611827
16429.0611856
16429.0611885
16429.0611914
16429.0611944
16429.0611973
16429.0612002
16429.0612031
16429.061206
16429.0612089
16429.0612118
16429.0612147
16429.0612177
16429.0612206
16429.0612235
16429.0612264
16429.0612293
16429.0612322
16429.0612351
16429.0612381
16429.061241
16429.0612439
16429.0612468
16429.0612497
16429.0612526
16429.0612555
16429.0612584
16429.0612614
16429.0612643
16429.0612672
16429.0612701
16429.061273
16429.0612759
16429.0612788
16429.0612817
16429.0612847
16429.0612876
16429.0612905
16429.0612934
16429.0612963
16429.0612992
16429.0613021
16429.061305
16429.061308
16429.0613109
16429.0613138
16429.0613167
16429.0613196
16429.0613225
16429.0613254
16429.0613283
16429.0613313
16429.0613342
16429.0613371
16429.06134
16429.0613429
16429.0613458
16429.0613487
16429.0613516
16429.0613546
16429.0613575
16429.0613604
16429.0613633
16429.0613662
16429.0613691
16429.061372
16429.0613749
16429.0613779
16429.0613808
16429.0613837
16429.0613866
16429.0613895
16429.0613924
16429.0613953
16429.0613983
16429.0614012
16429.0614041
16429.061407
16429.0614099
16429.0614128
16429.0614157
16429.0614186
16429.0614216
16429.0614245
16429.0614274
16429.0614303
16429.0614332
16429.0614361
16429.061439
16429.0614419
16429.0614449
16429.0614478
16429.0614507
16429.0614536
16429.0614565
16429.0614594
16429.0614623
16429.0614652
16429.0614682
16429.0614711
16429.061474
16429.0614769
16429.0614798
16429.0614827
16429.0614856
16429.0614885
16429.0614915
16429.0614944
16429.0614973
16429.0615002
16429.0615031
16429.061506
16429.0615089
16429.0615118
16429.0615148
16429.0615177
16429.0615206
16429.0615235
16429.0615264
16429.0615293
16429.0615322
16429.0615351
16429.0615381
16429.061541
16429.0615439
16429.0615468
16429.0615497
16429.0615526
16429.0615555
16429.0615584
16429.0615614
16429.0615643
16429.0615672
16429.0615701
16429.061573
16429.0615759
16429.0615788
16429.0615818
16429.0615847
16429.0615876
16429.0615905
16429.0615934
16429.0615963
16429.0615992
16429.0616021
16429.0616051
16429.061608
16429.0616109
16429.0616138
16429.0616167
16429.0616196
16429.0616225
16429.0616254
16429.0616284
16429.0616313
16429.0616342
16429.0616371
16429.06164
16429.0616429
16429.0616458
16429.0616487
16429.0616517
16429.0616546
16429.0616575
16429.0616604
16429.0616633
16429.0616662
16429.0616691
16429.061672
16429.061675
16429.0616779
16429.0616808
16429.0616837
16429.0616866
16429.0616895
16429.0616924
16429.0616953
16429.0616983
16429.0617012
16429.0617041
16429.061707
16429.0617099
16429.0617128
16429.0617157
16429.0617186
16429.0617216
16429.0617245
16429.0617274
16429.0617303
16429.0617332
16429.0617361
16429.061739
16429.061742
16429.0617449
16429.0617478
16429.0617507
16429.0617536
16429.0617565
16429.0617594
16429.0617623
16429.0617653
16429.0617682
16429.0617711
16429.061774
16429.0617769
16429.0617798
16429.0617827
16429.0617856
16429.0617886
16429.0617915
16429.0617944
16429.0617973
16429.0618002
16429.0618031
16429.061806
16429.0618089
16429.0618119
16429.0618148
16429.0618177
16429.0618206
16429.0618235
16429.0618264
16429.0618293
16429.0618322
16429.0618352
16429.0618381
16429.061841
16429.0618439
16429.0618468
16429.0618497
16429.0618526
16429.0618555
16429.0618585
16429.0618614
16429.0618643
16429.0618672
16429.0618701
16429.061873
16429.0618759
16429.0618788
16429.0618818
16429.0618847
16429.0618876
16429.0618905
16429.0618934
16429.0618963
16429.0618992
16429.0619021
16429.0619051
16429.061908
16429.0619109
16429.0619138
16429.0619167
16429.0619196
16429.0619225
16429.0619255
16429.0619284
16429.0619313
16429.0619342
16429.0619371
16429.06194
16429.0619429
16429.0619458
16429.0619488
16429.0619517
16429.0619546
16429.0619575
16429.0619604
16429.0619633
16429.0619662
16429.0619691
16429.0619721
16429.061975
16429.0619779
16429.0619808
16429.0619837
16429.0619866
16429.0619895
16429.0619924
16429.0619954
16429.0619983
16429.0620012
16429.0620041
16429.062007
16429.0620099
16429.0620128
16429.0620157
16429.0620187
16429.0620216
16429.0620245
16429.0620274
16429.0620303
16429.0620332
16429.0620361
16429.062039
16429.062042
16429.0620449
16429.0620478
16429.0620507
16429.0620536
16429.0620565
16429.0620594
16429.0620623
16429.0620653
16429.0620682
16429.0620711
16429.062074
16429.0620769
16429.0620798
16429.0620827
16429.0620857
16429.0620886
16429.0620915
16429.0620944
16429.0620973
16429.0621002
16429.0621031
16429.062106
16429.062109
16429.0621119
16429.0621148
16429.0621177
16429.0621206
16429.0621235
16429.0621264
16429.0621293
16429.0621323
16429.0621352
16429.0621381
16429.062141
16429.0621439
16429.0621468
16429.0621497
16429.0621526
16429.0621556
16429.0621585
16429.0621614
16429.0621643
16429.0621672
16429.0621701
16429.062173
16429.0621759
16429.0621789
16429.0621818
16429.0621847
16429.0621876
16429.0621905
16429.0621934
16429.0621963
16429.0621992
16429.0622022
16429.0622051
16429.062208
16429.0622109
16429.0622138
16429.0622167
16429.0622196
16429.0622225
16429.0622255
16429.0622284
16429.0622313
16429.0622342
16429.0622371
16429.06224
16429.0622429
16429.0622458
16429.0622488
16429.0622517
16429.0622546
16429.0622575
16429.0622604
16429.0622633
16429.0622662
16429.0622692
16429.0622721
16429.062275
16429.0622779
16429.0622808
16429.0622837
16429.0622866
16429.0622895
16429.0622925
16429.0622954
16429.0622983
16429.0623012
16429.0623041
16429.062307
16429.0623099
16429.0623128
16429.0623158
16429.0623187
16429.0623216
16429.0623245
16429.0623274
16429.0623303
16429.0623332
16429.0623361
16429.0623391
16429.062342
16429.0623449
16429.0623478
16429.0623507
16429.0623536
16429.0623565
16429.0623594
16429.0623624
16429.0623653
16429.0623682
16429.0623711
16429.062374
16429.0623769
16429.0623798
16429.0623827
16429.0623857
16429.0623886
16429.0623915
16429.0623944
16429.0623973
16429.0624002
16429.0624031
16429.062406
16429.062409
16429.0624119
16429.0624148
16429.0624177
16429.0624206
16429.0624235
16429.0624264
16429.0624294
16429.0624323
16429.0624352
16429.0624381
16429.062441
16429.0624439
16429.0624468
16429.0624497
16429.0624527
16429.0624556
16429.0624585
16429.0624614
16429.0624643
16429.0624672
16429.0624701
16429.062473
16429.062476
16429.0624789
16429.0624818
16429.0624847
16429.0624876
16429.0624905
16429.0624934
16429.0624963
16429.0624993
16429.0625022
16429.0625051
16429.062508
16429.0625109
16429.0625138
16429.0625167
16429.0625196
16429.0625226
16429.0625255
16429.0625284
16429.0625313
16429.0625342
16429.0625371
16429.06254
16429.0625429
16429.0625459
16429.0625488
16429.0625517
16429.0625546
16429.0625575
16429.0625604
16429.0625633
16429.0625662
16429.0625692
16429.0625721
16429.062575
16429.0625779
16429.0625808
16429.0625837
16429.0625866
16429.0625895
16429.0625925
16429.0625954
16429.0625983
16429.0626012
16429.0626041
16429.062607
16429.0626099
16429.0626129
16429.0626158
16429.0626187
16429.0626216
16429.0626245
16429.0626274
16429.0626303
16429.0626332
16429.0626362
16429.0626391
16429.062642
16429.0626449
16429.0626478
16429.0626507
16429.0626536
16429.0626565
16429.0626595
16429.0626624
16429.0626653
16429.0626682
16429.0626711
16429.062674
16429.0626769
16429.0626798
16429.0626828
16429.0626857
16429.0626886
16429.0626915
16429.0626944
16429.0626973
16429.0627002
16429.0627031
16429.0627061
16429.062709
16429.0627119
16429.0627148
16429.0627177
16429.0627206
16429.0627235
16429.0627264
16429.0627294
16429.0627323
16429.0627352
16429.0627381
16429.062741
16429.0627439
16429.0627468
16429.0627497
16429.0627527
16429.0627556
16429.0627585
16429.0627614
16429.0627643
16429.0627672
16429.0627701
16429.062773
16429.062776
16429.0627789
16429.0627818
16429.0627847
16429.0627876
16429.0627905
16429.0627934
16429.0627964
16429.0627993
16429.0628022
16429.0628051
16429.062808
16429.0628109
16429.0628138
16429.0628167
16429.0628197
16429.0628226
16429.0628255
16429.0628284
16429.0628313
16429.0628342
16429.0628371
16429.06284
16429.062843
16429.0628459
16429.0628488
16429.0628517
16429.0628546
16429.0628575
16429.0628604
16429.0628633
16429.0628663
16429.0628692
16429.0628721
16429.062875
16429.0628779
16429.0628808
16429.0628837
16429.0628866
16429.0628896
16429.0628925
16429.0628954
16429.0628983
16429.0629012
16429.0629041
16429.062907
16429.0629099
16429.0629129
16429.0629158
16429.0629187
16429.0629216
16429.0629245
16429.0629274
16429.0629303
16429.0629332
16429.0629362
16429.0629391
16429.062942
16429.0629449
16429.0629711
16429.062974
16429.0629769
16429.0629799
16429.0629828
16429.0629857
16429.0629886
16429.0629915
16429.0629944
16429.0629973
16429.0630002
16429.0630032
16429.0630061
16429.063009
16429.0630119
16429.0630148
16429.0630177
16429.0630206
16429.0630235
16429.0630265
16429.0630294
16429.0630323
16429.0630352
16429.0630381
16429.063041
16429.0630439
16429.0630468
16429.0630498
16429.0630527
16429.0630556
16429.0630585
16429.0630614
16429.0630643
16429.0630672
16429.0630701
16429.0630731
16429.063076
16429.0630789
16429.0630818
16429.0630847
16429.0630876
16429.0630905
16429.0630934
16429.0630964
16429.0630993
16429.0631022
16429.0631051
16429.063108
16429.0631109
16429.0631138
16429.0631167
16429.0631197
16429.0631226
16429.0631255
16429.0631284
16429.0631313
16429.0631342
16429.0631371
16429.0631401
16429.063143
16429.0631459
16429.0631488
16429.0631517
16429.0631546
16429.0631575
16429.0631604
16429.0631634
16429.0631663
16429.0631692
16429.0631721
16429.063175
16429.0631779
16429.0631808
16429.0631837
16429.0631867
16429.0631896
16429.0631925
16429.0631954
16429.0631983
16429.0632012
16429.0632041
16429.063207
16429.06321
16429.0632129
16429.0632158
16429.0632187
16429.0632216
16429.0632245
16429.0632274
16429.0632303
16429.0632333
16429.0632362
16429.0632391
16429.063242
16429.0632449
16429.0632478
16429.0632507
16429.0632536
16429.0632566
16429.0632595
16429.0632624
16429.0632653
16429.0632682
16429.0632711
16429.063274
16429.0632769
16429.0632799
16429.0632828
16429.0632857
16429.0632886
16429.0632915
16429.0632944
16429.0632973
16429.0633003
16429.0633032
16429.0633061
16429.063309
16429.0633119
16429.0633148
16429.0633177
16429.0633206
16429.0633236
16429.0633265
16429.0633294
16429.0633323
16429.0633352
16429.0633381
16429.063341
16429.0633439
16429.0633469
16429.0633498
16429.0633527
16429.0633556
16429.0633585
16429.0633614
16429.0633643
16429.0633672
16429.0633702
16429.0633731
16429.063376
16429.0633789
16429.0633818
16429.0633847
16429.0633876
16429.0633905
16429.0633935
16429.0633964
16429.0633993
16429.0634022
16429.0634051
16429.063408
16429.0634109
16429.0634138
16429.0634168
16429.0634197
16429.0634226
16429.0634255
16429.0634284
16429.0634313
16429.0634342
16429.0634371
16429.0634401
16429.063443
16429.0634459
16429.0634488
16429.0634517
16429.0634546
16429.0634575
16429.0634604
16429.0634634
16429.0634663
16429.0634692
16429.0634721
16429.063475
16429.0634779
16429.0634808
16429.0634838
16429.0634867
16429.0634896
16429.0634925
16429.0634954
16429.0634983
16429.0635012
16429.0635041
16429.0635071
16429.06351
16429.0635129
16429.0635158
16429.0635187
16429.0635216
16429.0635245
16429.0635274
16429.0635304
16429.0635333
16429.0635362
16429.0635391
16429.063542
16429.0635449
16429.0635478
16429.0635507
16429.0635537
16429.0635566
16429.0635595
16429.0635624
16429.0635653
16429.0635682
16429.0635711
16429.063574
16429.063577
16429.0635799
16429.0635828
16429.0635857
16429.0635886
16429.0635915
16429.0635944
16429.0635973
16429.0636003
16429.0636032
16429.0636061
16429.063609
16429.0636119
16429.0636148
16429.0636177
16429.0636206
16429.0636236
16429.0636265
16429.0636294
16429.0636323
16429.0636352
16429.0636381
16429.063641
16429.063644
16429.0636469
16429.0636498
16429.0636527
16429.0636556
16429.0636585
16429.0636614
16429.0636643
16429.0636673
16429.0636702
16429.0636731
16429.063676
16429.0636789
16429.0636818
16429.0636847
16429.0636876
16429.0636906
16429.0636935
16429.0636964
16429.0636993
16429.0637022
16429.0637051
16429.063708
16429.0637109
16429.0637139
16429.0637168
16429.0637197
16429.0637226
16429.0637255
16429.0637284
16429.0637313
16429.0637342
16429.0637372
16429.0637401
16429.063743
16429.0637459
16429.0637488
16429.0637517
16429.0637546
16429.0637575
16429.0637605
16429.0637634
16429.0637663
16429.0637692
16429.0637721
16429.063775
16429.0637779
16429.0637808
16429.0637838
16429.0637867
16429.0637896
16429.0637925
16429.0637954
16429.0637983
16429.0638012
16429.0638041
16429.0638071
16429.06381
16429.0638129
16429.0638158
16429.0638187
16429.0638216
16429.0638245
16429.0638275
16429.0638304
16429.0638333
16429.0638362
16429.0638391
16429.063842
16429.0638449
16429.0638478
16429.0638508
16429.0638537
16429.0638566
16429.0638595
16429.0638624
16429.0638653
16429.0638682
16429.0638711
16429.0638741
16429.063877
16429.0638799
16429.0638828
16429.0638857
16429.0638886
16429.0638915
16429.0638944
16429.0638974
16429.0639003
16429.0639032
16429.0639061
16429.063909
16429.0639119
16429.0639148
16429.0639177
16429.0639207
16429.0639236
16429.0639265
16429.0639294
16429.0639323
16429.0639352
16429.0639381
16429.063941
16429.063944
16429.0639469
16429.0639498
16429.0639527
16429.0639556
16429.0639585
16429.0639614
16429.0639643
16429.0639673
16429.0639702
16429.0639731
16429.063976
16429.0639789
16429.0639818
16429.0639847
16429.0639877
16429.0639906
16429.0639935
16429.0639964
16429.0639993
16429.0640022
16429.0640051
16429.064008
16429.064011
16429.0640139
