16429.2931488
16429.2931517
16429.2931546
16429.2931575
16429.2931604
16429.2931633
16429.2931662
16429.2931692
16429.2931721
16429.293175
16429.2931779
16429.2931808
16429.2931837
16429.2931866
16429.2931895
16429.2931925
16429.2931954
16429.2931983
16429.2932012
16429.2932041
16429.293207
16429.2932099
16429.2932128
16429.2932158
16429.2932187
16429.2932216
16429.2932245
16429.2932274
16429.2932303
16429.2932332
16429.2932361
16429.2932391
16429.293242
16429.2932449
16429.2932478
16429.2932507
16429.2932536
16429.2932565
16429.2932594
16429.2932624
16429.2932653
16429.2932682
16429.2932711
16429.293274
16429.2932769
16429.2932798
16429.2932827
16429.2932857
16429.2932886
16429.2932915
16429.2932944
16429.2932973
16429.2933002
16429.2933031
16429.293306
16429.293309
16429.2933119
16429.2933148
16429.2933177
16429.2933206
16429.2933235
16429.2933264
16429.2933294
16429.2933323
16429.2933352
16429.2933381
16429.293341
16429.2933439
16429.2933468
16429.2933497
16429.2933527
16429.2933556
16429.2933585
16429.2933614
16429.2933643
16429.2933672
16429.2933701
16429.293373
16429.293376
16429.2933789
16429.2933818
16429.2933847
16429.2933876
16429.2933905
16429.2933934
16429.2933963
16429.2933993
16429.2934022
16429.2934051
16429.293408
16429.2934109
16429.2934138
16429.2934167
16429.2934196
16429.2934226
16429.2934255
16429.2934284
16429.2934313
16429.2934342
16429.2934371
16429.29344
16429.2934429
16429.2934459
16429.2934488
16429.2934517
16429.2934546
16429.2934575
16429.2934604
16429.2934633
16429.2934662
16429.2934692
16429.2934721
16429.293475
16429.2934779
16429.2934808
16429.2934837
16429.2934866
16429.2934895
16429.2934925
16429.2934954
16429.2934983
16429.2935012
16429.2935041
16429.293507
16429.2935099
16429.2935129
16429.2935158
16429.2935187
16429.2935216
16429.2935245
16429.2935274
16429.2935303
16429.2935332
16429.2935362
16429.2935391
16429.293542
16429.2935449
16429.2935478
16429.2935507
16429.2935536
16429.2935565
16429.2935595
16429.2935624
16429.2935653
16429.2935682
16429.2935711
16429.293574
16429.2935769
16429.2935798
16429.2935828
16429.2935857
16429.2935886
16429.2935915
16429.2935944
16429.2935973
16429.2936002
16429.2936031
16429.2936061
16429.293609
16429.2936119
16429.2936148
16429.2936177
16429.2936206
16429.2936235
16429.2936264
16429.2936294
16429.2936323
16429.2936352
16429.2936381
16429.293641
16429.2936439
16429.2936468
16429.2936497
16429.2936527
16429.2936556
16429.2936585
16429.2936614
16429.2936643
16429.2936672
16429.2936701
16429.2936731
16429.293676
16429.2936789
16429.2936818
16429.2936847
16429.2936876
16429.2936905
16429.2936934
16429.2936964
16429.2936993
16429.2937022
16429.2937051
16429.293708
16429.2937109
16429.2937138
16429.2937167
16429.2937197
16429.2937226
16429.2937255
16429.2937284
16429.2937313
16429.2937342
16429.2937371
16429.29374
16429.293743
16429.2937459
16429.2937488
16429.2937517
16429.2937546
16429.2937575
16429.2937604
16429.2937633
16429.2937663
16429.2937692
16429.2937721
16429.293775
16429.2937779
16429.2937808
16429.2937837
16429.2937866
16429.2937896
16429.2937925
16429.2937954
16429.2937983
16429.2938012
16429.2938041
16429.293807
16429.2938099
16429.2938129
16429.2938158
16429.2938187
16429.2938216
16429.2938245
16429.2938274
16429.2938303
16429.2938332
16429.2938362
16429.2938391
16429.293842
16429.2938449
16429.2938478
16429.2938507
16429.2938536
16429.2938566
16429.2938595
16429.2938624
16429.2938653
16429.2938682
16429.2938711
16429.293874
16429.2938769
16429.2938799
16429.2938828
16429.2938857
16429.2938886
16429.2938915
16429.2938944
16429.2938973
16429.2939002
16429.2939032
16429.2939061
16429.293909
16429.2939119
16429.2939148
16429.2939177
16429.2939206
16429.2939235
16429.2939265
16429.2939294
16429.2939323
16429.2939352
16429.2939381
16429.293941
16429.2939439
16429.2939468
16429.2939498
16429.2939527
16429.2939556
16429.2939585
16429.2939614
16429.2939643
16429.2939672
16429.2939701
16429.2939731
16429.293976
16429.2939789
16429.2939818
16429.2939847
16429.2939876
16429.2939905
16429.2939934
16429.2939964
16429.2939993
16429.2940022
16429.2940051
16429.294008
16429.2940109
16429.2940138
16429.2940168
16429.2940197
16429.2940226
16429.2940255
16429.2940284
16429.2940313
16429.2940342
16429.2940371
16429.2940401
16429.294043
16429.2940459
16429.2940488
16429.2940517
16429.2940546
16429.2940575
16429.2940604
16429.2940634
16429.2940663
16429.2940692
16429.2940721
16429.294075
16429.2940779
16429.2940808
16429.2940837
16429.2940867
16429.2940896
16429.2940925
16429.2940954
16429.2940983
16429.2941012
16429.2941041
16429.294107
16429.29411
16429.2941129
16429.2941158
16429.2941187
16429.2941216
16429.2941245
16429.2941274
16429.2941303
16429.2941333
16429.2941362
16429.2941391
16429.294142
16429.2941449
16429.2941478
16429.2941507
16429.2941536
16429.2941566
16429.2941595
16429.2941624
16429.2941653
16429.2941682
16429.2941711
16429.294174
16429.2941769
16429.2941799
16429.2941828
16429.2941857
16429.2941886
16429.2941915
16429.2941944
16429.2941973
16429.2942003
16429.2942032
16429.2942061
16429.294209
16429.2942119
16429.2942148
16429.2942177
16429.2942206
16429.2942236
16429.2942265
16429.2942294
16429.2942323
16429.2942352
16429.2942381
16429.294241
16429.2942439
16429.2942469
16429.2942498
16429.2942527
16429.2942556
16429.2942585
16429.2942614
16429.2942643
16429.2942672
16429.2942702
16429.2942731
16429.294276
16429.2942789
16429.2942818
16429.2942847
16429.2942876
16429.2942905
16429.2942935
16429.2942964
16429.2942993
16429.2943022
16429.2943051
16429.294308
16429.2943109
16429.2943138
16429.2943168
16429.2943197
16429.2943226
16429.2943255
16429.2943284
16429.2943313
16429.2943342
16429.2943371
16429.2943401
16429.294343
16429.2943459
16429.2943488
16429.2943517
16429.2943546
16429.2943575
16429.2943605
16429.2943634
16429.2943663
16429.2943692
16429.2943721
16429.294375
16429.2943779
16429.2943808
16429.2943838
16429.2943867
16429.2943896
16429.2943925
16429.2943954
16429.2943983
16429.2944012
16429.2944041
16429.2944071
16429.29441
16429.2944129
16429.2944158
16429.2944187
16429.2944216
16429.2944245
16429.2944274
16429.2944304
16429.2944333
16429.2944362
16429.2944391
16429.294442
16429.2944449
16429.2944478
16429.2944507
16429.2944537
16429.2944566
16429.2944595
16429.2944624
16429.2944653
16429.2944682
16429.2944711
16429.294474
16429.294477
16429.2944799
16429.2944828
16429.2944857
16429.2944886
16429.2944915
16429.2944944
16429.2944973
16429.2945003
16429.2945032
16429.2945061
16429.294509
16429.2945119
16429.2945148
16429.2945177
16429.2945206
16429.2945236
16429.2945265
16429.2945294
16429.2945323
16429.2945352
16429.2945381
16429.294541
16429.294544
16429.2945469
16429.2945498
16429.2945527
16429.2945556
16429.2945585
16429.2945614
16429.2945643
16429.2945673
16429.2945702
16429.2945731
16429.294576
16429.2945789
16429.2945818
16429.2945847
16429.2945876
16429.2945906
16429.2945935
16429.2945964
16429.2945993
16429.2946022
16429.2946051
16429.294608
16429.2946109
16429.2946139
16429.2946168
16429.2946197
16429.2946226
16429.2946255
16429.2946284
16429.2946313
16429.2946342
16429.2946372
16429.2946401
16429.294643
16429.2946459
16429.2946488
16429.2946517
16429.2946546
16429.2946575
16429.2946605
16429.2946634
16429.2946663
16429.2946692
16429.2946721
16429.294675
16429.2946779
16429.2946808
16429.2946838
16429.2946867
16429.2946896
16429.2946925
16429.2946954
16429.2946983
16429.2947012
16429.2947042
16429.2947071
16429.29471
16429.2947129
16429.2947158
16429.2947187
16429.2947216
16429.2947245
16429.2947275
16429.2947304
16429.2947333
16429.2947362
16429.2947391
16429.294742
16429.2947449
16429.2947478
16429.2947508
16429.2947537
16429.2947566
16429.2947595
16429.2947624
16429.2947653
16429.2947682
16429.2947711
16429.2947741
16429.294777
16429.2947799
16429.2947828
16429.2947857
16429.2947886
16429.2947915
16429.2947944
16429.2947974
16429.2948003
16429.2948032
16429.2948061
16429.294809
16429.2948119
16429.2948148
16429.2948177
16429.2948207
16429.2948236
16429.2948265
16429.2948294
16429.2948323
16429.2948352
16429.2948381
16429.294841
16429.294844
16429.2948469
16429.2948498
16429.2948527
16429.2948556
16429.2948585
16429.2948614
16429.2948643
16429.2948673
16429.2948702
16429.2948731
16429.294876
16429.2948789
16429.2948818
16429.2948847
16429.2948877
16429.2948906
16429.2948935
16429.2948964
16429.2948993
16429.2949022
16429.2949051
16429.294908
16429.294911
16429.2949139
16429.2949168
16429.2949197
16429.2949226
16429.2949255
16429.2949284
16429.2949313
16429.2949343
16429.2949372
16429.2949401
16429.294943
16429.2949459
16429.2949488
16429.2949517
16429.2949546
16429.2949576
16429.2949605
16429.2949634
16429.2949663
16429.2949692
16429.2949721
16429.294975
16429.2949779
16429.2949809
16429.2949838
16429.2949867
16429.2949896
16429.2949925
16429.2949954
16429.2949983
16429.2950012
16429.2950042
16429.2950071
16429.29501
16429.2950129
16429.2950158
16429.2950187
16429.2950216
16429.2950245
16429.2950275
16429.2950304
16429.2950333
16429.2950362
16429.2950391
16429.295042
16429.2950449
16429.2950478
16429.2950508
16429.2950537
16429.2950566
16429.2950595
16429.2950624
16429.2950653
16429.2950682
16429.2950712
16429.2950741
16429.295077
16429.2950799
16429.2950828
16429.2950857
16429.2950886
16429.2950915
16429.2950945
16429.2950974
16429.2951003
16429.2951032
16429.2951061
16429.295109
16429.2951119
16429.2951148
16429.2951178
16429.2951207
16429.2951236
16429.2951265
16429.2951294
16429.2951323
16429.2951352
16429.2951381
16429.2951411
16429.295144
16429.2951469
16429.2951498
16429.2951527
16429.2951556
16429.2951585
16429.2951614
16429.2951644
16429.2951673
16429.2951702
16429.2951731
16429.295176
16429.2951789
16429.2951818
16429.2951847
16429.2951877
16429.2951906
16429.2951935
16429.2951964
16429.2951993
16429.2952022
16429.2952051
16429.295208
16429.295211
16429.2952139
16429.2952168
16429.2952197
16429.2952226
16429.2952255
16429.2952284
16429.2952314
16429.2952343
16429.2952372
16429.2952401
16429.295243
16429.2952459
16429.2952488
16429.2952517
16429.2952547
16429.2952576
16429.2952605
16429.2952634
16429.2952663
16429.2952692
16429.2952721
16429.295275
16429.295278
16429.2952809
16429.2952838
16429.2952867
16429.2952896
16429.2952925
16429.2952954
16429.2952983
16429.2953013
16429.2953042
16429.2953071
16429.29531
16429.2953129
16429.2953158
16429.2953187
16429.2953216
16429.2953246
16429.2953275
16429.2953304
16429.2953333
16429.2953362
16429.2953391
16429.295342
16429.2953449
16429.2953479
16429.2953508
16429.2953537
16429.2953566
16429.2953595
16429.2953624
16429.2953653
16429.2953682
16429.2953712
16429.2953741
16429.295377
16429.2953799
16429.2953828
16429.2953857
16429.2953886
16429.2953915
16429.2953945
16429.2953974
16429.2954003
16429.2954032
16429.2954061
16429.295409
16429.2954119
16429.2954149
16429.2954178
16429.2954207
16429.2954236
16429.2954265
16429.2954294
16429.2954323
16429.2954352
16429.2954382
16429.2954411
16429.295444
16429.2954469
16429.2954498
16429.2954527
16429.2954556
16429.2954585
16429.2954615
16429.2954644
16429.2954673
16429.2954702
16429.2954731
16429.295476
16429.2954789
16429.2954818
16429.2954848
16429.2954877
16429.2954906
16429.2954935
16429.2954964
16429.2954993
16429.2955022
16429.2955051
16429.2955081
16429.295511
16429.2955139
16429.2955168
16429.2955197
16429.2955226
16429.2955255
16429.2955284
16429.2955314
16429.2955343
16429.2955372
16429.2955401
16429.295543
16429.2955459
16429.2955488
16429.2955517
16429.2955547
16429.2955576
16429.2955605
16429.2955634
16429.2955663
16429.2955692
16429.2955721
16429.2955751
16429.295578
16429.2955809
16429.2955838
16429.29561
16429.2956129
16429.2956158
16429.2956187
16429.2956217
16429.2956246
16429.2956275
16429.2956304
16429.2956333
16429.2956362
16429.2956391
16429.295642
16429.295645
16429.2956479
16429.2956508
16429.2956537
16429.2956566
16429.2956595
16429.2956624
16429.2956653
16429.2956683
16429.2956712
16429.2956741
16429.295677
16429.2956799
16429.2956828
16429.2956857
16429.2956886
16429.2956916
16429.2956945
16429.2956974
16429.2957003
16429.2957032
16429.2957061
16429.295709
16429.2957119
16429.2957149
16429.2957178
16429.2957207
16429.2957236
16429.2957265
16429.2957294
16429.2957323
16429.2957352
16429.2957382
16429.2957411
16429.295744
16429.2957469
16429.2957498
16429.2957527
16429.2957556
16429.2957586
16429.2957615
16429.2957644
16429.2957673
16429.2957702
16429.2957731
16429.295776
16429.2957789
16429.2957819
16429.2957848
16429.2957877
16429.2957906
16429.2957935
16429.2957964
16429.2957993
16429.2958022
16429.2958052
16429.2958081
16429.295811
16429.2958139
16429.2958168
16429.2958197
16429.2958226
16429.2958255
16429.2958285
16429.2958314
16429.2958343
16429.2958372
16429.2958401
16429.295843
16429.2958459
16429.2958488
16429.2958518
16429.2958547
16429.2958576
16429.2958605
16429.2958634
16429.2958663
16429.2958692
16429.2958721
16429.2958751
16429.295878
16429.2958809
16429.2958838
16429.2958867
16429.2958896
16429.2958925
16429.2958954
16429.2958984
16429.2959013
16429.2959042
16429.2959071
16429.29591
16429.2959129
16429.2959158
16429.2959188
16429.2959217
16429.2959246
16429.2959275
16429.2959304
16429.2959333
16429.2959362
16429.2959391
16429.2959421
16429.295945
16429.2959479
16429.2959508
16429.2959537
16429.2959566
16429.2959595
16429.2959624
16429.2959654
16429.2959683
16429.2959712
16429.2959741
16429.295977
16429.2959799
16429.2959828
16429.2959857
16429.2959887
16429.2959916
16429.2959945
16429.2959974
16429.2960003
16429.2960032
16429.2960061
16429.296009
16429.296012
16429.2960149
16429.2960178
16429.2960207
16429.2960236
16429.2960265
16429.2960294
16429.2960323
16429.2960353
16429.2960382
16429.2960411
16429.296044
16429.2960469
16429.2960498
16429.2960527
16429.2960556
16429.2960586
16429.2960615
16429.2960644
16429.2960673
16429.2960702
16429.2960731
16429.296076
16429.2960789
16429.2960819
16429.2960848
16429.2960877
16429.2960906
16429.2960935
16429.2960964
16429.2960993
16429.2961023
16429.2961052
16429.2961081
16429.296111
16429.2961139
16429.2961168
16429.2961197
16429.2961226
16429.2961256
16429.2961285
16429.2961314
16429.2961343
16429.2961372
16429.2961401
16429.296143
16429.2961459
16429.2961489
16429.2961518
16429.2961547
16429.2961576
16429.2961605
16429.2961634
16429.2961663
16429.2961692
16429.2961722
16429.2961751
16429.296178
16429.2961809
16429.2961838
16429.2961867
16429.2961896
16429.2961925
16429.2961955
16429.2961984
16429.2962013
16429.2962042
16429.2962071
16429.29621
16429.2962129
16429.2962158
16429.2962188
16429.2962217
16429.2962246
16429.2962275
16429.2962304
16429.2962333
16429.2962362
16429.2962391
16429.2962421
16429.296245
16429.2962479
16429.2962508
16429.2962537
16429.2962566
16429.2962595
16429.2962625
16429.2962654
16429.2962683
16429.2962712
16429.2962741
16429.296277
16429.2962799
16429.2962828
16429.2962858
16429.2962887
16429.2962916
16429.2962945
16429.2962974
16429.2963003
16429.2963032
16429.2963061
16429.2963091
16429.296312
16429.2963149
16429.2963178
16429.2963207
16429.2963236
16429.2963265
16429.2963294
16429.2963324
16429.2963353
16429.2963382
16429.2963411
16429.296344
16429.2963469
16429.2963498
16429.2963527
16429.2963557
16429.2963586
16429.2963615
16429.2963644
16429.2963673
16429.2963702
16429.2963731
16429.296376
16429.296379
16429.2963819
16429.2963848
16429.2963877
16429.2963906
16429.2963935
16429.2963964
16429.2963993
16429.2964023
16429.2964052
16429.2964081
16429.296411
16429.2964139
16429.2964168
16429.2964197
16429.2964226
16429.2964256
16429.2964285
16429.2964314
16429.2964343
16429.2964372
16429.2964401
16429.296443
16429.296446
16429.2964489
16429.2964518
16429.2964547
16429.2964576
16429.2964605
16429.2964634
16429.2964663
16429.2964693
16429.2964722
16429.2964751
16429.296478
16429.2964809
16429.2964838
16429.2964867
16429.2964896
16429.2964926
16429.2964955
16429.2964984
16429.2965013
16429.2965042
16429.2965071
16429.29651
16429.2965129
16429.2965159
16429.2965188
16429.2965217
16429.2965246
16429.2965275
16429.2965304
16429.2965333
16429.2965362
16429.2965392
16429.2965421
16429.296545
16429.2965479
16429.2965508
16429.2965537
16429.2965566
16429.2965595
16429.2965625
16429.2965654
16429.2965683
16429.2965712
16429.2965741
16429.296577
16429.2965799
16429.2965828
16429.2965858
16429.2965887
16429.2965916
16429.2965945
16429.2965974
16429.2966003
16429.2966032
16429.2966062
16429.2966091
16429.296612
16429.2966149
16429.2966178
16429.2966207
16429.2966236
16429.2966265
16429.2966295
16429.2966324
16429.2966353
16429.2966382
16429.2966411
16429.296644
16429.2966469
16429.2966498
16429.2966528
