16429.0639821
16429.063985
16429.0639879
16429.0639908
16429.0639937
16429.0639967
16429.0639996
16429.0640025
16429.0640054
16429.0640083
16429.0640112
16429.0640141
16429.064017
16429.06402
16429.0640229
16429.0640258
16429.0640287
16429.0640316
16429.0640345
16429.0640374
16429.0640403
16429.0640433
16429.0640462
16429.0640491
16429.064052
16429.0640549
16429.0640578
16429.0640607
16429.0640637
16429.0640666
16429.0640695
16429.0640724
16429.0640753
16429.0640782
16429.0640811
16429.064084
16429.064087
16429.0640899
16429.0640928
16429.0640957
16429.0640986
16429.0641015
16429.0641044
16429.0641073
16429.0641103
16429.0641132
16429.0641161
16429.064119
16429.0641219
16429.0641248
16429.0641277
16429.0641306
16429.0641336
16429.0641365
16429.0641394
16429.0641423
16429.0641452
16429.0641481
16429.064151
16429.0641539
16429.0641569
16429.0641598
16429.0641627
16429.0641656
16429.0641685
16429.0641714
16429.0641743
16429.0641772
16429.0641802
16429.0641831
16429.064186
16429.0641889
16429.0641918
16429.0641947
16429.0641976
16429.0642005
16429.0642035
16429.0642064
16429.0642093
16429.0642122
16429.0642151
16429.064218
16429.0642209
16429.0642239
16429.0642268
16429.0642297
16429.0642326
16429.0642355
16429.0642384
16429.0642413
16429.0642442
16429.0642472
16429.0642501
16429.064253
16429.0642559
16429.0642588
16429.0642617
16429.0642646
16429.0642675
16429.0642705
16429.0642734
16429.0642763
16429.0642792
16429.0642821
16429.064285
16429.0642879
16429.0642908
16429.0642938
16429.0642967
16429.0642996
16429.0643025
16429.0643054
16429.0643083
16429.0643112
16429.0643141
16429.0643171
16429.06432
16429.0643229
16429.0643258
16429.0643287
16429.0643316
16429.0643345
16429.0643374
16429.0643404
16429.0643433
16429.0643462
16429.0643491
16429.064352
16429.0643549
16429.0643578
16429.0643607
16429.0643637
16429.0643666
16429.0643695
16429.0643724
16429.0643753
16429.0643782
16429.0643811
16429.064384
16429.064387
16429.0643899
16429.0643928
16429.0643957
16429.0643986
16429.0644015
16429.0644044
16429.0644074
16429.0644103
16429.0644132
16429.0644161
16429.064419
16429.0644219
16429.0644248
16429.0644277
16429.0644307
16429.0644336
16429.0644365
16429.0644394
16429.0644423
16429.0644452
16429.0644481
16429.064451
16429.064454
16429.0644569
16429.0644598
16429.0644627
16429.0644656
16429.0644685
16429.0644714
16429.0644743
16429.0644773
16429.0644802
16429.0644831
16429.064486
16429.0644889
16429.0644918
16429.0644947
16429.0644976
16429.0645006
16429.0645035
16429.0645064
16429.0645093
16429.0645122
16429.0645151
16429.064518
16429.0645209
16429.0645239
16429.0645268
16429.0645297
16429.0645326
16429.0645355
16429.0645384
16429.0645413
16429.0645442
16429.0645472
16429.0645501
16429.064553
16429.0645559
16429.0645588
16429.0645617
16429.0645646
16429.0645676
16429.0645705
16429.0645734
16429.0645763
16429.0645792
16429.0645821
16429.064585
16429.0645879
16429.0645909
16429.0645938
16429.0645967
16429.0645996
16429.0646025
16429.0646054
16429.0646083
16429.0646112
16429.0646142
16429.0646171
16429.06462
16429.0646229
16429.0646258
16429.0646287
16429.0646316
16429.0646345
16429.0646375
16429.0646404
16429.0646433
16429.0646462
16429.0646491
16429.064652
16429.0646549
16429.0646578
16429.0646608
16429.0646637
16429.0646666
16429.0646695
16429.0646724
16429.0646753
16429.0646782
16429.0646811
16429.0646841
16429.064687
16429.0646899
16429.0646928
16429.0646957
16429.0646986
16429.0647015
16429.0647044
16429.0647074
16429.0647103
16429.0647132
16429.0647161
16429.064719
16429.0647219
16429.0647248
16429.0647277
16429.0647307
16429.0647336
16429.0647365
16429.0647394
16429.0647423
16429.0647452
16429.0647481
16429.0647511
16429.064754
16429.0647569
16429.0647598
16429.0647627
16429.0647656
16429.0647685
16429.0647714
16429.0647744
16429.0647773
16429.0647802
16429.0647831
16429.064786
16429.0647889
16429.0647918
16429.0647947
16429.0647977
16429.0648006
16429.0648035
16429.0648064
16429.0648093
16429.0648122
16429.0648151
16429.064818
16429.064821
16429.0648239
16429.0648268
16429.0648297
16429.0648326
16429.0648355
16429.0648384
16429.0648413
16429.0648443
16429.0648472
16429.0648501
16429.064853
16429.0648559
16429.0648588
16429.0648617
16429.0648646
16429.0648676
16429.0648705
16429.0648734
16429.0648763
16429.0648792
16429.0648821
16429.064885
16429.0648879
16429.0648909
16429.0648938
16429.0648967
16429.0648996
16429.0649025
16429.0649054
16429.0649083
16429.0649113
16429.0649142
16429.0649171
16429.06492
16429.0649229
16429.0649258
16429.0649287
16429.0649316
16429.0649346
16429.0649375
16429.0649404
16429.0649433
16429.0649462
16429.0649491
16429.064952
16429.0649549
16429.0649579
16429.0649608
16429.0649637
16429.0649666
16429.0649695
16429.0649724
16429.0649753
16429.0649782
16429.0649812
16429.0649841
16429.064987
16429.0649899
16429.0649928
16429.0649957
16429.0649986
16429.0650015
16429.0650045
16429.0650074
16429.0650103
16429.0650132
16429.0650161
16429.065019
16429.0650219
16429.0650248
16429.0650278
16429.0650307
16429.0650336
16429.0650365
16429.0650394
16429.0650423
16429.0650452
16429.0650481
16429.0650511
16429.065054
16429.0650569
16429.0650598
16429.0650627
16429.0650656
16429.0650685
16429.0650714
16429.0650744
16429.0650773
16429.0650802
16429.0650831
16429.065086
16429.0650889
16429.0650918
16429.0650948
16429.0650977
16429.0651006
16429.0651035
16429.0651064
16429.0651093
16429.0651122
16429.0651151
16429.0651181
16429.065121
16429.0651239
16429.0651268
16429.0651297
16429.0651326
16429.0651355
16429.0651384
16429.0651414
16429.0651443
16429.0651472
16429.0651501
16429.065153
16429.0651559
16429.0651588
16429.0651617
16429.0651647
16429.0651676
16429.0651705
16429.0651734
16429.0651763
16429.0651792
16429.0651821
16429.065185
16429.065188
16429.0651909
16429.0651938
16429.0651967
16429.0651996
16429.0652025
16429.0652054
16429.0652083
16429.0652113
16429.0652142
16429.0652171
16429.06522
16429.0652229
16429.0652258
16429.0652287
16429.0652316
16429.0652346
16429.0652375
16429.0652404
16429.0652433
16429.0652462
16429.0652491
16429.065252
16429.065255
16429.0652579
16429.0652608
16429.0652637
16429.0652666
16429.0652695
16429.0652724
16429.0652753
16429.0652783
16429.0652812
16429.0652841
16429.065287
16429.0652899
16429.0652928
16429.0652957
16429.0652986
16429.0653016
16429.0653045
16429.0653074
16429.0653103
16429.0653132
16429.0653161
16429.065319
16429.0653219
16429.0653249
16429.0653278
16429.0653307
16429.0653336
16429.0653365
16429.0653394
16429.0653423
16429.0653452
16429.0653482
16429.0653511
16429.065354
16429.0653569
16429.0653598
16429.0653627
16429.0653656
16429.0653685
16429.0653715
16429.0653744
16429.0653773
16429.0653802
16429.0653831
16429.065386
16429.0653889
16429.0653918
16429.0653948
16429.0653977
16429.0654006
16429.0654035
16429.0654064
16429.0654093
16429.0654122
16429.0654151
16429.0654181
16429.065421
16429.0654239
16429.0654268
16429.0654297
16429.0654326
16429.0654355
16429.0654385
16429.0654414
16429.0654443
16429.0654472
16429.0654501
16429.065453
16429.0654559
16429.0654588
16429.0654618
16429.0654647
16429.0654676
16429.0654705
16429.0654734
16429.0654763
16429.0654792
16429.0654821
16429.0654851
16429.065488
16429.0654909
16429.0654938
16429.0654967
16429.0654996
16429.0655025
16429.0655054
16429.0655084
16429.0655113
16429.0655142
16429.0655171
16429.06552
16429.0655229
16429.0655258
16429.0655287
16429.0655317
16429.0655346
16429.0655375
16429.0655404
16429.0655433
16429.0655462
16429.0655491
16429.065552
16429.065555
16429.0655579
16429.0655608
16429.0655637
16429.0655666
16429.0655695
16429.0655724
16429.0655753
16429.0655783
16429.0655812
16429.0655841
16429.065587
16429.0655899
16429.0655928
16429.0655957
16429.0655987
16429.0656016
16429.0656045
16429.0656074
16429.0656103
16429.0656132
16429.0656161
16429.065619
16429.065622
16429.0656249
16429.0656278
16429.0656307
16429.0656336
16429.0656365
16429.0656394
16429.0656423
16429.0656453
16429.0656482
16429.0656511
16429.065654
16429.0656569
16429.0656598
16429.0656627
16429.0656656
16429.0656686
16429.0656715
16429.0656744
16429.0656773
16429.0656802
16429.0656831
16429.065686
16429.0656889
16429.0656919
16429.0656948
16429.0656977
16429.0657006
16429.0657035
16429.0657064
16429.0657093
16429.0657122
16429.0657152
16429.0657181
16429.065721
16429.0657239
16429.0657268
16429.0657297
16429.0657326
16429.0657355
16429.0657385
16429.0657414
16429.0657443
16429.0657472
16429.0657501
16429.065753
16429.0657559
16429.0657588
16429.0657618
16429.0657647
16429.0657676
16429.0657705
16429.0657734
16429.0657763
16429.0657792
16429.0657822
16429.0657851
16429.065788
16429.0657909
16429.0657938
16429.0657967
16429.0657996
16429.0658025
16429.0658055
16429.0658084
16429.0658113
16429.0658142
16429.0658171
16429.06582
16429.0658229
16429.0658258
16429.0658288
16429.0658317
16429.0658346
16429.0658375
16429.0658404
16429.0658433
16429.0658462
16429.0658491
16429.0658521
16429.065855
16429.0658579
16429.0658608
16429.0658637
16429.0658666
16429.0658695
16429.0658724
16429.0658754
16429.0658783
16429.0658812
16429.0658841
16429.065887
16429.0658899
16429.0658928
16429.0658957
16429.0658987
16429.0659016
16429.0659045
16429.0659074
16429.0659103
16429.0659132
16429.0659161
16429.065919
16429.065922
16429.0659249
16429.0659278
16429.0659307
16429.0659336
16429.0659365
16429.0659394
16429.0659424
16429.0659453
16429.0659482
16429.0659511
16429.065954
16429.0659569
16429.0659598
16429.0659627
16429.0659657
16429.0659686
16429.0659715
16429.0659744
16429.0659773
16429.0659802
16429.0659831
16429.065986
16429.065989
16429.0659919
16429.0659948
16429.0659977
16429.0660006
16429.0660035
16429.0660064
16429.0660093
16429.0660123
16429.0660152
16429.0660181
16429.066021
16429.0660239
16429.0660268
16429.0660297
16429.0660326
16429.0660356
16429.0660385
16429.0660414
16429.0660443
16429.0660472
16429.0660501
16429.066053
16429.0660559
16429.0660589
16429.0660618
16429.0660647
16429.0660676
16429.0660705
16429.0660734
16429.0660763
16429.0660792
16429.0660822
16429.0660851
16429.066088
16429.0660909
16429.0660938
16429.0660967
16429.0660996
16429.0661025
16429.0661055
16429.0661084
16429.0661113
16429.0661142
16429.0661171
16429.06612
16429.0661229
16429.0661259
16429.0661288
16429.0661317
16429.0661346
16429.0661375
16429.0661404
16429.0661433
16429.0661462
16429.0661492
16429.0661521
16429.066155
16429.0661579
16429.0661608
16429.0661637
16429.0661666
16429.0661695
16429.0661725
16429.0661754
16429.0661783
16429.0661812
16429.0661841
16429.066187
16429.0661899
16429.0661928
16429.0661958
16429.0661987
16429.0662016
16429.0662045
16429.0662074
16429.0662103
16429.0662132
16429.0662161
16429.0662191
16429.066222
16429.0662249
16429.0662278
16429.0662307
16429.0662336
16429.0662365
16429.0662394
16429.0662424
16429.0662453
16429.0662482
16429.0662511
16429.066254
16429.0662569
16429.0662598
16429.0662627
16429.0662657
16429.0662686
16429.0662715
16429.0662744
16429.0662773
16429.0662802
16429.0662831
16429.0662861
16429.066289
16429.0662919
16429.0662948
16429.0662977
16429.0663006
16429.0663035
16429.0663064
16429.0663094
16429.0663123
16429.0663152
16429.0663181
16429.066321
16429.0663239
16429.0663268
16429.0663297
16429.0663327
16429.0663356
16429.0663385
16429.0663414
16429.0663443
16429.0663472
16429.0663501
16429.066353
16429.066356
16429.0663589
16429.0663618
16429.0663647
16429.0663676
16429.0663705
16429.0663734
16429.0663763
16429.0663793
16429.0663822
16429.0663851
16429.066388
16429.0663909
16429.0663938
16429.0663967
16429.0663996
16429.0664026
16429.0664055
16429.0664084
16429.0664113
16429.0664142
16429.0664171
16429.0664433
16429.0664462
16429.0664492
16429.0664521
16429.066455
16429.0664579
16429.0664608
16429.0664637
16429.0664666
16429.0664696
16429.0664725
16429.0664754
16429.0664783
16429.0664812
16429.0664841
16429.066487
16429.0664899
16429.0664929
16429.0664958
16429.0664987
16429.0665016
16429.0665045
16429.0665074
16429.0665103
16429.0665132
16429.0665162
16429.0665191
16429.066522
16429.0665249
16429.0665278
16429.0665307
16429.0665336
16429.0665365
16429.0665395
16429.0665424
16429.0665453
16429.0665482
16429.0665511
16429.066554
16429.0665569
16429.0665598
16429.0665628
16429.0665657
16429.0665686
16429.0665715
16429.0665744
16429.0665773
16429.0665802
16429.0665831
16429.0665861
16429.066589
16429.0665919
16429.0665948
16429.0665977
16429.0666006
16429.0666035
16429.0666064
16429.0666094
16429.0666123
16429.0666152
16429.0666181
16429.066621
16429.0666239
16429.0666268
16429.0666298
16429.0666327
16429.0666356
16429.0666385
16429.0666414
16429.0666443
16429.0666472
16429.0666501
16429.0666531
16429.066656
16429.0666589
16429.0666618
16429.0666647
16429.0666676
16429.0666705
16429.0666734
16429.0666764
16429.0666793
16429.0666822
16429.0666851
16429.066688
16429.0666909
16429.0666938
16429.0666967
16429.0666997
16429.0667026
16429.0667055
16429.0667084
16429.0667113
16429.0667142
16429.0667171
16429.06672
16429.066723
16429.0667259
16429.0667288
16429.0667317
16429.0667346
16429.0667375
16429.0667404
16429.0667433
16429.0667463
16429.0667492
16429.0667521
16429.066755
16429.0667579
16429.0667608
16429.0667637
16429.0667666
16429.0667696
16429.0667725
16429.0667754
16429.0667783
16429.0667812
16429.0667841
16429.066787
16429.0667899
16429.0667929
16429.0667958
16429.0667987
16429.0668016
16429.0668045
16429.0668074
16429.0668103
16429.0668133
16429.0668162
16429.0668191
16429.066822
16429.0668249
16429.0668278
16429.0668307
16429.0668336
16429.0668366
16429.0668395
16429.0668424
16429.0668453
16429.0668482
16429.0668511
16429.066854
16429.0668569
16429.0668599
16429.0668628
16429.0668657
16429.0668686
16429.0668715
16429.0668744
16429.0668773
16429.0668802
16429.0668832
16429.0668861
16429.066889
16429.0668919
16429.0668948
16429.0668977
16429.0669006
16429.0669035
16429.0669065
16429.0669094
16429.0669123
16429.0669152
16429.0669181
16429.066921
16429.0669239
16429.0669268
16429.0669298
16429.0669327
16429.0669356
16429.0669385
16429.0669414
16429.0669443
16429.0669472
16429.0669501
16429.0669531
16429.066956
16429.0669589
16429.0669618
16429.0669647
16429.0669676
16429.0669705
16429.0669734
16429.0669764
16429.0669793
16429.0669822
16429.0669851
16429.066988
16429.0669909
16429.0669938
16429.0669968
16429.0669997
16429.0670026
16429.0670055
16429.0670084
16429.0670113
16429.0670142
16429.0670171
16429.0670201
16429.067023
16429.0670259
16429.0670288
16429.0670317
16429.0670346
16429.0670375
16429.0670404
16429.0670434
16429.0670463
16429.0670492
16429.0670521
16429.067055
16429.0670579
16429.0670608
16429.0670637
16429.0670667
16429.0670696
16429.0670725
16429.0670754
16429.0670783
16429.0670812
16429.0670841
16429.067087
16429.06709
16429.0670929
16429.0670958
16429.0670987
16429.0671016
16429.0671045
16429.0671074
16429.0671103
16429.0671133
16429.0671162
16429.0671191
16429.067122
16429.0671249
16429.0671278
16429.0671307
16429.0671336
16429.0671366
16429.0671395
16429.0671424
16429.0671453
16429.0671482
16429.0671511
16429.067154
16429.067157
16429.0671599
16429.0671628
16429.0671657
16429.0671686
16429.0671715
16429.0671744
16429.0671773
16429.0671803
16429.0671832
16429.0671861
16429.067189
16429.0671919
16429.0671948
16429.0671977
16429.0672006
16429.0672036
16429.0672065
16429.0672094
16429.0672123
16429.0672152
16429.0672181
16429.067221
16429.0672239
16429.0672269
16429.0672298
16429.0672327
16429.0672356
16429.0672385
16429.0672414
16429.0672443
16429.0672472
16429.0672502
16429.0672531
16429.067256
16429.0672589
16429.0672618
16429.0672647
16429.0672676
16429.0672705
16429.0672735
16429.0672764
16429.0672793
16429.0672822
16429.0672851
16429.067288
16429.0672909
16429.0672938
16429.0672968
16429.0672997
16429.0673026
16429.0673055
16429.0673084
16429.0673113
16429.0673142
16429.0673171
16429.0673201
16429.067323
16429.0673259
16429.0673288
16429.0673317
16429.0673346
16429.0673375
16429.0673405
16429.0673434
16429.0673463
16429.0673492
16429.0673521
16429.067355
16429.0673579
16429.0673608
16429.0673638
16429.0673667
16429.0673696
16429.0673725
16429.0673754
16429.0673783
16429.0673812
16429.0673841
16429.0673871
16429.06739
16429.0673929
16429.0673958
16429.0673987
16429.0674016
16429.0674045
16429.0674074
16429.0674104
16429.0674133
16429.0674162
16429.0674191
16429.067422
16429.0674249
16429.0674278
16429.0674307
16429.0674337
16429.0674366
16429.0674395
16429.0674424
16429.0674453
16429.0674482
16429.0674511
16429.067454
16429.067457
16429.0674599
16429.0674628
16429.0674657
16429.0674686
16429.0674715
16429.0674744
16429.0674773
16429.0674803
16429.0674832
16429.0674861
