16429.3285207	2.064156599
16429.3285236	2.06417490011
16429.3285266	2.06419320121
16429.3285295	2.06421150224
16429.3285324	2.06422980342
16429.3285353	2.06424810452
16429.3285382	2.06426640563
16429.3285411	2.06428470666
16429.328544	2.06430300783
16429.3285469	2.06432130894
16429.3285499	2.06433961004
16429.3285528	2.06435791107
16429.3285557	2.06437621225
16429.3285586	2.06439451335
16429.3285615	2.06441281446
16429.3285644	2.06443111549
16429.3285673	2.06444941666
16429.3285702	2.06446771777
16429.3285732	2.06448601887
16429.3285761	2.0645043199
16429.328579	2.06452262108
16429.3285819	2.06454092218
16429.3285848	2.06455922328
16429.3285877	2.06457752439
16429.3285906	2.06459582542
16429.3285935	2.0646141266
16429.3285965	2.0646324277
16429.3285994	2.0646507288
16429.3286023	2.06466902983
16429.3286052	2.06468733101
16429.3286081	2.06470563211
16429.328611	2.06472393322
16429.3286139	2.06474223425
16429.3286168	2.06476053542
16429.3286198	2.06477883653
16429.3286227	2.06479713763
16429.3286256	2.06481543866
16429.3286285	2.06483373984
16429.3286314	2.06485204094
16429.3286343	2.06487034205
16429.3286372	2.06488864308
16429.3286401	2.06490694425
16429.3286431	2.06492524536
16429.328646	2.06494354646
16429.3286489	2.06496184749
16429.3286518	2.06498014867
16429.3286547	2.06499844977
16429.3286576	2.06501675088
16429.3286605	2.06503505198
16429.3286634	2.06505335301
16429.3286664	2.06507165419
16429.3286693	2.06508995529
16429.3286722	2.06510825639
16429.3286751	2.06512655742
16429.328678	2.0651448586
16429.3286809	2.06516315971
16429.3286838	2.06518146081
16429.3286868	2.06519976184
16429.3286897	2.06521806302
16429.3286926	2.06523636412
16429.3286955	2.06525466522
16429.3286984	2.06527296625
16429.3287013	2.06529126743
16429.3287042	2.06530956853
16429.3287071	2.06532786964
16429.3287101	2.06534617067
16429.328713	2.06536447185
16429.3287159	2.06538277295
16429.3287188	2.06540107405
16429.3287217	2.06541937508
16429.3287246	2.06543767626
16429.3287275	2.06545597736
16429.3287304	2.06547427847
16429.3287334	2.06549257957
16429.3287363	2.0655108806
16429.3287392	2.06552918178
16429.3287421	2.06554748288
16429.328745	2.06556578399
16429.3287479	2.06558408502
16429.3287508	2.06560238619
16429.3287537	2.0656206873
16429.3287567	2.0656389884
16429.3287596	2.06565728943
16429.3287625	2.06567559061
16429.3287654	2.06569389171
16429.3287683	2.06571219281
16429.3287712	2.06573049385
16429.3287741	2.06574879502
16429.328777	2.06576709613
16429.32878	2.06578539723
16429.3287829	2.06580369826
16429.3287858	2.06582199944
16429.3287887	2.06584030054
16429.3287916	2.06585860164
16429.3287945	2.06587690267
16429.3287974	2.06589520385
16429.3288003	2.06591350495
16429.3288033	2.06593180606
16429.3288062	2.06595010716
16429.3288091	2.06596840819
16429.328812	2.06598670937
16429.3288149	2.06600501047
16429.3288178	2.06602331158
16429.3288207	2.06604161261
16429.3288236	2.06605991378
16429.3288266	2.06607821489
16429.3288295	2.06609651599
16429.3288324	2.06611481702
16429.3288353	2.0661331182
16429.3288382	2.0661514193
16429.3288411	2.06616972041
16429.328844	2.06618802144
16429.3288469	2.06620632261
16429.3288499	2.06622462372
16429.3288528	2.06624292482
16429.3288557	2.06626122585
16429.3288586	2.06627952703
16429.3288615	2.06629782813
16429.3288644	2.06631612924
16429.3288673	2.06633443027
16429.3288703	2.06635273144
16429.3288732	2.06637103255
16429.3288761	2.06638933365
16429.328879	2.06640763475
16429.3288819	2.06642593578
16429.3288848	2.06644423696
16429.3288877	2.06646253806
16429.3288906	2.06648083917
16429.3288936	2.0664991402
16429.3288965	2.06651744138
16429.3288994	2.06653574248
16429.3289023	2.06655404358
16429.3289052	2.06657234461
16429.3289081	2.06659064579
16429.328911	2.06660894689
16429.3289139	2.066627248
16429.3289169	2.06664554903
16429.3289198	2.0666638502
16429.3289227	2.06668215131
16429.3289256	2.06670045241
16429.3289285	2.06671875344
16429.3289314	2.06673705462
16429.3289343	2.06675535572
16429.3289372	2.06677365683
16429.3289402	2.06679195786
16429.3289431	2.06681025903
16429.328946	2.06682856014
16429.3289489	2.06684686124
16429.3289518	2.06686516235
16429.3289547	2.06688346338
16429.3289576	2.06690176455
16429.3289605	2.06692006566
16429.3289635	2.06693836676
16429.3289664	2.06695666779
16429.3289693	2.06697496897
16429.3289722	2.06699327007
16429.3289751	2.06701157117
16429.328978	2.06702987221
16429.3289809	2.06704817338
16429.3289838	2.06706647449
16429.3289868	2.06708477559
16429.3289897	2.06710307662
16429.3289926	2.0671213778
16429.3289955	2.0671396789
16429.3289984	2.06715798
16429.3290013	2.06717628103
16429.3290042	2.06719458221
16429.3290071	2.06721288331
16429.3290101	2.06723118442
16429.329013	2.06724948545
16429.3290159	2.06726778663
16429.3290188	2.06728608773
16429.3290217	2.06730438883
16429.3290246	2.06732268994
16429.3290275	2.06734099097
16429.3290305	2.06735929214
16429.3290334	2.06737759325
16429.3290363	2.06739589435
16429.3290392	2.06741419538
16429.3290421	2.06743249656
16429.329045	2.06745079766
16429.3290479	2.06746909877
16429.3290508	2.0674873998
16429.3290538	2.06750570097
16429.3290567	2.06752400208
16429.3290596	2.06754230318
16429.3290625	2.06756060421
16429.3290654	2.06757890539
16429.3290683	2.06759720649
16429.3290712	2.0676155076
16429.3290741	2.06763380863
16429.3290771	2.0676521098
16429.32908	2.06767041091
16429.3290829	2.06768871201
16429.3290858	2.06770701304
16429.3290887	2.06772531422
16429.3290916	2.06774361532
16429.3290945	2.06776191642
16429.3290974	2.06778021753
16429.3291004	2.06779851856
16429.3291033	2.06781681974
16429.3291062	2.06783512084
16429.3291091	2.06785342194
16429.329112	2.06787172297
16429.3291149	2.06789002415
16429.3291178	2.06790832525
16429.3291207	2.06792662636
16429.3291237	2.06794492739
16429.3291266	2.06796322856
16429.3291295	2.06798152967
16429.3291324	2.06799983077
16429.3291353	2.0680181318
16429.3291382	2.06803643298
16429.3291411	2.06805473408
16429.329144	2.06807303519
16429.329147	2.06809133622
16429.3291499	2.06810963739
16429.3291528	2.0681279385
16429.3291557	2.0681462396
16429.3291586	2.06816454063
16429.3291615	2.06818284181
16429.3291644	2.06820114291
16429.3291673	2.06821944402
16429.3291703	2.06823774512
16429.3291732	2.06825604615
16429.3291761	2.06827434733
16429.329179	2.06829264843
16429.3291819	2.06831094953
16429.3291848	2.06832925057
16429.3291877	2.06834755174
16429.3291906	2.06836585285
16429.3291936	2.06838415395
16429.3291965	2.06840245498
16429.3291994	2.06842075616
16429.3292023	2.06843905726
16429.3292052	2.06845735836
16429.3292081	2.06847565939
16429.329211	2.06849396057
16429.329214	2.06851226167
16429.3292169	2.06853056278
16429.3292198	2.06854886381
16429.3292227	2.06856716499
16429.3292256	2.06858546609
16429.3292285	2.06860376719
16429.3292314	2.06862206822
16429.3292343	2.0686403694
16429.3292373	2.0686586705
16429.3292402	2.06867697161
16429.3292431	2.06869527271
16429.329246	2.06871357374
16429.3292489	2.06873187492
16429.3292518	2.06875017602
16429.3292547	2.06876847713
16429.3292576	2.06878677816
16429.3292606	2.06880507933
16429.3292635	2.06882338044
16429.3292664	2.06884168154
16429.3292693	2.06885998257
16429.3292722	2.06887828375
16429.3292751	2.06889658485
16429.329278	2.06891488595
16429.3292809	2.06893318699
16429.3292839	2.06895148816
16429.3292868	2.06896978927
16429.3292897	2.06898809037
16429.3292926	2.0690063914
16429.3292955	2.06902469258
16429.3292984	2.06904299368
16429.3293013	2.06906129478
16429.3293042	2.06907959581
16429.3293072	2.06909789699
16429.3293101	2.0691161981
16429.329313	2.0691344992
16429.3293159	2.0691528003
16429.3293188	2.06917110133
16429.3293217	2.06918940251
16429.3293246	2.06920770361
16429.3293275	2.06922600472
16429.3293305	2.06924430575
16429.3293334	2.06926260692
16429.3293363	2.06928090803
16429.3293392	2.06929920913
16429.3293421	2.06931751016
16429.329345	2.06933581134
16429.3293479	2.06935411244
16429.3293508	2.06937241355
16429.3293538	2.06939071458
16429.3293567	2.06940901575
16429.3293596	2.06942731686
16429.3293625	2.06944561796
16429.3293654	2.06946391899
16429.3293683	2.06948222017
16429.3293712	2.06950052127
16429.3293742	2.06951882238
16429.3293771	2.06953712341
16429.32938	2.06955542458
16429.3293829	2.06957372569
16429.3293858	2.06959202679
16429.3293887	2.06961032789
16429.3293916	2.06962862892
16429.3293945	2.0696469301
16429.3293975	2.0696652312
16429.3294004	2.06968353231
16429.3294033	2.06970183334
16429.3294062	2.06972013452
16429.3294091	2.06973843562
16429.329412	2.06975673672
16429.3294149	2.06977503775
16429.3294178	2.06979333893
16429.3294208	2.06981164003
16429.3294237	2.06982994114
16429.3294266	2.06984824217
16429.3294295	2.06986654334
16429.3294324	2.06988484445
16429.3294353	2.06990314555
16429.3294382	2.06992144658
16429.3294411	2.06993974776
16429.3294441	2.06995804886
16429.329447	2.06997634997
16429.3294499	2.069994651
16429.3294528	2.07001295217
16429.3294557	2.07003125328
16429.3294586	2.07004955438
16429.3294615	2.07006785549
16429.3294644	2.07008615652
16429.3294674	2.07010445769
16429.3294703	2.0701227588
16429.3294732	2.0701410599
16429.3294761	2.07015936093
16429.329479	2.07017766211
16429.3294819	2.07019596321
16429.3294848	2.07021426431
16429.3294877	2.07023256535
16429.3294907	2.07025086652
16429.3294936	2.07026916763
16429.3294965	2.07028746873
16429.3294994	2.07030576976
16429.3295023	2.07032407094
16429.3295052	2.07034237204
16429.3295081	2.07036067314
16429.329511	2.07037897417
16429.329514	2.07039727535
16429.3295169	2.07041557645
16429.3295198	2.07043387756
16429.3295227	2.07045217859
16429.3295256	2.07047047977
16429.3295285	2.07048878087
16429.3295314	2.07050708197
16429.3295343	2.07052538308
16429.3295373	2.07054368411
16429.3295402	2.07056198528
16429.3295431	2.07058028639
16429.329546	2.07059858749
16429.3295489	2.07061688852
16429.3295518	2.0706351897
16429.3295547	2.0706534908
16429.3295577	2.07067179191
16429.3295606	2.07069009294
16429.3295635	2.07070839411
16429.3295664	2.07072669522
16429.3295693	2.07074499632
16429.3295722	2.07076329735
16429.3295751	2.07078159853
16429.329578	2.07079989963
16429.329581	2.07081820074
16429.3295839	2.07083650177
16429.3295868	2.07085480294
16429.3295897	2.07087310405
16429.3295926	2.07089140515
16429.3295955	2.07090970618
16429.3295984	2.07092800736
16429.3296013	2.07094630846
16429.3296043	2.07096460956
16429.3296072	2.07098291067
16429.3296101	2.0710012117
16429.329613	2.07101951288
16429.3296159	2.07103781398
16429.3296188	2.07105611508
16429.3296217	2.07107441611
16429.3296246	2.07109271729
16429.3296276	2.07111101839
16429.3296305	2.0711293195
16429.3296334	2.07114762053
16429.3296363	2.0711659217
16429.3296392	2.07118422281
16429.3296421	2.07120252391
16429.329645	2.07122082494
16429.3296479	2.07123912612
16429.3296509	2.07125742722
16429.3296538	2.07127572833
16429.3296567	2.07129402936
16429.3296596	2.07131233053
16429.3296625	2.07133063164
16429.3296654	2.07134893274
16429.3296683	2.07136723377
16429.3296712	2.07138553495
16429.3296742	2.07140383605
16429.3296771	2.07142213716
16429.32968	2.07144043826
16429.3296829	2.07145873929
16429.3296858	2.07147704047
16429.3296887	2.07149534157
16429.3296916	2.07151364267
16429.3296945	2.07153194371
16429.3296975	2.07155024488
16429.3297004	2.07156854599
16429.3297033	2.07158684709
16429.3297062	2.07160514812
16429.3297091	2.0716234493
16429.329712	2.0716417504
16429.3297149	2.0716600515
16429.3297179	2.07167835253
16429.3297208	2.07169665371
16429.3297237	2.07171495481
16429.3297266	2.07173325592
16429.3297295	2.07175155695
16429.3297324	2.07176985813
16429.3297353	2.07178815923
16429.3297382	2.07180646033
16429.3297412	2.07182476136
16429.3297441	2.07184306254
16429.329747	2.07186136364
16429.3297499	2.07187966475
16429.3297528	2.07189796585
16429.3297557	2.07191626688
16429.3297586	2.07193456806
16429.3297615	2.07195286916
16429.3297645	2.07197117027
16429.3297674	2.0719894713
16429.3297703	2.07200777247
16429.3297732	2.07202607358
16429.3297761	2.07204437468
16429.329779	2.07206267571
16429.3297819	2.07208097689
16429.3297848	2.07209927799
16429.3297878	2.07211757909
16429.3297907	2.07213588013
16429.3297936	2.0721541813
16429.3297965	2.07217248241
16429.3297994	2.07219078351
16429.3298023	2.07220908454
16429.3298052	2.07222738572
16429.3298081	2.07224568682
16429.3298111	2.07226398792
16429.329814	2.07228228896
16429.3298169	2.07230059013
16429.3298198	2.07231889124
16429.3298227	2.07233719234
16429.3298256	2.07235549344
16429.3298285	2.07237379447
16429.3298314	2.07239209565
16429.3298344	2.07241039675
16429.3298373	2.07242869786
16429.3298402	2.07244699889
16429.3298431	2.07246530006
16429.329846	2.07248360117
16429.3298489	2.07250190227
16429.3298518	2.0725202033
16429.3298547	2.07253850448
16429.3298577	2.07255680558
16429.3298606	2.07257510669
16429.3298635	2.07259340772
16429.3298664	2.07261170889
16429.3298693	2.07263001
16429.3298722	2.0726483111
16429.3298751	2.07266661213
16429.329878	2.07268491331
16429.329881	2.07270321441
16429.3298839	2.07272151552
16429.3298868	2.07273981655
16429.3298897	2.07275811772
16429.3298926	2.07277641883
16429.3298955	2.07279471993
16429.3298984	2.07281302103
16429.3299014	2.07283132206
16429.3299043	2.07284962324
16429.3299072	2.07286792434
16429.3299101	2.07288622545
16429.329913	2.07290452648
16429.3299159	2.07292282766
16429.3299188	2.07294112876
16429.3299217	2.07295942986
16429.3299247	2.07297773089
16429.3299276	2.07299603207
16429.3299305	2.07301433317
16429.3299334	2.07303263428
16429.3299363	2.07305093531
16429.3299392	2.07306923649
16429.3299421	2.07308753759
16429.329945	2.07310583869
16429.329948	2.07312413972
16429.3299509	2.0731424409
16429.3299538	2.073160742
16429.3299567	2.07317904311
16429.3299596	2.07319734414
16429.3299625	2.07321564531
16429.3299654	2.07323394642
16429.3299683	2.07325224752
16429.3299713	2.07327054863
16429.3299742	2.07328884966
16429.3299771	2.07330715083
16429.32998	2.07332545194
16429.3299829	2.07334375304
16429.3299858	2.07336205407
16429.3299887	2.07338035525
16429.3299916	2.07339865635
16429.3299946	2.07341695745
16429.3299975	2.07343525849
16429.3300004	2.07345355966
16429.3300033	2.07347186077
16429.3300062	2.07349016187
16429.3300091	2.0735084629
16429.330012	2.07352676408
16429.3300149	2.07354506518
16429.3300179	2.07356336628
16429.3300208	2.07358166731
16429.3300237	2.07359996849
16429.3300266	2.07361826959
16429.3300295	2.0736365707
16429.3300324	2.07365487173
16429.3300353	2.07367317291
16429.3300382	2.07369147401
16429.3300412	2.07370977511
16429.3300441	2.07372807622
16429.330047	2.07374637725
16429.3300499	2.07376467842
16429.3300528	2.07378297953
16429.3300557	2.07380128063
16429.3300586	2.07381958166
16429.3300616	2.07383788284
16429.3300645	2.07385618394
16429.3300674	2.07387448505
16429.3300703	2.07389278608
16429.3300732	2.07391108725
16429.3300761	2.07392938836
16429.330079	2.07394768946
16429.3300819	2.07396599049
16429.3300849	2.07398429167
16429.3300878	2.07400259277
16429.3300907	2.07402089388
16429.3300936	2.07403919491
16429.3300965	2.07405749608
16429.3300994	2.07407579719
16429.3301023	2.07409409829
16429.3301052	2.07411239932
16429.3301082	2.0741307005
16429.3301111	2.0741490016
16429.330114	2.0741673027
16429.3301169	2.07418560381
16429.3301198	2.07420390484
16429.3301227	2.07422220602
16429.3301256	2.07424050712
16429.3301285	2.07425880822
16429.3301315	2.07427710925
16429.3301344	2.07429541043
16429.3301373	2.07431371153
16429.3301402	2.07433201264
16429.3301431	2.07435031367
16429.330146	2.07436861484
16429.3301489	2.07438691595
16429.3301518	2.07440521705
16429.3301548	2.07442351808
16429.3301577	2.07444181926
16429.3301606	2.07446012036
16429.3301635	2.07447842147
16429.3301664	2.0744967225
16429.3301693	2.07451502367
16429.3301722	2.07453332478
16429.3301751	2.07455162588
16429.3301781	2.07456992691
16429.330181	2.07458822809
16429.3301839	2.07460652919
16429.3301868	2.0746248303
16429.3301897	2.0746431314
16429.3301926	2.07466143243
16429.3301955	2.07467973361
16429.3301984	2.07469803471
16429.3302014	2.07471633581
16429.3302043	2.07473463685
16429.3302072	2.07475293802
16429.3302101	2.07477123913
16429.330213	2.07478954023
16429.3302159	2.07480784126
16429.3302188	2.07482614244
16429.3302217	2.07484444354
16429.3302247	2.07486274464
16429.3302276	2.07488104567
16429.3302305	2.07489934685
16429.3302334	2.07491764795
16429.3302363	2.07493594906
16429.3302392	2.07495425009
16429.3302421	2.07497255127
16429.3302451	2.07499085237
16429.330248	2.07500915347
16429.3302509	2.0750274545
16429.3302538	2.07504575568
16429.3302567	2.07506405678
16429.3302596	2.07508235789
16429.3302625	2.07510065899
16429.3302654	2.07511896002
16429.3302684	2.0751372612
16429.3302713	2.0751555623
16429.3302742	2.07517386341
16429.3302771	2.07519216444
16429.33028	2.07521046561
16429.3302829	2.07522876672
16429.3302858	2.07524706782
16429.3302887	2.07526536885
16429.3302917	2.07528367003
16429.3302946	2.07530197113
16429.3302975	2.07532027223
16429.3303004	2.07533857327
16429.3303033	2.07535687444
16429.3303062	2.07537517555
16429.3303091	2.07539347665
16429.330312	2.07541177768
16429.330315	2.07543007886
16429.3303179	2.07544837996
16429.3303208	2.07546668106
16429.3303237	2.0754849821
16429.3303266	2.07550328327
16429.3303295	2.07552158438
16429.3303324	2.07553988548
16429.3303353	2.07555818658
16429.3303383	2.07557648761
16429.3303412	2.07559478879
16429.3303441	2.07561308989
16429.330347	2.075631391
16429.3303499	2.07564969203
16429.3303528	2.0756679932
16429.3303557	2.07568629431
16429.3303586	2.07570459541
16429.3303616	2.07572289644
16429.3303645	2.07574119762
16429.3303674	2.07575949872
16429.3303703	2.07577779983
16429.3303732	2.07579610086
16429.3303761	2.07581440203
16429.330379	2.07583270314
16429.3303819	2.07585100424
16429.3303849	2.07586930527
16429.3303878	2.07588760645
16429.3303907	2.07590590755
16429.3303936	2.07592420866
16429.3303965	2.07594250969
16429.3303994	2.07596081086
16429.3304023	2.07597911197
16429.3304053	2.07599741307
16429.3304082	2.07601571417
16429.3304111	2.0760340152
16429.330414	2.07605231638
16429.3304169	2.07607061748
16429.3304198	2.07608891859
16429.3304227	2.07610721962
16429.3304256	2.0761255208
16429.3304286	2.0761438219
16429.3304315	2.076162123
16429.3304344	2.07618042403
16429.3304373	2.07619872521
16429.3304402	2.07621702631
16429.3304431	2.07623532742
16429.330446	2.07625362845
16429.3304489	2.07627192963
16429.3304519	2.07629023073
16429.3304548	2.07630853183
16429.3304577	2.07632683286
16429.3304606	2.07634513404
16429.3304635	2.07636343514
16429.3304664	2.07638173625
16429.3304693	2.07640003728
16429.3304722	2.07641833845
16429.3304752	2.07643663956
16429.3304781	2.07645494066
16429.330481	2.07647324177
16429.3304839	2.0764915428
16429.3304868	2.07650984397
16429.3304897	2.07652814508
16429.3304926	2.07654644618
16429.3304955	2.07656474721
16429.3304985	2.07658304839
16429.3305014	2.07660134949
16429.3305043	2.07661965059
16429.3305072	2.07663795163
16429.3305101	2.0766562528
16429.330513	2.07667455391
16429.3305159	2.07669285501
16429.3305188	2.07671115604
16429.3305218	2.07672945722
16429.3305247	2.07674775832
16429.3305276	2.07676605942
16429.3305305	2.07678436045
16429.3305334	2.07680266163
16429.3305363	2.07682096273
16429.3305392	2.07683926384
16429.3305421	2.07685756487
16429.3305451	2.07687586605
16429.330548	2.07689416715
16429.3305509	2.07691246825
16429.3305538	2.07693076936
16429.3305567	2.07694907039
16429.3305596	2.07696737156
16429.3305625	2.07698567267
16429.3305654	2.07700397377
16429.3305684	2.0770222748
16429.3305713	2.07704057598
16429.3305742	2.07705887708
16429.3305771	2.07707717819
16429.33058	2.07709547922
16429.3305829	2.07711378039
16429.3305858	2.0771320815
16429.3305888	2.0771503826
16429.3305917	2.07716868363
16429.3305946	2.07718698481
16429.3305975	2.07720528591
16429.3306004	2.07722358702
16429.3306033	2.07724188805
16429.3306062	2.07726018922
16429.3306091	2.07727849033
16429.3306121	2.07729679143
16429.330615	2.07731509246
16429.3306179	2.07733339364
16429.3306208	2.07735169474
16429.3306237	2.07736999584
16429.3306266	2.07738829695
16429.3306295	2.07740659798
16429.3306324	2.07742489916
16429.3306354	2.07744320026
16429.3306383	2.07746150136
16429.3306412	2.07747980239
16429.3306441	2.07749810357
16429.330647	2.07751640467
16429.3306499	2.07753470578
16429.3306528	2.07755300681
16429.3306557	2.07757130798
16429.3306587	2.07758960909
16429.3306616	2.07760791019
16429.3306645	2.07762621122
16429.3306674	2.0776445124
16429.3306703	2.0776628135
16429.3306732	2.07768111461
16429.3306761	2.07769941564
16429.330679	2.07771771681
16429.330682	2.07773601792
16429.3306849	2.07775431902
16429.3306878	2.07777262005
16429.3306907	2.07779092123
16429.3306936	2.07780922233
16429.3306965	2.07782752344
16429.3306994	2.07784582454
16429.3307023	2.07786412557
16429.3307053	2.07788242675
16429.3307082	2.07790072785
16429.3307111	2.07791902895
16429.330714	2.07793732999
16429.3307169	2.07795563116
16429.3307198	2.07797393227
16429.3307227	2.07799223337
16429.3307256	2.0780105344
16429.3307286	2.07802883558
16429.3307315	2.07804713668
16429.3307344	2.07806543778
16429.3307373	2.07808373881
16429.3307402	2.07810203999
16429.3307431	2.07812034109
16429.330746	2.0781386422
16429.330749	2.07815694323
16429.3307519	2.07817524441
16429.3307548	2.07819354551
16429.3307577	2.07821184661
16429.3307606	2.07823014764
16429.3307635	2.07824844882
16429.3307664	2.07826674992
16429.3307693	2.07828505103
16429.3307723	2.07830335213
16429.3307752	2.07832165316
16429.3307781	2.07833995434
16429.330781	2.07835825544
16429.3307839	2.07837655655
16429.3307868	2.07839485758
16429.3307897	2.07841315875
16429.3307926	2.07843145986
16429.3307956	2.07844976096
16429.3307985	2.07846806199
16429.3308014	2.07848636317
16429.3308043	2.07850466427
16429.3308072	2.07852296537
16429.3308101	2.07854126641
16429.330813	2.07855956758
16429.3308159	2.07857786869
16429.3308189	2.07859616979
16429.3308218	2.07861447082
16429.3308247	2.078632772
16429.3308276	2.0786510731
16429.3308305	2.0786693742
16429.3308334	2.07868767524
16429.3308363	2.07870597641
16429.3308392	2.07872427752
16429.3308422	2.07874257862
16429.3308451	2.07876087972
16429.330848	2.07877918075
16429.3308509	2.07879748193
16429.3308538	2.07881578303
16429.3308567	2.07883408414
16429.3308596	2.07885238517
16429.3308625	2.07887068634
16429.3308655	2.07888898745
16429.3308684	2.07890728855
16429.3308713	2.07892558958
16429.3308742	2.07894389076
16429.3308771	2.07896219186
16429.33088	2.07898049297
16429.3308829	2.078998794
16429.3308858	2.07901709517
16429.3308888	2.07903539628
16429.3308917	2.07905369738
16429.3308946	2.07907199841
16429.3308975	2.07909029959
16429.3309004	2.07910860069
16429.3309033	2.0791269018
16429.3309062	2.07914520283
16429.3309091	2.079163504
16429.3309121	2.07918180511
16429.330915	2.07920010621
16429.3309179	2.07921840731
16429.3309208	2.07923670834
16429.3309237	2.07925500952
16429.3309266	2.07927331062
16429.3309295	2.07929161173
16429.3309325	2.07930991276
16429.3309354	2.07932821394
16429.3309383	2.07934651504
16429.3309412	2.07936481614
16429.3309441	2.07938311717
16429.330947	2.07940141835
16429.3309499	2.07941971945
16429.3309528	2.07943802056
16429.3309558	2.07945632159
16429.3309587	2.07947462277
16429.3309616	2.07949292387
16429.3309645	2.07951122497
16429.3309674	2.079529526
16429.3309703	2.07954782718
16429.3309732	2.07956612828
16429.3309761	2.07958442939
16429.3309791	2.07960273042
16429.330982	2.07962103159
16429.3309849	2.0796393327
16429.3309878	2.0796576338
16429.3309907	2.07967593491
16429.3309936	2.07969423594
16429.3309965	2.07971253711
16429.3309994	2.07973083822
16429.3310024	2.07974913932
16429.3310053	2.07976744035
16429.3310082	2.07978574153
16429.3310111	2.07980404263
16429.331014	2.07982234373
16429.3310169	2.07984064477
16429.3310198	2.07985894594
16429.3310227	2.07987724705
16429.3310257	2.07989554815
16429.3310286	2.07991384918
16429.3310315	2.07993215036
16429.3310344	2.07995045146
16429.3310373	2.07996875256
16429.3310402	2.07998705359
16429.3310431	2.08000535477
16429.331046	2.08002365587
16429.331049	2.08004195698
16429.3310519	2.08006025801
16429.3310548	2.08007855919
16429.3310577	2.08009686029
16429.3310606	2.08011516139
16429.3310635	2.0801334625
16429.3310664	2.08015176353
16429.3310693	2.0801700647
16429.3310723	2.08018836581
16429.3310752	2.08020666691
16429.3310781	2.08022496794
16429.331081	2.08024326912
16429.3310839	2.08026157022
16429.3310868	2.08027987133
16429.3310897	2.08029817236
16429.3310926	2.08031647353
16429.3310956	2.08033477464
16429.3310985	2.08035307574
16429.3311014	2.08037137677
16429.3311043	2.08038967795
16429.3311072	2.08040797905
16429.3311101	2.08042628016
16429.331113	2.08044458119
16429.331116	2.08046288236
16429.3311189	2.08048118347
16429.3311218	2.08049948457
16429.3311247	2.0805177856
16429.3311276	2.08053608678
16429.3311305	2.08055438788
16429.3311334	2.08057268898
16429.3311363	2.08059099009
16429.3311393	2.08060929112
16429.3311422	2.0806275923
16429.3311451	2.0806458934
16429.331148	2.0806641945
16429.3311509	2.08068249553
16429.3311538	2.08070079671
16429.3311567	2.08071909781
16429.3311596	2.08073739892
16429.3311626	2.08075569995
16429.3311655	2.08077400112
16429.3311684	2.08079230223
16429.3311713	2.08081060333
16429.3311742	2.08082890436
16429.3311771	2.08084720554
16429.33118	2.08086550664
16429.3311829	2.08088380775
16429.3311859	2.08090210878
16429.3311888	2.08092040995
16429.3311917	2.08093871106
16429.3311946	2.08095701216
16429.3311975	2.08097531319
16429.3312004	2.08099361437
16429.3312033	2.08101191547
16429.3312062	2.08103021658
16429.3312092	2.08104851768
16429.3312121	2.08106681871
16429.331215	2.08108511989
16429.3312179	2.08110342099
16429.3312208	2.08112172209
16429.3312237	2.08114002313
16429.3312266	2.0811583243
16429.3312295	2.08117662541
16429.3312325	2.08119492651
16429.3312354	2.08121322754
16429.3312383	2.08123152872
16429.3312412	2.08124982982
16429.3312441	2.08126813092
16429.331247	2.08128643195
16429.3312499	2.08130473313
16429.3312528	2.08132303423
16429.3312558	2.08134133534
16429.3312587	2.08135963637
16429.3312616	2.08137793755
16429.3312645	2.08139623865
16429.3312674	2.08141453975
16429.3312703	2.08143284078
16429.3312732	2.08145114196
16429.3312762	2.08146944306
16429.3312791	2.08148774417
16429.331282	2.08150604527
16429.3312849	2.0815243463
16429.3312878	2.08154264748
16429.3312907	2.08156094858
16429.3312936	2.08157924969
16429.3312965	2.08159755072
16429.3312995	2.08161585189
16429.3313024	2.081634153
16429.3313053	2.0816524541
16429.3313082	2.08167075513
16429.3313111	2.08168905631
16429.331314	2.08170735741
16429.3313169	2.08172565851
16429.3313198	2.08174395955
16429.3313228	2.08176226072
16429.3313257	2.08178056183
16429.3313286	2.08179886293
16429.3313315	2.08181716396
16429.3313344	2.08183546514
16429.3313373	2.08185376624
16429.3313402	2.08187206734
16429.3313431	2.08189036838
16429.3313461	2.08190866955
16429.331349	2.08192697066
16429.3313519	2.08194527176
16429.3313548	2.08196357286
16429.3313577	2.08198187389
16429.3313606	2.08200017507
16429.3313635	2.08201847617
16429.3313664	2.08203677728
16429.3313694	2.08205507831
16429.3313723	2.08207337948
16429.3313752	2.08209168059
16429.3313781	2.08210998169
16429.331381	2.08212828272
16429.3313839	2.0821465839
16429.3313868	2.082164885
16429.3313897	2.08218318611
16429.3313927	2.08220148714
16429.3313956	2.08221978831
16429.3313985	2.08223808942
16429.3314014	2.08225639052
16429.3314043	2.08227469155
16429.3314072	2.08229299273
16429.3314101	2.08231129383
16429.331413	2.08232959494
16429.331416	2.08234789597
16429.3314189	2.08236619714
16429.3314218	2.08238449825
16429.3314247	2.08240279935
16429.3314276	2.08242110045
16429.3314305	2.08243940148
16429.3314334	2.08245770266
16429.3314363	2.08247600376
16429.3314393	2.08249430487
16429.3314422	2.0825126059
16429.3314451	2.08253090708
16429.331448	2.08254920818
16429.3314509	2.08256750928
16429.3314538	2.08258581031
16429.3314567	2.08260411149
16429.3314597	2.08262241259
16429.3314626	2.0826407137
16429.3314655	2.08265901473
16429.3314684	2.08267731591
16429.3314713	2.08269561701
16429.3314742	2.08271391811
16429.3314771	2.08273221914
16429.33148	2.08275052032
16429.331483	2.08276882142
16429.3314859	2.08278712253
16429.3314888	2.08280542356
16429.3314917	2.08282372473
16429.3314946	2.08284202584
16429.3314975	2.08286032694
16429.3315004	2.08287862805
16429.3315033	2.08289692908
16429.3315063	2.08291523025
16429.3315092	2.08293353136
16429.3315121	2.08295183246
16429.331515	2.08297013349
16429.3315179	2.08298843467
16429.3315208	2.08300673577
16429.3315237	2.08302503687
16429.3315266	2.08304333791
16429.3315296	2.08306163908
16429.3315325	2.08307994019
16429.3315354	2.08309824129
16429.3315383	2.08311654232
16429.3315412	2.0831348435
16429.3315441	2.0831531446
16429.331547	2.0831714457
16429.3315499	2.08318974673
16429.3315529	2.08320804791
16429.3315558	2.08322634901
16429.3315587	2.08324465012
16429.3315616	2.08326295115
16429.3315645	2.08328125233
16429.3315674	2.08329955343
16429.3315703	2.08331785453
16429.3315732	2.08333615564
16429.3315762	2.08335445667
16429.3315791	2.08337275784
16429.331582	2.08339105895
16429.3315849	2.08340936005
16429.3315878	2.08342766108
16429.3315907	2.08344596226
16429.3315936	2.08346426336
16429.3315965	2.08348256447
16429.3315995	2.0835008655
16429.3316024	2.08351916667
16429.3316053	2.08353746778
16429.3316082	2.08355576888
16429.3316111	2.08357406991
16429.331614	2.08359237109
16429.3316169	2.08361067219
16429.3316199	2.0836289733
16429.3316228	2.08364727433
16429.3316257	2.0836655755
16429.3316286	2.08368387661
16429.3316315	2.08370217771
16429.3316344	2.08372047874
16429.3316373	2.08373877992
16429.3316402	2.08375708102
16429.3316432	2.08377538212
16429.3316461	2.08379368323
16429.331649	2.08381198426
16429.3316519	2.08383028544
16429.3316548	2.08384858654
16429.3316577	2.08386688764
16429.3316606	2.08388518867
16429.3316635	2.08390348985
16429.3316665	2.08392179095
16429.3316694	2.08394009206
16429.3316723	2.08395839309
16429.3316752	2.08397669426
16429.3316781	2.08399499537
16429.331681	2.08401329647
16429.3316839	2.0840315975
16429.3316868	2.08404989868
16429.3316898	2.08406819978
16429.3316927	2.08408650089
16429.3316956	2.08410480192
16429.3316985	2.08412310309
16429.3317014	2.0841414042
16429.3317043	2.0841597053
16429.3317072	2.08417800633
16429.3317101	2.08419630751
16429.3317131	2.08421460861
16429.331716	2.08423290972
16429.3317189	2.08425121082
16429.3317218	2.08426951185
16429.3317247	2.08428781303
16429.3317276	2.08430611413
16429.3317305	2.08432441523
16429.3317334	2.08434271627
16429.3317364	2.08436101744
16429.3317393	2.08437931855
16429.3317422	2.08439761965
16429.3317451	2.08441592068
16429.331748	2.08443422186
16429.3317509	2.08445252296
16429.3317538	2.08447082406
16429.3317567	2.08448912509
16429.3317597	2.08450742627
16429.3317626	2.08452572737
16429.3317655	2.08454402848
16429.3317684	2.08456232951
16429.3317713	2.08458063069
16429.3317742	2.08459893179
16429.3317771	2.08461723289
16429.33178	2.08463553392
16429.331783	2.0846538351
16429.3317859	2.0846721362
16429.3317888	2.08469043731
16429.3317917	2.08470873841
16429.3317946	2.08472703944
16429.3317975	2.08474534062
16429.3318004	2.08476364172
16429.3318034	2.08478194283
16429.3318063	2.08480024386
16429.3318092	2.08481854503
16429.3318121	2.08483684614
16429.331815	2.08485514724
16429.3318179	2.08487344827
16429.3318208	2.08489174945
16429.3318237	2.08491005055
16429.3318267	2.08492835166
16429.3318296	2.08494665269
16429.3318325	2.08496495386
16429.3318354	2.08498325497
16429.3318383	2.08500155607
16429.3318412	2.0850198571
16429.3318441	2.08503815828
16429.331847	2.08505645938
16429.33185	2.08507476048
16429.3318529	2.08509306152
16429.3318558	2.08511136269
16429.3318587	2.0851296638
16429.3318616	2.0851479649
16429.3318645	2.085166266
16429.3318674	2.08518456703
16429.3318703	2.08520286821
16429.3318733	2.08522116931
16429.3318762	2.08523947042
16429.3318791	2.08525777145
16429.331882	2.08527607262
16429.3318849	2.08529437373
16429.3318878	2.08531267483
16429.3318907	2.08533097586
16429.3318936	2.08534927704
16429.3318966	2.08536757814
16429.3318995	2.08538587925
16429.3319024	2.08540418028
16429.3319053	2.08542248145
16429.3319082	2.08544078256
16429.3319111	2.08545908366
16429.331914	2.08547738469
16429.3319169	2.08549568587
16429.3319199	2.08551398697
16429.3319228	2.08553228808
16429.3319257	2.08555058911
16429.3319286	2.08556889028
16429.3319315	2.08558719139
16429.3319344	2.08560549249
16429.3319373	2.08562379359
16429.3319402	2.08564209462
16429.3319432	2.0856603958
16429.3319461	2.0856786969
16429.331949	2.08569699801
16429.3319519	2.08571529904
16429.3319548	2.08573360022
16429.3319577	2.08575190132
16429.3319606	2.08577020242
16429.3319636	2.08578850345
16429.3319665	2.08580680463
16429.3319694	2.08582510573
16429.3319723	2.08584340684
16429.3319752	2.08586170787
16429.3319781	2.08588000905
16429.331981	2.08589831015
16429.3319839	2.08591661125
16429.3319869	2.08593491228
16429.3319898	2.08595321346
16429.3319927	2.08597151456
16429.3319956	2.08598981567
16429.3319985	2.0860081167
16429.3320014	2.08602641787
