2 0
24 1
25 3
26 2
27 0
29 1
30 3
31 2
32 0
33 3
34 1
35 2
36 0
37 3
38 2
39 1
40 0
41 3
42 2
43 1
44 0
45 3
46 2
48 1
49 0
50 3
51 2
52 1
53 0
54 3
55 2
56 1
57 0
59 3
61 2
62 1
63 0
64 3
65 2
66 1
67 0
68 3
69 2
70 1
71 3
72 0
73 2
74 1
75 3
76 0
77 2
78 3
79 1
80 2
81 3
82 1
83 0
84 2
85 3
86 1
87 0
88 2
89 3
90 1
91 2
92 3
93 0
94 1
95 2
96 3
97 0
98 1
100 2
102 3
104 1
105 2
106 0
107 3
108 1
109 2
110 3
111 1
112 2
113 0
114 3
115 1
116 2
117 0
118 3
119 1
120 2
121 0
122 3
123 1
124 2
125 3
126 0
127 2
128 1
129 3
130 0
131 2
132 1
133 3
134 0
135 2
136 1
137 3
138 0
139 2
140 1
141 3
142 0
143 2
144 1
145 3
146 0
147 2
148 1
149 3
150 0
151 2
152 1
153 3
154 0
155 2
156 1
157 3
158 0
159 2
160 1
161 3
162 0
163 2
164 1
165 3
166 0
167 2
168 1
169 3
170 0
171 2
172 1
173 3
174 0
175 2
176 1
177 3
178 0
179 2
180 1
181 3
182 0
183 2
184 1
185 3
186 0
187 2
188 1
189 3
190 0
191 2
192 1
193 3
194 0
195 2
196 1
197 3
198 0
199 2
200 1
201 3
202 0
203 2
204 1
205 3
206 0
207 2
208 1
209 3
210 0
211 2
212 3
213 1
214 0
215 2
216 3
217 1
218 0
219 2
220 3
221 1
222 0
223 2
224 3
225 1
226 0
227 2
228 3
229 1
230 0
231 2
232 3
233 1
234 0
235 2
236 3
237 1
238 0
239 2
240 3
241 1
242 0
243 2
244 3
245 1
246 0
247 2
248 3
249 1
250 0
251 2
252 3
253 1
254 0
255 2
256 3
257 1
258 0
259 2
260 3
261 1
262 0
263 2
264 3
265 1
266 0
267 2
268 3
269 1
270 0
271 2
272 3
273 1
274 0
275 2
276 3
277 1
278 0
279 2
280 3
281 1
282 0
283 2
284 3
285 1
286 0
287 2
288 3
289 1
290 0
291 2
292 3
293 1
294 0
295 2
296 3
297 1
298 0
299 2
300 3
301 1
302 0
303 2
304 3
305 1
306 0
307 2
308 3
309 1
310 0
311 2
312 3
313 1
314 0
315 2
316 3
317 1
318 0
319 2
320 3
321 1
322 0
323 2
324 3
325 1
326 0
327 2
328 3
329 1
330 0
331 2
332 3
333 1
334 0
335 2
336 3
337 1
338 0
339 2
340 3
341 1
342 0
343 2
344 3
345 1
346 0
347 2
348 3
349 1
350 0
351 2
352 3
353 1
354 0
355 2
356 3
357 1
358 0
359 2
360 3
361 1
362 0
363 2
364 3
365 1
366 0
367 2
368 3
369 1
370 0
371 2
372 3
373 1
374 0
375 2
376 3
377 1
378 0
379 2
380 3
381 1
382 0
383 2
384 3
385 1
386 0
387 2
388 3
389 1
390 0
391 2
392 3
393 1
394 0
395 2
396 3
397 1
398 0
399 2
400 3
401 1
402 0
403 2
404 3
405 1
406 0
407 2
408 3
409 1
410 0
411 2
412 3
413 1
414 0
415 2
416 3
417 1
418 0
419 2
420 3
421 1
422 0
423 2
424 3
425 1
426 0
427 2
428 3
429 1
430 0
431 2
432 3
433 1
434 0
435 2
436 3
437 1
438 0
439 2
440 3
441 1
442 0
443 2
444 3
445 1
446 0
447 2
448 3
449 1
450 0
451 2
452 3
453 1
454 0
455 2
456 3
457 1
458 0
459 2
460 3
461 0
462 1
463 2
464 3
465 0
466 1
467 2
468 3
469 0
470 1
471 2
472 3
473 0
474 1
475 2
476 3
477 0
478 1
479 2
480 3
481 0
482 1
483 2
484 3
485 0
486 1
487 2
488 3
489 0
490 1
491 2
492 3
493 0
494 1
495 2
496 3
497 0
498 1
499 2
500 3
501 0
502 1
503 2
504 3
505 0
506 1
507 2
508 3
509 0
510 1
511 2
512 3
513 0
514 1
515 2
516 3
517 0
518 1
519 2
520 3
521 0
522 1
523 2
524 3
525 0
526 1
527 2
528 3
529 0
530 1
531 2
532 3
533 0
534 1
535 2
536 3
537 0
538 1
539 2
540 3
541 0
542 1
543 2
544 3
545 0
546 1
547 2
548 3
549 0
550 1
551 2
552 3
553 0
554 1
555 2
556 3
557 0
558 1
559 2
560 3
561 0
562 1
563 2
564 3
565 0
566 1
567 2
568 3
569 0
570 1
571 2
572 3
573 0
574 1
575 2
576 3
577 0
578 1
579 2
580 3
581 0
582 1
583 2
584 3
585 0
586 1
587 2
588 3
589 0
590 1
591 2
592 3
593 0
594 1
595 2
596 3
597 0
598 1
599 2
600 3
601 0
602 1
603 2
604 3
605 0
606 1
607 2
608 3
609 0
610 1
611 2
612 3
613 0
614 1
615 2
616 3
617 0
618 1
619 2
620 3
621 0
622 1
623 2
624 3
625 0
626 1
627 2
628 3
629 0
630 1
631 2
632 3
633 0
634 1
635 2
636 3
637 0
638 1
639 2
640 3
641 0
642 1
643 2
644 3
645 0
646 1
647 2
648 3
649 0
650 1
651 2
652 3
653 0
654 1
655 2
656 3
657 0
658 1
659 2
660 3
661 0
662 1
663 2
664 3
665 0
666 1
667 2
668 3
669 0
670 1
671 2
672 3
673 0
674 1
675 2
676 3
677 0
678 1
679 2
680 3
681 0
682 1
683 2
684 3
685 0
686 1
687 2
688 3
689 0
690 1
691 2
692 3
693 0
694 1
695 2
696 3
697 0
698 1
699 2
700 3
701 0
702 1
703 2
704 3
705 0
706 1
707 2
708 3
709 0
710 1
711 2
712 3
713 0
714 1
715 2
716 3
717 0
718 1
719 2
720 3
721 0
722 1
723 2
724 3
725 0
726 1
727 2
728 3
729 0
730 1
731 2
732 3
733 0
734 1
735 2
736 3
737 0
738 1
739 2
740 3
741 0
742 1
743 2
744 3
745 0
746 1
747 2
748 3
749 0
750 1
751 2
752 3
753 0
754 1
755 2
756 3
757 0
758 1
759 2
760 3
761 0
762 1
763 2
764 3
765 0
766 1
767 2
768 3
769 0
770 1
771 2
772 3
773 0
774 1
775 2
776 3
777 0
778 1
779 2
780 3
781 0
782 1
783 2
784 3
785 0
786 1
787 2
788 3
789 0
790 1
791 2
792 3
793 0
794 1
795 2
796 3
797 0
798 1
799 2
800 3
801 0
802 1
803 2
804 3
805 0
806 1
807 2
808 3
809 0
810 1
811 2
812 3
813 0
814 1
815 2
816 3
817 0
818 1
819 2
820 3
821 0
822 1
823 2
824 3
825 0
826 1
827 2
828 3
829 0
830 1
831 2
832 3
833 0
834 1
835 2
836 3
837 0
838 1
839 2
840 3
841 0
842 1
843 2
844 3
845 0
846 1
847 2
848 3
849 0
850 1
851 2
852 3
853 0
854 1
855 2
856 3
857 0
858 1
859 2
860 3
861 0
862 1
863 2
864 3
865 0
866 1
867 2
868 3
869 0
870 1
871 2
872 3
873 0
874 1
875 2
876 3
877 0
878 2
879 1
880 3
881 0
882 2
883 1
884 3
885 0
886 2
887 1
888 3
889 0
890 2
891 1
892 3
893 0
894 2
895 1
896 3
897 0
898 2
899 1
900 3
901 0
902 2
903 1
904 3
905 0
906 2
907 1
908 3
909 0
910 2
911 1
912 3
913 0
914 2
915 1
916 3
917 0
918 2
919 1
920 3
921 0
922 2
923 1
924 3
925 0
926 2
927 1
928 3
929 0
930 2
931 1
932 3
933 0
934 2
935 1
936 3
937 0
938 2
939 1
940 3
941 0
942 2
943 1
944 3
945 0
946 2
947 1
948 3
949 0
950 2
951 1
952 3
953 0
954 2
955 1
956 3
957 0
958 2
959 1
960 3
961 0
962 2
963 3
964 1
965 0
966 2
967 3
968 1
969 0
970 2
971 3
972 1
973 0
974 2
975 3
976 1
977 0
978 2
979 3
980 1
981 0
982 2
983 3
984 1
985 0
986 2
987 3
988 1
989 0
990 2
991 3
992 1
993 0
994 2
995 3
996 1
997 0
998 2
999 3
1000 1
1001 0
1002 2
1003 3
1004 1
1005 0
1006 2
1007 3
1008 1
1009 0
1010 2
1011 3
1012 1
1013 0
1014 2
1015 3
1016 1
1017 0
1018 2
1019 3
1020 1
1021 0
1022 2
1023 3
1024 1
1025 0
1026 2
1027 3
1028 1
1029 0
1030 2
1031 3
1032 1
1033 0
1034 2
1035 3
1036 1
1037 0
1038 2
1039 3
1040 1
1041 0
1042 2
1043 3
1044 1
1045 0
1046 2
1047 3
1048 1
1049 0
1050 2
1051 3
1052 1
1053 0
1054 2
1055 3
1056 1
1057 0
1058 2
1059 3
1060 1
1061 0
1062 2
1063 3
1064 1
1065 0
1066 2
1067 3
1068 1
1069 0
1070 2
1071 3
1072 1
1073 0
1074 2
1075 3
1076 1
1077 0
1078 2
1079 3
1080 1
1081 0
1082 2
1083 3
1084 1
1085 0
1086 2
1087 3
1088 1
1089 0
1090 2
1091 3
1092 1
1093 0
1094 2
1095 3
1096 1
1097 0
1098 2
1099 3
1100 1
1101 0
1102 2
1103 3
1104 1
1105 0
1106 2
1107 3
1108 1
1109 0
1110 2
1111 3
1112 1
1113 0
1114 2
1115 3
1116 1
1117 0
1118 2
1119 3
1120 1
1121 0
1122 2
1123 3
1124 1
1125 0
1126 2
1127 3
1128 1
1129 0
1130 2
1131 3
1132 1
1133 0
1134 2
1135 3
1136 1
1137 0
1138 2
1139 3
1140 1
1141 0
1142 2
1143 3
1144 1
1145 0
1146 2
1147 3
1148 1
1149 0
1150 2
1151 3
1152 1
1153 0
1154 2
1155 3
1156 1
1157 0
1158 2
1159 3
1160 1
1161 0
1162 2
1163 3
1164 1
1165 0
1166 2
1167 3
1168 1
1169 0
1170 2
1171 3
1172 1
1173 0
1174 2
1175 3
1176 1
1177 0
1178 2
1179 3
1180 1
1181 0
1182 2
1183 3
1184 1
1185 0
1186 2
1187 3
1188 1
1189 0
1190 2
1191 3
1192 1
1193 0
1194 2
1195 3
1196 1
1197 0
1198 2
1199 3
1200 1
1201 0
1202 2
1203 3
1204 1
1205 0
1206 2
1207 3
1208 1
1209 0
1210 2
1211 3
1212 1
1213 0
1214 2
1215 3
1216 1
1217 0
1218 2
1219 3
1220 1
1221 0
1222 2
1223 3
1224 1
1225 0
1226 2
1227 3
1228 1
1229 0
1230 2
1231 3
1232 1
1233 0
1234 2
1235 3
1236 1
1237 0
1238 2
1239 3
1240 1
1241 0
1242 2
1243 3
1244 1
1245 0
1246 2
1247 3
1248 1
1249 0
1250 2
1251 3
1252 1
1253 0
1254 2
1255 3
1256 1
1257 0
1258 2
1259 3
1260 1
1261 0
1262 2
1263 3
1264 1
1265 0
1266 2
1267 3
1268 1
1269 0
1270 2
1271 3
1272 1
1273 0
1274 2
1275 3
1276 1
1277 0
1278 2
1279 3
1280 1
1281 0
1282 2
1283 3
1284 1
1285 0
1286 2
1287 3
1288 1
1289 0
1290 2
1291 3
1292 1
1293 0
1294 2
1295 3
1296 1
1297 0
1298 2
1299 3
1300 1
1301 0
1302 2
1303 3
1304 1
1305 0
1306 2
1307 3
1308 1
1309 0
1310 2
1311 3
1312 1
1313 0
1314 2
1315 3
1316 1
1317 0
1318 2
1319 3
1320 1
1321 0
1322 2
1323 3
1324 1
1325 0
1326 2
1327 3
1328 1
1329 0
1330 2
1331 3
1332 1
1333 0
1334 2
1335 3
1336 1
1337 0
1338 2
1339 3
1340 1
1341 0
1342 2
1343 3
1344 1
1345 0
1346 2
1347 3
1348 1
1349 0
1350 2
1351 3
1352 1
1353 0
1354 2
1355 3
1356 1
1357 0
1358 2
1359 3
1360 1
1361 0
1362 2
1363 3
1364 1
1365 0
1366 2
1367 3
1368 1
1369 0
1370 2
1371 3
1372 1
1373 0
1374 2
1375 3
1376 1
1377 0
1378 2
1379 3
1380 1
1381 0
1382 2
1383 3
1384 1
1385 0
1386 2
1387 3
1388 1
1389 0
1390 2
1391 3
1392 1
1393 0
1394 2
1395 3
1396 1
1397 0
1398 2
1399 3
1400 1
1401 0
1402 2
1403 3
1404 1
1405 0
1406 2
1407 3
1408 1
1409 0
1410 2
1411 3
1412 1
1413 0
1414 2
1415 3
1416 1
1417 0
1418 2
1419 3
1420 1
1421 0
1422 2
1423 3
1424 1
1425 0
1426 2
1427 3
1428 1
1429 0
1430 2
1431 3
1432 1
1433 0
1434 2
1435 3
1436 1
1437 0
1438 2
1439 3
1440 1
1441 0
1442 2
1443 3
1444 1
1445 0
1446 2
1447 3
1448 1
1449 0
1450 2
1451 3
1452 1
1453 0
1454 2
1455 3
1456 1
1457 0
1458 2
1459 3
1460 1
1461 0
1462 2
1463 3
1464 1
1465 0
1466 2
1467 3
1468 1
1469 0
1470 2
1471 3
1472 1
1473 0
1474 2
1475 3
1476 1
1477 0
1478 2
1479 3
1480 1
1481 0
1482 2
1483 3
1484 1
1485 0
1486 2
1487 3
1488 1
1489 0
1490 2
1491 3
1492 1
1493 0
1494 2
1495 3
1496 1
1497 0
1498 2
1499 3
1500 1
1501 0
1502 2
1503 3
1504 1
1505 0
1506 2
1507 3
1508 1
1509 0
1510 2
1511 3
1512 1
1513 0
1514 2
1515 3
1516 1
1517 0
1518 2
1519 3
1520 1
1521 0
1522 2
1523 3
1524 1
1525 0
1526 2
1527 3
1528 1
1529 0
1530 2
1531 3
1532 1
1533 0
1534 2
1535 3
1536 1
1537 0
1538 2
1539 3
1540 1
1541 0
1542 2
1543 3
1544 1
1545 0
1546 2
1547 3
1548 1
1549 0
1550 2
1551 3
1552 1
1553 0
1554 2
1555 3
1556 1
1557 0
1558 2
1559 3
1560 1
1561 0
1562 2
1563 3
1564 1
1565 0
1566 2
1567 3
1568 1
1569 0
1570 2
1571 3
1572 1
1573 0
1574 2
1575 3
1576 1
1577 0
1578 2
1579 3
1580 1
1581 0
1582 2
1583 3
1584 1
1585 0
1586 2
1587 3
1588 1
1589 0
1590 2
1591 3
1592 1
1593 0
1594 2
1595 3
1596 1
1597 0
1598 2
1599 3
1600 1
1601 0
1602 2
1603 3
1604 1
1605 0
1606 2
1607 3
1608 1
1609 0
1610 2
1611 3
1612 1
1613 0
1614 2
1615 3
1616 1
1617 0
1618 2
1619 3
1620 1
1621 0
1622 2
1623 3
1624 1
1625 0
1626 2
1627 3
1628 1
1629 0
1630 2
1631 3
1632 1
1633 0
1634 2
1635 3
1636 1
1637 0
1638 2
1639 3
1640 1
1641 0
1642 2
1643 3
1644 0
1645 1
1646 2
1647 3
1648 0
1649 1
1650 2
1651 3
1652 0
1653 1
1654 2
1655 3
1656 0
1657 1
1658 2
1659 3
1660 0
1661 1
1662 2
1663 3
1664 0
1665 1
1666 2
1667 3
1668 0
1669 1
1670 2
1671 3
1672 0
1673 1
1674 2
1675 3
1676 0
1677 1
1678 2
1679 3
1680 0
1681 1
1682 2
1683 3
1684 0
1685 1
1686 2
1687 3
1688 0
1689 1
1690 2
1691 3
1692 0
1693 1
1694 2
1695 3
1696 0
1697 1
1698 2
1699 3
1700 0
1701 1
1702 2
1703 3
1704 0
1705 1
1706 2
1707 3
1708 0
1709 1
1710 2
1711 3
1712 0
1713 1
1714 2
1715 3
1716 0
1717 1
1718 2
1719 3
1720 0
1721 1
1722 2
1723 3
1724 0
1725 1
1726 2
1727 3
1728 0
1729 1
1730 2
1731 3
1732 0
1733 1
1734 2
1735 3
1736 0
1737 1
1738 2
1739 3
1740 0
1741 1
1742 2
1743 3
1744 0
1745 1
1746 2
1747 3
1748 0
1749 1
1750 2
1751 3
1752 0
1753 2
1754 1
1755 3
1756 0
1757 2
1758 1
1759 3
1760 0
1761 2
1762 1
1763 3
1764 0
1765 2
1766 1
1767 3
1768 0
1769 2
1770 1
1771 3
1772 0
1773 2
1774 1
1775 3
1776 0
1777 2
1778 1
1779 3
1780 0
1781 2
1782 1
1783 3
1784 0
1785 2
1786 1
1787 3
1788 0
1789 2
1790 1
1791 3
1792 0
1793 2
1794 1
1795 3
1796 0
1797 2
1798 1
1799 3
1800 0
1801 2
1802 1
1803 3
1804 0
1805 2
1806 1
1807 3
1808 0
1809 2
1810 1
1811 3
1812 0
1813 2
1814 1
1815 3
1816 0
1817 2
1818 1
1819 3
1820 0
1821 2
1822 1
1823 3
1824 0
1825 2
1826 1
1827 3
1828 0
1829 2
1830 1
1831 3
1832 0
1833 2
1834 3
1835 1
1836 0
1837 2
1838 3
1839 1
1840 0
1841 2
1842 3
1843 1
1844 0
1845 2
1846 3
1847 1
1848 0
1849 2
1850 3
1851 1
1852 0
1853 2
1854 3
1855 1
1856 0
1857 2
1858 3
1859 1
1860 0
1861 2
1862 3
1863 1
1864 0
1865 2
1866 3
1867 1
1868 0
1869 2
1870 3
1871 1
1872 0
1873 2
1874 3
1875 1
1876 0
1877 2
1878 3
1879 1
1880 0
1881 2
1882 3
1883 0
1884 1
1885 2
1886 3
1887 0
1888 1
1889 2
1890 3
1891 0
1892 1
1893 2
1894 3
1895 0
1896 1
1897 2
1898 3
1899 0
1900 1
1901 2
1902 3
1903 0
1904 1
1905 2
1906 3
1907 0
1908 1
1909 2
1910 3
1911 0
1912 1
1913 2
1914 3
1915 0
1916 1
1917 2
1918 3
1919 0
1920 1
1921 2
1922 3
1923 0
1924 1
1925 2
1926 3
1927 0
1928 1
1929 2
1930 3
1931 0
1932 1
1933 2
1934 3
1935 0
1936 1
1937 2
1938 3
1939 0
1940 1
1941 2
1942 3
1943 0
1944 1
1945 2
1946 3
1947 0
1948 1
1949 2
1950 3
1951 0
1952 1
1953 2
1954 3
1955 0
1956 1
1957 2
1958 3
1959 0
1960 1
1961 2
1962 3
1963 0
1964 1
1965 2
1966 3
1967 0
1968 1
1969 2
1970 3
1971 0
1972 1
1973 2
1974 3
1975 0
1976 1
1977 2
1978 3
1979 0
1980 1
1981 2
1982 3
1983 0
1984 1
1985 2
1986 3
1987 0
1988 1
1989 2
1990 3
1991 0
1992 1
1993 2
1994 3
1995 0
1996 1
1997 2
1998 3
1999 0
2000 1
2001 2
2002 3
2003 0
2004 1
2005 2
2006 3
2007 0
2008 1
2009 2
2010 3
2011 0
2012 1
2013 2
2014 3
2015 0
2016 1
2017 2
2018 3
2019 0
2020 1
2021 2
2022 3
2023 0
2024 1
2025 2
2026 3
2027 0
2028 1
2029 2
2030 3
2031 0
2032 1
2033 2
2034 3
2035 0
2036 1
2037 2
2038 3
2039 0
2040 1
2041 2
2042 3
2043 0
2044 1
2045 2
2046 3
2047 0
2048 1
2049 2
2050 3
2051 0
2052 2
2053 1
2054 3
2055 0
2056 2
2057 1
2058 3
2059 0
2060 2
2061 1
2062 3
2063 0
2064 2
2065 1
2066 3
2067 0
2068 2
2069 1
2070 3
2071 0
2072 2
2073 1
2074 3
2075 0
2076 2
2077 1
2078 3
2079 0
2080 2
2081 1
2082 3
2083 0
2084 2
2085 1
2086 3
2087 0
2088 2
2089 3
2090 1
2091 0
2092 2
2093 3
2094 1
2095 0
2096 2
2097 3
2098 1
2099 0
2100 2
2101 3
2102 1
2103 0
2104 2
2105 3
2106 1
2107 0
2108 2
2109 3
2110 1
2111 0
2112 2
2113 3
2114 1
2115 0
2116 2
2117 3
2118 1
2119 0
2120 2
2121 3
2122 1
2123 0
2124 2
2125 3
2126 1
2127 0
2128 2
2129 3
2130 1
2131 0
2132 2
2133 3
2134 1
2135 0
2136 2
2137 3
2138 1
2139 0
2140 2
2141 3
2142 1
2143 0
2144 2
2145 3
2146 1
2147 0
2148 2
2149 3
2150 1
2151 0
2152 2
2153 3
2154 1
2155 0
2156 2
2157 3
2158 1
2159 0
2160 2
2161 3
2162 1
2163 0
2164 2
2165 3
2166 1
2167 0
2168 2
2169 3
2170 1
2171 0
2172 2
2173 3
2174 0
2175 1
2176 2
2177 3
2178 0
2179 1
2180 2
2181 3
2182 0
2183 1
2184 2
2185 3
2186 0
2187 1
2188 2
2189 3
2190 0
2191 1
2192 2
2193 3
2194 0
2195 1
2196 2
2197 3
2198 0
2199 1
2200 2
2201 3
2202 0
2203 1
2204 2
2205 3
2206 0
2207 1
2208 2
2209 3
2210 0
2211 1
2212 2
2213 3
2214 0
2215 1
2216 2
2217 3
2218 0
2219 1
2220 2
2221 3
2222 0
2223 1
2224 2
2225 3
2226 0
2227 1
2228 2
2229 3
2230 0
2231 1
2232 2
2233 3
2234 0
2235 1
2236 2
2237 3
2238 0
2239 1
2240 2
2241 3
2242 0
2243 1
2244 2
2245 3
2246 0
2247 1
2248 2
2249 3
2250 0
2251 1
2252 2
2253 3
2254 0
2255 2
2256 1
2257 3
2258 0
2259 2
2260 1
2261 3
2262 0
2263 2
2264 1
2265 3
2266 0
2267 2
2268 1
2269 3
2270 0
2271 2
2272 1
2273 3
2274 0
2275 2
2276 1
2277 3
2278 0
2279 2
2280 1
2281 3
2282 0
2283 2
2284 1
2285 3
2286 0
2287 2
2288 1
2289 3
2290 0
2291 2
2292 1
2293 3
2294 0
2295 2
2296 1
2297 3
2298 0
2299 2
2300 1
2301 3
2302 0
2303 2
2304 1
2305 3
2306 0
2307 2
2308 1
2309 3
2310 0
2311 2
2312 1
2313 3
2314 0
2315 2
2316 1
2317 3
2318 0
2319 2
2320 1
2321 3
2322 0
2323 2
2324 1
2325 3
2326 0
2327 2
2328 1
2329 3
2330 0
2331 2
2332 1
2333 3
2334 0
2335 2
2336 1
2337 3
2338 0
2339 2
2340 1
2341 3
2342 0
2343 2
2344 1
2345 3
2346 0
2347 2
2348 1
2349 3
2350 0
2351 2
2352 1
2353 3
2354 0
2355 2
2356 1
2357 3
2358 0
2359 2
2360 1
2361 3
2362 0
2363 2
2364 1
2365 3
2366 0
2367 2
2368 1
2369 3
2370 0
2371 2
2372 1
2373 3
2374 0
2375 2
2376 1
2377 3
2378 0
2379 2
2380 1
2381 3
2382 0
2383 2
2384 3
2385 1
2386 0
2387 2
2388 3
2389 1
2390 0
2391 2
2392 3
2393 1
2394 0
2395 2
2396 3
2397 1
2398 0
2399 2
2400 3
2401 1
2402 0
2403 2
2404 3
2405 1
2406 0
2407 2
2408 3
2409 1
2410 0
2411 2
2412 3
2413 1
2414 0
2415 2
2416 3
2417 1
2418 0
2419 2
2420 3
2421 1
2422 0
2423 2
2424 3
2425 1
2426 0
2427 2
2428 3
2429 1
2430 0
2431 2
2432 3
2433 1
2434 0
2435 2
2436 3
2437 1
2438 0
2439 2
2440 3
2441 1
2442 0
2443 2
2444 3
2445 1
2446 0
2447 2
2448 3
2449 1
2450 0
2451 2
2452 3
2453 1
2454 0
2455 2
2456 3
2457 1
2458 0
2459 2
2460 3
2461 1
2462 0
2463 2
2464 3
2465 1
2466 0
2467 2
2468 3
2469 1
2470 0
2471 2
2472 3
2473 1
2474 0
2475 2
2476 3
2477 1
2478 0
2479 2
2480 3
2481 1
2482 0
2483 2
2484 3
2485 1
2486 0
2487 2
2488 3
2489 1
2490 0
2491 2
2492 3
2493 1
2494 0
2495 2
2496 3
2497 1
2498 0
2499 2
2500 3
2501 1
2502 0
2503 2
2504 3
2505 1
2506 0
2507 2
2508 3
2509 1
2510 0
2511 2
2512 3
2513 1
2514 0
2515 2
2516 3
2517 1
2518 0
2519 2
2520 3
2521 1
2522 0
2523 2
2524 3
2525 1
2526 0
2527 2
2528 3
2529 1
2530 0
2531 2
2532 3
2533 1
2534 0
2535 2
2536 3
2537 1
2538 0
2539 2
2540 3
2541 1
2542 0
2543 2
2544 3
2545 1
2546 0
2547 2
2548 3
2549 1
2550 0
2551 2
2552 3
2553 0
2554 1
2555 2
2556 3
2557 0
2558 1
2559 2
2560 3
2561 0
2562 1
2563 2
2564 3
2565 0
2566 1
2567 2
2568 3
2569 0
2570 1
2571 2
2572 3
2573 0
2574 1
2575 2
2576 3
2577 0
2578 1
2579 2
2580 3
2581 0
2582 1
2583 2
2584 3
2585 0
2586 1
2587 2
2588 3
2589 0
2590 1
2591 2
2592 3
2593 0
2594 1
2595 2
2596 3
2597 0
2598 1
2599 2
2600 3
2601 0
2602 1
2603 2
2604 3
2605 0
2606 1
2607 2
2608 3
2609 0
2610 1
2611 2
2612 3
2613 0
2614 1
2615 2
2616 3
2617 0
2618 1
2619 2
2620 3
2621 0
2622 1
2623 2
2624 3
2625 0
2626 1
2627 2
2628 3
2629 0
2630 1
2631 2
2632 3
2633 0
2634 2
2635 1
2636 3
2637 0
2638 2
2639 1
2640 3
2641 0
2642 2
2643 1
2644 3
2645 0
2646 2
2647 1
2648 3
2649 0
2650 2
2651 1
2652 3
2653 0
2654 2
2655 1
2656 3
2657 0
2658 2
2659 1
2660 3
2661 0
2662 2
2663 1
2664 3
2665 0
2666 2
2667 1
2668 3
2669 0
2670 2
2671 1
2672 3
2673 0
2674 2
2675 1
2676 3
2677 0
2678 2
2679 1
2680 3
2681 0
2682 2
2683 1
2684 3
2685 0
2686 2
2687 1
2688 3
2689 0
2690 2
2691 1
2692 3
2693 0
2694 2
2695 1
2696 3
2697 0
2698 2
2699 1
2700 3
2701 0
2702 2
2703 1
2704 3
2705 0
2706 2
2707 1
2708 3
2709 0
2710 2
2711 3
2712 1
2713 0
2714 2
2715 3
2716 1
2717 0
2718 2
2719 3
2720 1
2721 0
2722 2
2723 3
2724 1
2725 0
2726 2
2727 3
2728 1
2729 0
2730 2
2731 3
2732 1
2733 0
2734 2
2735 3
2736 1
2737 0
2738 2
2739 3
2740 1
2741 0
2742 2
2743 3
2744 1
2745 0
2746 2
2747 3
2748 1
2749 0
2750 2
2751 3
2752 0
2753 1
2754 2
2755 3
2756 0
2757 1
2758 2
2759 3
2760 0
2761 1
2762 2
2763 3
2764 0
2765 1
2766 2
2767 3
2768 0
2769 1
2770 2
2771 3
2772 0
2773 1
2774 2
2775 3
2776 0
2777 1
2778 2
2779 3
2780 0
2781 1
2782 2
2783 3
2784 0
2785 1
2786 2
2787 3
2788 0
2789 1
2790 2
2791 3
2792 0
2793 2
2794 1
2795 3
2796 0
2797 2
2798 1
2799 3
2800 0
2801 2
2802 1
2803 3
2804 0
2805 2
2806 1
2807 3
2808 0
2809 2
2810 1
2811 3
2812 0
2813 2
2814 3
2815 1
2816 0
2817 2
2818 3
2819 1
2820 0
2821 2
2822 3
2823 1
2824 0
2825 2
2826 3
2827 1
2828 0
2829 2
2830 3
2831 0
2832 1
2833 2
2834 3
2835 0
2836 1
2837 2
2838 3
2839 0
2840 1
2841 2
2842 3
2843 0
2844 1
2845 2
2846 3
2847 0
2848 1
2849 2
2850 3
2851 0
2852 1
2853 2
2854 3
2855 0
2856 1
2857 2
2858 3
2859 0
2860 1
2861 2
2862 3
2863 0
2864 1
2865 2
2866 3
2867 0
2868 1
2869 2
2870 3
2871 0
2872 1
2873 2
2874 3
2875 0
2876 1
2877 2
2878 3
2879 0
2880 1
2881 2
2882 3
2883 0
2884 1
2885 2
2886 3
2887 0
2888 1
2889 2
2890 3
2891 0
2892 2
2893 1
2894 3
2895 0
2896 2
2897 1
2898 3
2899 0
2900 2
2901 1
2902 3
2903 0
2904 2
2905 1
2906 3
2907 0
2908 2
2909 1
2910 3
2911 0
2912 2
2913 3
2914 1
2915 0
2916 2
2917 3
2918 1
2919 0
2920 2
2921 3
2922 1
2923 0
2924 2
2925 3
2926 1
2927 0
2928 2
2929 3
2930 1
2931 0
2932 2
2933 3
2934 1
2935 0
2936 2
2937 3
2938 1
2939 0
2940 2
2941 3
2942 1
2943 0
2944 2
2945 3
2946 1
2947 0
2948 2
2949 3
2950 1
2951 0
2952 2
2953 3
2954 1
2955 0
2956 2
2957 3
2958 1
2959 0
2960 2
2961 3
2962 1
2963 0
2964 2
2965 3
2966 1
2967 0
2968 2
2969 3
2970 1
2971 0
2972 2
2973 3
2974 1
2975 0
2976 2
2977 3
2978 1
2979 0
2980 2
2981 3
2982 1
2983 0
2984 2
2985 3
2986 1
2987 0
2988 2
2989 3
2990 1
2991 0
2992 2
2993 3
2994 1
2995 0
2996 2
2997 3
2998 1
2999 0
3000 2
3001 3
3002 1
3003 0
3004 2
3005 3
3006 1
3007 0
3008 2
3009 3
3010 1
3011 0
3012 2
3013 3
3014 1
3015 0
3016 2
3017 3
3018 1
3019 0
3020 2
3021 3
3022 1
3023 0
3024 2
3025 3
3026 1
3027 0
3028 2
3029 3
3030 1
3031 0
3032 2
3033 3
3034 1
3035 0
3036 2
3037 3
3038 0
3039 1
3040 2
3041 3
3042 0
3043 1
3044 2
3045 3
3046 0
3047 1
3048 2
3049 3
3050 0
3051 1
3052 2
3053 3
3054 0
3055 1
3056 2
3057 3
3058 0
3059 1
3060 2
3061 3
3062 0
3063 1
3064 2
3065 3
3066 0
3067 1
3068 2
3069 3
3070 0
3071 1
3072 2
3073 3
3074 0
3075 1
3076 2
3077 3
3078 0
3079 1
3080 2
3081 3
3082 0
3083 1
3084 2
3085 3
3086 0
3087 1
3088 2
3089 3
3090 0
3091 1
3092 2
3093 3
3094 0
3095 1
3096 2
3097 3
3098 0
3099 1
3100 2
3101 3
3102 0
3103 1
3104 2
3105 3
3106 0
3107 1
3108 2
3109 3
3110 0
3111 1
3112 2
3113 3
3114 0
3115 1
3116 2
3117 3
3118 0
3119 1
3120 2
3121 3
3122 0
3123 1
3124 2
3125 3
3126 0
3127 1
3128 2
3129 3
3130 0
3131 1
3132 2
3133 3
3134 0
3135 1
3136 2
3137 3
3138 0
3139 1
3140 2
3141 3
3142 0
3143 1
3144 2
3145 3
3146 0
3147 1
3148 2
3149 3
3150 0
3151 1
3152 2
3153 3
3154 0
3155 1
3156 2
3157 3
3158 0
3159 1
3160 2
3161 3
3162 0
3163 1
3164 2
3165 3
3166 0
3167 1
3168 2
3169 3
3170 0
3171 1
3172 2
3173 3
3174 0
3175 1
3176 2
3177 3
3178 0
3179 1
3180 2
3181 3
3182 0
3183 1
3184 2
3185 3
3186 0
3187 1
3188 2
3189 3
3190 0
3191 1
3192 2
3193 3
3194 0
3195 1
3196 2
3197 3
3198 0
3199 1
3200 2
3201 3
3202 0
3203 1
3204 2
3205 3
3206 0
3207 1
3208 2
3209 3
3210 0
3211 1
3212 2
3213 3
3214 0
3215 1
3216 2
3217 3
3218 0
3219 1
3220 2
3221 3
3222 0
3223 1
3224 2
3225 3
3226 0
3227 1
3228 2
3229 3
3230 0
3231 1
3232 2
3233 3
3234 0
3235 1
3236 2
3237 3
3238 0
3239 1
3240 2
3241 3
3242 0
3243 1
3244 2
3245 3
3246 0
3247 1
3248 2
3249 3
3250 0
3251 1
3252 2
3253 3
3254 0
3255 1
3256 2
3257 3
3258 0
3259 1
3260 2
3261 3
3262 0
3263 1
3264 2
3265 3
3266 0
3267 1
3268 2
3269 3
3270 0
3271 1
3272 2
3273 3
3274 0
3275 1
3276 2
3277 3
3278 0
3279 1
3280 2
3281 3
3282 0
3283 1
3284 2
3285 3
3286 0
3287 1
3288 2
3289 3
3290 0
3291 1
3292 2
3293 3
3294 0
3295 1
3296 2
3297 3
3298 0
3299 1
3300 2
3301 3
3302 0
3303 1
3304 2
3305 3
3306 0
3307 1
3308 2
3309 3
3310 0
3311 1
3312 2
3313 3
3314 0
3315 1
3316 2
3317 3
3318 0
3319 1
3320 2
3321 3
3322 0
3323 1
3324 2
3325 3
3326 0
3327 1
3328 2
3329 3
3330 0
3331 1
3332 2
3333 3
3334 0
3335 1
3336 2
3337 3
3338 0
3339 1
3340 2
3341 3
3342 0
3343 1
3344 2
3345 3
3346 0
3347 1
3348 2
3349 3
3350 0
3351 1
3352 2
3353 3
3354 0
3355 1
3356 2
3357 3
3358 0
3359 1
3360 2
3361 3
3362 0
3363 1
3364 2
3365 3
3366 0
3367 1
3368 2
3369 3
3370 0
3371 1
3372 2
3373 3
3374 0
3375 1
3376 2
3377 3
3378 0
3379 1
3380 2
3381 3
3382 0
3383 1
3384 2
3385 3
3386 0
3387 1
3388 2
3389 3
3390 0
3391 1
3392 2
3393 3
3394 0
3395 1
3396 2
3397 3
3398 0
3399 1
3400 2
3401 3
3402 0
3403 1
3404 2
3405 3
3406 0
3407 1
3408 2
3409 3
3410 0
3411 1
3412 2
3413 3
3414 0
3415 1
3416 2
3417 3
3418 0
3419 1
3420 2
3421 3
3422 0
3423 1
3424 2
3425 3
3426 0
3427 1
3428 2
3429 3
3430 0
3431 1
3432 3
3433 2
3434 0
3435 3
3436 1
3437 2
3438 0
3439 3
3440 1
3441 2
3442 0
3443 3
3444 1
3445 2
3446 0
3447 3
3448 1
3449 2
3450 0
3451 3
3452 1
3453 2
3454 0
3455 3
3456 1
3457 2
3458 0
3459 3
3460 1
3461 2
3462 0
3463 3
3464 1
3465 2
3466 0
3467 3
3468 1
3469 2
3470 0
3471 3
3472 1
3473 2
3474 0
3475 3
3476 1
3477 2
3478 0
3479 3
3480 1
3481 2
3482 0
3483 3
3484 1
3485 2
3486 0
3487 3
3488 1
3489 2
3490 0
3491 3
3492 1
3493 2
3494 0
3495 3
3496 1
3497 2
3498 0
3499 3
3500 1
3501 2
3502 0
3503 3
3504 1
3505 2
3506 0
3507 3
3508 1
3509 2
3510 0
3511 3
3512 1
3513 2
3514 0
3515 3
3516 1
3517 2
3518 0
3519 3
3520 1
3521 2
3522 0
3523 3
3524 1
3525 2
3526 0
3527 3
3528 1
3529 2
3530 0
3531 3
3532 1
3533 2
3534 0
3535 3
3536 1
3537 2
3538 0
3539 3
3540 1
3541 2
3542 0
3543 3
3544 1
3545 2
3546 0
3547 3
3548 1
3549 2
3550 0
3551 3
3552 1
3553 2
3555 0
3556 3
3557 1
3558 2
3559 0
3561 3
3562 1
3563 2
3565 0
3567 3
3568 1
3569 2
3571 0
3573 3
3575 1
3577 2
3579 0
3581 3
3583 1
3585 2
3587 0
3589 3
3591 1
3593 2
3595 0
3597 3
3599 1
3601 2
3603 0
3605 3
3607 1
3609 2
3611 0
3613 3
3615 1
3617 2
3619 0
3621 3
3623 1
3625 2
3627 0
3629 3
3631 1
3633 2
3635 0
3637 3
3639 1
3641 2
3643 0
3645 3
3647 1
3649 2
3651 0
3653 3
3655 1
3657 2
3659 0
3661 3
3663 1
3665 2
3667 0
3669 3
3671 1
3673 2
3675 0
3677 3
3679 1
3681 2
3683 0
3685 3
3687 1
3689 2
3691 0
3693 3
3695 1
3697 2
3699 0
3701 3
3703 1
3705 2
3707 0
3709 3
3711 1
3713 2
3715 0
3717 3
3719 1
3721 2
3723 0
3725 3
3727 1
3729 2
3731 0
3733 3
3735 1
3737 2
3739 0
3741 3
3743 1
3745 2
3747 0
3749 3
3751 1
3753 2
3755 0
3757 3
3759 1
3761 2
3763 0
3765 3
3767 1
3769 2
3771 0
3773 3
3775 1
3777 2
3779 0
3781 3
3783 2
3785 1
3787 0
3789 3
3791 2
3793 0
3795 1
3797 3
3799 2
3801 0
3803 1
3805 3
3807 2
3809 0
3811 1
3813 3
3815 2
3817 0
3819 1
3821 3
3823 2
3825 0
3827 1
3829 3
3831 2
3833 0
3835 1
3837 3
3839 2
3841 0
3843 1
3845 3
3847 2
3849 0
3851 1
3853 3
3855 2
3857 0
3859 1
3861 3
3863 2
3865 0
3867 1
3869 3
3871 2
3873 0
3875 1
3877 3
3879 2
3881 0
3883 1
3885 3
3887 2
3889 0
3891 1
3893 3
3895 2
3897 0
3899 1
3901 3
3903 2
3905 0
3907 1
3909 3
3911 2
3913 0
3915 1
3917 3
3919 2
3921 0
3923 1
3925 3
3927 2
3929 0
3931 1
3933 3
3935 2
3937 0
3939 1
3941 3
3943 2
3945 0
3947 1
3949 3
3951 2
3953 0
3955 1
3957 2
3959 3
3961 0
3963 1
3965 2
3967 3
3969 0
3971 1
3973 2
3975 3
3977 0
3979 1
3981 2
3983 3
3985 0
3987 1
3989 2
3991 3
3993 0
3995 1
3997 2
3999 3
4001 0
4003 1
4005 2
4007 3
4009 0
4011 1
4013 2
4015 3
4017 0
4019 1
4021 2
4023 3
4025 0
4027 1
4029 2
4031 3
4033 0
4035 1
4037 2
4039 3
4041 0
4043 1
4045 2
4047 3
4049 0
4051 1
4053 2
4055 3
4057 0
4059 1
4061 2
4063 3
4065 0
4067 1
4069 2
4071 3
4073 0
4075 1
4077 2
4079 3
4081 0
4083 1
4085 2
4087 3
4089 0
4091 1
4093 2
4095 3
4097 0
4099 1
4101 2
4103 3
4105 0
4107 1
4109 2
4111 3
4113 0
4115 2
4117 1
4119 3
4121 0
4123 2
4125 1
4127 3
4129 0
4131 2
4133 1
4135 3
4137 0
4139 2
4141 1
4143 3
4145 0
4147 2
4149 1
4151 3
4153 0
4155 2
4157 1
4159 0
4161 3
4163 2
4165 1
4167 0
4169 3
4171 2
4173 1
4175 0
4177 3
4179 2
4181 1
4183 0
4185 3
4187 2
4189 1
4191 0
4193 3
4195 2
4197 1
4199 0
4201 3
4203 2
4205 1
4207 0
4209 3
4211 2
4213 1
4215 0
4217 3
4219 2
4221 1
4223 0
4225 3
4227 2
4229 1
4231 0
4233 3
4235 2
4237 1
4239 0
4241 3
4243 2
4245 1
4247 0
4249 3
4251 2
4253 1
4255 0
4257 3
4259 2
4261 1
4263 0
4265 3
4267 2
4269 1
4271 0
4273 3
4275 2
4277 0
4279 1
4281 3
4283 2
4285 0
4287 1
4289 3
4291 2
4293 0
4295 1
4297 3
4299 2
4301 0
4303 1
4305 3
4307 2
4309 0
4311 1
4313 3
4315 2
4317 0
4319 1
4321 3
4323 2
4325 0
4327 1
4329 3
4331 2
4333 0
4335 1
4337 3
4339 2
4341 0
4343 1
4345 3
4347 2
4349 0
4351 1
4353 3
4355 2
4357 0
4359 1
4361 3
4363 2
4365 0
4367 1
4369 3
4371 2
4373 0
4375 1
4377 3
4379 2
4381 0
4383 1
4385 3
4387 2
4389 0
4391 1
4393 3
4395 2
4397 0
4399 1
4401 3
4403 2
4405 0
4407 1
4409 3
4411 2
4413 0
4415 1
4417 3
4419 2
4421 0
4423 1
4425 3
4427 2
4429 0
4431 3
4433 1
4435 2
4437 0
4439 3
4441 1
4443 2
4445 0
4447 3
4449 1
4451 2
4453 0
4455 3
4457 1
4459 2
4461 0
4463 3
4465 1
4467 2
4469 0
4471 3
4473 1
4475 2
4477 0
4479 3
4481 1
4483 2
4485 0
4487 3
4489 1
4491 2
4493 0
4495 3
4497 1
4499 2
4501 0
4503 3
4505 2
4507 1
4509 0
4511 3
4513 2
4515 1
4517 0
4519 3
4521 2
4523 1
4525 0
4527 3
4529 2
4531 1
4533 0
4535 3
4537 2
4539 1
4541 0
4543 3
4545 2
4547 1
4549 0
4551 3
4553 2
4555 1
4557 0
4559 3
4561 2
4563 1
4565 0
4567 3
4569 2
4571 1
4573 0
4575 3
4577 2
4579 1
4581 0
4583 3
4585 2
4587 1
4589 0
4591 3
4593 2
4595 0
4597 1
4599 3
4601 2
4603 0
4605 1
4607 3
4609 2
4611 0
4613 1
4615 3
4617 2
4619 0
4621 1
4623 3
4625 2
4627 0
4629 1
4631 3
4633 2
4635 0
4637 1
4639 3
4641 2
4643 0
4645 1
4647 3
4649 2
4651 0
4653 1
4655 3
4657 2
4659 0
4661 1
4663 3
4665 2
4667 0
4669 1
4671 3
4673 2
4675 0
4677 1
4679 3
4681 2
4683 0
4685 1
4687 3
4689 2
4691 0
4693 1
4695 3
4697 2
4699 0
4701 1
4703 3
4705 2
4707 0
4709 1
4711 3
4713 2
4715 0
4717 1
4719 3
4721 2
4723 0
4725 1
4727 3
4729 2
4731 0
4733 1
4735 3
4737 2
4739 0
4741 1
4743 3
4745 2
4747 0
4749 1
4751 3
4753 2
4755 0
4757 3
4759 1
4761 2
4763 0
4765 3
4767 1
4769 2
4771 0
4773 3
4775 1
4777 2
4779 0
4781 3
4783 1
4785 2
4787 0
4789 3
4791 1
4793 2
4795 0
4797 3
4799 1
4801 2
4803 0
4805 3
4807 1
4809 2
4811 0
4813 3
4815 1
4817 2
4819 0
4821 3
4823 1
4825 2
4827 0
4829 3
4831 1
4833 2
4835 0
4837 3
4839 1
4841 2
4843 0
4845 3
4847 1
4849 2
4851 0
4853 3
4855 1
4857 2
4859 0
4861 3
4863 1
4865 2
4867 0
4869 3
4871 1
4873 2
4875 0
4877 3
4879 1
4881 2
4883 0
4885 3
4887 1
4889 2
4891 0
4893 3
4895 1
4897 2
4899 0
4901 3
4903 1
4905 2
4907 0
4909 3
4911 1
4913 2
4915 0
4917 3
4919 1
4921 2
4923 0
4925 3
4927 1
4929 2
4931 0
4933 3
4935 1
4937 2
4939 0
4941 3
4943 1
4945 2
4947 0
4949 3
4951 1
4953 2
4955 0
4957 3
4959 1
4961 2
4963 0
4965 3
4967 1
4969 2
4971 0
4973 3
4975 1
4977 2
4979 0
4981 3
4983 1
4985 2
4987 0
4989 3
4991 2
4993 1
4995 0
4997 3
4999 2
5001 1
5003 0
5005 3
5007 2
5009 1
5011 0
5013 3
5015 2
5017 1
5019 0
5021 3
5023 2
5025 1
5027 0
5029 3
5031 2
5033 1
5035 0
5037 3
5039 2
5041 1
5043 0
5045 3
5047 2
5049 1
5051 0
5053 3
5055 2
5057 1
5059 0
5061 3
5063 2
5065 1
5067 0
5069 3
5071 2
5073 1
5075 0
5077 3
5078 2
5079 0
5080 1
5081 3
5082 2
5083 0
5084 1
5085 3
5086 2
5087 0
5088 1
5089 3
5090 2
5091 0
5092 1
5093 3
5094 2
5095 0
5096 1
5097 3
5098 2
5099 0
5100 1
5101 3
5102 2
5103 0
5104 1
5105 3
5106 2
5107 0
5108 1
5109 3
5110 2
5111 0
5112 1
5113 3
5114 2
5115 0
5116 3
5117 1
5118 0
5119 2
5120 3
5121 1
5122 0
5123 2
5124 3
5125 1
5126 0
5127 2
5128 3
5129 1
5130 0
5131 2
5132 3
5133 1
5134 0
5135 2
5136 3
