16429.3285207	16429.0993541
16429.3285236	16429.099357
16429.3285266	16429.0993599
16429.3285295	16429.0993628
16429.3285324	16429.0993657
16429.3285353	16429.0993686
16429.3285382	16429.0993715
16429.3285411	16429.0993744
16429.328544	16429.0993774
16429.3285469	16429.0993803
16429.3285499	16429.0993832
16429.3285528	16429.0993861
16429.3285557	16429.099389
16429.3285586	16429.0993919
16429.3285615	16429.0993948
16429.3285644	16429.0993978
16429.3285673	16429.0994007
16429.3285702	16429.0994036
16429.3285732	16429.0994065
16429.3285761	16429.0994094
16429.328579	16429.0994123
16429.3285819	16429.0994152
16429.3285848	16429.0994181
16429.3285877	16429.0994211
16429.3285906	16429.099424
16429.3285935	16429.0994269
16429.3285965	16429.0994298
16429.3285994	16429.0994327
16429.3286023	16429.0994356
16429.3286052	16429.0994385
16429.3286081	16429.0994414
16429.328611	16429.0994444
16429.3286139	16429.0994473
16429.3286168	16429.0994502
16429.3286198	16429.0994531
16429.3286227	16429.099456
16429.3286256	16429.0994589
16429.3286285	16429.0994618
16429.3286314	16429.0994647
16429.3286343	16429.0994677
16429.3286372	16429.0994706
16429.3286401	16429.0994735
16429.3286431	16429.0994764
16429.328646	16429.0994793
16429.3286489	16429.0994822
16429.3286518	16429.0994851
16429.3286547	16429.099488
16429.3286576	16429.099491
16429.3286605	16429.0994939
16429.3286634	16429.0994968
16429.3286664	16429.0994997
16429.3286693	16429.0995026
16429.3286722	16429.0995055
16429.3286751	16429.0995084
16429.328678	16429.0995113
16429.3286809	16429.0995143
16429.3286838	16429.0995172
16429.3286868	16429.0995201
16429.3286897	16429.099523
16429.3286926	16429.0995259
16429.3286955	16429.0995288
16429.3286984	16429.0995317
16429.3287013	16429.0995346
16429.3287042	16429.0995376
16429.3287071	16429.0995405
16429.3287101	16429.0995434
16429.328713	16429.0995463
16429.3287159	16429.0995492
16429.3287188	16429.0995521
16429.3287217	16429.099555
16429.3287246	16429.0995579
16429.3287275	16429.0995609
16429.3287304	16429.0995638
16429.3287334	16429.0995667
16429.3287363	16429.0995696
16429.3287392	16429.0995725
16429.3287421	16429.0995754
16429.328745	16429.0995783
16429.3287479	16429.0995813
16429.3287508	16429.0995842
16429.3287537	16429.0995871
16429.3287567	16429.09959
16429.3287596	16429.0995929
16429.3287625	16429.0995958
16429.3287654	16429.0995987
16429.3287683	16429.0996016
16429.3287712	16429.0996046
16429.3287741	16429.0996075
16429.328777	16429.0996104
16429.32878	16429.0996133
16429.3287829	16429.0996162
16429.3287858	16429.0996191
16429.3287887	16429.099622
16429.3287916	16429.0996249
16429.3287945	16429.0996279
16429.3287974	16429.0996308
16429.3288003	16429.0996337
16429.3288033	16429.0996366
16429.3288062	16429.0996395
16429.3288091	16429.0996424
16429.328812	16429.0996453
16429.3288149	16429.0996482
16429.3288178	16429.0996512
16429.3288207	16429.0996541
16429.3288236	16429.099657
16429.3288266	16429.0996599
16429.3288295	16429.0996628
16429.3288324	16429.0996657
16429.3288353	16429.0996686
16429.3288382	16429.0996715
16429.3288411	16429.0996745
16429.328844	16429.0996774
16429.3288469	16429.0996803
16429.3288499	16429.0996832
16429.3288528	16429.0996861
16429.3288557	16429.099689
16429.3288586	16429.0996919
16429.3288615	16429.0996948
16429.3288644	16429.0996978
16429.3288673	16429.0997007
16429.3288703	16429.0997036
16429.3288732	16429.0997065
16429.3288761	16429.0997094
16429.328879	16429.0997123
16429.3288819	16429.0997152
16429.3288848	16429.0997181
16429.3288877	16429.0997211
16429.3288906	16429.099724
16429.3288936	16429.0997269
16429.3288965	16429.0997298
16429.3288994	16429.0997327
16429.3289023	16429.0997356
16429.3289052	16429.0997385
16429.3289081	16429.0997414
16429.328911	16429.0997444
16429.3289139	16429.0997473
16429.3289169	16429.0997502
16429.3289198	16429.0997531
16429.3289227	16429.099756
16429.3289256	16429.0997589
16429.3289285	16429.0997618
16429.3289314	16429.0997648
16429.3289343	16429.0997677
16429.3289372	16429.0997706
16429.3289402	16429.0997735
16429.3289431	16429.0997764
16429.328946	16429.0997793
16429.3289489	16429.0997822
16429.3289518	16429.0997851
16429.3289547	16429.0997881
16429.3289576	16429.099791
16429.3289605	16429.0997939
16429.3289635	16429.0997968
16429.3289664	16429.0997997
16429.3289693	16429.0998026
16429.3289722	16429.0998055
16429.3289751	16429.0998084
16429.328978	16429.0998114
16429.3289809	16429.0998143
16429.3289838	16429.0998172
16429.3289868	16429.0998201
16429.3289897	16429.099823
16429.3289926	16429.0998259
16429.3289955	16429.0998288
16429.3289984	16429.0998317
16429.3290013	16429.0998347
16429.3290042	16429.0998376
16429.3290071	16429.0998405
16429.3290101	16429.0998434
16429.329013	16429.0998463
16429.3290159	16429.0998492
16429.3290188	16429.0998521
16429.3290217	16429.099855
16429.3290246	16429.099858
16429.3290275	16429.0998609
16429.3290305	16429.0998638
16429.3290334	16429.0998667
16429.3290363	16429.0998696
16429.3290392	16429.0998725
16429.3290421	16429.0998754
16429.329045	16429.0998783
16429.3290479	16429.0998813
16429.3290508	16429.0998842
16429.3290538	16429.0998871
16429.3290567	16429.09989
16429.3290596	16429.0998929
16429.3290625	16429.0998958
16429.3290654	16429.0998987
16429.3290683	16429.0999016
16429.3290712	16429.0999046
16429.3290741	16429.0999075
16429.3290771	16429.0999104
16429.32908	16429.0999133
16429.3290829	16429.0999162
16429.3290858	16429.0999191
16429.3290887	16429.099922
16429.3290916	16429.099925
16429.3290945	16429.0999279
16429.3290974	16429.0999308
16429.3291004	16429.0999337
16429.3291033	16429.0999366
16429.3291062	16429.0999395
16429.3291091	16429.0999424
16429.329112	16429.0999453
16429.3291149	16429.0999483
16429.3291178	16429.0999512
16429.3291207	16429.0999541
16429.3291237	16429.099957
16429.3291266	16429.0999599
16429.3291295	16429.0999628
16429.3291324	16429.0999657
16429.3291353	16429.0999686
16429.3291382	16429.0999716
16429.3291411	16429.0999745
16429.329144	16429.0999774
16429.329147	16429.0999803
16429.3291499	16429.0999832
16429.3291528	16429.0999861
16429.3291557	16429.099989
16429.3291586	16429.0999919
16429.3291615	16429.0999949
16429.3291644	16429.0999978
16429.3291673	16429.1000007
16429.3291703	16429.1000036
16429.3291732	16429.1000065
16429.3291761	16429.1000094
16429.329179	16429.1000123
16429.3291819	16429.1000152
16429.3291848	16429.1000182
16429.3291877	16429.1000211
16429.3291906	16429.100024
16429.3291936	16429.1000269
16429.3291965	16429.1000298
16429.3291994	16429.1000327
16429.3292023	16429.1000356
16429.3292052	16429.1000385
16429.3292081	16429.1000415
16429.329211	16429.1000444
16429.329214	16429.1000473
16429.3292169	16429.1000502
16429.3292198	16429.1000531
16429.3292227	16429.100056
16429.3292256	16429.1000589
16429.3292285	16429.1000618
16429.3292314	16429.1000648
16429.3292343	16429.1000677
16429.3292373	16429.1000706
16429.3292402	16429.1000735
16429.3292431	16429.1000764
16429.329246	16429.1000793
16429.3292489	16429.1000822
16429.3292518	16429.1000851
16429.3292547	16429.1000881
16429.3292576	16429.100091
16429.3292606	16429.1000939
16429.3292635	16429.1000968
16429.3292664	16429.1000997
16429.3292693	16429.1001026
16429.3292722	16429.1001055
16429.3292751	16429.1001085
16429.329278	16429.1001114
16429.3292809	16429.1001143
16429.3292839	16429.1001172
16429.3292868	16429.1001201
16429.3292897	16429.100123
16429.3292926	16429.1001259
16429.3292955	16429.1001288
16429.3292984	16429.1001318
16429.3293013	16429.1001347
16429.3293042	16429.1001376
16429.3293072	16429.1001405
16429.3293101	16429.1001434
16429.329313	16429.1001463
16429.3293159	16429.1001492
16429.3293188	16429.1001521
16429.3293217	16429.1001551
16429.3293246	16429.100158
16429.3293275	16429.1001609
16429.3293305	16429.1001638
16429.3293334	16429.1001667
16429.3293363	16429.1001696
16429.3293392	16429.1001725
16429.3293421	16429.1001754
16429.329345	16429.1001784
16429.3293479	16429.1001813
16429.3293508	16429.1001842
16429.3293538	16429.1001871
16429.3293567	16429.10019
16429.3293596	16429.1001929
16429.3293625	16429.1001958
16429.3293654	16429.1001987
16429.3293683	16429.1002017
16429.3293712	16429.1002046
16429.3293742	16429.1002075
16429.3293771	16429.1002104
16429.32938	16429.1002133
16429.3293829	16429.1002162
16429.3293858	16429.1002191
16429.3293887	16429.100222
16429.3293916	16429.100225
16429.3293945	16429.1002279
16429.3293975	16429.1002308
16429.3294004	16429.1002337
16429.3294033	16429.1002366
16429.3294062	16429.1002395
16429.3294091	16429.1002424
16429.329412	16429.1002453
16429.3294149	16429.1002483
16429.3294178	16429.1002512
16429.3294208	16429.1002541
16429.3294237	16429.100257
16429.3294266	16429.1002599
16429.3294295	16429.1002628
16429.3294324	16429.1002657
16429.3294353	16429.1002687
16429.3294382	16429.1002716
16429.3294411	16429.1002745
16429.3294441	16429.1002774
16429.329447	16429.1002803
16429.3294499	16429.1002832
16429.3294528	16429.1002861
16429.3294557	16429.100289
16429.3294586	16429.100292
16429.3294615	16429.1002949
16429.3294644	16429.1002978
16429.3294674	16429.1003007
16429.3294703	16429.1003036
16429.3294732	16429.1003065
16429.3294761	16429.1003094
16429.329479	16429.1003123
16429.3294819	16429.1003153
16429.3294848	16429.1003182
16429.3294877	16429.1003211
16429.3294907	16429.100324
16429.3294936	16429.1003269
16429.3294965	16429.1003298
16429.3294994	16429.1003327
16429.3295023	16429.1003356
16429.3295052	16429.1003386
16429.3295081	16429.1003415
16429.329511	16429.1003444
16429.329514	16429.1003473
16429.3295169	16429.1003502
16429.3295198	16429.1003531
16429.3295227	16429.100356
16429.3295256	16429.1003589
16429.3295285	16429.1003619
16429.3295314	16429.1003648
16429.3295343	16429.1003677
16429.3295373	16429.1003706
16429.3295402	16429.1003735
16429.3295431	16429.1003764
16429.329546	16429.1003793
16429.3295489	16429.1003822
16429.3295518	16429.1003852
16429.3295547	16429.1003881
16429.3295577	16429.100391
16429.3295606	16429.1003939
16429.3295635	16429.1003968
16429.3295664	16429.1003997
16429.3295693	16429.1004026
16429.3295722	16429.1004055
16429.3295751	16429.1004085
16429.329578	16429.1004114
16429.329581	16429.1004143
16429.3295839	16429.1004172
16429.3295868	16429.1004201
16429.3295897	16429.100423
16429.3295926	16429.1004259
16429.3295955	16429.1004288
16429.3295984	16429.1004318
16429.3296013	16429.1004347
16429.3296043	16429.1004376
16429.3296072	16429.1004405
16429.3296101	16429.1004434
16429.329613	16429.1004463
16429.3296159	16429.1004492
16429.3296188	16429.1004522
16429.3296217	16429.1004551
16429.3296246	16429.100458
16429.3296276	16429.1004609
16429.3296305	16429.1004638
16429.3296334	16429.1004667
16429.3296363	16429.1004696
16429.3296392	16429.1004725
16429.3296421	16429.1004755
16429.329645	16429.1004784
16429.3296479	16429.1004813
16429.3296509	16429.1004842
16429.3296538	16429.1004871
16429.3296567	16429.10049
16429.3296596	16429.1004929
16429.3296625	16429.1004958
16429.3296654	16429.1004988
16429.3296683	16429.1005017
16429.3296712	16429.1005046
16429.3296742	16429.1005075
16429.3296771	16429.1005104
16429.32968	16429.1005133
16429.3296829	16429.1005162
16429.3296858	16429.1005191
16429.3296887	16429.1005221
16429.3296916	16429.100525
16429.3296945	16429.1005279
16429.3296975	16429.1005308
16429.3297004	16429.1005337
16429.3297033	16429.1005366
16429.3297062	16429.1005395
16429.3297091	16429.1005424
16429.329712	16429.1005454
16429.3297149	16429.1005483
16429.3297179	16429.1005512
16429.3297208	16429.1005541
16429.3297237	16429.100557
16429.3297266	16429.1005599
16429.3297295	16429.1005628
16429.3297324	16429.1005657
16429.3297353	16429.1005687
16429.3297382	16429.1005716
16429.3297412	16429.1005745
16429.3297441	16429.1005774
16429.329747	16429.1005803
16429.3297499	16429.1005832
16429.3297528	16429.1005861
16429.3297557	16429.100589
16429.3297586	16429.100592
16429.3297615	16429.1005949
16429.3297645	16429.1005978
16429.3297674	16429.1006007
16429.3297703	16429.1006036
16429.3297732	16429.1006065
16429.3297761	16429.1006094
16429.329779	16429.1006124
16429.3297819	16429.1006153
16429.3297848	16429.1006182
16429.3297878	16429.1006211
16429.3297907	16429.100624
16429.3297936	16429.1006269
16429.3297965	16429.1006298
16429.3297994	16429.1006327
16429.3298023	16429.1006357
16429.3298052	16429.1006386
16429.3298081	16429.1006415
16429.3298111	16429.1006444
16429.329814	16429.1006473
16429.3298169	16429.1006502
16429.3298198	16429.1006531
16429.3298227	16429.100656
16429.3298256	16429.100659
16429.3298285	16429.1006619
16429.3298314	16429.1006648
16429.3298344	16429.1006677
16429.3298373	16429.1006706
16429.3298402	16429.1006735
16429.3298431	16429.1006764
16429.329846	16429.1006793
16429.3298489	16429.1006823
16429.3298518	16429.1006852
16429.3298547	16429.1006881
16429.3298577	16429.100691
16429.3298606	16429.1006939
16429.3298635	16429.1006968
16429.3298664	16429.1006997
16429.3298693	16429.1007026
16429.3298722	16429.1007056
16429.3298751	16429.1007085
16429.329878	16429.1007114
16429.329881	16429.1007143
16429.3298839	16429.1007172
16429.3298868	16429.1007201
16429.3298897	16429.100723
16429.3298926	16429.1007259
16429.3298955	16429.1007289
16429.3298984	16429.1007318
16429.3299014	16429.1007347
16429.3299043	16429.1007376
16429.3299072	16429.1007405
16429.3299101	16429.1007434
16429.329913	16429.1007463
16429.3299159	16429.1007492
16429.3299188	16429.1007522
16429.3299217	16429.1007551
16429.3299247	16429.100758
16429.3299276	16429.1007609
16429.3299305	16429.1007638
16429.3299334	16429.1007667
16429.3299363	16429.1007696
16429.3299392	16429.1007725
16429.3299421	16429.1007755
16429.329945	16429.1007784
16429.329948	16429.1007813
16429.3299509	16429.1007842
16429.3299538	16429.1007871
16429.3299567	16429.10079
16429.3299596	16429.1007929
16429.3299625	16429.1007959
16429.3299654	16429.1007988
16429.3299683	16429.1008017
16429.3299713	16429.1008046
16429.3299742	16429.1008075
16429.3299771	16429.1008104
16429.32998	16429.1008133
16429.3299829	16429.1008162
16429.3299858	16429.1008192
16429.3299887	16429.1008221
16429.3299916	16429.100825
16429.3299946	16429.1008279
16429.3299975	16429.1008308
16429.3300004	16429.1008337
16429.3300033	16429.1008366
16429.3300062	16429.1008395
16429.3300091	16429.1008425
16429.330012	16429.1008454
16429.3300149	16429.1008483
16429.3300179	16429.1008512
16429.3300208	16429.1008541
16429.3300237	16429.100857
16429.3300266	16429.1008599
16429.3300295	16429.1008628
16429.3300324	16429.1008658
16429.3300353	16429.1008687
16429.3300382	16429.1008716
16429.3300412	16429.1008745
16429.3300441	16429.1008774
16429.330047	16429.1008803
16429.3300499	16429.1008832
16429.3300528	16429.1008861
16429.3300557	16429.1008891
16429.3300586	16429.100892
16429.3300616	16429.1008949
16429.3300645	16429.1008978
16429.3300674	16429.1009007
16429.3300703	16429.1009036
16429.3300732	16429.1009065
16429.3300761	16429.1009094
16429.330079	16429.1009124
16429.3300819	16429.1009153
16429.3300849	16429.1009182
16429.3300878	16429.1009211
16429.3300907	16429.100924
16429.3300936	16429.1009269
16429.3300965	16429.1009298
16429.3300994	16429.1009327
16429.3301023	16429.1009357
16429.3301052	16429.1009386
16429.3301082	16429.1009415
16429.3301111	16429.1009444
16429.330114	16429.1009473
16429.3301169	16429.1009502
16429.3301198	16429.1009531
16429.3301227	16429.1009561
16429.3301256	16429.100959
16429.3301285	16429.1009619
16429.3301315	16429.1009648
16429.3301344	16429.1009677
16429.3301373	16429.1009706
16429.3301402	16429.1009735
16429.3301431	16429.1009764
16429.330146	16429.1009794
16429.3301489	16429.1009823
16429.3301518	16429.1009852
16429.3301548	16429.1009881
16429.3301577	16429.100991
16429.3301606	16429.1009939
16429.3301635	16429.1009968
16429.3301664	16429.1009997
16429.3301693	16429.1010027
16429.3301722	16429.1010056
16429.3301751	16429.1010085
16429.3301781	16429.1010114
16429.330181	16429.1010143
16429.3301839	16429.1010172
16429.3301868	16429.1010201
16429.3301897	16429.101023
16429.3301926	16429.101026
16429.3301955	16429.1010289
16429.3301984	16429.1010318
16429.3302014	16429.1010347
16429.3302043	16429.1010376
16429.3302072	16429.1010405
16429.3302101	16429.1010434
16429.330213	16429.1010463
16429.3302159	16429.1010493
16429.3302188	16429.1010522
16429.3302217	16429.1010551
16429.3302247	16429.101058
16429.3302276	16429.1010609
16429.3302305	16429.1010638
16429.3302334	16429.1010667
16429.3302363	16429.1010696
16429.3302392	16429.1010726
16429.3302421	16429.1010755
16429.3302451	16429.1010784
16429.330248	16429.1010813
16429.3302509	16429.1010842
16429.3302538	16429.1010871
16429.3302567	16429.10109
16429.3302596	16429.1010929
16429.3302625	16429.1010959
16429.3302654	16429.1010988
16429.3302684	16429.1011017
16429.3302713	16429.1011046
16429.3302742	16429.1011075
16429.3302771	16429.1011104
16429.33028	16429.1011133
16429.3302829	16429.1011162
16429.3302858	16429.1011192
16429.3302887	16429.1011221
16429.3302917	16429.101125
16429.3302946	16429.1011279
16429.3302975	16429.1011308
16429.3303004	16429.1011337
16429.3303033	16429.1011366
16429.3303062	16429.1011396
16429.3303091	16429.1011425
16429.330312	16429.1011454
16429.330315	16429.1011483
16429.3303179	16429.1011512
16429.3303208	16429.1011541
16429.3303237	16429.101157
16429.3303266	16429.1011599
16429.3303295	16429.1011629
16429.3303324	16429.1011658
16429.3303353	16429.1011687
16429.3303383	16429.1011716
16429.3303412	16429.1011745
16429.3303441	16429.1011774
16429.330347	16429.1011803
16429.3303499	16429.1011832
16429.3303528	16429.1011862
16429.3303557	16429.1011891
16429.3303586	16429.101192
16429.3303616	16429.1011949
16429.3303645	16429.1011978
16429.3303674	16429.1012007
16429.3303703	16429.1012036
16429.3303732	16429.1012065
16429.3303761	16429.1012095
16429.330379	16429.1012124
16429.3303819	16429.1012153
16429.3303849	16429.1012182
16429.3303878	16429.1012211
16429.3303907	16429.101224
16429.3303936	16429.1012269
16429.3303965	16429.1012298
16429.3303994	16429.1012328
16429.3304023	16429.1012357
16429.3304053	16429.1012386
16429.3304082	16429.1012415
16429.3304111	16429.1012444
16429.330414	16429.1012473
16429.3304169	16429.1012502
16429.3304198	16429.1012531
16429.3304227	16429.1012561
16429.3304256	16429.101259
16429.3304286	16429.1012619
16429.3304315	16429.1012648
16429.3304344	16429.1012677
16429.3304373	16429.1012706
16429.3304402	16429.1012735
16429.3304431	16429.1012764
16429.330446	16429.1012794
16429.3304489	16429.1012823
16429.3304519	16429.1012852
16429.3304548	16429.1012881
16429.3304577	16429.101291
16429.3304606	16429.1012939
16429.3304635	16429.1012968
16429.3304664	16429.1012998
16429.3304693	16429.1013027
16429.3304722	16429.1013056
16429.3304752	16429.1013085
16429.3304781	16429.1013114
16429.330481	16429.1013143
16429.3304839	16429.1013172
16429.3304868	16429.1013201
16429.3304897	16429.1013231
16429.3304926	16429.101326
16429.3304955	16429.1013289
16429.3304985	16429.1013318
16429.3305014	16429.1013347
16429.3305043	16429.1013376
16429.3305072	16429.1013405
16429.3305101	16429.1013434
16429.330513	16429.1013464
16429.3305159	16429.1013493
16429.3305188	16429.1013522
16429.3305218	16429.1013551
16429.3305247	16429.101358
16429.3305276	16429.1013609
16429.3305305	16429.1013638
16429.3305334	16429.1013667
16429.3305363	16429.1013697
16429.3305392	16429.1013726
16429.3305421	16429.1013755
16429.3305451	16429.1013784
16429.330548	16429.1013813
16429.3305509	16429.1013842
16429.3305538	16429.1013871
16429.3305567	16429.10139
16429.3305596	16429.101393
16429.3305625	16429.1013959
16429.3305654	16429.1013988
16429.3305684	16429.1014017
16429.3305713	16429.1014046
16429.3305742	16429.1014075
16429.3305771	16429.1014104
16429.33058	16429.1014133
16429.3305829	16429.1014163
16429.3305858	16429.1014192
16429.3305888	16429.1014221
16429.3305917	16429.101425
16429.3305946	16429.1014279
16429.3305975	16429.1014308
16429.3306004	16429.1014337
16429.3306033	16429.1014366
16429.3306062	16429.1014396
16429.3306091	16429.1014425
16429.3306121	16429.1014454
16429.330615	16429.1014483
16429.3306179	16429.1014512
16429.3306208	16429.1014541
16429.3306237	16429.101457
16429.3306266	16429.1014599
16429.3306295	16429.1014629
16429.3306324	16429.1014658
16429.3306354	16429.1014687
16429.3306383	16429.1014716
16429.3306412	16429.1014745
16429.3306441	16429.1014774
16429.330647	16429.1014803
16429.3306499	16429.1014833
16429.3306528	16429.1014862
16429.3306557	16429.1014891
16429.3306587	16429.101492
16429.3306616	16429.1014949
16429.3306645	16429.1014978
16429.3306674	16429.1015007
16429.3306703	16429.1015036
16429.3306732	16429.1015066
16429.3306761	16429.1015095
16429.330679	16429.1015124
16429.330682	16429.1015153
16429.3306849	16429.1015182
16429.3306878	16429.1015211
16429.3306907	16429.101524
16429.3306936	16429.1015269
16429.3306965	16429.1015299
16429.3306994	16429.1015328
16429.3307023	16429.1015357
16429.3307053	16429.1015386
16429.3307082	16429.1015415
16429.3307111	16429.1015444
16429.330714	16429.1015473
16429.3307169	16429.1015502
16429.3307198	16429.1015532
16429.3307227	16429.1015561
16429.3307256	16429.101559
16429.3307286	16429.1015619
16429.3307315	16429.1015648
16429.3307344	16429.1015677
16429.3307373	16429.1015706
16429.3307402	16429.1015735
16429.3307431	16429.1015765
16429.330746	16429.1015794
16429.330749	16429.1015823
16429.3307519	16429.1015852
16429.3307548	16429.1015881
16429.3307577	16429.101591
16429.3307606	16429.1015939
16429.3307635	16429.1015968
16429.3307664	16429.1015998
16429.3307693	16429.1016027
16429.3307723	16429.1016056
16429.3307752	16429.1016085
16429.3307781	16429.1016114
16429.330781	16429.1016143
16429.3307839	16429.1016172
16429.3307868	16429.1016201
16429.3307897	16429.1016231
16429.3307926	16429.101626
16429.3307956	16429.1016289
16429.3307985	16429.1016318
16429.3308014	16429.1016347
16429.3308043	16429.1016376
16429.3308072	16429.1016405
16429.3308101	16429.1016435
16429.330813	16429.1016464
16429.3308159	16429.1016493
16429.3308189	16429.1016522
16429.3308218	16429.1016551
16429.3308247	16429.101658
16429.3308276	16429.1016609
16429.3308305	16429.1016638
16429.3308334	16429.1016668
16429.3308363	16429.1016697
16429.3308392	16429.1016726
16429.3308422	16429.1016755
16429.3308451	16429.1016784
16429.330848	16429.1016813
16429.3308509	16429.1016842
16429.3308538	16429.1016871
16429.3308567	16429.1016901
16429.3308596	16429.101693
16429.3308625	16429.1016959
16429.3308655	16429.1016988
16429.3308684	16429.1017017
16429.3308713	16429.1017046
16429.3308742	16429.1017075
16429.3308771	16429.1017104
16429.33088	16429.1017134
16429.3308829	16429.1017163
16429.3308858	16429.1017192
16429.3308888	16429.1017221
16429.3308917	16429.101725
16429.3308946	16429.1017279
16429.3308975	16429.1017308
16429.3309004	16429.1017337
16429.3309033	16429.1017367
16429.3309062	16429.1017396
16429.3309091	16429.1017425
16429.3309121	16429.1017454
16429.330915	16429.1017483
16429.3309179	16429.1017512
16429.3309208	16429.1017541
16429.3309237	16429.101757
16429.3309266	16429.10176
16429.3309295	16429.1017629
16429.3309325	16429.1017658
16429.3309354	16429.1017687
16429.3309383	16429.1017716
16429.3309412	16429.1017745
16429.3309441	16429.1017774
16429.330947	16429.1017803
16429.3309499	16429.1017833
16429.3309528	16429.1017862
16429.3309558	16429.1017891
16429.3309587	16429.101792
16429.3309616	16429.1017949
16429.3309645	16429.1017978
16429.3309674	16429.1018007
16429.3309703	16429.1018036
16429.3309732	16429.1018066
16429.3309761	16429.1018095
16429.3309791	16429.1018124
16429.330982	16429.1018153
16429.3309849	16429.1018182
16429.3309878	16429.1018211
16429.3309907	16429.101824
16429.3309936	16429.101827
16429.3309965	16429.1018299
16429.3309994	16429.1018328
16429.3310024	16429.1018357
16429.3310053	16429.1018386
16429.3310082	16429.1018415
16429.3310111	16429.1018444
16429.331014	16429.1018473
16429.3310169	16429.1018503
16429.3310198	16429.1018532
16429.3310227	16429.1018561
16429.3310257	16429.101859
16429.3310286	16429.1018619
16429.3310315	16429.1018648
16429.3310344	16429.1018677
16429.3310373	16429.1018706
16429.3310402	16429.1018736
16429.3310431	16429.1018765
16429.331046	16429.1018794
16429.331049	16429.1018823
16429.3310519	16429.1018852
16429.3310548	16429.1018881
16429.3310577	16429.101891
16429.3310606	16429.1018939
16429.3310635	16429.1018969
16429.3310664	16429.1018998
16429.3310693	16429.1019027
16429.3310723	16429.1019056
16429.3310752	16429.1019085
16429.3310781	16429.1019114
16429.331081	16429.1019143
16429.3310839	16429.1019172
16429.3310868	16429.1019202
16429.3310897	16429.1019231
16429.3310926	16429.101926
16429.3310956	16429.1019289
16429.3310985	16429.1019318
16429.3311014	16429.1019347
16429.3311043	16429.1019376
16429.3311072	16429.1019405
16429.3311101	16429.1019435
16429.331113	16429.1019464
16429.331116	16429.1019493
16429.3311189	16429.1019522
16429.3311218	16429.1019551
16429.3311247	16429.101958
16429.3311276	16429.1019609
16429.3311305	16429.1019638
16429.3311334	16429.1019668
16429.3311363	16429.1019697
16429.3311393	16429.1019726
16429.3311422	16429.1019755
16429.3311451	16429.1019784
16429.331148	16429.1019813
16429.3311509	16429.1019842
16429.3311538	16429.1019872
16429.3311567	16429.1019901
16429.3311596	16429.101993
16429.3311626	16429.1019959
16429.3311655	16429.1019988
16429.3311684	16429.1020017
16429.3311713	16429.1020046
16429.3311742	16429.1020075
16429.3311771	16429.1020105
16429.33118	16429.1020134
16429.3311829	16429.1020163
16429.3311859	16429.1020192
16429.3311888	16429.1020221
16429.3311917	16429.102025
16429.3311946	16429.1020279
16429.3311975	16429.1020308
16429.3312004	16429.1020338
16429.3312033	16429.1020367
16429.3312062	16429.1020396
16429.3312092	16429.1020425
16429.3312121	16429.1020454
16429.331215	16429.1020483
16429.3312179	16429.1020512
16429.3312208	16429.1020541
16429.3312237	16429.1020571
16429.3312266	16429.10206
16429.3312295	16429.1020629
16429.3312325	16429.1020658
16429.3312354	16429.1020687
16429.3312383	16429.1020716
16429.3312412	16429.1020745
16429.3312441	16429.1020774
16429.331247	16429.1020804
16429.3312499	16429.1020833
16429.3312528	16429.1020862
16429.3312558	16429.1020891
16429.3312587	16429.102092
16429.3312616	16429.1020949
16429.3312645	16429.1020978
16429.3312674	16429.1021007
16429.3312703	16429.1021037
16429.3312732	16429.1021066
16429.3312762	16429.1021095
16429.3312791	16429.1021124
16429.331282	16429.1021153
16429.3312849	16429.1021182
16429.3312878	16429.1021211
16429.3312907	16429.102124
16429.3312936	16429.102127
16429.3312965	16429.1021299
16429.3312995	16429.1021328
16429.3313024	16429.1021357
16429.3313053	16429.1021386
16429.3313082	16429.1021415
16429.3313111	16429.1021444
16429.331314	16429.1021473
16429.3313169	16429.1021503
16429.3313198	16429.1021532
16429.3313228	16429.1021561
16429.3313257	16429.102159
16429.3313286	16429.1021619
16429.3313315	16429.1021648
16429.3313344	16429.1021677
16429.3313373	16429.1021707
16429.3313402	16429.1021736
16429.3313431	16429.1021765
16429.3313461	16429.1021794
16429.331349	16429.1021823
16429.3313519	16429.1021852
16429.3313548	16429.1021881
16429.3313577	16429.102191
16429.3313606	16429.102194
16429.3313635	16429.1021969
16429.3313664	16429.1021998
16429.3313694	16429.1022027
16429.3313723	16429.1022056
16429.3313752	16429.1022085
16429.3313781	16429.1022114
16429.331381	16429.1022143
16429.3313839	16429.1022173
16429.3313868	16429.1022202
16429.3313897	16429.1022231
16429.3313927	16429.102226
16429.3313956	16429.1022289
16429.3313985	16429.1022318
16429.3314014	16429.1022347
16429.3314043	16429.1022376
16429.3314072	16429.1022406
16429.3314101	16429.1022435
16429.331413	16429.1022464
16429.331416	16429.1022493
16429.3314189	16429.1022522
16429.3314218	16429.1022551
16429.3314247	16429.102258
16429.3314276	16429.1022609
16429.3314305	16429.1022639
16429.3314334	16429.1022668
16429.3314363	16429.1022697
16429.3314393	16429.1022726
16429.3314422	16429.1022755
16429.3314451	16429.1022784
16429.331448	16429.1022813
16429.3314509	16429.1022842
16429.3314538	16429.1022872
16429.3314567	16429.1022901
16429.3314597	16429.102293
16429.3314626	16429.1022959
16429.3314655	16429.1022988
16429.3314684	16429.1023017
16429.3314713	16429.1023046
16429.3314742	16429.1023075
16429.3314771	16429.1023105
16429.33148	16429.1023134
16429.331483	16429.1023163
16429.3314859	16429.1023192
16429.3314888	16429.1023221
16429.3314917	16429.102325
16429.3314946	16429.1023279
16429.3314975	16429.1023309
16429.3315004	16429.1023338
16429.3315033	16429.1023367
16429.3315063	16429.1023396
16429.3315092	16429.1023425
16429.3315121	16429.1023454
16429.331515	16429.1023483
16429.3315179	16429.1023512
16429.3315208	16429.1023542
16429.3315237	16429.1023571
16429.3315266	16429.10236
16429.3315296	16429.1023629
16429.3315325	16429.1023658
16429.3315354	16429.1023687
16429.3315383	16429.1023716
16429.3315412	16429.1023745
16429.3315441	16429.1023775
16429.331547	16429.1023804
16429.3315499	16429.1023833
16429.3315529	16429.1023862
16429.3315558	16429.1023891
16429.3315587	16429.102392
16429.3315616	16429.1023949
16429.3315645	16429.1023978
16429.3315674	16429.1024008
16429.3315703	16429.1024037
16429.3315732	16429.1024066
16429.3315762	16429.1024095
16429.3315791	16429.1024124
16429.331582	16429.1024153
16429.3315849	16429.1024182
16429.3315878	16429.1024211
16429.3315907	16429.1024241
16429.3315936	16429.102427
16429.3315965	16429.1024299
16429.3315995	16429.1024328
16429.3316024	16429.1024357
16429.3316053	16429.1024386
16429.3316082	16429.1024415
16429.3316111	16429.1024444
16429.331614	16429.1024474
16429.3316169	16429.1024503
16429.3316199	16429.1024532
16429.3316228	16429.1024561
16429.3316257	16429.102459
16429.3316286	16429.1024619
16429.3316315	16429.1024648
16429.3316344	16429.1024677
16429.3316373	16429.1024707
16429.3316402	16429.1024736
16429.3316432	16429.1024765
16429.3316461	16429.1024794
16429.331649	16429.1024823
16429.3316519	16429.1024852
16429.3316548	16429.1024881
16429.3316577	16429.102491
16429.3316606	16429.102494
16429.3316635	16429.1024969
16429.3316665	16429.1024998
16429.3316694	16429.1025027
16429.3316723	16429.1025056
16429.3316752	16429.1025085
16429.3316781	16429.1025114
16429.331681	16429.1025144
16429.3316839	16429.1025173
16429.3316868	16429.1025202
16429.3316898	16429.1025231
16429.3316927	16429.102526
16429.3316956	16429.1025289
16429.3316985	16429.1025318
16429.3317014	16429.1025347
16429.3317043	16429.1025377
16429.3317072	16429.1025406
16429.3317101	16429.1025435
16429.3317131	16429.1025464
16429.331716	16429.1025493
16429.3317189	16429.1025522
16429.3317218	16429.1025551
16429.3317247	16429.102558
16429.3317276	16429.102561
16429.3317305	16429.1025639
16429.3317334	16429.1025668
16429.3317364	16429.1025697
16429.3317393	16429.1025726
16429.3317422	16429.1025755
16429.3317451	16429.1025784
16429.331748	16429.1025813
16429.3317509	16429.1025843
16429.3317538	16429.1025872
16429.3317567	16429.1025901
16429.3317597	16429.102593
16429.3317626	16429.1025959
16429.3317655	16429.1025988
16429.3317684	16429.1026017
16429.3317713	16429.1026046
16429.3317742	16429.1026076
16429.3317771	16429.1026105
16429.33178	16429.1026134
16429.331783	16429.1026163
16429.3317859	16429.1026192
16429.3317888	16429.1026221
16429.3317917	16429.102625
16429.3317946	16429.1026279
16429.3317975	16429.1026309
16429.3318004	16429.1026338
16429.3318034	16429.1026367
16429.3318063	16429.1026396
16429.3318092	16429.1026425
16429.3318121	16429.1026454
16429.331815	16429.1026483
16429.3318179	16429.1026512
16429.3318208	16429.1026542
16429.3318237	16429.1026571
16429.3318267	16429.10266
16429.3318296	16429.1026629
16429.3318325	16429.1026658
16429.3318354	16429.1026687
16429.3318383	16429.1026716
16429.3318412	16429.1026746
16429.3318441	16429.1026775
16429.331847	16429.1026804
16429.33185	16429.1026833
16429.3318529	16429.1026862
16429.3318558	16429.1026891
16429.3318587	16429.102692
16429.3318616	16429.1026949
16429.3318645	16429.1026979
16429.3318674	16429.1027008
16429.3318703	16429.1027037
16429.3318733	16429.1027066
16429.3318762	16429.1027095
16429.3318791	16429.1027124
16429.331882	16429.1027153
16429.3318849	16429.1027182
16429.3318878	16429.1027212
16429.3318907	16429.1027241
16429.3318936	16429.102727
16429.3318966	16429.1027299
16429.3318995	16429.1027328
16429.3319024	16429.1027357
16429.3319053	16429.1027386
16429.3319082	16429.1027415
16429.3319111	16429.1027445
16429.331914	16429.1027474
16429.3319169	16429.1027503
16429.3319199	16429.1027532
16429.3319228	16429.1027561
16429.3319257	16429.102759
16429.3319286	16429.1027619
16429.3319315	16429.1027648
16429.3319344	16429.1027678
16429.3319373	16429.1027707
16429.3319402	16429.1027736
16429.3319432	16429.1027765
16429.3319461	16429.1027794
16429.331949	16429.1027823
16429.3319519	16429.1027852
16429.3319548	16429.1027881
16429.3319577	16429.1027911
16429.3319606	16429.102794
16429.3319636	16429.1027969
16429.3319665	16429.1027998
16429.3319694	16429.1028027
16429.3319723	16429.1028056
16429.3319752	16429.1028085
16429.3319781	16429.1028114
16429.331981	16429.1028144
16429.3319839	16429.1028173
16429.3319869	16429.1028202
16429.3319898	16429.1028231
16429.3319927	16429.102826
16429.3319956	16429.1028289
16429.3319985	16429.1028318
16429.3320014	16429.1028347
