2013 07 27 03 56 01 0.192001 1
2013 07 27 03 56 01 0.946945 1
2013 07 27 03 56 02 0.701953 1
2013 07 27 03 56 03 0.456705 1
2013 07 27 03 56 04 0.211969 1
2013 07 27 03 56 04 0.966657 1
2013 07 27 03 56 05 0.470017 1
2013 07 27 03 56 06 0.225281 1
2013 07 27 03 56 06 0.979969 1
2013 07 27 03 56 07 0.735233 1
2013 07 27 03 56 08 0.238593 1
2013 07 27 03 56 08 0.993281 1
2013 07 27 03 56 09 0.748545 1
2013 07 27 03 56 10 0.503297 1
2013 07 27 03 56 11 0.258305 1
2013 07 27 03 56 12 0.013313 1
2013 07 27 03 56 12 0.768257 1
2013 07 27 03 56 13 0.523009 1
2013 07 27 03 56 14 0.278273 1
2013 07 27 03 56 15 0.033025 1
2013 07 27 03 56 15 0.788225 1
2013 07 27 03 56 16 0.542977 1
2013 07 27 03 56 17 0.298241 1
2013 07 27 03 56 18 0.052993 1
2013 07 27 03 56 18 0.556289 1
2013 07 27 03 56 19 0.311553 1
2013 07 27 03 56 20 0.066305 1
2013 07 27 03 56 20 0.821505 1
2013 07 27 03 56 21 0.576257 1
2013 07 27 03 56 22 0.331521 1
2013 07 27 03 56 23 0.086273 1
2013 07 27 03 56 23 0.841217 1
2013 07 27 03 56 24 0.596225 1
2013 07 27 03 56 25 0.351233 1
2013 07 27 03 56 26 0.105985 1
2013 07 27 03 56 26 0.861185 1
2013 07 27 03 56 27 0.615937 1
2013 07 27 03 56 28 0.371201 1
2013 07 27 03 56 29 0.125953 1
2013 07 27 03 56 29 0.881153 1
2013 07 27 03 56 30 0.635905 1
2013 07 27 03 56 31 0.390913 1
2013 07 27 03 56 32 0.145921 1
2013 07 27 03 56 32 0.900865 1
2013 07 27 03 56 33 0.655873 1
2013 07 27 03 56 34 0.410881 1
2013 07 27 03 56 35 0.165889 1
2013 07 27 03 56 35 0.920833 1
2013 07 27 03 56 36 0.675841 1
2013 07 27 03 56 37 0.430849 1
2013 07 27 03 56 38 0.185601 1
2013 07 27 03 56 38 0.940801 1
2013 07 27 03 56 39 0.695553 1
2013 07 27 03 56 40 0.450817 1
2013 07 27 03 56 41 0.205569 1
2013 07 27 03 56 41 0.960769 1
2013 07 27 03 56 42 0.715521 1
2013 07 27 03 56 43 0.470785 1
2013 07 27 03 56 44 0.225537 1
2013 07 27 03 56 44 0.980737 1
2013 07 27 03 56 45 0.735489 1
2013 07 27 03 56 46 0.490497 1
2013 07 27 03 56 47 0.245505 1
2013 07 27 03 56 47 0.748801 1
2013 07 27 03 56 48 0.503809 1
2013 07 27 03 56 49 0.258561 1
2013 07 27 03 56 50 0.013825 1
2013 07 27 03 56 50 0.768513 1
2013 07 27 03 56 51 0.523777 1
2013 07 27 03 56 52 0.278529 1
2013 07 27 03 56 53 0.033793 1
2013 07 27 03 56 53 0.788481 1
2013 07 27 03 56 54 0.543489 1
2013 07 27 03 56 55 0.298497 1
2013 07 27 03 56 56 0.053505 1
2013 07 27 03 56 56 0.808449 1
2013 07 27 03 56 57 0.563457 1
2013 07 27 03 56 58 0.318465 1
2013 07 27 03 56 59 0.073473 1
2013 07 27 03 56 59 0.828417 1
2013 07 27 03 57 00 0.583425 1
2013 07 27 03 57 01 0.338177 1
2013 07 27 03 57 02 0.093441 1
2013 07 27 03 57 02 0.848129 1
2013 07 27 03 57 03 0.603393 1
2013 07 27 03 57 04 0.358145 1
2013 07 27 03 57 05 0.113409 1
2013 07 27 03 57 05 0.868097 1
2013 07 27 03 57 06 0.623361 1
2013 07 27 03 57 07 0.378113 1
2013 07 27 03 57 08 0.133121 1
2013 07 27 03 57 08 0.888065 1
2013 07 27 03 57 09 0.643329 1
2013 07 27 03 57 10 0.397825 1
2013 07 27 03 57 11 0.153089 1
2013 07 27 03 57 11 0.908033 1
2013 07 27 03 57 12 0.663041 1
2013 07 27 03 57 13 0.417793 1
2013 07 27 03 57 14 0.173057 1
2013 07 27 03 57 14 0.927745 1
2013 07 27 03 57 15 0.683009 1
2013 07 27 03 57 16 0.437761 1
2013 07 27 03 57 17 0.193025 1
2013 07 27 03 57 17 0.947713 1
2013 07 27 03 57 18 0.702977 1
2013 07 27 03 57 19 0.457729 1
2013 07 27 03 57 20 0.212737 1
2013 07 27 03 57 20 0.967681 1
2013 07 27 03 57 21 0.471041 1
2013 07 27 03 57 22 0.226049 1
2013 07 27 03 57 22 0.980993 1
2013 07 27 03 57 23 0.736001 1
2013 07 27 03 57 24 0.490753 1
2013 07 27 03 57 25 0.246017 1
2013 07 27 03 57 26 0.000769 1
2013 07 27 03 57 26 0.755969 1
2013 07 27 03 57 27 0.510721 1
2013 07 27 03 57 28 0.265729 1
2013 07 27 03 57 29 0.020737 1
2013 07 27 03 57 29 0.775937 1
2013 07 27 03 57 30 0.530689 1
2013 07 27 03 57 31 0.285697 1
2013 07 27 03 57 32 0.040705 1
2013 07 27 03 57 32 0.795649 1
2013 07 27 03 57 33 0.550401 1
2013 07 27 03 57 34 0.305665 1
2013 07 27 03 57 35 0.060417 1
2013 07 27 03 57 35 0.815617 1
2013 07 27 03 57 36 0.570369 1
2013 07 27 03 57 37 0.325633 1
2013 07 27 03 57 38 0.080385 1
2013 07 27 03 57 38 0.835585 1
2013 07 27 03 57 39 0.590337 1
2013 07 27 03 57 40 0.345345 1
2013 07 27 03 57 41 0.100353 1
2013 07 27 03 57 41 0.855297 1
2013 07 27 03 57 42 0.610305 1
2013 07 27 03 57 43 0.365313 1
2013 07 27 03 57 44 0.120065 1
2013 07 27 03 57 44 0.875265 1
2013 07 27 03 57 45 0.378625 1
2013 07 27 03 57 46 0.133377 1
2013 07 27 03 57 46 0.888577 1
2013 07 27 03 57 47 0.643329 1
2013 07 27 03 57 48 0.398593 1
2013 07 27 03 57 49 0.153345 1
2013 07 27 03 57 49 0.908545 1
2013 07 27 03 57 50 0.663297 1
2013 07 27 03 57 51 0.418305 1
2013 07 27 03 57 52 0.173313 1
2013 07 27 03 57 52 0.928257 1
2013 07 27 03 57 53 0.683265 1
2013 07 27 03 57 54 0.438273 1
2013 07 27 03 57 55 0.193025 1
2013 07 27 03 57 55 0.948225 1
2013 07 27 03 57 56 0.702977 1
2013 07 27 03 57 57 0.458241 1
2013 07 27 03 57 58 0.212993 1
2013 07 27 03 57 58 0.968193 1
2013 07 27 03 57 59 0.722945 1
2013 07 27 03 58 00 0.478209 1
2013 07 27 03 58 01 0.232961 1
2013 07 27 03 58 01 0.988161 1
2013 07 27 03 58 02 0.742913 1
2013 07 27 03 58 03 0.497921 1
2013 07 27 03 58 04 0.252929 1
2013 07 27 03 58 05 0.007937 1
2013 07 27 03 58 05 0.762881 1
2013 07 27 03 58 06 0.517889 1
2013 07 27 03 58 07 0.021249 1
2013 07 27 03 58 07 0.776193 1
2013 07 27 03 58 08 0.531201 1
2013 07 27 03 58 09 0.285953 1
2013 07 27 03 58 10 0.041217 1
2013 07 27 03 58 10 0.795905 1
2013 07 27 03 58 11 0.551169 1
2013 07 27 03 58 12 0.305921 1
2013 07 27 03 58 13 0.061185 1
2013 07 27 03 58 13 0.815873 1
2013 07 27 03 58 14 0.319233 1
2013 07 27 03 58 15 0.074241 1
2013 07 27 03 58 15 0.829185 1
2013 07 27 03 58 16 0.584193 1
2013 07 27 03 58 17 0.339201 1
2013 07 27 03 58 17 0.842497 1
2013 07 27 03 58 18 0.597505 1
2013 07 27 03 58 19 0.352257 1
2013 07 27 03 58 20 0.107521 1
2013 07 27 03 58 20 0.862209 1
2013 07 27 03 58 21 0.617473 1
2013 07 27 03 58 22 0.372225 1
2013 07 27 03 58 23 0.127489 1
2013 07 27 03 58 23 0.882177 1
2013 07 27 03 58 24 0.637441 1
2013 07 27 03 58 25 0.392193 1
2013 07 27 03 58 26 0.147201 1
2013 07 27 03 58 26 0.902145 1
2013 07 27 03 58 27 0.657409 1
2013 07 27 03 58 28 0.412161 1
2013 07 27 03 58 29 0.167169 1
2013 07 27 03 58 29 0.922113 1
2013 07 27 03 58 30 0.677121 1
2013 07 27 03 58 31 0.431873 1
2013 07 27 03 58 32 0.187137 1
2013 07 27 03 58 32 0.941825 1
2013 07 27 03 58 33 0.697089 1
2013 07 27 03 58 34 0.451841 1
2013 07 27 03 58 35 0.207105 1
2013 07 27 03 58 35 0.961793 1
2013 07 27 03 58 36 0.717057 1
2013 07 27 03 58 37 0.471809 1
2013 07 27 03 58 38 0.226817 1
2013 07 27 03 58 38 0.981761 1
2013 07 27 03 58 39 0.736769 1
2013 07 27 03 58 40 0.491777 1
2013 07 27 03 58 41 0.246785 1
2013 07 27 03 58 42 0.001537 1
2013 07 27 03 58 42 0.756737 1
2013 07 27 03 58 43 0.511489 1
2013 07 27 03 58 44 0.266753 1
2013 07 27 03 58 45 0.021505 1
2013 07 27 03 58 45 0.776705 1
2013 07 27 03 58 46 0.531457 1
2013 07 27 03 58 47 0.286721 1
2013 07 27 03 58 48 0.041473 1
2013 07 27 03 58 48 0.796673 1
2013 07 27 03 58 49 0.551425 1
2013 07 27 03 58 50 0.306433 1
2013 07 27 03 58 51 0.061441 1
2013 07 27 03 58 51 0.816385 1
2013 07 27 03 58 52 0.571393 1
2013 07 27 03 58 53 0.326401 1
2013 07 27 03 58 53 0.829697 1
2013 07 27 03 58 54 0.584449 1
2013 07 27 03 58 55 0.339713 1
2013 07 27 03 58 56 0.094465 1
2013 07 27 03 58 56 0.849665 1
2013 07 27 03 58 57 0.604417 1
2013 07 27 03 58 58 0.359681 1
2013 07 27 03 58 59 0.114433 1
2013 07 27 03 58 59 0.869633 1
2013 07 27 03 59 00 0.624385 1
2013 07 27 03 59 01 0.379393 1
2013 07 27 03 59 02 0.134401 1
2013 07 27 03 59 02 0.889345 1
2013 07 27 03 59 03 0.644353 1
2013 07 27 03 59 04 0.399361 1
2013 07 27 03 59 05 0.154113 1
2013 07 27 03 59 05 0.909313 1
2013 07 27 03 59 06 0.664065 1
2013 07 27 03 59 07 0.419329 1
2013 07 27 03 59 08 0.174081 1
2013 07 27 03 59 08 0.929281 1
2013 07 27 03 59 09 0.432641 1
2013 07 27 03 59 10 0.187393 1
2013 07 27 03 59 10 0.942593 1
2013 07 27 03 59 11 0.697345 1
2013 07 27 03 59 12 0.452609 1
2013 07 27 03 59 13 0.207361 1
2013 07 27 03 59 13 0.962305 1
2013 07 27 03 59 14 0.717313 1
2013 07 27 03 59 15 0.472321 1
2013 07 27 03 59 16 0.227073 1
2013 07 27 03 59 16 0.982273 1
2013 07 27 03 59 17 0.737025 1
2013 07 27 03 59 18 0.492289 1
2013 07 27 03 59 19 0.247041 1
2013 07 27 03 59 20 0.002305 1
2013 07 27 03 59 20 0.756993 1
2013 07 27 03 59 21 0.512257 1
2013 07 27 03 59 22 0.267009 1
2013 07 27 03 59 23 0.022017 1
2013 07 27 03 59 23 0.776961 1
2013 07 27 03 59 24 0.531969 1
2013 07 27 03 59 25 0.286977 1
2013 07 27 03 59 25 0.790273 1
2013 07 27 03 59 26 0.545281 1
2013 07 27 03 59 27 0.300033 1
2013 07 27 03 59 28 0.055297 1
2013 07 27 03 59 28 0.809985 1
2013 07 27 03 59 29 0.565249 1
2013 07 27 03 59 30 0.320001 1
2013 07 27 03 59 31 0.075265 1
2013 07 27 03 59 31 0.829953 1
2013 07 27 03 59 32 0.585217 1
2013 07 27 03 59 33 0.339969 1
2013 07 27 03 59 34 0.095233 1
2013 07 27 03 59 34 0.849921 1
2013 07 27 03 59 35 0.604929 1
2013 07 27 03 59 36 0.108289 1
2013 07 27 03 59 36 0.863233 1
2013 07 27 03 59 37 0.618241 1
2013 07 27 03 59 38 0.372993 1
2013 07 27 03 59 39 0.128257 1
2013 07 27 03 59 39 0.882945 1
2013 07 27 03 59 40 0.638209 1
2013 07 27 03 59 41 0.392961 1
2013 07 27 03 59 41 0.896257 1
2013 07 27 03 59 42 0.651521 1
2013 07 27 03 59 43 0.406273 1
2013 07 27 03 59 44 0.161537 1
2013 07 27 03 59 44 0.916225 1
2013 07 27 03 59 45 0.671233 1
2013 07 27 03 59 46 0.426241 1
2013 07 27 03 59 47 0.181249 1
2013 07 27 03 59 47 0.936193 1
2013 07 27 03 59 48 0.691201 1
2013 07 27 03 59 49 0.445953 1
2013 07 27 03 59 50 0.201217 1
2013 07 27 03 59 50 0.955905 1
2013 07 27 03 59 51 0.711169 1
2013 07 27 03 59 52 0.465921 1
2013 07 27 03 59 53 0.221185 1
2013 07 27 03 59 53 0.975873 1
2013 07 27 03 59 54 0.731137 1
2013 07 27 03 59 55 0.485889 1
2013 07 27 03 59 56 0.241153 1
2013 07 27 03 59 56 0.995841 1
2013 07 27 03 59 57 0.751105 1
2013 07 27 03 59 58 0.505857 1
2013 07 27 03 59 59 0.260865 1
2013 07 27 04 00 00 0.015617 1
2013 07 27 04 00 00 0.770817 1
2013 07 27 04 00 01 0.525569 1
2013 07 27 04 00 02 0.280833 1
2013 07 27 04 00 03 0.035585 1
2013 07 27 04 00 03 0.790785 1
2013 07 27 04 00 04 0.545537 1
2013 07 27 04 00 05 0.300801 1
2013 07 27 04 00 06 0.055553 1
2013 07 27 04 00 06 0.810753 1
2013 07 27 04 00 07 0.565505 1
2013 07 27 04 00 08 0.320513 1
2013 07 27 04 00 09 0.075521 1
2013 07 27 04 00 09 0.830465 1
2013 07 27 04 00 10 0.585473 1
2013 07 27 04 00 11 0.088577 1
2013 07 27 04 00 11 0.843777 1
2013 07 27 04 00 12 0.598529 1
2013 07 27 04 00 13 0.353793 1
2013 07 27 04 00 14 0.108545 1
2013 07 27 04 00 14 0.863745 1
2013 07 27 04 00 15 0.618497 1
2013 07 27 04 00 16 0.373761 1
2013 07 27 04 00 17 0.128513 1
2013 07 27 04 00 17 0.883713 1
2013 07 27 04 00 18 0.638465 1
2013 07 27 04 00 19 0.393729 1
2013 07 27 04 00 20 0.148481 1
2013 07 27 04 00 20 0.903681 1
2013 07 27 04 00 21 0.658433 1
2013 07 27 04 00 22 0.413441 1
2013 07 27 04 00 23 0.168193 1
2013 07 27 04 00 23 0.923393 1
2013 07 27 04 00 24 0.678145 1
2013 07 27 04 00 25 0.433409 1
2013 07 27 04 00 26 0.188161 1
2013 07 27 04 00 26 0.943361 1
2013 07 27 04 00 27 0.698113 1
2013 07 27 04 00 28 0.453377 1
2013 07 27 04 00 29 0.208129 1
2013 07 27 04 00 29 0.963329 1
2013 07 27 04 00 30 0.466433 1
2013 07 27 04 00 31 0.221441 1
2013 07 27 04 00 31 0.976385 1
2013 07 27 04 00 32 0.731393 1
2013 07 27 04 00 33 0.486401 1
2013 07 27 04 00 34 0.241409 1
2013 07 27 04 00 34 0.996353 1
2013 07 27 04 00 35 0.751361 1
2013 07 27 04 00 36 0.506369 1
2013 07 27 04 00 37 0.261121 1
2013 07 27 04 00 38 0.016385 1
2013 07 27 04 00 38 0.771073 1
2013 07 27 04 00 39 0.526337 1
2013 07 27 04 00 40 0.281089 1
2013 07 27 04 00 41 0.036353 1
2013 07 27 04 00 41 0.791041 1
2013 07 27 04 00 42 0.546305 1
2013 07 27 04 00 43 0.301057 1
2013 07 27 04 00 43 0.804353 1
2013 07 27 04 00 44 0.559361 1
2013 07 27 04 00 45 0.314369 1
2013 07 27 04 00 46 0.069377 1
2013 07 27 04 00 46 0.824321 1
2013 07 27 04 00 47 0.579329 1
2013 07 27 04 00 48 0.334081 1
2013 07 27 04 00 49 0.089345 1
2013 07 27 04 00 49 0.844033 1
2013 07 27 04 00 50 0.599297 1
2013 07 27 04 00 51 0.102401 1
2013 07 27 04 00 51 0.857345 1
2013 07 27 04 00 52 0.612609 1
2013 07 27 04 00 53 0.367361 1
2013 07 27 04 00 54 0.122369 1
2013 07 27 04 00 54 0.625921 1
2013 07 27 04 00 55 0.380673 1
2013 07 27 04 00 56 0.135681 1
2013 07 27 04 00 56 0.890625 1
2013 07 27 04 00 57 0.645633 1
2013 07 27 04 00 58 0.400385 1
2013 07 27 04 00 59 0.155649 1
2013 07 27 04 00 59 0.910337 1
2013 07 27 04 01 00 0.665601 1
2013 07 27 04 01 01 0.420353 1
2013 07 27 04 01 02 0.175617 1
2013 07 27 04 01 02 0.930305 1
2013 07 27 04 01 03 0.685569 1
2013 07 27 04 01 04 0.440321 1
2013 07 27 04 01 05 0.195329 1
2013 07 27 04 01 05 0.950273 1
2013 07 27 04 01 06 0.705281 1
2013 07 27 04 01 07 0.460289 1
2013 07 27 04 01 08 0.215297 1
2013 07 27 04 01 08 0.970241 1
2013 07 27 04 01 09 0.725249 1
2013 07 27 04 01 10 0.480001 1
2013 07 27 04 01 11 0.235265 1
2013 07 27 04 01 11 0.989953 1
2013 07 27 04 01 12 0.493313 1
2013 07 27 04 01 13 0.248577 1
2013 07 27 04 01 14 0.003329 1
2013 07 27 04 01 14 0.758529 1
2013 07 27 04 01 15 0.513281 1
2013 07 27 04 01 16 0.268289 1
2013 07 27 04 01 17 0.023297 1
2013 07 27 04 01 17 0.526593 1
2013 07 27 04 01 18 0.281601 1
2013 07 27 04 01 19 0.036353 1
2013 07 27 04 01 19 0.791553 1
2013 07 27 04 01 20 0.546305 1
2013 07 27 04 01 21 0.301569 1
2013 07 27 04 01 22 0.056321 1
2013 07 27 04 01 22 0.811521 1
2013 07 27 04 01 23 0.566273 1
2013 07 27 04 01 24 0.321537 1
2013 07 27 04 01 25 0.076289 1
2013 07 27 04 01 25 0.831489 1
2013 07 27 04 01 26 0.586241 1
2013 07 27 04 01 27 0.341249 1
2013 07 27 04 01 28 0.096257 1
2013 07 27 04 01 28 0.851201 1
2013 07 27 04 01 29 0.606209 1
2013 07 27 04 01 30 0.361217 1
2013 07 27 04 01 31 0.115969 1
2013 07 27 04 01 31 0.871169 1
2013 07 27 04 01 32 0.625921 1
2013 07 27 04 01 33 0.381185 1
2013 07 27 04 01 34 0.135937 1
2013 07 27 04 01 34 0.891137 1
2013 07 27 04 01 35 0.645889 1
2013 07 27 04 01 36 0.401153 1
2013 07 27 04 01 37 0.155905 1
2013 07 27 04 01 37 0.911105 1
2013 07 27 04 01 38 0.665857 1
2013 07 27 04 01 39 0.421121 1
2013 07 27 04 01 40 0.175873 1
2013 07 27 04 01 40 0.931073 1
2013 07 27 04 01 41 0.685825 1
2013 07 27 04 01 42 0.189185 1
2013 07 27 04 01 42 0.944129 1
2013 07 27 04 01 43 0.698881 1
2013 07 27 04 01 44 0.454145 1
2013 07 27 04 01 45 0.208897 1
2013 07 27 04 01 45 0.964097 1
2013 07 27 04 01 46 0.718849 1
2013 07 27 04 01 47 0.474113 1
2013 07 27 04 01 48 0.228865 1
2013 07 27 04 01 48 0.732161 1
2013 07 27 04 01 49 0.487425 1
2013 07 27 04 01 50 0.242177 1
2013 07 27 04 01 50 0.997121 1
2013 07 27 04 01 51 0.752129 1
2013 07 27 04 01 52 0.507137 1
2013 07 27 04 01 53 0.262145 1
2013 07 27 04 01 54 0.017153 1
2013 07 27 04 01 54 0.772097 1
2013 07 27 04 01 55 0.527105 1
2013 07 27 04 01 56 0.281857 1
2013 07 27 04 01 57 0.037121 1
2013 07 27 04 01 57 0.791809 1
2013 07 27 04 01 58 0.547073 1
2013 07 27 04 01 59 0.301825 1
2013 07 27 04 02 00 0.056833 1
2013 07 27 04 02 00 0.811777 1
2013 07 27 04 02 01 0.566785 1
2013 07 27 04 02 02 0.321793 1
2013 07 27 04 02 03 0.076801 1
2013 07 27 04 02 03 0.831745 1
2013 07 27 04 02 04 0.586753 1
2013 07 27 04 02 05 0.341761 1
2013 07 27 04 02 06 0.096769 1
2013 07 27 04 02 06 0.851457 1
2013 07 27 04 02 07 0.606721 1
2013 07 27 04 02 08 0.361473 1
2013 07 27 04 02 09 0.116737 1
2013 07 27 04 02 09 0.871425 1
2013 07 27 04 02 10 0.626689 1
2013 07 27 04 02 11 0.381441 1
2013 07 27 04 02 12 0.136449 1
2013 07 27 04 02 12 0.891393 1
2013 07 27 04 02 13 0.646657 1
2013 07 27 04 02 14 0.401409 1
2013 07 27 04 02 15 0.156417 1
2013 07 27 04 02 15 0.911361 1
2013 07 27 04 02 16 0.666369 1
2013 07 27 04 02 17 0.421121 1
2013 07 27 04 02 18 0.176385 1
2013 07 27 04 02 18 0.931073 1
2013 07 27 04 02 19 0.686337 1
2013 07 27 04 02 20 0.441089 1
2013 07 27 04 02 21 0.196353 1
2013 07 27 04 02 21 0.699649 1
2013 07 27 04 02 22 0.454401 1
2013 07 27 04 02 23 0.209409 1
2013 07 27 04 02 23 0.964353 1
2013 07 27 04 02 24 0.719617 1
2013 07 27 04 02 25 0.474369 1
2013 07 27 04 02 26 0.229377 1
2013 07 27 04 02 26 0.984321 1
2013 07 27 04 02 27 0.739329 1
2013 07 27 04 02 28 0.494337 1
2013 07 27 04 02 29 0.249345 1
2013 07 27 04 02 30 0.004097 1
2013 07 27 04 02 30 0.759297 1
2013 07 27 04 02 31 0.514049 1
2013 07 27 04 02 32 0.269313 1
2013 07 27 04 02 33 0.024065 1
2013 07 27 04 02 33 0.779265 1
2013 07 27 04 02 34 0.534017 1
2013 07 27 04 02 35 0.289025 1
2013 07 27 04 02 36 0.044033 1
2013 07 27 04 02 36 0.798977 1
2013 07 27 04 02 37 0.553985 1
2013 07 27 04 02 38 0.308993 1
2013 07 27 04 02 39 0.063745 1
2013 07 27 04 02 39 0.818945 1
2013 07 27 04 02 40 0.573697 1
2013 07 27 04 02 41 0.328961 1
2013 07 27 04 02 42 0.083713 1
2013 07 27 04 02 42 0.587009 1
2013 07 27 04 02 43 0.342273 1
2013 07 27 04 02 44 0.097025 1
2013 07 27 04 02 44 0.852225 1
2013 07 27 04 02 45 0.606977 1
2013 07 27 04 02 46 0.362241 1
2013 07 27 04 02 47 0.116993 1
2013 07 27 04 02 47 0.872193 1
2013 07 27 04 02 48 0.626945 1
2013 07 27 04 02 49 0.381953 1
2013 07 27 04 02 50 0.136705 1
2013 07 27 04 02 50 0.891905 1
2013 07 27 04 02 51 0.646657 1
2013 07 27 04 02 52 0.401921 1
2013 07 27 04 02 53 0.156673 1
2013 07 27 04 02 53 0.911873 1
2013 07 27 04 02 54 0.666625 1
2013 07 27 04 02 55 0.421889 1
2013 07 27 04 02 56 0.176641 1
2013 07 27 04 02 56 0.931841 1
2013 07 27 04 02 57 0.686593 1
2013 07 27 04 02 58 0.441601 1
2013 07 27 04 02 59 0.196609 1
2013 07 27 04 02 59 0.951553 1
2013 07 27 04 03 00 0.706561 1
2013 07 27 04 03 01 0.461825 1
2013 07 27 04 03 02 0.216321 1
2013 07 27 04 03 02 0.971521 1
2013 07 27 04 03 03 0.726273 1
2013 07 27 04 03 04 0.481537 1
2013 07 27 04 03 05 0.236289 1
2013 07 27 04 03 05 0.991489 1
2013 07 27 04 03 06 0.746241 1
2013 07 27 04 03 07 0.501505 1
2013 07 27 04 03 08 0.256257 1
2013 07 27 04 03 09 0.011521 1
2013 07 27 04 03 09 0.766209 1
2013 07 27 04 03 10 0.521473 1
2013 07 27 04 03 11 0.276225 1
2013 07 27 04 03 12 0.031233 1
2013 07 27 04 03 12 0.786177 1
2013 07 27 04 03 13 0.541185 1
2013 07 27 04 03 14 0.295937 1
2013 07 27 04 03 15 0.051201 1
2013 07 27 04 03 15 0.805889 1
2013 07 27 04 03 16 0.561153 1
2013 07 27 04 03 17 0.315905 1
2013 07 27 04 03 18 0.071169 1
2013 07 27 04 03 18 0.825857 1
2013 07 27 04 03 19 0.581121 1
2013 07 27 04 03 20 0.335873 1
2013 07 27 04 03 21 0.090881 1
2013 07 27 04 03 21 0.845825 1
2013 07 27 04 03 22 0.600833 1
2013 07 27 04 03 23 0.355841 1
2013 07 27 04 03 24 0.110849 1
2013 07 27 04 03 24 0.865793 1
2013 07 27 04 03 25 0.620801 1
2013 07 27 04 03 26 0.375553 1
2013 07 27 04 03 27 0.130817 1
2013 07 27 04 03 27 0.885505 1
2013 07 27 04 03 28 0.640769 1
2013 07 27 04 03 29 0.395521 1
2013 07 27 04 03 30 0.150529 1
2013 07 27 04 03 30 0.905473 1
2013 07 27 04 03 31 0.660481 1
2013 07 27 04 03 32 0.415489 1
2013 07 27 04 03 33 0.170497 1
2013 07 27 04 03 33 0.925441 1
2013 07 27 04 03 34 0.680449 1
2013 07 27 04 03 35 0.435457 1
2013 07 27 04 03 36 0.190465 1
2013 07 27 04 03 36 0.945409 1
2013 07 27 04 03 37 0.700417 1
2013 07 27 04 03 38 0.455169 1
2013 07 27 04 03 39 0.210433 1
2013 07 27 04 03 39 0.713729 1
2013 07 27 04 03 40 0.468481 1
2013 07 27 04 03 41 0.223745 1
2013 07 27 04 03 41 0.978433 1
2013 07 27 04 03 42 0.733697 1
2013 07 27 04 03 43 0.488449 1
2013 07 27 04 03 44 0.243457 1
2013 07 27 04 03 44 0.998401 1
2013 07 27 04 03 45 0.753409 1
2013 07 27 04 03 46 0.508417 1
2013 07 27 04 03 47 0.263425 1
2013 07 27 04 03 48 0.018177 1
2013 07 27 04 03 48 0.773377 1
2013 07 27 04 03 49 0.528129 1
2013 07 27 04 03 50 0.283393 1
2013 07 27 04 03 51 0.038145 1
2013 07 27 04 03 51 0.793345 1
2013 07 27 04 03 52 0.548097 1
2013 07 27 04 03 53 0.303105 1
2013 07 27 04 03 54 0.058113 1
2013 07 27 04 03 54 0.813313 1
2013 07 27 04 03 55 0.568065 1
2013 07 27 04 03 56 0.323073 1
2013 07 27 04 03 57 0.078081 1
2013 07 27 04 03 57 0.833025 1
2013 07 27 04 03 58 0.588033 1
2013 07 27 04 03 59 0.343041 1
2013 07 27 04 04 00 0.097793 1
2013 07 27 04 04 00 0.852993 1
2013 07 27 04 04 01 0.607745 1
2013 07 27 04 04 02 0.363009 1
2013 07 27 04 04 03 0.117761 1
2013 07 27 04 04 03 0.621057 1
2013 07 27 04 04 04 0.376321 1
2013 07 27 04 04 05 0.131073 1
2013 07 27 04 04 05 0.886273 1
2013 07 27 04 04 06 0.641025 1
2013 07 27 04 04 07 0.396033 1
2013 07 27 04 04 08 0.151041 1
2013 07 27 04 04 08 0.905985 1
2013 07 27 04 04 09 0.660993 1
2013 07 27 04 04 10 0.416001 1
2013 07 27 04 04 11 0.170753 1
2013 07 27 04 04 11 0.925953 1
2013 07 27 04 04 12 0.680705 1
2013 07 27 04 04 13 0.435969 1
2013 07 27 04 04 14 0.190721 1
2013 07 27 04 04 14 0.945921 1
2013 07 27 04 04 15 0.700673 1
2013 07 27 04 04 16 0.455937 1
2013 07 27 04 04 17 0.210689 1
2013 07 27 04 04 17 0.965889 1
2013 07 27 04 04 18 0.720641 1
2013 07 27 04 04 19 0.475905 1
2013 07 27 04 04 20 0.230657 1
2013 07 27 04 04 20 0.985601 1
2013 07 27 04 04 21 0.740609 1
2013 07 27 04 04 22 0.495617 1
2013 07 27 04 04 23 0.250369 1
2013 07 27 04 04 24 0.005633 1
2013 07 27 04 04 24 0.760321 1
2013 07 27 04 04 25 0.515585 1
2013 07 27 04 04 26 0.270337 1
2013 07 27 04 04 27 0.025345 1
2013 07 27 04 04 27 0.780289 1
2013 07 27 04 04 28 0.535297 1
2013 07 27 04 04 29 0.290305 1
2013 07 27 04 04 30 0.045313 1
2013 07 27 04 04 30 0.800257 1
2013 07 27 04 04 31 0.303617 1
2013 07 27 04 04 32 0.058625 1
2013 07 27 04 04 32 0.813569 1
2013 07 27 04 04 33 0.568577 1
2013 07 27 04 04 34 0.323329 1
2013 07 27 04 04 35 0.078593 1
2013 07 27 04 04 35 0.833281 1
2013 07 27 04 04 36 0.588545 1
2013 07 27 04 04 37 0.343297 1
2013 07 27 04 04 38 0.098561 1
2013 07 27 04 04 38 0.853249 1
2013 07 27 04 04 39 0.608513 1
2013 07 27 04 04 40 0.363265 1
2013 07 27 04 04 41 0.118273 1
2013 07 27 04 04 41 0.873217 1
2013 07 27 04 04 42 0.628225 1
2013 07 27 04 04 43 0.383233 1
2013 07 27 04 04 43 0.886529 1
2013 07 27 04 04 44 0.641537 1
2013 07 27 04 04 45 0.396289 1
2013 07 27 04 04 46 0.151553 1
2013 07 27 04 04 46 0.906241 1
2013 07 27 04 04 47 0.661505 1
2013 07 27 04 04 48 0.416257 1
2013 07 27 04 04 49 0.171265 1
2013 07 27 04 04 49 0.926209 1
2013 07 27 04 04 50 0.681217 1
2013 07 27 04 04 51 0.436225 1
2013 07 27 04 04 52 0.191233 1
2013 07 27 04 04 52 0.946177 1
2013 07 27 04 04 53 0.701441 1
2013 07 27 04 04 54 0.456193 1
2013 07 27 04 04 55 0.211201 1
2013 07 27 04 04 55 0.966145 1
2013 07 27 04 04 56 0.721153 1
2013 07 27 04 04 57 0.475905 1
2013 07 27 04 04 58 0.231169 1
2013 07 27 04 04 58 0.985857 1
2013 07 27 04 04 59 0.741121 1
2013 07 27 04 05 00 0.495873 1
2013 07 27 04 05 01 0.251137 1
2013 07 27 04 05 02 0.005889 1
2013 07 27 04 05 02 0.761089 1
2013 07 27 04 05 03 0.515841 1
2013 07 27 04 05 04 0.270849 1
2013 07 27 04 05 05 0.025857 1
2013 07 27 04 05 05 0.780801 1
2013 07 27 04 05 06 0.535809 1
2013 07 27 04 05 07 0.038913 1
2013 07 27 04 05 07 0.794113 1
2013 07 27 04 05 08 0.548865 1
2013 07 27 04 05 09 0.304129 1
2013 07 27 04 05 10 0.058881 1
2013 07 27 04 05 10 0.814081 1
2013 07 27 04 05 11 0.568833 1
2013 07 27 04 05 12 0.324097 1
2013 07 27 04 05 12 0.827393 1
2013 07 27 04 05 13 0.582145 1
2013 07 27 04 05 14 0.337409 1
2013 07 27 04 05 15 0.092161 1
2013 07 27 04 05 15 0.595457 1
2013 07 27 04 05 15 0.847361 1
2013 07 27 04 05 16 0.098817 1
2013 07 27 04 05 16 0.350465 1
2013 07 27 04 05 16 0.854017 1
2013 07 27 04 05 17 0.357121 1
2013 07 27 04 05 17 0.860417 1
2013 07 27 04 05 18 0.111873 1
2013 07 27 04 05 18 0.615169 1
2013 07 27 04 05 19 0.118529 1
2013 07 27 04 05 19 0.370433 1
2013 07 27 04 05 19 0.873729 1
2013 07 27 04 05 20 0.125185 1
2013 07 27 04 05 20 0.628481 1
2013 07 27 04 05 21 0.131841 1
2013 07 27 04 05 21 0.635137 1
2013 07 27 04 05 21 0.887041 1
2013 07 27 04 05 22 0.390401 1
2013 07 27 04 05 22 0.641793 1
2013 07 27 04 05 23 0.145153 1
2013 07 27 04 05 23 0.648449 1
2013 07 27 04 05 24 0.151809 1
2013 07 27 04 05 24 0.403457 1
2013 07 27 04 05 24 0.907009 1
2013 07 27 04 05 25 0.410113 1
2013 07 27 04 05 25 0.661761 1
2013 07 27 04 05 26 0.165121 1
2013 07 27 04 05 26 0.416769 1
2013 07 27 04 05 26 0.920065 1
2013 07 27 04 05 27 0.423425 1
2013 07 27 04 05 27 0.926721 1
2013 07 27 04 05 28 0.178433 1
2013 07 27 04 05 28 0.681729 1
2013 07 27 04 05 29 0.184833 1
2013 07 27 04 05 29 0.436737 1
2013 07 27 04 05 29 0.940033 1
2013 07 27 04 05 30 0.443393 1
2013 07 27 04 05 30 0.946689 1
2013 07 27 04 05 31 0.198145 1
2013 07 27 04 05 31 0.701441 1
2013 07 27 04 05 32 0.204801 1
2013 07 27 04 05 32 0.456705 1
2013 07 27 04 05 32 0.960001 1
2013 07 27 04 05 33 0.463361 1
2013 07 27 04 05 33 0.714753 1
2013 07 27 04 05 34 0.218113 1
2013 07 27 04 05 34 0.721409 1
2013 07 27 04 05 35 0.224769 1
2013 07 27 04 05 35 0.476673 1
2013 07 27 04 05 35 0.979969 1
2013 07 27 04 05 36 0.231425 1
2013 07 27 04 05 36 0.734721 1
2013 07 27 04 05 37 0.238081 1
2013 07 27 04 05 37 0.741377 1
2013 07 27 04 05 37 0.993281 1
2013 07 27 04 05 38 0.496385 1
2013 07 27 04 05 38 0.999681 1
2013 07 27 04 05 39 0.251393 1
2013 07 27 04 05 39 0.754689 1
2013 07 27 04 05 40 0.257793 1
2013 07 27 04 05 40 0.761345 1
2013 07 27 04 05 41 0.013057 1
2013 07 27 04 05 41 0.516353 1
2013 07 27 04 05 41 0.767745 1
2013 07 27 04 05 42 0.271105 1
2013 07 27 04 05 42 0.774401 1
2013 07 27 04 05 43 0.026369 1
2013 07 27 04 05 43 0.529665 1
2013 07 27 04 05 44 0.033025 1
2013 07 27 04 05 44 0.536321 1
2013 07 27 04 05 44 0.787713 1
2013 07 27 04 05 45 0.291073 1
2013 07 27 04 05 45 0.542977 1
2013 07 27 04 05 46 0.046081 1
2013 07 27 04 05 46 0.549633 1
2013 07 27 04 05 47 0.052737 1
2013 07 27 04 05 47 0.304385 1
2013 07 27 04 05 47 0.807681 1
2013 07 27 04 05 48 0.059393 1
2013 07 27 04 05 48 0.562689 1
2013 07 27 04 05 49 0.066049 1
2013 07 27 04 05 49 0.317697 1
2013 07 27 04 05 49 0.820993 1
2013 07 27 04 05 50 0.324353 1
2013 07 27 04 05 50 0.827649 1
2013 07 27 04 05 51 0.079361 1
2013 07 27 04 05 51 0.582657 1
2013 07 27 04 05 51 0.834305 1
2013 07 27 04 05 52 0.337409 1
2013 07 27 04 05 52 0.840705 1
2013 07 27 04 05 53 0.344065 1
2013 07 27 04 05 53 0.595969 1
2013 07 27 04 05 54 0.099329 1
2013 07 27 04 05 54 0.602625 1
2013 07 27 04 05 54 0.854017 1
2013 07 27 04 05 55 0.357377 1
2013 07 27 04 05 55 0.860673 1
2013 07 27 04 05 56 0.364033 1
2013 07 27 04 05 56 0.615937 1
2013 07 27 04 05 57 0.119297 1
2013 07 27 04 05 57 0.622593 1
2013 07 27 04 05 57 0.873985 1
2013 07 27 04 05 58 0.377345 1
2013 07 27 04 05 58 0.880641 1
2013 07 27 04 05 59 0.384001 1
2013 07 27 04 05 59 0.635905 1
2013 07 27 04 06 00 0.139009 1
2013 07 27 04 06 00 0.642561 1
2013 07 27 04 06 00 0.893953 1
2013 07 27 04 06 01 0.397313 1
2013 07 27 04 06 01 0.900609 1
2013 07 27 04 06 02 0.403969 1
2013 07 27 04 06 02 0.907265 1
2013 07 27 04 06 03 0.410369 1
2013 07 27 04 06 03 0.913921 1
2013 07 27 04 06 04 0.417025 1
2013 07 27 04 06 04 0.668929 1
2013 07 27 04 06 05 0.172289 1
2013 07 27 04 06 05 0.675585 1
2013 07 27 04 06 06 0.178945 1
2013 07 27 04 06 06 0.682241 1
2013 07 27 04 06 07 0.185601 1
2013 07 27 04 06 07 0.436993 1
2013 07 27 04 06 08 0.192257 1
2013 07 27 04 06 08 0.695553 1
