2013 06 29 03 53 00 0.660884 
2013 06 29 03 53 01 0.667674 
2013 06 29 03 53 02 0.674247 
2013 06 29 03 53 03 0.680876 
2013 06 29 03 53 04 0.939029 
2013 06 29 03 53 05 0.945665 
2013 06 29 03 53 06 0.952288 
2013 06 29 03 53 07 0.958933 
2013 06 29 03 53 08 0.965551 
2013 06 29 03 53 09 0.972181 
2013 06 29 03 53 11 0.230655 
2013 06 29 03 53 12 0.488760 
2013 06 29 03 53 13 0.495440 
2013 06 29 03 53 14 0.502041 
2013 06 29 03 53 15 0.508653 
2013 06 29 03 53 16 0.515309 
2013 06 29 03 53 17 0.521913 
2013 06 29 03 53 18 0.528544 
2013 06 29 03 53 19 0.535180 
2013 06 29 03 53 20 0.541807 
2013 06 29 03 53 21 0.548438 
2013 06 29 03 53 22 0.555058 
2013 06 29 03 53 23 0.561690 
2013 06 29 03 53 24 0.568319 
2013 06 29 03 53 25 0.574959 
2013 06 29 03 53 27 0.084901 
2013 06 29 03 53 28 0.091531 
2013 06 29 03 53 28 0.846645 
2013 06 29 03 53 29 0.853283 
2013 06 29 03 53 30 0.859905 
2013 06 29 03 53 32 0.118062 
2013 06 29 03 53 33 0.124691 
2013 06 29 03 53 34 0.383172 
2013 06 29 03 53 35 0.641270 
2013 06 29 03 53 36 0.647909 
2013 06 29 03 53 37 0.654528 
2013 06 29 03 53 39 0.416336 
2013 06 29 03 53 40 0.422980 
2013 06 29 03 53 41 0.429597 
2013 06 29 03 53 42 0.436160 
2013 06 29 03 53 43 0.190998 
2013 06 29 03 53 44 0.197627 
2013 06 29 03 53 45 0.456053 
2013 06 29 03 53 46 0.210890 
2013 06 29 03 53 47 0.469322 
2013 06 29 03 53 48 0.475969 
2013 06 29 03 53 49 0.482579 
2013 06 29 03 53 50 0.489216 
2013 06 29 03 53 51 0.495839 
2013 06 29 03 53 51 0.999161 
2013 06 29 03 53 53 0.005851 
2013 06 29 03 53 54 0.012480 
2013 06 29 03 53 55 0.522403 
2013 06 29 03 53 56 0.529050 
2013 06 29 03 53 57 0.535658 
2013 06 29 03 53 59 0.045577 
2013 06 29 03 54 00 0.052201 
2013 06 29 03 54 01 0.058887 
2013 06 29 03 54 02 0.065471 
2013 06 29 03 54 03 0.323619 
2013 06 29 03 54 04 0.078768 
2013 06 29 03 54 05 0.336882 
2013 06 29 03 54 06 0.343517 
2013 06 29 03 54 07 0.350170 
2013 06 29 03 54 08 0.608641 
2013 06 29 03 54 09 0.615238 
2013 06 29 03 54 10 0.621868 
2013 06 29 03 54 11 0.628498 
2013 06 29 03 54 12 0.886616 
2013 06 29 03 54 13 0.893242 
2013 06 29 03 54 14 0.648540 
2013 06 29 03 54 15 0.654982 
2013 06 29 03 54 16 0.661611 
2013 06 29 03 54 17 0.668245 
2013 06 29 03 54 18 0.674875 
2013 06 29 03 54 20 0.184836 
2013 06 29 03 54 21 0.191458 
2013 06 29 03 54 22 0.198084 
2013 06 29 03 54 23 0.204785 
2013 06 29 03 54 24 0.211414 
2013 06 29 03 54 25 0.218052 
2013 06 29 03 54 26 0.224675 
2013 06 29 03 54 27 0.231302 
2013 06 29 03 54 28 0.237908 
2013 06 29 03 54 29 0.244561 
2013 06 29 03 54 30 0.502659 
2013 06 29 03 54 31 0.509290 
2013 06 29 03 54 32 0.515915 
2013 06 29 03 54 34 0.025860 
2013 06 29 03 54 35 0.032495 
2013 06 29 03 54 36 0.039126 
2013 06 29 03 54 37 0.045757 
2013 06 29 03 54 38 0.052388 
2013 06 29 03 54 38 0.555701 
2013 06 29 03 54 39 0.562333 
2013 06 29 03 54 40 0.568963 
2013 06 29 03 54 42 0.078910 
2013 06 29 03 54 43 0.085557 
2013 06 29 03 54 44 0.092174 
2013 06 29 03 54 45 0.098814 
2013 06 29 03 54 46 0.105441 
2013 06 29 03 54 47 0.867215 
2013 06 29 03 54 48 0.873862 
2013 06 29 03 54 49 0.880523 
2013 06 29 03 54 50 0.887127 
2013 06 29 03 54 51 0.641910 
2013 06 29 03 54 52 0.648533 
2013 06 29 03 54 53 0.906964 
2013 06 29 03 54 55 0.165114 
2013 06 29 03 54 56 0.171746 
2013 06 29 03 54 57 0.178374 
2013 06 29 03 54 58 0.436799 
2013 06 29 03 54 59 0.443430 
2013 06 29 03 55 00 0.450058 
2013 06 29 03 55 01 0.456695 
2013 06 29 03 55 02 0.463397 
2013 06 29 03 55 03 0.470000 
2013 06 29 03 55 04 0.476645 
2013 06 29 03 55 05 0.483294 
2013 06 29 03 55 06 0.741373 
2013 06 29 03 55 07 0.748004 
2013 06 29 03 55 09 0.006492 
2013 06 29 03 55 10 0.264582 
2013 06 29 03 55 11 0.271214 
2013 06 29 03 55 12 0.277848 
2013 06 29 03 55 13 0.284470 
2013 06 29 03 55 14 0.291098 
2013 06 29 03 55 15 0.297732 
2013 06 29 03 55 16 0.052841 
2013 06 29 03 55 17 0.310993 
2013 06 29 03 55 18 0.317624 
2013 06 29 03 55 19 0.576050 
2013 06 29 03 55 20 0.582682 
2013 06 29 03 55 21 0.589309 
2013 06 29 03 55 22 0.596010 
2013 06 29 03 55 23 0.854097 
2013 06 29 03 55 24 0.860731 
2013 06 29 03 55 25 0.867362 
2013 06 29 03 55 27 0.125841 
2013 06 29 03 55 28 0.132489 
2013 06 29 03 55 29 0.139083 
2013 06 29 03 55 30 0.649068 
2013 06 29 03 55 31 0.403830 
2013 06 29 03 55 32 0.913808 
2013 06 29 03 55 33 0.920404 
2013 06 29 03 55 35 0.178830 
2013 06 29 03 55 36 0.185459 
2013 06 29 03 55 37 0.192088 
2013 06 29 03 55 38 0.198723 
2013 06 29 03 55 39 0.205353 
2013 06 29 03 55 40 0.211981 
2013 06 29 03 55 41 0.218613 
2013 06 29 03 55 42 0.225243 
2013 06 29 03 55 43 0.483402 
2013 06 29 03 55 44 0.490037 
2013 06 29 03 55 45 0.496659 
2013 06 29 03 55 47 0.006611 
2013 06 29 03 55 47 0.509926 
2013 06 29 03 55 48 0.516554 
2013 06 29 03 55 49 0.523189 
2013 06 29 03 55 50 0.529820 
2013 06 29 03 55 51 0.536451 
2013 06 29 03 55 53 0.298183 
2013 06 29 03 55 54 0.304811 
2013 06 29 03 55 55 0.311450 
2013 06 29 03 55 56 0.318077 
2013 06 29 03 55 57 0.324713 
2013 06 29 03 55 58 0.582860 
2013 06 29 03 56 00 0.092806 
2013 06 29 03 56 00 0.596121 
2013 06 29 03 56 01 0.602759 
2013 06 29 03 56 02 0.609390 
2013 06 29 03 56 03 0.616016 
2013 06 29 03 56 04 0.622648 
2013 06 29 03 56 06 0.132600 
2013 06 29 03 56 07 0.139229 
2013 06 29 03 56 08 0.145862 
2013 06 29 03 56 09 0.152489 
2013 06 29 03 56 10 0.410988 
2013 06 29 03 56 11 0.417610 
2013 06 29 03 56 12 0.424251 
2013 06 29 03 56 13 0.430792 
2013 06 29 03 56 14 0.437435 
2013 06 29 03 56 15 0.444062 
2013 06 29 03 56 16 0.702214 
2013 06 29 03 56 17 0.708848 
2013 06 29 03 56 18 0.967272 
2013 06 29 03 56 20 0.225430 
2013 06 29 03 56 21 0.735374 
2013 06 29 03 56 22 0.490509 
2013 06 29 03 56 23 0.748659 
2013 06 29 03 56 24 0.503749 
2013 06 29 03 56 25 0.510389 
2013 06 29 03 56 26 0.517005 
2013 06 29 03 56 27 0.775154 
2013 06 29 03 56 28 0.781787 
2013 06 29 03 56 30 0.040224 
2013 06 29 03 56 31 0.298361 
2013 06 29 03 56 32 0.304990 
2013 06 29 03 56 33 0.311632 
2013 06 29 03 56 34 0.570113 
2013 06 29 03 56 35 0.073424 
2013 06 29 03 56 36 0.080032 
2013 06 29 03 56 37 0.086687 
2013 06 29 03 56 38 0.344784 
2013 06 29 03 56 39 0.099939 
2013 06 29 03 56 40 0.609862 
2013 06 29 03 56 41 0.616515 
2013 06 29 03 56 42 0.874625 
2013 06 29 03 56 44 0.133046 
2013 06 29 03 56 45 0.139670 
2013 06 29 03 56 46 0.146304 
2013 06 29 03 56 47 0.152939 
2013 06 29 03 56 48 0.159568 
2013 06 29 03 56 48 0.662885 
2013 06 29 03 56 49 0.669521 
2013 06 29 03 56 50 0.927663 
2013 06 29 03 56 51 0.934295 
2013 06 29 03 56 52 0.940942 
2013 06 29 03 56 54 0.450880 
2013 06 29 03 56 55 0.457514 
2013 06 29 03 56 56 0.464137 
2013 06 29 03 56 57 0.722595 
2013 06 29 03 56 58 0.477403 
2013 06 29 03 56 59 0.735888 
2013 06 29 03 57 00 0.742517 
2013 06 29 03 57 02 0.000611 
2013 06 29 03 57 03 0.007237 
2013 06 29 03 57 04 0.013866 
2013 06 29 03 57 05 0.020493 
2013 06 29 03 57 05 0.775610 
2013 06 29 03 57 07 0.537071 
2013 06 29 03 57 08 0.543700 
2013 06 29 03 57 09 0.550331 
2013 06 29 03 57 10 0.556961 
2013 06 29 03 57 11 0.312092 
2013 06 29 03 57 12 0.066909 
2013 06 29 03 57 13 0.073553 
2013 06 29 03 57 14 0.583491 
2013 06 29 03 57 15 0.590128 
2013 06 29 03 57 16 0.596754 
2013 06 29 03 57 17 0.603384 
2013 06 29 03 57 18 0.861876 
2013 06 29 03 57 19 0.868469 
2013 06 29 03 57 20 0.875113 
2013 06 29 03 57 21 0.881764 
2013 06 29 03 57 22 0.888343 
2013 06 29 03 57 23 0.643164 
2013 06 29 03 57 24 0.398274 
2013 06 29 03 57 25 0.908220 
2013 06 29 03 57 26 0.914854 
2013 06 29 03 57 27 0.921502 
2013 06 29 03 57 29 0.179632 
2013 06 29 03 57 30 0.438071 
2013 06 29 03 57 31 0.444695 
2013 06 29 03 57 32 0.199525 
2013 06 29 03 57 33 0.206165 
2013 06 29 03 57 34 0.212791 
2013 06 29 03 57 35 0.219421 
2013 06 29 03 57 36 0.477908 
2013 06 29 03 57 37 0.484483 
2013 06 29 03 57 38 0.491164 
2013 06 29 03 57 39 0.497769 
2013 06 29 03 57 40 0.504416 
2013 06 29 03 57 41 0.511061 
2013 06 29 03 57 42 0.517696 
2013 06 29 03 57 43 0.524260 
2013 06 29 03 57 44 0.530901 
2013 06 29 03 57 45 0.537535 
2013 06 29 03 57 46 0.544155 
2013 06 29 03 57 48 0.054098 
2013 06 29 03 57 49 0.060741 
2013 06 29 03 57 50 0.570679 
2013 06 29 03 57 51 0.577305 
2013 06 29 03 57 52 0.835462 
2013 06 29 03 57 54 0.093943 
2013 06 29 03 57 55 0.100585 
2013 06 29 03 57 56 0.107209 
2013 06 29 03 57 57 0.113802 
2013 06 29 03 57 58 0.120462 
2013 06 29 03 57 59 0.127080 
2013 06 29 03 58 00 0.133711 
2013 06 29 03 58 01 0.643646 
2013 06 29 03 58 02 0.901767 
2013 06 29 03 58 04 0.160186 
2013 06 29 03 58 05 0.166822 
2013 06 29 03 58 06 0.424966 
2013 06 29 03 58 07 0.934919 
2013 06 29 03 58 08 0.941546 
2013 06 29 03 58 09 0.696660 
2013 06 29 03 58 10 0.703286 
2013 06 29 03 58 11 0.709919 
2013 06 29 03 58 13 0.471388 
2013 06 29 03 58 14 0.478023 
2013 06 29 03 58 15 0.484649 
2013 06 29 03 58 16 0.491286 
2013 06 29 03 58 18 0.001224 
2013 06 29 03 58 19 0.007859 
2013 06 29 03 58 20 0.014489 
2013 06 29 03 58 21 0.272933 
2013 06 29 03 58 22 0.279586 
2013 06 29 03 58 23 0.286168 
2013 06 29 03 58 24 0.292798 
2013 06 29 03 58 25 0.299432 
2013 06 29 03 58 26 0.557582 
2013 06 29 03 58 27 0.816010 
2013 06 29 03 58 29 0.074193 
2013 06 29 03 58 30 0.080792 
2013 06 29 03 58 31 0.339229 
2013 06 29 03 58 32 0.094052 
2013 06 29 03 58 32 0.849189 
2013 06 29 03 58 33 0.855789 
2013 06 29 03 58 34 0.862438 
2013 06 29 03 58 35 0.869051 
2013 06 29 03 58 37 0.378997 
2013 06 29 03 58 38 0.385626 
2013 06 29 03 58 39 0.392260 
2013 06 29 03 58 40 0.398887 
2013 06 29 03 58 41 0.657044 
2013 06 29 03 58 42 0.915549 
2013 06 29 03 58 43 0.922143 
2013 06 29 03 58 45 0.180253 
2013 06 29 03 58 46 0.186878 
2013 06 29 03 58 47 0.193553 
2013 06 29 03 58 48 0.200138 
2013 06 29 03 58 49 0.206772 
2013 06 29 03 58 50 0.213399 
2013 06 29 03 58 51 0.220039 
2013 06 29 03 58 52 0.478479 
2013 06 29 03 58 53 0.736636 
2013 06 29 03 58 54 0.743243 
2013 06 29 03 58 55 0.749887 
2013 06 29 03 58 56 0.756506 
2013 06 29 03 58 57 0.763134 
2013 06 29 03 58 58 0.769767 
2013 06 29 03 58 59 0.776416 
2013 06 29 03 59 00 0.783035 
2013 06 29 03 59 02 0.041506 
2013 06 29 03 59 03 0.048096 
2013 06 29 03 59 04 0.306240 
2013 06 29 03 59 05 0.816175 
2013 06 29 03 59 06 0.822816 
2013 06 29 03 59 07 0.829437 
2013 06 29 03 59 08 0.836070 
2013 06 29 03 59 09 0.842700 
2013 06 29 03 59 10 0.849331 
2013 06 29 03 59 11 0.855961 
2013 06 29 03 59 12 0.862604 
2013 06 29 03 59 13 0.869224 
2013 06 29 03 59 15 0.127687 
2013 06 29 03 59 16 0.385805 
2013 06 29 03 59 17 0.392435 
2013 06 29 03 59 18 0.650902 
2013 06 29 03 59 19 0.405693 
2013 06 29 03 59 20 0.412331 
2013 06 29 03 59 21 0.418952 
2013 06 29 03 59 22 0.174106 
2013 06 29 03 59 23 0.432207 
2013 06 29 03 59 24 0.438841 
2013 06 29 03 59 25 0.948787 
2013 06 29 03 59 27 0.458733 
2013 06 29 03 59 28 0.465361 
2013 06 29 03 59 29 0.471992 
2013 06 29 03 59 30 0.730430 
2013 06 29 03 59 31 0.737054 
2013 06 29 03 59 32 0.743749 
2013 06 29 03 59 33 0.750369 
2013 06 29 03 59 34 0.756984 
2013 06 29 03 59 35 0.763627 
2013 06 29 03 59 36 0.770250 
2013 06 29 03 59 37 0.776876 
2013 06 29 03 59 38 0.783485 
2013 06 29 03 59 40 0.041620 
2013 06 29 03 59 41 0.048253 
2013 06 29 03 59 42 0.306724 
2013 06 29 03 59 43 0.313308 
2013 06 29 03 59 44 0.068137 
2013 06 29 03 59 45 0.074771 
2013 06 29 03 59 46 0.081397 
2013 06 29 03 59 47 0.339833 
2013 06 29 03 59 48 0.346460 
2013 06 29 03 59 49 0.604603 
2013 06 29 03 59 50 0.863033 
2013 06 29 03 59 52 0.121180 
2013 06 29 03 59 53 0.127818 
2013 06 29 03 59 54 0.386278 
2013 06 29 03 59 55 0.392925 
2013 06 29 03 59 56 0.399530 
2013 06 29 03 59 57 0.406177 
2013 06 29 03 59 58 0.412838 
2013 06 29 03 59 59 0.419441 
2013 06 29 04 00 00 0.426084 
2013 06 29 04 00 01 0.432701 
2013 06 29 04 00 02 0.942606 
2013 06 29 04 00 03 0.949233 
2013 06 29 04 00 04 0.955862 
2013 06 29 04 00 05 0.962493 
2013 06 29 04 00 06 0.969147 
2013 06 29 04 00 08 0.227297 
2013 06 29 04 00 09 0.233902 
2013 06 29 04 00 10 0.240551 
2013 06 29 04 00 11 0.247169 
2013 06 29 04 00 12 0.505593 
2013 06 29 04 00 13 0.512305 
2013 06 29 04 00 15 0.022231 
2013 06 29 04 00 16 0.028859 
2013 06 29 04 00 17 0.538804 
2013 06 29 04 00 18 0.293579 
2013 06 29 04 00 19 0.300208 
2013 06 29 04 00 20 0.306837 
2013 06 29 04 00 21 0.313468 
2013 06 29 04 00 22 0.320102 
2013 06 29 04 00 23 0.326727 
2013 06 29 04 00 24 0.333355 
2013 06 29 04 00 25 0.339989 
2013 06 29 04 00 26 0.598426 
2013 06 29 04 00 27 0.605047 
2013 06 29 04 00 28 0.863196 
2013 06 29 04 00 29 0.869837 
2013 06 29 04 00 30 0.876452 
2013 06 29 04 00 31 0.883083 
2013 06 29 04 00 32 0.889736 
2013 06 29 04 00 33 0.896352 
2013 06 29 04 00 34 0.902983 
2013 06 29 04 00 36 0.412935 
2013 06 29 04 00 37 0.671395 
2013 06 29 04 00 38 0.678019 
2013 06 29 04 00 39 0.684659 
2013 06 29 04 00 40 0.691289 
2013 06 29 04 00 41 0.697913 
2013 06 29 04 00 42 0.704544 
2013 06 29 04 00 43 0.711139 
2013 06 29 04 00 44 0.717768 
2013 06 29 04 00 45 0.724392 
2013 06 29 04 00 46 0.731032 
2013 06 29 04 00 47 0.989170 
2013 06 29 04 00 49 0.247608 
2013 06 29 04 00 50 0.254235 
2013 06 29 04 00 51 0.260868 
2013 06 29 04 00 52 0.267496 
2013 06 29 04 00 53 0.274157 
2013 06 29 04 00 54 0.280804 
2013 06 29 04 00 55 0.287406 
2013 06 29 04 00 56 0.294081 
2013 06 29 04 00 57 0.300662 
2013 06 29 04 00 58 0.558819 
2013 06 29 04 00 59 0.817267 
2013 06 29 04 01 00 0.823891 
2013 06 29 04 01 01 0.830555 
2013 06 29 04 01 03 0.340424 
2013 06 29 04 01 04 0.347060 
2013 06 29 04 01 05 0.353689 
2013 06 29 04 01 06 0.360351 
2013 06 29 04 01 07 0.366944 
2013 06 29 04 01 08 0.121780 
2013 06 29 04 01 09 0.128413 
2013 06 29 04 01 10 0.386841 
2013 06 29 04 01 11 0.393464 
2013 06 29 04 01 12 0.903474 
2013 06 29 04 01 13 0.910111 
2013 06 29 04 01 14 0.916761 
2013 06 29 04 01 15 0.923351 
2013 06 29 04 01 16 0.929992 
2013 06 29 04 01 17 0.936611 
2013 06 29 04 01 18 0.943234 
2013 06 29 04 01 19 0.949864 
2013 06 29 04 01 20 0.956523 
2013 06 29 04 01 22 0.214638 
2013 06 29 04 01 23 0.221239 
2013 06 29 04 01 24 0.479669 
2013 06 29 04 01 25 0.486331 
2013 06 29 04 01 26 0.996243 
2013 06 29 04 01 28 0.002868 
2013 06 29 04 01 29 0.009525 
2013 06 29 04 01 30 0.016190 
2013 06 29 04 01 31 0.022853 
2013 06 29 04 01 32 0.029436 
2013 06 29 04 01 33 0.036019 
2013 06 29 04 01 34 0.042644 
2013 06 29 04 01 35 0.049364 
2013 06 29 04 01 36 0.055939 
2013 06 29 04 01 37 0.314070 
2013 06 29 04 01 38 0.572518 
2013 06 29 04 01 39 0.579162 
2013 06 29 04 01 40 0.585837 
2013 06 29 04 01 41 0.592379 
2013 06 29 04 01 42 0.599012 
2013 06 29 04 01 43 0.605680 
2013 06 29 04 01 44 0.612341 
2013 06 29 04 01 45 0.618898 
2013 06 29 04 01 46 0.625600 
2013 06 29 04 01 47 0.883695 
2013 06 29 04 01 49 0.393633 
2013 06 29 04 01 50 0.652123 
2013 06 29 04 01 51 0.658707 
2013 06 29 04 01 52 0.665320 
2013 06 29 04 01 53 0.671983 
2013 06 29 04 01 54 0.678611 
2013 06 29 04 01 55 0.685258 
2013 06 29 04 01 56 0.691896 
2013 06 29 04 01 57 0.950007 
2013 06 29 04 01 58 0.956621 
2013 06 29 04 02 00 0.215102 
2013 06 29 04 02 01 0.221741 
2013 06 29 04 02 02 0.482885 
2013 06 29 04 02 03 0.486908 
2013 06 29 04 02 04 0.745039 
2013 06 29 04 02 05 0.751570 
2013 06 29 04 02 06 0.758206 
2013 06 29 04 02 07 0.764838 
2013 06 29 04 02 08 0.771393 
2013 06 29 04 02 10 0.029554 
2013 06 29 04 02 11 0.036186 
2013 06 29 04 02 12 0.294652 
2013 06 29 04 02 13 0.552753 
2013 06 29 04 02 14 0.811186 
2013 06 29 04 02 15 0.817835 
2013 06 29 04 02 16 0.824444 
2013 06 29 04 02 17 0.831074 
2013 06 29 04 02 18 0.837710 
2013 06 29 04 02 19 0.844337 
2013 06 29 04 02 20 0.850973 
2013 06 29 04 02 21 0.857600 
2013 06 29 04 02 22 0.864308 
2013 06 29 04 02 24 0.122383 
2013 06 29 04 02 25 0.380839 
2013 06 29 04 02 26 0.387505 
2013 06 29 04 02 27 0.394094 
2013 06 29 04 02 28 0.400752 
2013 06 29 04 02 29 0.155533 
2013 06 29 04 02 30 0.162161 
2013 06 29 04 02 31 0.168793 
2013 06 29 04 02 32 0.175423 
2013 06 29 04 02 33 0.433864 
2013 06 29 04 02 34 0.440475 
2013 06 29 04 02 35 0.698623 
2013 06 29 04 02 36 0.705268 
2013 06 29 04 02 37 0.963691 
2013 06 29 04 02 38 0.970307 
2013 06 29 04 02 39 0.976936 
2013 06 29 04 02 40 0.983576 
2013 06 29 04 02 41 0.990210 
2013 06 29 04 02 42 0.996892 
2013 06 29 04 02 44 0.003600 
2013 06 29 04 02 45 0.261617 
2013 06 29 04 02 46 0.268248 
2013 06 29 04 02 47 0.274871 
2013 06 29 04 02 48 0.533360 
2013 06 29 04 02 49 0.539958 
2013 06 29 04 02 50 0.798085 
2013 06 29 04 02 51 0.804713 
2013 06 29 04 02 52 0.811340 
2013 06 29 04 02 53 0.817968 
2013 06 29 04 02 54 0.824597 
2013 06 29 04 02 56 0.083032 
2013 06 29 04 02 57 0.341173 
2013 06 29 04 02 58 0.599602 
2013 06 29 04 02 59 0.857752 
2013 06 29 04 03 01 0.116178 
2013 06 29 04 03 02 0.626112 
2013 06 29 04 03 03 0.380959 
2013 06 29 04 03 04 0.387611 
2013 06 29 04 03 05 0.394626 
2013 06 29 04 03 06 0.400895 
2013 06 29 04 03 07 0.407528 
2013 06 29 04 03 08 0.414115 
2013 06 29 04 03 09 0.420760 
2013 06 29 04 03 10 0.427403 
2013 06 29 04 03 11 0.685808 
2013 06 29 04 03 12 0.943956 
2013 06 29 04 03 13 0.950597 
2013 06 29 04 03 14 0.957210 
2013 06 29 04 03 15 0.963857 
2013 06 29 04 03 16 0.970473 
2013 06 29 04 03 17 0.977104 
2013 06 29 04 03 18 0.983727 
2013 06 29 04 03 19 0.990355 
2013 06 29 04 03 21 0.248783 
2013 06 29 04 03 22 0.506955 
2013 06 29 04 03 23 0.513569 
2013 06 29 04 03 24 0.520668 
2013 06 29 04 03 25 0.778649 
2013 06 29 04 03 27 0.036770 
2013 06 29 04 03 28 0.043397 
2013 06 29 04 03 28 0.546712 
2013 06 29 04 03 29 0.805150 
2013 06 29 04 03 31 0.063288 
2013 06 29 04 03 32 0.069923 
2013 06 29 04 03 33 0.076558 
2013 06 29 04 03 34 0.083189 
2013 06 29 04 03 35 0.089817 
2013 06 29 04 03 36 0.348295 
2013 06 29 04 03 37 0.606391 
2013 06 29 04 03 38 0.613025 
2013 06 29 04 03 39 0.619651 
2013 06 29 04 03 40 0.626285 
2013 06 29 04 03 41 0.632916 
2013 06 29 04 03 42 0.639543 
2013 06 29 04 03 43 0.898014 
2013 06 29 04 03 45 0.156119 
2013 06 29 04 03 46 0.414544 
2013 06 29 04 03 47 0.421183 
2013 06 29 04 03 48 0.427817 
2013 06 29 04 03 49 0.685953 
2013 06 29 04 03 50 0.692580 
2013 06 29 04 03 51 0.699212 
2013 06 29 04 03 52 0.705839 
2013 06 29 04 03 53 0.712476 
2013 06 29 04 03 54 0.719105 
2013 06 29 04 03 55 0.725738 
2013 06 29 04 03 56 0.984192 
2013 06 29 04 03 57 0.990850 
2013 06 29 04 03 59 0.248944 
2013 06 29 04 04 00 0.255576 
2013 06 29 04 04 01 0.262203 
2013 06 29 04 04 02 0.268832 
2013 06 29 04 04 03 0.527257 
2013 06 29 04 04 04 0.533887 
2013 06 29 04 04 05 0.540515 
2013 06 29 04 04 06 0.547144 
2013 06 29 04 04 07 0.805299 
2013 06 29 04 04 09 0.063729 
2013 06 29 04 04 10 0.070350 
2013 06 29 04 04 11 0.076987 
2013 06 29 04 04 12 0.335128 
2013 06 29 04 04 13 0.341767 
2013 06 29 04 04 14 0.348395 
2013 06 29 04 04 15 0.355032 
2013 06 29 04 04 16 0.361661 
2013 06 29 04 04 17 0.620142 
2013 06 29 04 04 18 0.626732 
2013 06 29 04 04 19 0.633389 
2013 06 29 04 04 20 0.640019 
2013 06 29 04 04 21 0.898125 
2013 06 29 04 04 23 0.156555 
2013 06 29 04 04 24 0.163183 
2013 06 29 04 04 25 0.169814 
2013 06 29 04 04 26 0.176440 
2013 06 29 04 04 27 0.183079 
2013 06 29 04 04 28 0.189692 
2013 06 29 04 04 29 0.196326 
2013 06 29 04 04 30 0.454478 
2013 06 29 04 04 31 0.712918 
2013 06 29 04 04 32 0.719536 
2013 06 29 04 04 33 0.726192 
2013 06 29 04 04 35 0.236184 
2013 06 29 04 04 36 0.494266 
2013 06 29 04 04 37 0.500899 
2013 06 29 04 04 38 0.507522 
2013 06 29 04 04 39 0.514158 
2013 06 29 04 04 40 0.520781 
2013 06 29 04 04 41 0.527422 
2013 06 29 04 04 42 0.534055 
2013 06 29 04 04 43 0.540666 
2013 06 29 04 04 44 0.547296 
2013 06 29 04 04 45 0.805733 
2013 06 29 04 04 46 0.812356 
2013 06 29 04 04 47 0.819000 
2013 06 29 04 04 48 0.825616 
2013 06 29 04 04 49 0.832251 
2013 06 29 04 04 50 0.838881 
2013 06 29 04 04 51 0.845516 
2013 06 29 04 04 52 0.852138 
2013 06 29 04 04 54 0.110289 
2013 06 29 04 04 55 0.116918 
2013 06 29 04 04 56 0.123551 
2013 06 29 04 04 57 0.382027 
2013 06 29 04 04 58 0.388628 
2013 06 29 04 04 59 0.646756 
2013 06 29 04 05 00 0.905223 
2013 06 29 04 05 01 0.911864 
2013 06 29 04 05 02 0.666645 
2013 06 29 04 05 03 0.673268 
2013 06 29 04 05 04 0.679899 
2013 06 29 04 05 05 0.686529 
2013 06 29 04 05 06 0.944985 
2013 06 29 04 05 07 0.951593 
2013 06 29 04 05 09 0.209740 
2013 06 29 04 05 10 0.216367 
2013 06 29 04 05 11 0.223001 
2013 06 29 04 05 12 0.229629 
2013 06 29 04 05 13 0.236271 
2013 06 29 04 05 14 0.242894 
2013 06 29 04 05 15 0.249525 
2013 06 29 04 05 16 0.256153 
2013 06 29 04 05 17 0.262784 
2013 06 29 04 05 18 0.521253 
2013 06 29 04 05 19 0.779361 
2013 06 29 04 05 20 0.785992 
2013 06 29 04 05 21 0.792622 
2013 06 29 04 05 23 0.051060 
2013 06 29 04 05 24 0.057677 
2013 06 29 04 05 25 0.064309 
2013 06 29 04 05 26 0.070930 
2013 06 29 04 05 27 0.077561 
2013 06 29 04 05 28 0.084189 
2013 06 29 04 05 29 0.090845 
2013 06 29 04 05 30 0.097458 
2013 06 29 04 05 31 0.355601 
2013 06 29 04 05 32 0.362247 
2013 06 29 04 05 33 0.368867 
2013 06 29 04 05 34 0.375499 
2013 06 29 04 05 35 0.382129 
2013 06 29 04 05 36 0.388778 
2013 06 29 04 05 37 0.395391 
2013 06 29 04 05 38 0.402017 
2013 06 29 04 05 39 0.660497 
2013 06 29 04 05 40 0.667119 
2013 06 29 04 05 41 0.673728 
2013 06 29 04 05 42 0.931856 
2013 06 29 04 05 44 0.190274 
2013 06 29 04 05 45 0.448425 
2013 06 29 04 05 46 0.455056 
2013 06 29 04 05 47 0.461710 
2013 06 29 04 05 48 0.468318 
2013 06 29 04 05 49 0.474967 
2013 06 29 04 05 50 0.481574 
2013 06 29 04 05 51 0.488205 
2013 06 29 04 05 52 0.494838 
2013 06 29 04 05 53 0.753307 
2013 06 29 04 05 55 0.011416 
2013 06 29 04 05 56 0.018072 
2013 06 29 04 05 57 0.527996 
2013 06 29 04 05 58 0.534646 
2013 06 29 04 05 59 0.541258 
2013 06 29 04 06 00 0.547909 
2013 06 29 04 06 01 0.554510 
2013 06 29 04 06 02 0.561142 
2013 06 29 04 06 03 0.567768 
2013 06 29 04 06 04 0.574395 
2013 06 29 04 06 05 0.832854 
2013 06 29 04 06 07 0.091003 
2013 06 29 04 06 08 0.097606 
2013 06 29 04 06 09 0.356084 
2013 06 29 04 06 10 0.614183 
2013 06 29 04 06 11 0.620814 
2013 06 29 04 06 12 0.627442 
2013 06 29 04 06 13 0.634068 
2013 06 29 04 06 14 0.640698 
2013 06 29 04 06 15 0.647326 
2013 06 29 04 06 16 0.653956 
2013 06 29 04 06 17 0.912397 
2013 06 29 04 06 18 0.919029 
2013 06 29 04 06 19 0.925633 
2013 06 29 04 06 21 0.183797 
2013 06 29 04 06 22 0.190427 
2013 06 29 04 06 23 0.197062 
2013 06 29 04 06 24 0.203693 
2013 06 29 04 06 25 0.210335 
2013 06 29 04 06 26 0.216949 
2013 06 29 04 06 27 0.223581 
2013 06 29 04 06 28 0.230210 
2013 06 29 04 06 29 0.488699 
2013 06 29 04 06 30 0.495303 
2013 06 29 04 06 31 0.753419 
2013 06 29 04 06 33 0.011910 
2013 06 29 04 06 34 0.018466 
2013 06 29 04 06 34 0.773304 
2013 06 29 04 06 35 0.779934 
2013 06 29 04 06 36 0.786560 
2013 06 29 04 06 37 0.793192 
2013 06 29 04 06 38 0.799818 
2013 06 29 04 06 40 0.058243 
2013 06 29 04 06 41 0.064879 
2013 06 29 04 06 42 0.323031 
2013 06 29 04 06 43 0.329663 
2013 06 29 04 06 44 0.336297 
2013 06 29 04 06 45 0.342921 
2013 06 29 04 06 46 0.349555 
2013 06 29 04 06 47 0.356183 
2013 06 29 04 06 48 0.362813 
2013 06 29 04 06 49 0.369439 
2013 06 29 04 06 50 0.627909 
2013 06 29 04 06 51 0.886020 
2013 06 29 04 06 52 0.892657 
2013 06 29 04 06 54 0.151075 
2013 06 29 04 06 55 0.409222 
2013 06 29 04 06 56 0.415853 
2013 06 29 04 06 57 0.422481 
2013 06 29 04 06 58 0.429112 
2013 06 29 04 06 59 0.435740 
2013 06 29 04 07 00 0.442369 
2013 06 29 04 07 01 0.448999 
2013 06 29 04 07 02 0.707431 
2013 06 29 04 07 03 0.714096 
2013 06 29 04 07 04 0.972262 
2013 06 29 04 07 05 0.978842 
2013 06 29 04 07 07 0.237297 
2013 06 29 04 07 08 0.243944 
2013 06 29 04 07 09 0.502048 
2013 06 29 04 07 10 0.508685 
2013 06 29 04 07 11 0.515307 
2013 06 29 04 07 12 0.270479 
2013 06 29 04 07 13 0.528560 
2013 06 29 04 07 14 0.535193 
2013 06 29 04 07 15 0.541822 
2013 06 29 04 07 16 0.548452 
2013 06 29 04 07 18 0.058397 
2013 06 29 04 07 19 0.065028 
2013 06 29 04 07 20 0.071656 
2013 06 29 04 07 21 0.330086 
2013 06 29 04 07 22 0.336709 
2013 06 29 04 07 23 0.343416 
2013 06 29 04 07 24 0.350037 
2013 06 29 04 07 25 0.356648 
2013 06 29 04 07 26 0.363290 
2013 06 29 04 07 27 0.369903 
2013 06 29 04 07 28 0.628020 
2013 06 29 04 07 29 0.634646 
2013 06 29 04 07 30 0.641281 
2013 06 29 04 07 31 0.647905 
2013 06 29 04 07 32 0.654547 
2013 06 29 04 07 33 0.661167 
2013 06 29 04 07 34 0.667795 
2013 06 29 04 07 35 0.674425 
2013 06 29 04 07 36 0.932854 
2013 06 29 04 07 38 0.191002 
2013 06 29 04 07 39 0.197645 
2013 06 29 04 07 40 0.204278 
2013 06 29 04 07 41 0.714222 
2013 06 29 04 07 42 0.720835 
2013 06 29 04 07 43 0.727483 
2013 06 29 04 07 44 0.985928 
2013 06 29 04 07 45 0.992559 
2013 06 29 04 07 46 0.999210 
2013 06 29 04 07 48 0.005842 
2013 06 29 04 07 49 0.012466 
2013 06 29 04 07 50 0.019107 
2013 06 29 04 07 51 0.277197 
2013 06 29 04 07 52 0.535690 
2013 06 29 04 07 53 0.542275 
2013 06 29 04 07 54 0.800400 
2013 06 29 04 07 55 0.555513 
2013 06 29 04 07 56 0.562134 
2013 06 29 04 07 57 0.316973 
2013 06 29 04 07 58 0.323602 
2013 06 29 04 07 59 0.582031 
2013 06 29 04 08 00 0.840178 
2013 06 29 04 08 01 0.846807 
2013 06 29 04 08 03 0.105240 
2013 06 29 04 08 04 0.363390 
2013 06 29 04 08 05 0.873334 
2013 06 29 04 08 06 0.879962 
2013 06 29 04 08 07 0.886608 
2013 06 29 04 08 08 0.641738 
2013 06 29 04 08 09 0.899860 
2013 06 29 04 08 10 0.906488 
2013 06 29 04 08 11 0.913117 
2013 06 29 04 08 12 0.919745 
2013 06 29 04 08 13 0.926371 
2013 06 29 04 08 14 0.933002 
2013 06 29 04 08 16 0.191417 
2013 06 29 04 08 17 0.449574 
2013 06 29 04 08 18 0.456206 
2013 06 29 04 08 19 0.462841 
2013 06 29 04 08 20 0.469469 
2013 06 29 04 08 21 0.476097 
2013 06 29 04 08 22 0.482728 
2013 06 29 04 08 23 0.489389 
2013 06 29 04 08 24 0.747805 
2013 06 29 04 08 25 0.754475 
2013 06 29 04 08 27 0.012568 
2013 06 29 04 08 28 0.019196 
2013 06 29 04 08 29 0.277683 
2013 06 29 04 08 30 0.535775 
2013 06 29 04 08 31 0.542407 
2013 06 29 04 08 32 0.549031 
2013 06 29 04 08 33 0.304162 
2013 06 29 04 08 34 0.562292 
2013 06 29 04 08 35 0.568920 
2013 06 29 04 08 36 0.575552 
2013 06 29 04 08 37 0.833968 
2013 06 29 04 08 39 0.092130 
2013 06 29 04 08 40 0.098755 
2013 06 29 04 08 41 0.105382 
2013 06 29 04 08 42 0.112013 
2013 06 29 04 08 43 0.370502 
2013 06 29 04 08 44 0.125277 
2013 06 29 04 08 45 0.131933 
2013 06 29 04 08 46 0.390364 
2013 06 29 04 08 47 0.396993 
2013 06 29 04 08 48 0.403629 
2013 06 29 04 08 49 0.661743 
2013 06 29 04 08 50 0.668380 
2013 06 29 04 08 52 0.178317 
2013 06 29 04 08 53 0.184949 
2013 06 29 04 08 54 0.191577 
2013 06 29 04 08 55 0.198302 
2013 06 29 04 08 56 0.204839 
2013 06 29 04 08 57 0.211466 
2013 06 29 04 08 58 0.218096 
2013 06 29 04 08 59 0.224727 
2013 06 29 04 09 00 0.483219 
2013 06 29 04 09 01 0.489802 
2013 06 29 04 09 02 0.496461 
2013 06 29 04 09 03 0.754562 
2013 06 29 04 09 04 0.761192 
2013 06 29 04 09 06 0.019619 
2013 06 29 04 09 07 0.026256 
2013 06 29 04 09 08 0.032885 
2013 06 29 04 09 09 0.039506 
2013 06 29 04 09 10 0.046140 
2013 06 29 04 09 11 0.052772 
2013 06 29 04 09 12 0.310917 
2013 06 29 04 09 13 0.317561 
2013 06 29 04 09 14 0.324182 
2013 06 29 04 09 15 0.582633 
2013 06 29 04 09 16 0.840755 
2013 06 29 04 09 17 0.847387 
2013 06 29 04 09 18 0.854017 
2013 06 29 04 09 19 0.860661 
2013 06 29 04 09 20 0.867286 
2013 06 29 04 09 21 0.873915 
2013 06 29 04 09 22 0.880544 
2013 06 29 04 09 23 0.887166 
2013 06 29 04 09 25 0.145596 
2013 06 29 04 09 26 0.403739 
2013 06 29 04 09 27 0.662160 
2013 06 29 04 09 28 0.668793 
2013 06 29 04 09 29 0.423630 
2013 06 29 04 09 30 0.430258 
2013 06 29 04 09 31 0.436887 
2013 06 29 04 09 32 0.443519 
2013 06 29 04 09 33 0.450158 
2013 06 29 04 09 34 0.456786 
2013 06 29 04 09 35 0.966734 
2013 06 29 04 09 36 0.973358 
2013 06 29 04 09 37 0.980001 
2013 06 29 04 09 39 0.238479 
2013 06 29 04 09 40 0.245039 
2013 06 29 04 09 41 0.251717 
2013 06 29 04 09 42 0.006517 
2013 06 29 04 09 43 0.013145 
2013 06 29 04 09 44 0.019765 
2013 06 29 04 09 45 0.026399 
2013 06 29 04 09 46 0.033026 
2013 06 29 04 09 47 0.039657 
2013 06 29 04 09 48 0.298083 
2013 06 29 04 09 49 0.556234 
2013 06 29 04 09 50 0.814662 
2013 06 29 04 09 51 0.821283 
2013 06 29 04 09 53 0.079455 
2013 06 29 04 09 54 0.086076 
2013 06 29 04 09 55 0.092725 
2013 06 29 04 09 56 0.099332 
2013 06 29 04 09 57 0.105959 
2013 06 29 04 09 58 0.364417 
2013 06 29 04 09 59 0.371046 
2013 06 29 04 10 00 0.377664 
2013 06 29 04 10 01 0.635797 
2013 06 29 04 10 02 0.642455 
2013 06 29 04 10 03 0.900857 
2013 06 29 04 10 05 0.159001 
2013 06 29 04 10 06 0.165639 
2013 06 29 04 10 07 0.172257 
2013 06 29 04 10 08 0.178886 
2013 06 29 04 10 09 0.185523 
2013 06 29 04 10 10 0.192148 
2013 06 29 04 10 11 0.198782 
2013 06 29 04 10 12 0.205408 
2013 06 29 04 10 13 0.212040 
2013 06 29 04 10 14 0.470501 
2013 06 29 04 10 15 0.477147 
2013 06 29 04 10 16 0.483784 
2013 06 29 04 10 17 0.490409 
2013 06 29 04 10 18 0.497031 
2013 06 29 04 10 19 0.503678 
2013 06 29 04 10 20 0.510296 
2013 06 29 04 10 21 0.516937 
2013 06 29 04 10 22 0.775031 
2013 06 29 04 10 23 0.781653 
2013 06 29 04 10 25 0.040086 
2013 06 29 04 10 26 0.298256 
2013 06 29 04 10 27 0.556693 
2013 06 29 04 10 28 0.311517 
2013 06 29 04 10 29 0.569946 
2013 06 29 04 10 30 0.576556 
2013 06 29 04 10 31 0.583189 
2013 06 29 04 10 32 0.589818 
2013 06 29 04 10 33 0.596532 
2013 06 29 04 10 34 0.603128 
2013 06 29 04 10 35 0.861228 
2013 06 29 04 10 37 0.119672 
2013 06 29 04 10 38 0.126325 
2013 06 29 04 10 39 0.384448 
2013 06 29 04 10 40 0.391067 
2013 06 29 04 10 41 0.397698 
2013 06 29 04 10 42 0.404329 
2013 06 29 04 10 43 0.410961 
2013 06 29 04 10 44 0.417582 
2013 06 29 04 10 45 0.424216 
2013 06 29 04 10 46 0.934164 
2013 06 29 04 10 47 0.940811 
2013 06 29 04 10 48 0.947421 
2013 06 29 04 10 50 0.205853 
2013 06 29 04 10 51 0.463999 
2013 06 29 04 10 52 0.470629 
2013 06 29 04 10 53 0.477279 
2013 06 29 04 10 54 0.483902 
2013 06 29 04 10 55 0.490530 
2013 06 29 04 10 56 0.497163 
2013 06 29 04 10 57 0.503792 
2013 06 29 04 10 58 0.762254 
2013 06 29 04 11 00 0.020369 
2013 06 29 04 11 01 0.027004 
2013 06 29 04 11 02 0.033638 
2013 06 29 04 11 03 0.040262 
2013 06 29 04 11 04 0.046889 
2013 06 29 04 11 05 0.053520 
2013 06 29 04 11 06 0.060150 
2013 06 29 04 11 07 0.066780 
2013 06 29 04 11 08 0.325221 
2013 06 29 04 11 09 0.583357 
2013 06 29 04 11 10 0.589988 
2013 06 29 04 11 11 0.848424 
2013 06 29 04 11 13 0.106570 
2013 06 29 04 11 14 0.113201 
2013 06 29 04 11 15 0.119831 
2013 06 29 04 11 16 0.126460 
2013 06 29 04 11 17 0.133094 
2013 06 29 04 11 18 0.139724 
