2 3  
3 2  
4 1  
5 0  
6 3  
7 2  
8 1  
9 0  
10 3  
11 2  
12 1  
13 0  
14 3  
15 2  
16 1  
17 0  
18 3  
19 2  
20 1  
21 0  
22 3  
23 2  
24 1  
25 0  
26 3  
27 2  
28 1  
29 0  
30 3  
31 2  
32 1  
33 0  
34 3  
35 2  
36 1  
37 0  
38 3  
39 2  
40 1  
41 0  
42 3  
43 2  
44 1  
45 0  
46 2  
47 3  
48 1  
49 0  
50 2  
51 3  
52 1  
53 2  
54 0  
55 3  
56 1  
57 2  
58 0  
59 3  
60 1  
61 2  
62 0  
63 3  
64 1  
65 2  
66 0  
67 3  
68 1  
69 2  
70 0  
71 3  
72 1  
73 2  
74 0  
75 3  
76 1  
77 2  
78 0  
79 3  
80 1  
81 2  
82 3  
83 0  
84 1  
85 2  
86 3  
87 0  
88 1  
89 2  
90 3  
91 0  
92 1  
93 2  
94 3  
95 0  
96 1  
97 2  
98 3  
99 0  
100 1  
101 2  
102 3  
103 0  
104 1  
105 2  
106 3  
107 0  
108 1  
109 2  
110 3  
111 0  
112 1  
113 2  
114 3  
115 0  
116 1  
117 2  
118 3  
119 0  
120 1  
121 2  
122 3  
123 0  
124 1  
125 2  
126 3  
127 0  
128 1  
129 2  
130 3  
131 0  
132 1  
133 2  
134 3  
135 0  
136 1  
137 2  
138 3  
139 0  
140 1  
141 2  
142 3  
143 0  
144 1  
145 2  
146 0  
147 3  
148 1  
149 2  
150 0  
151 3  
152 1  
153 2  
154 0  
155 3  
156 1  
157 2  
158 0  
159 3  
160 1  
161 2  
162 0  
163 3  
164 1  
165 2  
166 0  
167 3  
168 1  
169 2  
170 0  
171 3  
172 1  
173 2  
174 0  
175 3  
176 1  
177 2  
178 0  
179 3  
180 1  
181 2  
182 0  
183 3  
184 1  
185 2  
186 0  
187 3  
188 1  
189 2  
190 0  
191 3  
192 1  
193 2  
194 0  
195 3  
196 1  
197 2  
198 0  
199 3  
200 1  
201 2  
202 0  
203 3  
204 1  
205 2  
206 0  
207 3  
208 1  
209 2  
210 0  
211 3  
212 1  
213 2  
214 0  
215 3  
216 1  
217 2  
218 0  
219 3  
220 1  
221 2  
222 0  
223 3  
224 1  
225 2  
226 0  
227 3  
228 1  
229 2  
230 0  
231 3  
232 1  
233 2  
234 0  
235 3  
236 1  
237 2  
238 0  
239 3  
240 1  
241 2  
242 0  
243 3  
244 1  
245 2  
246 0  
247 3  
248 1  
249 2  
250 0  
251 3  
252 1  
253 2  
254 0  
255 3  
256 1  
257 2  
258 0  
259 3  
260 1  
261 2  
262 0  
263 3  
264 1  
265 2  
266 0  
267 3  
268 1  
269 2  
270 0  
271 3  
272 1  
273 2  
274 0  
275 3  
276 1  
277 2  
278 0  
279 3  
280 1  
281 2  
282 3  
283 0  
284 1  
285 2  
286 3  
287 0  
288 1  
289 2  
290 3  
291 0  
292 1  
293 2  
294 3  
295 0  
296 1  
297 2  
298 3  
299 0  
300 1  
301 2  
302 3  
303 0  
304 1  
305 2  
306 3  
307 0  
308 1  
309 2  
310 3  
311 0  
312 1  
313 2  
314 3  
315 0  
316 1  
317 2  
318 3  
319 0  
320 1  
321 2  
322 3  
323 0  
324 1  
325 2  
326 3  
327 0  
328 1  
329 2  
330 3  
331 0  
332 1  
333 2  
334 3  
335 0  
336 1  
337 2  
338 3  
339 0  
340 1  
341 2  
342 3  
343 0  
344 1  
345 2  
346 3  
347 0  
348 1  
349 2  
350 3  
351 0  
352 1  
353 2  
354 3  
355 0  
356 1  
357 2  
358 3  
359 0  
360 1  
361 2  
362 3  
363 0  
364 1  
365 2  
366 3  
367 0  
368 1  
369 2  
370 3  
371 0  
372 1  
373 2  
374 3  
375 0  
376 1  
377 2  
378 3  
379 0  
380 1  
381 2  
382 3  
383 0  
384 1  
385 2  
386 3  
387 0  
388 1  
389 2  
390 3  
391 0  
392 1  
393 2  
394 3  
395 0  
396 1  
397 2  
398 0  
399 3  
400 1  
401 2  
402 0  
403 3  
404 1  
405 2  
406 0  
407 3  
408 1  
409 2  
410 0  
411 3  
412 1  
413 2  
414 0  
415 3  
416 1  
417 2  
418 0  
419 3  
420 1  
421 2  
422 0  
423 3  
424 1  
425 2  
426 0  
427 3  
428 1  
429 2  
430 0  
431 3  
432 1  
433 2  
434 0  
435 3  
436 1  
437 2  
438 0  
439 3  
440 1  
441 2  
442 0  
443 3  
444 1  
445 2  
446 0  
447 3  
448 1  
449 2  
450 0  
451 3  
452 1  
453 2  
454 0  
455 3  
456 1  
457 2  
458 0  
459 3  
460 1  
461 2  
462 0  
463 3  
464 1  
465 2  
466 0  
467 3  
468 1  
469 2  
470 0  
471 3  
472 1  
473 2  
474 0  
475 3  
476 1  
477 2  
478 0  
479 3  
480 1  
481 2  
482 0  
483 3  
484 1  
485 2  
486 0  
487 3  
488 1  
489 2  
490 0  
491 3  
492 1  
493 2  
494 0  
495 3  
496 1  
497 2  
498 0  
499 3  
500 1  
501 2  
502 0  
503 3  
504 1  
505 2  
506 0  
507 3  
508 1  
509 2  
510 0  
511 3  
512 1  
513 2  
514 0  
515 3  
516 1  
517 2  
518 0  
519 3  
520 1  
521 2  
522 0  
523 3  
524 1  
525 2  
526 0  
527 3  
528 1  
529 2  
530 0  
531 3  
532 1  
533 2  
534 0  
535 3  
536 1  
537 2  
538 0  
539 3  
540 1  
541 2  
542 0  
543 3  
544 1  
545 2  
546 0  
547 1  
548 3  
549 2  
550 0  
551 1  
552 3  
553 2  
554 0  
555 1  
556 3  
557 2  
558 0  
559 1  
560 3  
561 2  
562 0  
563 1  
564 3  
565 2  
566 0  
567 1  
568 3  
569 2  
570 0  
571 1  
572 3  
573 2  
574 0  
575 1  
576 3  
577 2  
578 0  
579 1  
580 3  
581 2  
582 0  
583 1  
584 3  
585 2  
586 0  
587 1  
588 3  
589 2  
590 0  
591 1  
592 3  
593 2  
594 0  
595 1  
596 3  
597 2  
598 0  
599 1  
600 3  
601 2  
602 0  
603 1  
604 3  
605 2  
606 0  
607 1  
608 3  
609 2  
610 0  
611 1  
612 3  
613 2  
614 0  
615 1  
616 3  
617 2  
618 0  
619 1  
620 3  
621 2  
622 0  
623 1  
624 3  
625 2  
626 0  
627 1  
628 3  
629 2  
630 0  
631 1  
632 3  
633 2  
634 0  
635 1  
636 3  
637 2  
638 0  
639 1  
640 3  
641 2  
642 0  
643 1  
644 3  
645 2  
646 0  
647 1  
648 3  
649 2  
650 0  
651 1  
652 3  
653 2  
654 0  
655 1  
656 3  
657 2  
658 0  
659 1  
660 3  
661 2  
662 0  
663 1  
664 3  
665 2  
666 0  
667 1  
668 3  
669 2  
670 0  
671 1  
672 3  
673 2  
674 0  
675 1  
676 3  
677 2  
678 0  
679 1  
680 3  
681 2  
682 0  
683 1  
684 3  
685 2  
686 0  
687 1  
688 3  
689 2  
690 0  
691 1  
692 3  
693 2  
694 0  
695 1  
696 3  
697 2  
698 0  
699 1  
700 3  
701 2  
702 0  
703 1  
704 3  
705 2  
706 0  
707 1  
708 3  
709 2  
710 0  
711 1  
712 3  
713 2  
714 0  
715 1  
716 3  
717 2  
718 0  
719 1  
720 3  
721 2  
722 0  
723 1  
724 3  
725 2  
726 0  
727 1  
728 3  
729 2  
730 0  
731 1  
732 3  
733 2  
734 0  
735 1  
736 3  
737 2  
738 0  
739 1  
740 3  
741 2  
742 0  
743 1  
744 3  
745 2  
746 0  
747 1  
748 3  
749 2  
750 0  
751 1  
752 3  
753 2  
754 0  
755 1  
756 3  
757 2  
758 0  
759 1  
760 3  
761 2  
762 0  
763 1  
764 3  
765 2  
766 0  
767 1  
768 3  
769 2  
770 0  
771 1  
772 3  
773 2  
774 0  
775 1  
776 3  
777 2  
778 0  
779 1  
780 3  
781 2  
782 0  
783 1  
784 3  
785 2  
786 0  
787 1  
788 3  
789 2  
790 0  
791 1  
792 3  
793 2  
794 0  
795 1  
796 3  
797 2  
798 0  
799 1  
800 3  
801 2  
802 0  
803 1  
804 3  
805 2  
806 0  
807 1  
808 3  
809 2  
810 0  
811 1  
812 3  
813 2  
814 0  
815 1  
816 3  
817 2  
818 0  
819 1  
820 3  
821 2  
822 0  
823 1  
824 3  
825 2  
826 0  
827 1  
828 3  
829 2  
830 0  
831 1  
832 3  
833 2  
834 0  
835 1  
836 3  
837 2  
838 0  
839 1  
840 3  
841 2  
842 0  
843 1  
844 3  
845 2  
846 0  
847 1  
848 2  
849 3  
850 0  
851 1  
852 2  
853 3  
854 0  
855 1  
856 2  
857 3  
858 0  
859 1  
860 2  
861 3  
862 0  
863 1  
864 2  
865 3  
866 0  
867 1  
868 2  
869 3  
870 0  
871 1  
872 2  
873 3  
874 0  
875 1  
876 2  
877 3  
878 0  
879 1  
880 2  
881 3  
882 0  
883 1  
884 2  
885 3  
886 0  
887 1  
888 2  
889 3  
890 0  
891 1  
892 2  
893 3  
894 0  
895 1  
896 2  
897 3  
898 0  
899 1  
900 2  
901 3  
902 0  
903 1  
904 2  
905 3  
906 0  
907 1  
908 2  
909 3  
910 0  
911 1  
912 2  
913 3  
914 0  
915 1  
916 2  
917 3  
918 0  
919 1  
920 2  
921 3  
922 0  
923 1  
924 2  
925 3  
926 0  
927 1  
928 2  
929 3  
930 0  
931 1  
932 2  
933 3  
934 0  
935 1  
936 2  
937 3  
938 0  
939 1  
940 2  
941 3  
942 0  
943 1  
944 2  
945 3  
946 0  
947 1  
948 2  
949 3  
950 0  
951 1  
952 2  
953 3  
954 0  
955 1  
956 2  
957 3  
958 0  
959 1  
960 2  
961 3  
962 0  
963 1  
964 2  
965 3  
966 0  
967 1  
968 2  
969 3  
970 0  
971 1  
972 2  
973 3  
974 1  
975 0  
976 2  
977 3  
978 1  
979 0  
980 2  
981 3  
982 1  
983 0  
984 2  
985 3  
986 1  
987 0  
988 2  
989 3  
990 1  
991 0  
992 2  
993 3  
994 1  
995 0  
996 2  
997 3  
998 1  
999 0  
1000 2  
1001 3  
1002 1  
1003 0  
1004 2  
1005 3  
1006 1  
1007 0  
1008 2  
1009 3  
1010 1  
1011 0  
1012 2  
1013 3  
1014 1  
1015 0  
1016 2  
1017 3  
1018 1  
1019 0  
1020 2  
1021 3  
1022 1  
1023 0  
1024 2  
1025 3  
1026 1  
1027 0  
1028 2  
1029 3  
1030 1  
1031 0  
1032 2  
1033 3  
1034 1  
1035 0  
1036 2  
1037 3  
1038 1  
1039 0  
1040 2  
1041 3  
1042 1  
1043 0  
1044 2  
1045 3  
1046 1  
1047 0  
1048 2  
1049 3  
1050 1  
1051 0  
1052 2  
1053 3  
1054 1  
1055 0  
1056 2  
1057 3  
1058 1  
1059 0  
1060 2  
1061 3  
1062 1  
1063 0  
1064 2  
1065 3  
1066 1  
1067 0  
1068 2  
1069 3  
1070 1  
1071 0  
1072 2  
1073 3  
1074 1  
1075 0  
1076 2  
1077 3  
1078 1  
1079 0  
1080 2  
1081 3  
1082 1  
1083 0  
1084 2  
1085 3  
1086 1  
1087 0  
1088 2  
1089 3  
1090 1  
1091 0  
1092 2  
1093 3  
1094 1  
1095 0  
1096 2  
1097 3  
1098 1  
1099 0  
1100 2  
1101 3  
1102 1  
1103 0  
1104 2  
1105 3  
1106 1  
1107 0  
1108 2  
1109 3  
1110 1  
1111 0  
1112 2  
1113 3  
1114 1  
1115 0  
1116 2  
1117 3  
1118 1  
1119 0  
1120 2  
1121 3  
1122 1  
1123 0  
1124 2  
1125 3  
1126 1  
1127 0  
1128 2  
1129 3  
1130 1  
1131 0  
1132 2  
1133 3  
1134 1  
1135 0  
1136 2  
1137 3  
1138 1  
1139 0  
1140 2  
1141 3  
1142 1  
1143 0  
1144 2  
1145 3  
1146 1  
1147 0  
1148 2  
1149 3  
1150 1  
1151 0  
1152 2  
1153 3  
1154 1  
1155 0  
1156 2  
1157 3  
1158 1  
1159 0  
1160 2  
1161 3  
1162 1  
1163 0  
1164 2  
1165 3  
1166 1  
1167 0  
1168 2  
1169 3  
1170 1  
1171 0  
1172 2  
1173 3  
1174 1  
1175 0  
1176 2  
1177 3  
1178 1  
1179 0  
1180 2  
1181 3  
1182 1  
1183 0  
1184 2  
1185 3  
1186 1  
1187 0  
1188 2  
1189 3  
1190 1  
1191 0  
1192 2  
1193 3  
1194 1  
1195 0  
1196 2  
1197 3  
1198 1  
1199 0  
1200 2  
1201 3  
1202 1  
1203 0  
1204 2  
1205 3  
1206 1  
1207 0  
1208 2  
1209 3  
1210 1  
1211 0  
1212 2  
1213 3  
1214 1  
1215 0  
1216 2  
1217 3  
1218 1  
1219 0  
1220 2  
1221 3  
1222 1  
1223 0  
1224 2  
1225 3  
1226 1  
1227 0  
1228 2  
1229 3  
1230 1  
1231 0  
1232 2  
1233 3  
1234 1  
1235 0  
1236 2  
1237 3  
1238 1  
1239 0  
1240 2  
1241 3  
1242 1  
1243 0  
1244 2  
1245 3  
1246 1  
1247 0  
1248 2  
1249 3  
1250 1  
1251 0  
1252 2  
1253 3  
1254 1  
1255 0  
1256 2  
1257 3  
1258 1  
1259 0  
1260 2  
1261 3  
1262 1  
1263 0  
1264 2  
1265 3  
1266 1  
1267 0  
1268 2  
1269 3  
1270 1  
1271 0  
1272 2  
1273 3  
1274 1  
1275 0  
1276 2  
1277 3  
1278 1  
1279 0  
1280 2  
1281 3  
1282 1  
1283 0  
1284 2  
1285 3  
1286 1  
1287 0  
1288 2  
1289 3  
1290 1  
1291 0  
1292 2  
1293 3  
1294 1  
1295 0  
1296 2  
1297 3  
1298 1  
1299 0  
1300 2  
1301 3  
1302 1  
1303 0  
1304 2  
1305 3  
1306 1  
1307 0  
1308 2  
1309 3  
1310 1  
1311 0  
1312 2  
1313 3  
1314 1  
1315 0  
1316 2  
1317 3  
1318 1  
1319 0  
1320 2  
1321 3  
1322 1  
1323 0  
1324 2  
1325 3  
1326 1  
1327 0  
1328 2  
1329 3  
1330 1  
1331 0  
1332 2  
1333 3  
1334 1  
1335 0  
1336 2  
1337 3  
1338 1  
1339 0  
1340 2  
1341 3  
1342 1  
1343 0  
1344 2  
1345 3  
1346 1  
1347 0  
1348 2  
1349 3  
1350 1  
1351 0  
1352 2  
1353 3  
1354 1  
1355 0  
1356 2  
1357 3  
1358 1  
1359 0  
1360 2  
1361 3  
1362 1  
1363 0  
1364 2  
1365 3  
1366 1  
1367 0  
1368 2  
1369 3  
1370 1  
1371 0  
1372 2  
1373 3  
1374 1  
1375 0  
1376 2  
1377 3  
1378 1  
1379 0  
1380 2  
1381 3  
1382 1  
1383 0  
1384 2  
1385 3  
1386 1  
1387 0  
1388 2  
1389 3  
1390 1  
1391 0  
1392 2  
1393 3  
1394 1  
1395 0  
1396 2  
1397 3  
1398 1  
1399 0  
1400 2  
1401 3  
1402 1  
1403 0  
1404 2  
1405 3  
1406 1  
1407 0  
1408 3  
1409 2  
1410 1  
1411 0  
1412 3  
1413 2  
1414 1  
1415 0  
1416 3  
1417 2  
1418 1  
1419 0  
1420 3  
1421 2  
1422 1  
1423 0  
1424 3  
1425 2  
1426 1  
1427 0  
1428 3  
1429 2  
1430 1  
1431 0  
1432 3  
1433 2  
1434 1  
1435 0  
1436 3  
1437 2  
1438 1  
1439 0  
1440 3  
1441 2  
1442 1  
1443 0  
1444 3  
1445 2  
1446 1  
1447 0  
1448 3  
1449 2  
1450 1  
1451 0  
1452 3  
1453 2  
1454 1  
1455 0  
1456 3  
1457 2  
1458 1  
1459 0  
1460 3  
1461 2  
1462 1  
1463 0  
1464 3  
1465 2  
1466 1  
1467 0  
1468 3  
1469 2  
1470 1  
1471 0  
1472 3  
1473 2  
1474 1  
1475 0  
1476 3  
1477 2  
1478 1  
1479 0  
1480 3  
1481 2  
1482 1  
1483 0  
1484 3  
1485 2  
1486 1  
1487 0  
1488 3  
1489 2  
1490 1  
1491 0  
1492 3  
1493 2  
1494 1  
1495 0  
1496 3  
1497 2  
1498 1  
1499 0  
1500 3  
1501 2  
1502 1  
1503 0  
1504 3  
1505 2  
1506 1  
1507 0  
1508 3  
1509 2  
1510 1  
1511 0  
1512 3  
1513 2  
1514 1  
1515 0  
1516 3  
1517 2  
1518 1  
1519 0  
1520 3  
1521 2  
1522 1  
1523 0  
1524 3  
1525 2  
1526 1  
1527 0  
1528 3  
1529 2  
1530 1  
1531 0  
1532 3  
1533 2  
1534 1  
1535 0  
1536 3  
1537 2  
1538 1  
1539 0  
1540 3  
1541 2  
1542 1  
1543 0  
1544 3  
1545 2  
1546 1  
1547 0  
1548 3  
1549 2  
1550 1  
1551 0  
1552 3  
1553 2  
1554 1  
1555 0  
1556 3  
1557 2  
1558 1  
1559 0  
1560 3  
1561 2  
1562 1  
1563 0  
1564 3  
1565 2  
1566 1  
1567 0  
1568 3  
1569 2  
1570 1  
1571 0  
1572 3  
1573 2  
1574 1  
1575 0  
1576 3  
1577 2  
1578 1  
1579 0  
1580 3  
1581 2  
1582 1  
1583 0  
1584 3  
1585 2  
1586 1  
1587 0  
1588 3  
1589 2  
1590 1  
1591 0  
1592 3  
1593 2  
1594 1  
1595 0  
1596 3  
1597 2  
1598 1  
1599 0  
1600 3  
1601 2  
1602 1  
1603 0  
1604 3  
1605 2  
1606 1  
1607 0  
1608 3  
1609 2  
1610 1  
1611 0  
1612 3  
1613 2  
1614 1  
1615 0  
1616 3  
1617 2  
1618 1  
1619 0  
1620 3  
1621 2  
1622 1  
1623 0  
1624 3  
1625 2  
1626 1  
1627 0  
1628 3  
1629 2  
1630 1  
1631 0  
1632 3  
1633 2  
1634 1  
1635 0  
1636 3  
1637 2  
1638 1  
1639 0  
1640 3  
1641 2  
1642 1  
1643 0  
1644 3  
1645 2  
1646 1  
1647 0  
1648 3  
1649 2  
1650 1  
1651 0  
1652 3  
1653 2  
1654 1  
1655 0  
1656 3  
1657 2  
1658 1  
1659 0  
1660 3  
1661 2  
1662 1  
1663 0  
1664 3  
1665 2  
1666 1  
1667 0  
1668 3  
1669 2  
1670 1  
1671 0  
1672 3  
1673 2  
1674 1  
1675 0  
1676 3  
1677 2  
1678 1  
1679 0  
1680 3  
1681 2  
1682 1  
1683 0  
1684 3  
1685 2  
1686 1  
1687 0  
1688 3  
1689 2  
1690 1  
1691 0  
1692 3  
1693 2  
1694 1  
1695 0  
1696 3  
1697 2  
1698 1  
1699 0  
1700 3  
1701 2  
1702 1  
1703 0  
1704 3  
1705 2  
1706 1  
1707 0  
1708 3  
1709 2  
1710 1  
1711 0  
1712 3  
1713 2  
1714 1  
1715 0  
1716 3  
1717 2  
1718 1  
1719 0  
1720 3  
1721 2  
1722 1  
1723 0  
1724 3  
1725 2  
1726 1  
1727 0  
1728 3  
1729 2  
1730 1  
1731 0  
1732 3  
1733 2  
1734 1  
1735 0  
1736 3  
1737 2  
1738 1  
1739 0  
1740 3  
1741 2  
1742 1  
1743 0  
1744 3  
1745 2  
1746 1  
1747 0  
1748 2  
1749 3  
1750 1  
1751 0  
1752 2  
1753 3  
1754 1  
1755 0  
1756 2  
1757 3  
1758 1  
1759 0  
1760 2  
1761 3  
1762 1  
1763 0  
1764 2  
1765 3  
1766 1  
1767 0  
1768 2  
1769 3  
1770 1  
1771 0  
1772 2  
1773 3  
1774 1  
1775 0  
1776 2  
1777 3  
1778 1  
1779 0  
1780 2  
1781 3  
1782 1  
1783 0  
1784 2  
1785 3  
1786 1  
1787 0  
1788 2  
1789 3  
1790 1  
1791 0  
1792 2  
1793 3  
1794 1  
1795 0  
1796 2  
1797 3  
1798 1  
1799 0  
1800 2  
1801 3  
1802 1  
1803 0  
1804 2  
1805 3  
1806 1  
1807 0  
1808 2  
1809 3  
1810 1  
1811 0  
1812 2  
1813 3  
1814 1  
1815 0  
1816 2  
1817 3  
1818 1  
1819 0  
1820 2  
1821 3  
1822 1  
1823 0  
1824 2  
1825 3  
1826 1  
1827 0  
1828 2  
1829 3  
1830 1  
1831 0  
1832 2  
1833 3  
1834 1  
1835 0  
1836 2  
1837 3  
1838 1  
1839 0  
1840 2  
1841 3  
1842 1  
1843 0  
1844 2  
1845 3  
1846 1  
1847 0  
1848 2  
1849 3  
1850 1  
1851 0  
1852 2  
1853 3  
1854 1  
1855 0  
1856 2  
1857 3  
1858 1  
1859 0  
1860 3  
1861 2  
1862 1  
1863 0  
1864 3  
1865 2  
1866 1  
1867 0  
1868 3  
1869 2  
1870 1  
1871 0  
1872 3  
1873 2  
1874 1  
1875 0  
1876 3  
1877 2  
1878 1  
1879 0  
1880 3  
1881 2  
1882 1  
1883 0  
1884 3  
1885 2  
1886 1  
1887 0  
1888 3  
1889 2  
1890 1  
1891 0  
1892 3  
1893 2  
1894 1  
1895 0  
1896 3  
1897 2  
1898 1  
1899 0  
1900 3  
1901 2  
1902 1  
1903 0  
1904 3  
1905 2  
1906 1  
1907 0  
1908 3  
1909 2  
1910 1  
1911 0  
1912 3  
1913 2  
1914 1  
1915 0  
1916 3  
1917 2  
1918 1  
1919 0  
1920 3  
1921 2  
1922 1  
1923 0  
1924 3  
1925 2  
1926 1  
1927 0  
1928 3  
1929 2  
1930 1  
1931 0  
1932 3  
1933 2  
1934 1  
1935 0  
1936 3  
1937 2  
1938 1  
1939 0  
1940 3  
1941 2  
1942 1  
1943 0  
1944 3  
1945 2  
1946 1  
1947 0  
1948 3  
1949 2  
1950 1  
1951 0  
1952 3  
1953 2  
1954 1  
1955 0  
1956 3  
1957 2  
1958 1  
1959 0  
1960 3  
1961 2  
1962 1  
1963 0  
1964 3  
1965 2  
1966 1  
1967 0  
1968 3  
1969 2  
1970 1  
1971 0  
1972 3  
1973 2  
1974 1  
1975 0  
1976 3  
1977 2  
1978 1  
1979 0  
1980 3  
1981 2  
1982 1  
1983 0  
1984 3  
1985 2  
1986 1  
1987 0  
1988 3  
1989 2  
1990 1  
1991 0  
1992 3  
1993 2  
1994 1  
1995 0  
1996 3  
1997 2  
1998 1  
1999 0  
2000 3  
2001 2  
2002 1  
2003 0  
2004 3  
2005 2  
2006 1  
2007 0  
2008 3  
2009 2  
2010 1  
2011 0  
2012 3  
2013 2  
2014 1  
2015 0  
2016 3  
2017 2  
2018 1  
2019 0  
2020 3  
2021 2  
2022 1  
2023 0  
2024 3  
2025 2  
2026 1  
2027 0  
2028 3  
2029 2  
2030 1  
2031 0  
2032 3  
2033 2  
2034 1  
2035 0  
2036 3  
2037 2  
2038 1  
2039 0  
2040 3  
2041 2  
2042 1  
2043 0  
2044 3  
2045 2  
2046 1  
2047 0  
2048 3  
2049 2  
2050 1  
2051 0  
2052 3  
2053 2  
2054 1  
2055 0  
2056 3  
2057 2  
2058 1  
2059 0  
2060 3  
2061 2  
2062 1  
2063 0  
2064 3  
2065 2  
2066 1  
2067 0  
2068 3  
2069 2  
2070 1  
2071 0  
2072 3  
2073 2  
2074 1  
2075 0  
2076 3  
2077 2  
2078 1  
2079 0  
2080 3  
2081 2  
2082 1  
2083 0  
2084 3  
2085 2  
2086 1  
2087 0  
2088 3  
2089 2  
2090 1  
2091 0  
2092 3  
2093 2  
2094 1  
2095 0  
2096 3  
2097 2  
2098 1  
2099 0  
2100 3  
2101 2  
2102 1  
2103 0  
2104 3  
2105 1  
2106 2  
2107 0  
2108 3  
2109 1  
2110 2  
2111 0  
2112 3  
2113 1  
2114 2  
2115 0  
2116 3  
2117 1  
2118 2  
2119 0  
2120 3  
2121 1  
2122 2  
2123 0  
2124 3  
2125 1  
2126 2  
2127 0  
2128 3  
2129 1  
2130 2  
2131 0  
2132 3  
2133 1  
2134 2  
2135 0  
2136 3  
2137 1  
2138 2  
2139 0  
2140 3  
2141 1  
2142 2  
2143 0  
2144 3  
2145 1  
2146 2  
2147 0  
2148 3  
2149 1  
2150 2  
2151 0  
2152 3  
2153 1  
2154 2  
2155 0  
2156 3  
2157 1  
2158 2  
2159 0  
2160 3  
2161 1  
2162 2  
2163 0  
2164 3  
2165 1  
2166 2  
2167 0  
2168 3  
2169 1  
2170 2  
2171 0  
2172 3  
2173 1  
2174 2  
2175 0  
2176 3  
2177 1  
2178 2  
2179 0  
2180 3  
2181 1  
2182 2  
2183 0  
2184 3  
2185 1  
2186 2  
2187 0  
2188 3  
2189 1  
2190 2  
2191 0  
2192 3  
2193 1  
2194 2  
2195 0  
2196 3  
2197 1  
2198 2  
2199 0  
2200 3  
2201 1  
2202 2  
2203 0  
2204 3  
2205 1  
2206 2  
2207 0  
2208 3  
2209 1  
2210 2  
2211 0  
2212 3  
2213 1  
2214 2  
2215 0  
2216 3  
2217 1  
2218 2  
2219 0  
2220 3  
2221 1  
2222 2  
2223 0  
2224 3  
2225 1  
2226 2  
2227 0  
2228 3  
2229 1  
2230 2  
2231 0  
2232 3  
2233 1  
2234 2  
2235 0  
2236 3  
2237 1  
2238 2  
2239 0  
2240 3  
2241 1  
2242 2  
2243 0  
2244 3  
2245 1  
2246 2  
2247 0  
2248 3  
2249 1  
2250 2  
2251 0  
2252 3  
2253 1  
2254 2  
2255 0  
2256 3  
2257 1  
2258 2  
2259 0  
2260 3  
2261 1  
2262 2  
2263 0  
2264 3  
2265 1  
2266 2  
2267 0  
2268 3  
2269 1  
2270 2  
2271 0  
2272 3  
2273 1  
2274 2  
2275 0  
2276 3  
2277 1  
2278 2  
2279 0  
2280 3  
2281 1  
2282 2  
2283 0  
2284 3  
2285 1  
2286 2  
2287 0  
2288 3  
2289 1  
2290 2  
2291 0  
2292 3  
2293 1  
2294 2  
2295 0  
2296 3  
2297 1  
2298 2  
2299 0  
2300 3  
2301 1  
2302 2  
2303 0  
2304 3  
2305 1  
2306 2  
2307 0  
2308 3  
2309 1  
2310 2  
2311 0  
2312 3  
2313 1  
2314 2  
2315 0  
2316 3  
2317 1  
2318 2  
2319 0  
2320 3  
2321 1  
2322 2  
2323 0  
2324 3  
2325 1  
2326 2  
2327 0  
2328 3  
2329 1  
2330 2  
2331 0  
2332 3  
2333 1  
2334 2  
2335 0  
2336 3  
2337 1  
2338 2  
2339 0  
2340 3  
2341 1  
2342 2  
2343 0  
2344 3  
2345 1  
2346 2  
2347 0  
2348 3  
2349 1  
2350 2  
2351 0  
2352 3  
2353 1  
2354 2  
2355 0  
2356 1  
2357 3  
2358 0  
2359 2  
2360 1  
2361 3  
2362 0  
2363 2  
2364 1  
2365 3  
2366 0  
2367 2  
2368 1  
2369 3  
2370 0  
2371 2  
2372 1  
2373 3  
2374 0  
2375 2  
2376 1  
2377 3  
2378 0  
2379 2  
2380 1  
2381 3  
2382 0  
2383 2  
2384 1  
2385 3  
2386 0  
2387 2  
2388 1  
2389 3  
2390 0  
2391 2  
2392 1  
2393 3  
2394 0  
2395 2  
2396 1  
2397 3  
2398 0  
2399 2  
2400 1  
2401 3  
2402 0  
2403 2  
2404 1  
2405 3  
2406 0  
2407 2  
2408 1  
2409 3  
2410 0  
2411 2  
2412 1  
2413 3  
2414 0  
2415 2  
2416 1  
2417 3  
2418 0  
2419 2  
2420 1  
2421 3  
2422 0  
2423 2  
2424 1  
2425 3  
2426 0  
2427 2  
2428 1  
2429 3  
2430 0  
2431 2  
2432 1  
2433 3  
2434 0  
2435 2  
2436 1  
2437 3  
2438 0  
2439 2  
2440 1  
2441 3  
2442 0  
2443 2  
2444 1  
2445 3  
2446 0  
2447 2  
2448 1  
2449 3  
2450 0  
2451 2  
2452 1  
2453 3  
2454 0  
2455 1  
2456 2  
2457 3  
2458 0  
2459 1  
2460 2  
2461 3  
2462 0  
2463 1  
2464 3  
2465 2  
2466 0  
2467 1  
2468 3  
2469 2  
2470 0  
2471 1  
2472 3  
2473 2  
2474 0  
2475 1  
2476 3  
2477 2  
2478 0  
2479 1  
2480 3  
2481 2  
2482 0  
2483 1  
2484 3  
2485 2  
2486 0  
2487 1  
2488 3  
2489 2  
2490 0  
2491 1  
2492 3  
2493 2  
2494 0  
2495 1  
2496 3  
2497 2  
2498 0  
2499 1  
2500 3  
2501 2  
2502 0  
2503 1  
2504 3  
2505 2  
2506 0  
2507 1  
2508 3  
2509 2  
2510 0  
2511 1  
2512 3  
2513 2  
2514 0  
2515 1  
2516 3  
2517 2  
2518 0  
2519 1  
2520 3  
2521 2  
2522 0  
2523 1  
2524 3  
2525 2  
2526 0  
2527 1  
2528 3  
2529 2  
2530 0  
2531 1  
2532 3  
2533 2  
2534 0  
2535 1  
2536 3  
2537 2  
2538 0  
2539 1  
2540 3  
2541 2  
2542 0  
2543 1  
2544 3  
2545 2  
2546 0  
2547 1  
2548 3  
2549 2  
2550 0  
2551 1  
2552 3  
2553 2  
2554 0  
2555 1  
2556 3  
2557 0  
2558 2  
2559 1  
2560 3  
2561 0  
2562 2  
2563 1  
2564 3  
2565 0  
2566 2  
2567 1  
2568 3  
2569 0  
2570 2  
2571 1  
2572 3  
2573 0  
2574 2  
2575 1  
2576 3  
2577 0  
2578 2  
2579 1  
2580 3  
2581 0  
2582 2  
2583 1  
2584 3  
2585 0  
2586 2  
2587 1  
2588 3  
2589 0  
2590 2  
2591 1  
2592 3  
2593 0  
2594 2  
2595 1  
2596 3  
2597 0  
2598 2  
2599 1  
2600 3  
2601 0  
2602 2  
2603 1  
2604 3  
2605 0  
2606 2  
2607 1  
2608 3  
2609 0  
2610 2  
2611 1  
2612 3  
2613 0  
2614 2  
2615 1  
2616 3  
2617 0  
2618 1  
2619 2  
2620 3  
2621 0  
2622 1  
2623 2  
2624 3  
2625 0  
2626 1  
2627 2  
2628 3  
2629 0  
2630 1  
2631 2  
2632 3  
2633 0  
2634 1  
2635 2  
2636 3  
2637 0  
2638 1  
2639 2  
2640 3  
2641 0  
2642 1  
2643 2  
2644 3  
2645 0  
2646 1  
2647 2  
2648 3  
2649 0  
2650 1  
2651 2  
2652 3  
2653 0  
2654 1  
2655 2  
2656 3  
2657 0  
2658 1  
2659 2  
2660 3  
2661 0  
2662 1  
2663 2  
2664 3  
2665 0  
2666 1  
2667 2  
2668 3  
2669 0  
2670 1  
2671 2  
2672 3  
2673 0  
2674 1  
2675 2  
2676 3  
2677 0  
2678 1  
2679 2  
2680 3  
2681 0  
2682 1  
2683 2  
2684 3  
2685 0  
2686 1  
2687 2  
2688 3  
2689 0  
2690 1  
2691 2  
2692 3  
2693 0  
2694 1  
2695 2  
2696 3  
2697 0  
2698 1  
2699 2  
2700 0  
2701 3  
2702 1  
2703 2  
2704 0  
2705 3  
2706 1  
2707 0  
2708 2  
2709 3  
2710 1  
2711 0  
2712 3  
2713 2  
2714 1  
2715 0  
2716 3  
2717 2  
2718 1  
2719 0  
2720 3  
2721 2  
2722 1  
2723 0  
2724 3  
2725 2  
2726 1  
2727 0  
2728 3  
2729 2  
2730 1  
2731 0  
2732 3  
2733 2  
2734 1  
2735 0  
2735 3  
2736 2  
2736 1  
2737 0  
2737 3  
2738 2  
2739 1  
2740 0  
2740 3  
2740 2  
2741 1  
2742 0  
2742 3  
2742 2  
2742 1  
2742 0  
2742 3  
2742 2  
2742 1  
2742 0  
2742 3  
2742 2  
2742 1  
2742 0  
2742 3  
2742 2  
2742 1  
2742 0  
2742 3  
2742 2  
2742 1  
2742 0  
2742 3  
2742 2  
2742 1  
2742 0  
2742 3  
2742 2  
2742 1  
2742 0  
2742 3  
2742 2  
2742 1  
2742 0  
2742 3  
2742 2  
2742 1  
2742 0  
2742 3  
2742 2  
2742 1  
2742 0  
2742 3  
2742 2  
2742 1  
2742 0  
2742 3  
2742 2  
2742 1  
2742 0  
2742 3  
2742 2  
2742 1  
2742 0  
2742 3  
2742 2  
2742 1  
2742 0  
2742 3  
2742 2  
2742 1  
2742 0  
2742 3  
2742 2  
2742 1  
2742 0  
2742 3  
2742 1  
2742 2  
2742 0  
2742 3  
2742 1  
2742 2  
2742 0  
2742 3  
2742 1  
2742 2  
2742 0  
2742 3  
2742 1  
2742 2  
2742 0  
2742 3  
2742 1  
2742 2  
2742 0  
2742 3  
2742 1  
2742 2  
2742 0  
2742 3  
2742 1  
2742 2  
2742 0  
2742 3  
2742 1  
2742 2  
2742 0  
2742 3  
2742 1  
2742 2  
2742 0  
2742 3  
2742 1  
2742 2  
2742 0  
2742 3  
2742 1  
2742 2  
2742 0  
2742 3  
2742 1  
2742 2  
2742 0  
2742 3  
2742 1  
2742 2  
2742 0  
2742 3  
2742 1  
2742 0  
2742 2  
2742 3  
2742 1  
2742 0  
2742 2  
2742 3  
2742 1  
2742 0  
2742 2  
2742 3  
2742 1  
2742 0  
2742 2  
2742 3  
2742 1  
2742 0  
2742 2  
2742 3  
2742 1  
2742 0  
2742 2  
2742 3  
2742 1  
2742 0  
2742 2  
2742 3  
2742 1  
2742 0  
2742 2  
2742 3  
2742 1  
2742 0  
2742 2  
2742 3  
2742 1  
2742 0  
2742 2  
2742 3  
2742 1  
2742 0  
2742 2  
2742 3  
2742 1  
2742 0  
2742 3  
2742 2  
2742 1  
2742 0  
2742 3  
2742 2  
2742 1  
2742 0  
2742 3  
2742 2  
2742 1  
2742 0  
2742 3  
2742 2  
2742 1  
2742 0  
2742 3  
2742 2  
2742 1  
2742 0  
2742 3  
2742 2  
2742 1  
2742 0  
2742 3  
2742 2  
2742 1  
2742 0  
2742 3  
2742 2  
2742 1  
2742 0  
2742 3  
2742 2  
2742 1  
2742 0  
2742 2  
2742 3  
2742 1  
2742 0  
2742 2  
2742 3  
2742 1  
2742 0  
2742 2  
2742 3  
2742 1  
2742 0  
2742 2  
2742 3  
2742 1  
2742 0  
2742 3  
2742 2  
2742 1  
2742 0  
2742 3  
2742 2  
2742 1  
2742 0  
2742 3  
2742 2  
2742 1  
2742 0  
2742 3  
2742 2  
2742 1  
2742 0  
2742 3  
2742 2  
2742 1  
2742 0  
2742 3  
2742 2  
2742 1  
2742 0  
2742 3  
2742 2  
2742 1  
2742 0  
2742 3  
2742 2  
2742 1  
2742 0  
2742 3  
2742 2  
2742 1  
2742 0  
2742 3  
2742 2  
2742 1  
2742 0  
2742 3  
2742 2  
2742 1  
2742 0  
2742 3  
2742 2  
2742 1  
2742 0  
2742 3  
2742 2  
2742 1  
2742 0  
2742 3  
2742 2  
2742 1  
2742 0  
2742 3  
2742 2  
2742 1  
2742 0  
2742 3  
2742 2  
2742 1  
2742 0  
2742 3  
2742 2  
2742 1  
2742 0  
2742 3  
2742 2  
2742 1  
2742 0  
2742 3  
2742 2  
2742 1  
2742 0  
2742 3  
2742 2  
2742 1  
2742 0  
2742 3  
2742 2  
2742 1  
2742 0  
2742 3  
2742 2  
2742 1  
2742 0  
2742 3  
2742 2  
2742 1  
2742 0  
2742 3  
2742 2  
2742 1  
2742 0  
2742 3  
2742 2  
2742 1  
2742 0  
2742 3  
2742 2  
2742 1  
2742 0  
2742 3  
2742 2  
2742 1  
2742 0  
2742 3  
2742 2  
2742 1  
2742 0  
2742 3  
2742 2  
2742 1  
2742 0  
2742 3  
2742 2  
2742 1  
2742 0  
2742 3  
2742 2  
2742 1  
2742 0  
2742 3  
2742 2  
2742 1  
2742 0  
2742 3  
2742 2  
2742 1  
2742 0  
2742 3  
2742 2  
2742 1  
2742 0  
2742 3  
2742 2  
2742 1  
2742 0  
2742 3  
2742 2  
2742 1  
2742 0  
2742 3  
2742 2  
2742 1  
2742 0  
2742 3  
2742 1  
2742 2  
2742 0  
2742 3  
2742 1  
2742 2  
2742 0  
2742 3  
2742 1  
2742 2  
2742 0  
2742 3  
2742 1  
2742 2  
2742 0  
2742 3  
2742 1  
2742 2  
2742 0  
2742 3  
2742 1  
2742 2  
2742 0  
2742 3  
2742 1  
2742 2  
2742 0  
2742 3  
2742 1  
2742 2  
2742 0  
2742 3  
2742 1  
2742 2  
2742 0  
2742 3  
2742 1  
2742 2  
2742 0  
2742 3  
2742 1  
2742 2  
2742 0  
2742 3  
2742 1  
2742 2  
2742 0  
2742 3  
2742 1  
2742 2  
2742 0  
2742 3  
2742 1  
2742 2  
2742 0  
2742 3  
2742 1  
2742 2  
2742 0  
2742 3  
2742 1  
2742 2  
2742 0  
2742 3  
2742 1  
2742 2  
2742 0  
2742 3  
2742 1  
2742 2  
2742 0  
2742 3  
2742 1  
2742 2  
2742 0  
2742 3  
2742 1  
2742 2  
2742 0  
2742 3  
2742 1  
2742 2  
2742 0  
2742 3  
2742 1  
2742 2  
2742 0  
2742 3  
2742 1  
2742 2  
2742 0  
2742 3  
2742 1  
2742 2  
2742 0  
2742 3  
2742 1  
2742 2  
2742 0  
2742 3  
2742 1  
2742 2  
2742 0  
2742 3  
2742 1  
2742 2  
2742 0  
2742 3  
2742 1  
2742 0  
2742 2  
2742 3  
2742 1  
2742 0  
2742 2  
2742 3  
2742 1  
2742 0  
2742 2  
2742 3  
2742 1  
2742 0  
2742 2  
2742 3  
2742 1  
2742 0  
2742 2  
2742 3  
2742 1  
2742 0  
2742 2  
2742 3  
2742 1  
2742 0  
2742 2  
2742 3  
2742 1  
2742 0  
2742 2  
2742 3  
2742 1  
2742 0  
2742 2  
2742 3  
2742 1  
2742 0  
2742 2  
2742 3  
2742 1  
2742 0  
2742 2  
2742 3  
2742 1  
2742 0  
2742 2  
2742 3  
2742 1  
2742 0  
2742 2  
2742 3  
2742 1  
2742 0  
2742 2  
2742 3  
2742 1  
2742 0  
2742 2  
2742 3  
2742 1  
2742 0  
2742 2  
2742 3  
2742 1  
2742 0  
2742 2  
2742 3  
2742 1  
2742 0  
2742 2  
2742 3  
2742 1  
2742 0  
2742 2  
2742 3  
2742 1  
2742 0  
2742 2  
2742 3  
2742 1  
2742 0  
2742 2  
2742 3  
2742 1  
2742 0  
2742 2  
2742 3  
2742 1  
2742 0  
2742 2  
2742 3  
2742 1  
2742 0  
2742 2  
2742 3  
2742 1  
2742 0  
2742 2  
2742 3  
2742 1  
2742 0  
2742 2  
2742 3  
2742 1  
2742 0  
2742 2  
2742 3  
2742 1  
2742 0  
2742 2  
2742 3  
2742 1  
2742 0  
2742 2  
2742 3  
2742 1  
2742 0  
2742 2  
2742 3  
2742 1  
2742 0  
2742 2  
2742 3  
2742 1  
2742 0  
2742 2  
2742 3  
2742 1  
2742 0  
2742 2  
2742 3  
2742 1  
2742 0  
2742 2  
2742 3  
2742 1  
2742 0  
2742 2  
2742 3  
2742 1  
2742 0  
2742 2  
2742 3  
2742 1  
2742 0  
2742 2  
2742 3  
2742 1  
2742 0  
2742 2  
2742 3  
2742 1  
2742 0  
2742 2  
2742 3  
2742 1  
2742 0  
2742 2  
2742 3  
2742 1  
2742 0  
2742 2  
2742 3  
2742 1  
2742 0  
2742 2  
2742 3  
2742 1  
2742 0  
2742 2  
2742 3  
2742 1  
2742 0  
2742 2  
2742 3  
2742 1  
2742 0  
2742 2  
2742 3  
2742 1  
2742 0  
2742 2  
2742 3  
2742 1  
2742 0  
2742 2  
2742 3  
2742 1  
2742 0  
2742 2  
2742 3  
2742 1  
2742 0  
2742 2  
2742 3  
2742 1  
2742 0  
2742 2  
2742 3  
2742 1  
2742 0  
2742 2  
2742 3  
2742 1  
2742 0  
2742 2  
2742 3  
2742 1  
2742 0  
2742 2  
2742 3  
2742 1  
2742 0  
2742 2  
2742 3  
2742 1  
2742 0  
2742 2  
2742 3  
2742 1  
2742 0  
2742 2  
2742 3  
2742 1  
2742 0  
2742 2  
2742 3  
2742 1  
2742 0  
2742 2  
2742 3  
2742 1  
2742 0  
2742 2  
2742 3  
2742 1  
2742 0  
2742 2  
2742 3  
2742 1  
2742 0  
2742 2  
2742 3  
2742 1  
2742 0  
2742 2  
2742 3  
2742 1  
2742 0  
2742 2  
2742 3  
2742 1  
2742 0  
2742 2  
2742 3  
2742 1  
2742 0  
2742 2  
2742 3  
2742 1  
2742 0  
2742 2  
2742 3  
2742 1  
2742 0  
2742 2  
2742 3  
2742 1  
2742 0  
2742 2  
2742 3  
2742 1  
2742 0  
2742 2  
2742 3  
2742 1  
2742 0  
2742 2  
2742 3  
2742 1  
2742 0  
2742 2  
2742 3  
2742 1  
2742 0  
2742 2  
2742 3  
2742 1  
2742 0  
2742 2  
2742 3  
2742 1  
2742 0  
2742 2  
2742 3  
2742 1  
2742 0  
2742 2  
2742 3  
2742 1  
2742 0  
2742 2  
2742 3  
2742 1  
2742 0  
2742 2  
2742 3  
2742 1  
2742 0  
2742 2  
2742 3  
2742 1  
2742 0  
2742 2  
2742 3  
2742 1  
2742 0  
2742 2  
2742 3  
2742 1  
2742 0  
2742 2  
2742 3  
2742 1  
2742 0  
2742 2  
2742 3  
2742 1  
2742 0  
2742 2  
2742 3  
2742 1  
2742 0  
2742 2  
2742 3  
2742 1  
2742 0  
2742 2  
2742 3  
2742 1  
2742 0  
2742 2  
2742 3  
2742 1  
2742 0  
2742 2  
2742 3  
2742 1  
2742 0  
2742 2  
2742 3  
2742 1  
2742 0  
2742 2  
2742 3  
2742 1  
2742 0  
2742 2  
2742 3  
2742 1  
2742 0  
2742 2  
2742 3  
2742 1  
2742 0  
2742 2  
2742 3  
2742 1  
2742 0  
2742 2  
2742 3  
2742 1  
2742 0  
2742 2  
2742 3  
2742 1  
2742 0  
2742 2  
2742 3  
2742 1  
2742 0  
2742 2  
2742 3  
2742 1  
2742 0  
2742 2  
2742 3  
2742 1  
2742 0  
2742 2  
2742 3  
2742 1  
2742 0  
2742 2  
2742 3  
2742 1  
2742 0  
2742 2  
2742 3  
2742 1  
2742 0  
2742 2  
2742 3  
2742 1  
2742 0  
2742 2  
2742 3  
2742 1  
2742 0  
2742 2  
2742 3  
2742 1  
2742 0  
2742 2  
2742 3  
2742 1  
2742 0  
2742 2  
2742 3  
2742 1  
2742 0  
2742 2  
2742 3  
2742 1  
2742 0  
2742 2  
2742 3  
2742 1  
2742 0  
2742 2  
2742 3  
2742 1  
2742 0  
2742 2  
2742 3  
2742 1  
2742 0  
2742 2  
2742 3  
2742 1  
2742 0  
2742 2  
2742 3  
2742 1  
2742 0  
2742 2  
2742 3  
2742 1  
2742 0  
2742 2  
2742 3  
2742 1  
2742 0  
2742 2  
2742 3  
2742 1  
2742 0  
2742 2  
2742 3  
2742 1  
2742 0  
2742 2  
2742 3  
2742 1  
2742 0  
2742 2  
2742 3  
2742 1  
2742 0  
2742 2  
2742 3  
2742 1  
2742 0  
2742 2  
2742 3  
2742 1  
2742 0  
2742 2  
2742 3  
2742 1  
2742 0  
2742 2  
2742 3  
2742 1  
2742 0  
2742 2  
2742 3  
2742 1  
2742 0  
2742 2  
2742 3  
2742 1  
2742 0  
2742 2  
2742 3  
2742 1  
2742 0  
2742 2  
2742 3  
2742 1  
2742 0  
2742 2  
2742 3  
2742 1  
2742 0  
2742 2  
2742 3  
2742 1  
2742 0  
2742 2  
2742 3  
2742 1  
2742 0  
2742 2  
2742 3  
2742 1  
2742 0  
2742 2  
2742 3  
2742 1  
2742 0  
2742 2  
2742 3  
2742 1  
2742 0  
2742 2  
2742 3  
2742 1  
2742 0  
2742 2  
2742 3  
2742 1  
2742 0  
2742 2  
2742 3  
2742 1  
2742 0  
2742 2  
2742 3  
2742 1  
2742 0  
2742 2  
2742 3  
2742 1  
2742 0  
2742 2  
2742 3  
2742 1  
2742 0  
2742 2  
2742 3  
2742 1  
2742 0  
2742 2  
2742 3  
2742 1  
2742 0  
2742 2  
2742 3  
2742 1  
2742 0  
2742 2  
2742 3  
2742 1  
2742 0  
2742 2  
2742 3  
2742 1  
2742 0  
2742 2  
2742 3  
2742 1  
2742 0  
2742 2  
2742 3  
2742 1  
2742 0  
2742 2  
2742 3  
2742 1  
2742 0  
2742 2  
2742 3  
2742 1  
2742 0  
2742 2  
2742 3  
2742 1  
2742 0  
2742 2  
2742 3  
2742 1  
2742 0  
2742 2  
2742 3  
2742 1  
