2013 06 29 03 53 00 0.665872 
2013 06 29 03 53 23 0.544842 
2013 06 29 03 53 24 0.321877 
2013 06 29 03 53 25 0.328526 
2013 06 29 03 53 26 0.335112 
2013 06 29 03 53 27 0.341786 
2013 06 29 03 53 28 0.348386 
2013 06 29 03 53 29 0.355014 
2013 06 29 03 53 30 0.361691 
2013 06 29 03 53 31 0.368253 
2013 06 29 03 53 32 0.374877 
2013 06 29 03 53 33 0.129706 
2013 06 29 03 53 33 0.884827 
2013 06 29 03 53 34 0.413972 
2013 06 29 03 53 35 0.142971 
2013 06 29 03 53 35 0.898083 
2013 06 29 03 53 36 0.904715 
2013 06 29 03 53 37 0.911355 
2013 06 29 03 53 38 0.917982 
2013 06 29 03 53 39 0.924625 
2013 06 29 03 53 40 0.931247 
2013 06 29 03 53 41 0.937948 
2013 06 29 03 53 42 0.944532 
2013 06 29 03 53 43 0.951191 
2013 06 29 03 53 44 0.957804 
2013 06 29 03 53 45 0.964485 
2013 06 29 03 53 46 0.971092 
2013 06 29 03 53 47 0.977738 
2013 06 29 03 53 48 0.984362 
2013 06 29 03 53 49 0.990976 
2013 06 29 03 53 50 0.997601 
2013 06 29 03 53 51 0.752421 
2013 06 29 03 53 52 0.759027 
2013 06 29 03 53 53 0.765661 
2013 06 29 03 53 54 0.772294 
2013 06 29 03 53 55 0.778951 
2013 06 29 03 53 56 0.785554 
2013 06 29 03 53 57 0.792388 
2013 06 29 03 53 58 0.798818 
2013 06 29 03 53 59 0.805452 
2013 06 29 03 54 00 0.812083 
2013 06 29 03 54 01 0.818722 
2013 06 29 03 54 02 0.825353 
2013 06 29 03 54 03 0.831982 
2013 06 29 03 54 04 0.838616 
2013 06 29 03 54 05 0.845246 
2013 06 29 03 54 06 0.851902 
2013 06 29 03 54 07 0.858513 
2013 06 29 03 54 08 0.865164 
2013 06 29 03 54 09 0.871775 
2013 06 29 03 54 10 0.878405 
2013 06 29 03 54 11 0.885039 
2013 06 29 03 54 12 0.891688 
2013 06 29 03 54 13 0.898297 
2013 06 29 03 54 14 0.904931 
2013 06 29 03 54 15 0.911562 
2013 06 29 03 54 16 0.918190 
2013 06 29 03 54 17 0.924829 
2013 06 29 03 54 18 0.931459 
2013 06 29 03 54 19 0.938093 
2013 06 29 03 54 20 0.944718 
2013 06 29 03 54 21 0.951354 
2013 06 29 03 54 22 0.957987 
2013 06 29 03 54 23 0.964642 
2013 06 29 03 54 24 0.971252 
2013 06 29 03 54 25 0.977903 
2013 06 29 03 54 26 0.984512 
2013 06 29 03 54 27 0.991147 
2013 06 29 03 54 28 0.997799 
2013 06 29 03 54 30 0.004407 
2013 06 29 03 54 31 0.011037 
2013 06 29 03 54 32 0.017676 
2013 06 29 03 54 33 0.024306 
2013 06 29 03 54 34 0.030940 
2013 06 29 03 54 35 0.037576 
2013 06 29 03 54 36 0.044210 
2013 06 29 03 54 36 0.799371 
2013 06 29 03 54 37 0.806003 
2013 06 29 03 54 38 0.812640 
2013 06 29 03 54 39 0.819269 
2013 06 29 03 54 40 0.825873 
2013 06 29 03 54 41 0.832488 
2013 06 29 03 54 42 0.839112 
2013 06 29 03 54 43 0.845730 
2013 06 29 03 54 44 0.852383 
2013 06 29 03 54 45 0.858997 
2013 06 29 03 54 46 0.865642 
2013 06 29 03 54 47 0.872278 
2013 06 29 03 54 48 0.878891 
2013 06 29 03 54 49 0.885519 
2013 06 29 03 54 50 0.892158 
2013 06 29 03 54 51 0.898825 
2013 06 29 03 54 52 0.905460 
2013 06 29 03 54 53 0.912118 
2013 06 29 03 54 54 0.918742 
2013 06 29 03 54 55 0.925353 
2013 06 29 03 54 56 0.932015 
2013 06 29 03 54 57 0.938612 
2013 06 29 03 54 58 0.945216 
2013 06 29 03 54 59 0.951843 
2013 06 29 03 55 00 0.958473 
2013 06 29 03 55 01 0.965175 
2013 06 29 03 55 02 0.971782 
2013 06 29 03 55 03 0.978404 
2013 06 29 03 55 04 0.985053 
2013 06 29 03 55 05 0.991696 
2013 06 29 03 55 06 0.746472 
2013 06 29 03 55 07 0.753103 
2013 06 29 03 55 08 0.759736 
2013 06 29 03 55 09 0.766367 
2013 06 29 03 55 10 0.772997 
2013 06 29 03 55 11 0.779625 
2013 06 29 03 55 12 0.786254 
2013 06 29 03 55 13 0.792889 
2013 06 29 03 55 14 0.799520 
2013 06 29 03 55 15 0.806148 
2013 06 29 03 55 16 0.812784 
2013 06 29 03 55 17 0.819417 
2013 06 29 03 55 18 0.826046 
2013 06 29 03 55 19 0.832676 
2013 06 29 03 55 20 0.839310 
2013 06 29 03 55 21 0.845947 
2013 06 29 03 55 22 0.601075 
2013 06 29 03 55 23 0.607718 
2013 06 29 03 55 24 0.614367 
2013 06 29 03 55 25 0.621006 
2013 06 29 03 55 26 0.627594 
2013 06 29 03 55 27 0.634281 
2013 06 29 03 55 28 0.389049 
2013 06 29 03 55 29 0.395681 
2013 06 29 03 55 30 0.402330 
2013 06 29 03 55 31 0.408940 
2013 06 29 03 55 32 0.415598 
2013 06 29 03 55 33 0.422211 
2013 06 29 03 55 34 0.428852 
2013 06 29 03 55 35 0.435477 
2013 06 29 03 55 36 0.442127 
2013 06 29 03 55 37 0.448739 
2013 06 29 03 55 38 0.455369 
2013 06 29 03 55 39 0.462004 
2013 06 29 03 55 40 0.468632 
2013 06 29 03 55 41 0.475263 
2013 06 29 03 55 42 0.481889 
2013 06 29 03 55 43 0.237023 
2013 06 29 03 55 44 0.243655 
2013 06 29 03 55 45 0.250271 
2013 06 29 03 55 46 0.256899 
2013 06 29 03 55 47 0.263530 
2013 06 29 03 55 48 0.270166 
2013 06 29 03 55 49 0.276798 
2013 06 29 03 55 50 0.283426 
2013 06 29 03 55 51 0.290063 
2013 06 29 03 55 52 0.296778 
2013 06 29 03 55 53 0.303353 
2013 06 29 03 55 54 0.310008 
2013 06 29 03 55 55 0.316649 
2013 06 29 03 55 56 0.323288 
2013 06 29 03 55 57 0.329888 
2013 06 29 03 55 58 0.336476 
2013 06 29 03 55 59 0.343129 
2013 06 29 03 56 00 0.349742 
2013 06 29 03 56 01 0.356370 
2013 06 29 03 56 02 0.363049 
2013 06 29 03 56 03 0.369682 
2013 06 29 03 56 04 0.376327 
2013 06 29 03 56 05 0.382969 
2013 06 29 03 56 06 0.389585 
2013 06 29 03 56 07 0.396204 
2013 06 29 03 56 08 0.402800 
2013 06 29 03 56 09 0.409431 
2013 06 29 03 56 10 0.416065 
2013 06 29 03 56 11 0.422690 
2013 06 29 03 56 12 0.429404 
2013 06 29 03 56 13 0.435945 
2013 06 29 03 56 14 0.442589 
2013 06 29 03 56 15 0.449220 
2013 06 29 03 56 16 0.455850 
2013 06 29 03 56 17 0.462481 
2013 06 29 03 56 18 0.469116 
2013 06 29 03 56 19 0.475773 
2013 06 29 03 56 20 0.482375 
2013 06 29 03 56 21 0.740526 
2013 06 29 03 56 22 0.747178 
2013 06 29 03 56 23 0.753790 
2013 06 29 03 56 24 0.760416 
2013 06 29 03 56 25 0.767048 
2013 06 29 03 56 26 0.773706 
2013 06 29 03 56 27 0.780312 
2013 06 29 03 56 28 0.786945 
2013 06 29 03 56 29 0.793580 
2013 06 29 03 56 30 0.548746 
2013 06 29 03 56 31 0.555387 
2013 06 29 03 56 32 0.561977 
2013 06 29 03 56 33 0.568628 
2013 06 29 03 56 34 0.575279 
2013 06 29 03 56 35 0.581915 
2013 06 29 03 56 36 0.588561 
2013 06 29 03 56 37 0.595173 
2013 06 29 03 56 38 0.601794 
2013 06 29 03 56 39 0.608413 
2013 06 29 03 56 40 0.615066 
2013 06 29 03 56 41 0.621656 
2013 06 29 03 56 42 0.628274 
2013 06 29 03 56 43 0.634909 
2013 06 29 03 56 44 0.641526 
2013 06 29 03 56 45 0.648166 
2013 06 29 03 56 46 0.654810 
2013 06 29 03 56 47 0.661440 
2013 06 29 03 56 48 0.668077 
2013 06 29 03 56 49 0.674695 
2013 06 29 03 56 50 0.681328 
2013 06 29 03 56 51 0.688024 
2013 06 29 03 56 52 0.442809 
2013 06 29 03 56 53 0.197938 
2013 06 29 03 56 54 0.204589 
2013 06 29 03 56 55 0.211225 
2013 06 29 03 56 56 0.217849 
2013 06 29 03 56 57 0.224490 
2013 06 29 03 56 58 0.231095 
2013 06 29 03 56 59 0.237718 
2013 06 29 03 57 00 0.244365 
2013 06 29 03 57 01 0.250971 
2013 06 29 03 57 02 0.257591 
2013 06 29 03 57 03 0.264218 
2013 06 29 03 57 04 0.270841 
2013 06 29 03 57 05 0.277471 
2013 06 29 03 57 06 0.284112 
2013 06 29 03 57 07 0.290726 
2013 06 29 03 57 08 0.297363 
2013 06 29 03 57 09 0.052204 
2013 06 29 03 57 10 0.058835 
2013 06 29 03 57 11 0.065464 
2013 06 29 03 57 12 0.072102 
2013 06 29 03 57 13 0.078740 
2013 06 29 03 57 14 0.085370 
2013 06 29 03 57 15 0.091997 
2013 06 29 03 57 16 0.098629 
2013 06 29 03 57 17 0.105261 
2013 06 29 03 57 18 0.111890 
2013 06 29 03 57 19 0.118523 
2013 06 29 03 57 20 0.125156 
2013 06 29 03 57 21 0.131784 
2013 06 29 03 57 22 0.138414 
2013 06 29 03 57 23 0.145043 
2013 06 29 03 57 24 0.151684 
2013 06 29 03 57 25 0.158308 
2013 06 29 03 57 26 0.164934 
2013 06 29 03 57 27 0.171565 
2013 06 29 03 57 28 0.430004 
2013 06 29 03 57 29 0.436660 
2013 06 29 03 57 30 0.694772 
2013 06 29 03 57 31 0.701413 
2013 06 29 03 57 32 0.456571 
2013 06 29 03 57 33 0.463215 
2013 06 29 03 57 34 0.469842 
2013 06 29 03 57 35 0.476480 
2013 06 29 03 57 36 0.483076 
2013 06 29 03 57 37 0.489725 
2013 06 29 03 57 38 0.496372 
2013 06 29 03 57 39 0.503015 
2013 06 29 03 57 40 0.509594 
2013 06 29 03 57 41 0.516267 
2013 06 29 03 57 42 0.522832 
2013 06 29 03 57 43 0.529463 
2013 06 29 03 57 44 0.536137 
2013 06 29 03 57 45 0.542733 
2013 06 29 03 57 46 0.549357 
2013 06 29 03 57 47 0.555989 
2013 06 29 03 57 48 0.562618 
2013 06 29 03 57 49 0.569256 
2013 06 29 03 57 50 0.575896 
2013 06 29 03 57 51 0.582537 
2013 06 29 03 57 52 0.589211 
2013 06 29 03 57 53 0.595800 
2013 06 29 03 57 54 0.602464 
2013 06 29 03 57 55 0.609110 
2013 06 29 03 57 56 0.615728 
2013 06 29 03 57 57 0.622372 
2013 06 29 03 57 58 0.628969 
2013 06 29 03 57 59 0.383766 
2013 06 29 03 58 00 0.390400 
2013 06 29 03 58 01 0.397034 
2013 06 29 03 58 02 0.152147 
2013 06 29 03 58 03 0.158782 
2013 06 29 03 58 04 0.165406 
2013 06 29 03 58 05 0.172036 
2013 06 29 03 58 06 0.178657 
2013 06 29 03 58 07 0.185303 
2013 06 29 03 58 08 0.191934 
2013 06 29 03 58 09 0.198555 
2013 06 29 03 58 10 0.205186 
2013 06 29 03 58 11 0.211813 
2013 06 29 03 58 12 0.218496 
2013 06 29 03 58 13 0.225130 
2013 06 29 03 58 14 0.231761 
2013 06 29 03 58 15 0.238417 
2013 06 29 03 58 16 0.244990 
2013 06 29 03 58 17 0.251677 
2013 06 29 03 58 18 0.258270 
2013 06 29 03 58 19 0.264917 
2013 06 29 03 58 20 0.271575 
2013 06 29 03 58 21 0.278196 
2013 06 29 03 58 22 0.284773 
2013 06 29 03 58 23 0.291388 
2013 06 29 03 58 24 0.298017 
2013 06 29 03 58 25 0.304653 
2013 06 29 03 58 26 0.311284 
2013 06 29 03 58 27 0.317919 
2013 06 29 03 58 28 0.324541 
2013 06 29 03 58 29 0.331204 
2013 06 29 03 58 30 0.337806 
2013 06 29 03 58 31 0.344447 
2013 06 29 03 58 32 0.351122 
2013 06 29 03 58 33 0.357719 
2013 06 29 03 58 34 0.364393 
2013 06 29 03 58 35 0.371024 
2013 06 29 03 58 36 0.377635 
2013 06 29 03 58 37 0.384271 
2013 06 29 03 58 38 0.390904 
2013 06 29 03 58 39 0.397555 
2013 06 29 03 58 40 0.404153 
2013 06 29 03 58 41 0.410812 
2013 06 29 03 58 42 0.417376 
2013 06 29 03 58 43 0.424017 
2013 06 29 03 58 44 0.430645 
2013 06 29 03 58 45 0.437270 
2013 06 29 03 58 46 0.443902 
2013 06 29 03 58 47 0.450536 
2013 06 29 03 58 48 0.457159 
2013 06 29 03 58 49 0.715312 
2013 06 29 03 58 50 0.721941 
2013 06 29 03 58 51 0.728585 
2013 06 29 03 58 52 0.735211 
2013 06 29 03 58 53 0.741838 
2013 06 29 03 58 54 0.748469 
2013 06 29 03 58 55 0.755102 
2013 06 29 03 58 56 0.761733 
2013 06 29 03 58 57 0.768363 
2013 06 29 03 58 58 0.775001 
2013 06 29 03 58 59 0.781628 
2013 06 29 03 59 00 0.788257 
2013 06 29 03 59 01 0.794884 
2013 06 29 03 59 02 0.801512 
2013 06 29 03 59 03 0.808142 
2013 06 29 03 59 04 0.814775 
2013 06 29 03 59 05 0.821407 
2013 06 29 03 59 06 0.576525 
2013 06 29 03 59 07 0.583162 
2013 06 29 03 59 08 0.589782 
2013 06 29 03 59 09 0.596413 
2013 06 29 03 59 10 0.603057 
2013 06 29 03 59 11 0.609682 
2013 06 29 03 59 12 0.616379 
2013 06 29 03 59 13 0.622989 
2013 06 29 03 59 14 0.629619 
2013 06 29 03 59 15 0.636249 
2013 06 29 03 59 16 0.642908 
2013 06 29 03 59 17 0.649490 
2013 06 29 03 59 18 0.656148 
2013 06 29 03 59 19 0.662745 
2013 06 29 03 59 20 0.669407 
2013 06 29 03 59 21 0.676015 
2013 06 29 03 59 22 0.682618 
2013 06 29 03 59 23 0.689244 
2013 06 29 03 59 24 0.695878 
2013 06 29 03 59 25 0.702513 
2013 06 29 03 59 26 0.709148 
2013 06 29 03 59 27 0.715773 
2013 06 29 03 59 28 0.722428 
2013 06 29 03 59 29 0.729033 
2013 06 29 03 59 30 0.735700 
2013 06 29 03 59 31 0.742365 
2013 06 29 03 59 32 0.748986 
2013 06 29 03 59 33 0.755603 
2013 06 29 03 59 34 0.762220 
2013 06 29 03 59 35 0.768858 
2013 06 29 03 59 36 0.775492 
2013 06 29 03 59 37 0.782124 
2013 06 29 03 59 38 0.536917 
2013 06 29 03 59 39 0.292076 
2013 06 29 03 59 40 0.046860 
2013 06 29 03 59 41 0.053491 
2013 06 29 03 59 42 0.060119 
2013 06 29 03 59 43 0.066758 
2013 06 29 03 59 43 0.821874 
2013 06 29 03 59 44 0.828493 
2013 06 29 03 59 45 0.835123 
2013 06 29 03 59 46 0.841762 
2013 06 29 03 59 47 0.848387 
2013 06 29 03 59 48 0.855020 
2013 06 29 03 59 49 0.861648 
2013 06 29 03 59 50 0.868299 
2013 06 29 03 59 51 0.874956 
2013 06 29 03 59 52 0.881589 
2013 06 29 03 59 53 0.888208 
2013 06 29 03 59 54 0.894857 
2013 06 29 03 59 55 0.901484 
2013 06 29 03 59 56 0.908127 
2013 06 29 03 59 57 0.914813 
2013 06 29 03 59 58 0.921368 
2013 06 29 03 59 59 0.928009 
2013 06 29 04 00 00 0.934645 
2013 06 29 04 00 01 0.941249 
2013 06 29 04 00 02 0.947864 
2013 06 29 04 00 03 0.954522 
2013 06 29 04 00 04 0.961109 
2013 06 29 04 00 05 0.967743 
2013 06 29 04 00 06 0.974368 
2013 06 29 04 00 07 0.981041 
2013 06 29 04 00 08 0.987641 
2013 06 29 04 00 09 0.994267 
2013 06 29 04 00 11 0.000895 
2013 06 29 04 00 12 0.007586 
2013 06 29 04 00 13 0.014210 
2013 06 29 04 00 14 0.020853 
2013 06 29 04 00 15 0.027446 
2013 06 29 04 00 16 0.034098 
2013 06 29 04 00 16 0.788884 
2013 06 29 04 00 17 0.795514 
2013 06 29 04 00 18 0.802148 
2013 06 29 04 00 19 0.557298 
2013 06 29 04 00 20 0.563943 
2013 06 29 04 00 21 0.570549 
2013 06 29 04 00 22 0.577159 
2013 06 29 04 00 23 0.583770 
2013 06 29 04 00 24 0.590426 
2013 06 29 04 00 25 0.597038 
2013 06 29 04 00 26 0.603671 
2013 06 29 04 00 27 0.610308 
2013 06 29 04 00 28 0.616932 
2013 06 29 04 00 29 0.623576 
2013 06 29 04 00 30 0.630194 
2013 06 29 04 00 31 0.636845 
2013 06 29 04 00 32 0.643475 
2013 06 29 04 00 33 0.650138 
2013 06 29 04 00 34 0.656753 
2013 06 29 04 00 35 0.663377 
2013 06 29 04 00 36 0.670035 
2013 06 29 04 00 37 0.676667 
2013 06 29 04 00 38 0.683278 
2013 06 29 04 00 39 0.689930 
2013 06 29 04 00 40 0.696547 
2013 06 29 04 00 41 0.703195 
2013 06 29 04 00 42 0.709762 
2013 06 29 04 00 43 0.716411 
2013 06 29 04 00 44 0.723017 
2013 06 29 04 00 45 0.729689 
2013 06 29 04 00 46 0.736281 
2013 06 29 04 00 47 0.742915 
2013 06 29 04 00 48 0.749549 
2013 06 29 04 00 49 0.756178 
2013 06 29 04 00 50 0.762811 
2013 06 29 04 00 51 0.769502 
2013 06 29 04 00 52 0.776097 
2013 06 29 04 00 53 0.782748 
2013 06 29 04 00 54 0.789373 
2013 06 29 04 00 55 0.796017 
2013 06 29 04 00 56 0.802625 
2013 06 29 04 00 57 0.557430 
2013 06 29 04 00 58 0.564061 
2013 06 29 04 00 59 0.570691 
2013 06 29 04 01 00 0.577324 
2013 06 29 04 01 01 0.584106 
2013 06 29 04 01 02 0.590578 
2013 06 29 04 01 03 0.597206 
2013 06 29 04 01 04 0.603844 
2013 06 29 04 01 05 0.610468 
2013 06 29 04 01 06 0.617099 
2013 06 29 04 01 07 0.372228 
2013 06 29 04 01 08 0.378854 
2013 06 29 04 01 09 0.385477 
2013 06 29 04 01 10 0.392118 
2013 06 29 04 01 11 0.398735 
2013 06 29 04 01 12 0.405417 
2013 06 29 04 01 13 0.160207 
2013 06 29 04 01 14 0.166835 
2013 06 29 04 01 15 0.173472 
2013 06 29 04 01 15 0.928634 
2013 06 29 04 01 16 0.935247 
2013 06 29 04 01 17 0.941892 
2013 06 29 04 01 18 0.948499 
2013 06 29 04 01 19 0.955138 
2013 06 29 04 01 20 0.961773 
2013 06 29 04 01 21 0.968356 
2013 06 29 04 01 22 0.975001 
2013 06 29 04 01 23 0.981617 
2013 06 29 04 01 24 0.988253 
2013 06 29 04 01 25 0.994890 
2013 06 29 04 01 27 0.001524 
2013 06 29 04 01 28 0.008139 
2013 06 29 04 01 29 0.014765 
2013 06 29 04 01 30 0.021416 
2013 06 29 04 01 31 0.028033 
2013 06 29 04 01 32 0.034729 
2013 06 29 04 01 33 0.041342 
2013 06 29 04 01 34 0.047953 
2013 06 29 04 01 35 0.054608 
2013 06 29 04 01 36 0.061218 
2013 06 29 04 01 37 0.067855 
2013 06 29 04 01 38 0.074506 
2013 06 29 04 01 39 0.081134 
2013 06 29 04 01 40 0.087757 
2013 06 29 04 01 41 0.094403 
2013 06 29 04 01 42 0.100964 
2013 06 29 04 01 43 0.107600 
2013 06 29 04 01 44 0.114236 
2013 06 29 04 01 45 0.120871 
2013 06 29 04 01 46 0.127509 
2013 06 29 04 01 47 0.134125 
2013 06 29 04 01 48 0.140754 
2013 06 29 04 01 49 0.147395 
2013 06 29 04 01 50 0.154012 
2013 06 29 04 01 51 0.160665 
2013 06 29 04 01 52 0.167347 
2013 06 29 04 01 53 0.173954 
2013 06 29 04 01 54 0.180587 
2013 06 29 04 01 55 0.187215 
2013 06 29 04 01 56 0.193821 
2013 06 29 04 01 57 0.200486 
2013 06 29 04 01 58 0.207095 
2013 06 29 04 01 59 0.213734 
2013 06 29 04 02 00 0.220372 
2013 06 29 04 02 01 0.227012 
2013 06 29 04 02 02 0.233733 
2013 06 29 04 02 03 0.240429 
2013 06 29 04 02 04 0.246837 
2013 06 29 04 02 05 0.253523 
2013 06 29 04 02 06 0.260140 
2013 06 29 04 02 07 0.266808 
2013 06 29 04 02 08 0.273419 
2013 06 29 04 02 09 0.280051 
2013 06 29 04 02 10 0.286662 
2013 06 29 04 02 11 0.293293 
2013 06 29 04 02 12 0.299885 
2013 06 29 04 02 13 0.306509 
2013 06 29 04 02 14 0.313153 
2013 06 29 04 02 15 0.319775 
2013 06 29 04 02 16 0.326408 
2013 06 29 04 02 17 0.333037 
2013 06 29 04 02 18 0.339685 
2013 06 29 04 02 19 0.346296 
2013 06 29 04 02 20 0.352952 
2013 06 29 04 02 21 0.359556 
2013 06 29 04 02 22 0.366244 
2013 06 29 04 02 23 0.372892 
2013 06 29 04 02 24 0.379507 
2013 06 29 04 02 25 0.386156 
2013 06 29 04 02 26 0.392768 
2013 06 29 04 02 27 0.399379 
2013 06 29 04 02 28 0.406052 
2013 06 29 04 02 29 0.412617 
2013 06 29 04 02 30 0.419300 
2013 06 29 04 02 31 0.174074 
2013 06 29 04 02 32 0.180703 
2013 06 29 04 02 33 0.187329 
2013 06 29 04 02 33 0.942446 
2013 06 29 04 02 34 0.697275 
2013 06 29 04 02 35 0.703908 
2013 06 29 04 02 36 0.710561 
2013 06 29 04 02 37 0.717165 
2013 06 29 04 02 38 0.723822 
2013 06 29 04 02 39 0.730426 
2013 06 29 04 02 40 0.737055 
2013 06 29 04 02 41 0.743690 
2013 06 29 04 02 42 0.750322 
2013 06 29 04 02 43 0.756952 
2013 06 29 04 02 44 0.763584 
2013 06 29 04 02 45 0.770213 
2013 06 29 04 02 46 0.776845 
2013 06 29 04 02 47 0.783485 
2013 06 29 04 02 48 0.790103 
2013 06 29 04 02 49 0.796759 
2013 06 29 04 02 50 0.803362 
2013 06 29 04 02 51 0.809994 
2013 06 29 04 02 52 0.816622 
2013 06 29 04 02 53 0.823278 
2013 06 29 04 02 54 0.829881 
2013 06 29 04 02 55 0.836512 
2013 06 29 04 02 56 0.843142 
2013 06 29 04 02 57 0.849775 
2013 06 29 04 02 58 0.856411 
2013 06 29 04 02 59 0.863034 
2013 06 29 04 03 00 0.869690 
2013 06 29 04 03 01 0.876296 
2013 06 29 04 03 02 0.882931 
2013 06 29 04 03 03 0.889574 
2013 06 29 04 03 04 0.896220 
2013 06 29 04 03 05 0.902876 
2013 06 29 04 03 06 0.909646 
2013 06 29 04 03 07 0.916118 
2013 06 29 04 03 08 0.922719 
2013 06 29 04 03 09 0.929352 
2013 06 29 04 03 10 0.935969 
2013 06 29 04 03 11 0.942615 
2013 06 29 04 03 12 0.949238 
2013 06 29 04 03 13 0.955863 
2013 06 29 04 03 14 0.962497 
2013 06 29 04 03 15 0.969151 
2013 06 29 04 03 16 0.975755 
2013 06 29 04 03 17 0.982410 
2013 06 29 04 03 18 0.989018 
2013 06 29 04 03 19 0.995652 
2013 06 29 04 03 21 0.002278 
2013 06 29 04 03 22 0.008913 
2013 06 29 04 03 23 0.015536 
2013 06 29 04 03 24 0.022170 
2013 06 29 04 03 25 0.028801 
2013 06 29 04 03 25 0.783929 
2013 06 29 04 03 26 0.790542 
2013 06 29 04 03 27 0.797181 
2013 06 29 04 03 28 0.803807 
2013 06 29 04 03 29 0.810501 
2013 06 29 04 03 30 0.817117 
2013 06 29 04 03 31 0.823753 
2013 06 29 04 03 32 0.830308 
2013 06 29 04 03 33 0.836956 
2013 06 29 04 03 34 0.843588 
2013 06 29 04 03 35 0.850217 
2013 06 29 04 03 36 0.856868 
2013 06 29 04 03 37 0.863468 
2013 06 29 04 03 38 0.870136 
2013 06 29 04 03 39 0.876737 
2013 06 29 04 03 40 0.883360 
2013 06 29 04 03 41 0.890008 
2013 06 29 04 03 42 0.896684 
2013 06 29 04 03 43 0.903340 
2013 06 29 04 03 44 0.909969 
2013 06 29 04 03 45 0.664728 
2013 06 29 04 03 46 0.671379 
2013 06 29 04 03 47 0.677987 
2013 06 29 04 03 48 0.684638 
2013 06 29 04 03 49 0.691246 
2013 06 29 04 03 50 0.697874 
2013 06 29 04 03 51 0.704507 
2013 06 29 04 03 52 0.711161 
2013 06 29 04 03 53 0.717765 
2013 06 29 04 03 54 0.724395 
2013 06 29 04 03 55 0.731027 
2013 06 29 04 03 56 0.737653 
2013 06 29 04 03 57 0.744293 
2013 06 29 04 03 58 0.750916 
2013 06 29 04 03 59 0.757566 
2013 06 29 04 04 00 0.764173 
2013 06 29 04 04 01 0.770807 
2013 06 29 04 04 02 0.777440 
2013 06 29 04 04 03 0.532605 
2013 06 29 04 04 04 0.539212 
2013 06 29 04 04 05 0.545848 
2013 06 29 04 04 06 0.552498 
2013 06 29 04 04 07 0.559101 
2013 06 29 04 04 08 0.565750 
2013 06 29 04 04 09 0.572391 
2013 06 29 04 04 10 0.578989 
2013 06 29 04 04 11 0.585643 
2013 06 29 04 04 12 0.592219 
2013 06 29 04 04 13 0.598870 
2013 06 29 04 04 14 0.605486 
2013 06 29 04 04 15 0.612117 
2013 06 29 04 04 16 0.618745 
2013 06 29 04 04 17 0.373586 
2013 06 29 04 04 18 0.380207 
2013 06 29 04 04 19 0.386847 
2013 06 29 04 04 20 0.393466 
2013 06 29 04 04 21 0.400096 
2013 06 29 04 04 22 0.406735 
2013 06 29 04 04 23 0.413361 
2013 06 29 04 04 24 0.419990 
2013 06 29 04 04 25 0.426619 
2013 06 29 04 04 26 0.433251 
2013 06 29 04 04 27 0.439880 
2013 06 29 04 04 28 0.446538 
2013 06 29 04 04 29 0.453141 
2013 06 29 04 04 30 0.459795 
2013 06 29 04 04 31 0.466402 
2013 06 29 04 04 32 0.473042 
2013 06 29 04 04 33 0.479675 
2013 06 29 04 04 34 0.486299 
2013 06 29 04 04 35 0.492933 
2013 06 29 04 04 36 0.499557 
2013 06 29 04 04 37 0.506190 
2013 06 29 04 04 38 0.512821 
2013 06 29 04 04 39 0.519449 
2013 06 29 04 04 40 0.526081 
2013 06 29 04 04 41 0.532710 
2013 06 29 04 04 42 0.539334 
2013 06 29 04 04 43 0.545966 
2013 06 29 04 04 44 0.552609 
2013 06 29 04 04 45 0.559226 
2013 06 29 04 04 46 0.565861 
2013 06 29 04 04 47 0.572489 
2013 06 29 04 04 48 0.830923 
2013 06 29 04 04 49 0.837558 
2013 06 29 04 04 50 0.844179 
2013 06 29 04 04 51 0.850807 
2013 06 29 04 04 52 0.857516 
2013 06 29 04 04 53 0.864130 
2013 06 29 04 04 54 0.870749 
2013 06 29 04 04 55 0.877394 
2013 06 29 04 04 56 0.884030 
2013 06 29 04 04 57 0.638800 
2013 06 29 04 04 58 0.645546 
2013 06 29 04 04 59 0.652057 
2013 06 29 04 05 00 0.658688 
2013 06 29 04 05 01 0.665329 
2013 06 29 04 05 02 0.671943 
2013 06 29 04 05 03 0.678575 
2013 06 29 04 05 04 0.685203 
2013 06 29 04 05 05 0.691832 
2013 06 29 04 05 06 0.698479 
2013 06 29 04 05 07 0.705098 
2013 06 29 04 05 08 0.711725 
2013 06 29 04 05 09 0.718357 
2013 06 29 04 05 10 0.724986 
2013 06 29 04 05 11 0.731619 
2013 06 29 04 05 12 0.738251 
2013 06 29 04 05 13 0.744882 
2013 06 29 04 05 14 0.751512 
2013 06 29 04 05 15 0.758142 
2013 06 29 04 05 16 0.764772 
2013 06 29 04 05 17 0.771402 
2013 06 29 04 05 19 0.029912 
2013 06 29 04 05 20 0.036489 
2013 06 29 04 05 21 0.043178 
2013 06 29 04 05 22 0.049752 
2013 06 29 04 05 23 0.056344 
2013 06 29 04 05 24 0.062992 
2013 06 29 04 05 25 0.069611 
2013 06 29 04 05 26 0.076244 
2013 06 29 04 05 27 0.082870 
2013 06 29 04 05 28 0.089506 
2013 06 29 04 05 29 0.096138 
2013 06 29 04 05 30 0.102759 
2013 06 29 04 05 31 0.109399 
2013 06 29 04 05 32 0.116106 
2013 06 29 04 05 33 0.122687 
2013 06 29 04 05 34 0.129348 
2013 06 29 04 05 35 0.135979 
2013 06 29 04 05 36 0.142615 
2013 06 29 04 05 37 0.149244 
2013 06 29 04 05 38 0.155889 
2013 06 29 04 05 39 0.162489 
2013 06 29 04 05 40 0.169127 
2013 06 29 04 05 41 0.175775 
2013 06 29 04 05 42 0.182325 
2013 06 29 04 05 43 0.188968 
2013 06 29 04 05 44 0.195584 
2013 06 29 04 05 45 0.202211 
2013 06 29 04 05 46 0.208840 
2013 06 29 04 05 47 0.215488 
2013 06 29 04 05 48 0.222111 
2013 06 29 04 05 49 0.228745 
2013 06 29 04 05 50 0.235367 
2013 06 29 04 05 51 0.242018 
2013 06 29 04 05 52 0.248703 
2013 06 29 04 05 53 0.255282 
2013 06 29 04 05 54 0.261944 
2013 06 29 04 05 55 0.268538 
2013 06 29 04 05 56 0.275195 
2013 06 29 04 05 57 0.281838 
2013 06 29 04 05 58 0.036617 
2013 06 29 04 05 59 0.043249 
2013 06 29 04 06 00 0.049881 
2013 06 29 04 06 01 0.056508 
2013 06 29 04 06 02 0.063149 
2013 06 29 04 06 03 0.069766 
2013 06 29 04 06 04 0.076394 
2013 06 29 04 06 05 0.083023 
2013 06 29 04 06 06 0.089656 
2013 06 29 04 06 07 0.096283 
2013 06 29 04 06 08 0.102917 
2013 06 29 04 06 09 0.109548 
2013 06 29 04 06 10 0.116174 
2013 06 29 04 06 11 0.122805 
2013 06 29 04 06 12 0.129445 
2013 06 29 04 06 12 0.884578 
2013 06 29 04 06 13 0.891242 
2013 06 29 04 06 14 0.897840 
2013 06 29 04 06 15 0.904492 
2013 06 29 04 06 16 0.911136 
2013 06 29 04 06 17 0.917764 
2013 06 29 04 06 18 0.924407 
2013 06 29 04 06 19 0.931019 
2013 06 29 04 06 20 0.937641 
2013 06 29 04 06 21 0.944259 
2013 06 29 04 06 22 0.950861 
2013 06 29 04 06 23 0.957486 
2013 06 29 04 06 24 0.964127 
2013 06 29 04 06 25 0.970769 
2013 06 29 04 06 26 0.977374 
2013 06 29 04 06 27 0.984010 
2013 06 29 04 06 28 0.990637 
2013 06 29 04 06 29 0.997259 
2013 06 29 04 06 31 0.003887 
2013 06 29 04 06 32 0.010536 
2013 06 29 04 06 33 0.017199 
2013 06 29 04 06 34 0.023858 
2013 06 29 04 06 35 0.030555 
2013 06 29 04 06 36 0.037121 
2013 06 29 04 06 37 0.043751 
2013 06 29 04 06 38 0.050362 
2013 06 29 04 06 39 0.057015 
2013 06 29 04 06 40 0.063631 
2013 06 29 04 06 41 0.070298 
2013 06 29 04 06 42 0.076890 
2013 06 29 04 06 43 0.083493 
2013 06 29 04 06 44 0.090157 
2013 06 29 04 06 45 0.096776 
2013 06 29 04 06 46 0.103399 
2013 06 29 04 06 47 0.110037 
2013 06 29 04 06 48 0.116654 
2013 06 29 04 06 49 0.123285 
2013 06 29 04 06 50 0.129935 
2013 06 29 04 06 50 0.884719 
2013 06 29 04 06 51 0.891340 
2013 06 29 04 06 52 0.897965 
2013 06 29 04 06 53 0.904596 
2013 06 29 04 06 54 0.911225 
2013 06 29 04 06 55 0.917852 
2013 06 29 04 06 56 0.924484 
2013 06 29 04 06 57 0.931121 
2013 06 29 04 06 58 0.937747 
2013 06 29 04 06 59 0.944375 
2013 06 29 04 07 00 0.951008 
2013 06 29 04 07 01 0.957646 
2013 06 29 04 07 02 0.964274 
2013 06 29 04 07 03 0.970904 
2013 06 29 04 07 04 0.977535 
2013 06 29 04 07 05 0.984163 
2013 06 29 04 07 06 0.990793 
2013 06 29 04 07 07 0.997423 
2013 06 29 04 07 08 0.752580 
2013 06 29 04 07 09 0.759221 
2013 06 29 04 07 10 0.765844 
2013 06 29 04 07 11 0.772465 
2013 06 29 04 07 12 0.779047 
2013 06 29 04 07 13 0.533889 
2013 06 29 04 07 14 0.540541 
2013 06 29 04 07 15 0.547147 
2013 06 29 04 07 16 0.553777 
2013 06 29 04 07 17 0.560410 
2013 06 29 04 07 18 0.567038 
2013 06 29 04 07 19 0.573668 
2013 06 29 04 07 20 0.580299 
2013 06 29 04 07 21 0.586927 
2013 06 29 04 07 22 0.593563 
2013 06 29 04 07 23 0.600187 
2013 06 29 04 07 24 0.606822 
2013 06 29 04 07 25 0.613453 
2013 06 29 04 07 26 0.620083 
2013 06 29 04 07 27 0.626715 
2013 06 29 04 07 28 0.633344 
2013 06 29 04 07 29 0.639972 
2013 06 29 04 07 30 0.646607 
2013 06 29 04 07 31 0.653237 
2013 06 29 04 07 32 0.408358 
2013 06 29 04 07 33 0.414992 
2013 06 29 04 07 34 0.421605 
2013 06 29 04 07 35 0.428254 
2013 06 29 04 07 36 0.434863 
2013 06 29 04 07 37 0.441505 
2013 06 29 04 07 38 0.448175 
2013 06 29 04 07 39 0.454764 
2013 06 29 04 07 40 0.461392 
2013 06 29 04 07 41 0.468014 
2013 06 29 04 07 42 0.474724 
2013 06 29 04 07 43 0.481283 
2013 06 29 04 07 44 0.487946 
2013 06 29 04 07 45 0.494534 
2013 06 29 04 07 46 0.501170 
2013 06 29 04 07 47 0.507830 
2013 06 29 04 07 48 0.514436 
2013 06 29 04 07 49 0.521093 
2013 06 29 04 07 50 0.527691 
2013 06 29 04 07 51 0.534327 
2013 06 29 04 07 52 0.541029 
2013 06 29 04 07 53 0.547640 
2013 06 29 04 07 54 0.554274 
2013 06 29 04 07 55 0.560896 
2013 06 29 04 07 56 0.567530 
2013 06 29 04 07 57 0.322313 
2013 06 29 04 07 58 0.328943 
2013 06 29 04 07 59 0.335580 
2013 06 29 04 08 00 0.342199 
2013 06 29 04 08 01 0.348831 
2013 06 29 04 08 02 0.607257 
2013 06 29 04 08 03 0.613880 
2013 06 29 04 08 04 0.620511 
2013 06 29 04 08 05 0.627148 
2013 06 29 04 08 06 0.633776 
2013 06 29 04 08 07 0.640413 
2013 06 29 04 08 08 0.647042 
2013 06 29 04 08 09 0.653692 
2013 06 29 04 08 10 0.660293 
2013 06 29 04 08 11 0.666947 
2013 06 29 04 08 12 0.673637 
2013 06 29 04 08 13 0.680246 
2013 06 29 04 08 14 0.686908 
2013 06 29 04 08 15 0.693473 
2013 06 29 04 08 16 0.700163 
2013 06 29 04 08 17 0.706776 
2013 06 29 04 08 18 0.713395 
2013 06 29 04 08 19 0.720041 
2013 06 29 04 08 20 0.726640 
2013 06 29 04 08 21 0.733313 
2013 06 29 04 08 22 0.739889 
2013 06 29 04 08 23 0.746495 
2013 06 29 04 08 24 0.753125 
2013 06 29 04 08 25 0.759760 
2013 06 29 04 08 26 0.766410 
2013 06 29 04 08 27 0.773014 
2013 06 29 04 08 28 0.779647 
2013 06 29 04 08 29 0.786277 
2013 06 29 04 08 30 0.792907 
2013 06 29 04 08 31 0.799545 
2013 06 29 04 08 32 0.806213 
2013 06 29 04 08 33 0.812826 
2013 06 29 04 08 34 0.819473 
2013 06 29 04 08 35 0.826110 
2013 06 29 04 08 36 0.832754 
2013 06 29 04 08 37 0.839380 
2013 06 29 04 08 38 0.845993 
2013 06 29 04 08 39 0.852644 
2013 06 29 04 08 40 0.859266 
2013 06 29 04 08 41 0.865922 
2013 06 29 04 08 42 0.872475 
2013 06 29 04 08 43 0.879096 
2013 06 29 04 08 44 0.885742 
2013 06 29 04 08 45 0.892363 
2013 06 29 04 08 46 0.899003 
2013 06 29 04 08 47 0.905618 
2013 06 29 04 08 48 0.912273 
2013 06 29 04 08 49 0.918886 
2013 06 29 04 08 50 0.925524 
2013 06 29 04 08 51 0.932139 
2013 06 29 04 08 52 0.938840 
2013 06 29 04 08 53 0.945457 
2013 06 29 04 08 54 0.952075 
2013 06 29 04 08 55 0.958716 
2013 06 29 04 08 56 0.965334 
2013 06 29 04 08 57 0.971970 
2013 06 29 04 08 58 0.978624 
2013 06 29 04 08 59 0.985219 
2013 06 29 04 09 00 0.991861 
2013 06 29 04 09 01 0.998484 
2013 06 29 04 09 03 0.005078 
2013 06 29 04 09 04 0.011716 
2013 06 29 04 09 05 0.018342 
2013 06 29 04 09 06 0.024971 
2013 06 29 04 09 07 0.031609 
2013 06 29 04 09 08 0.038238 
2013 06 29 04 09 09 0.044879 
2013 06 29 04 09 10 0.051497 
2013 06 29 04 09 11 0.058118 
2013 06 29 04 09 12 0.064759 
2013 06 29 04 09 13 0.071414 
2013 06 29 04 09 14 0.078081 
2013 06 29 04 09 14 0.832845 
2013 06 29 04 09 15 0.839479 
2013 06 29 04 09 16 0.846108 
2013 06 29 04 09 17 0.852736 
2013 06 29 04 09 18 0.607919 
2013 06 29 04 09 19 0.614503 
2013 06 29 04 09 20 0.621162 
2013 06 29 04 09 21 0.627769 
2013 06 29 04 09 22 0.634368 
2013 06 29 04 09 23 0.641009 
2013 06 29 04 09 24 0.647630 
2013 06 29 04 09 25 0.654273 
2013 06 29 04 09 26 0.660904 
2013 06 29 04 09 27 0.667527 
2013 06 29 04 09 28 0.674151 
2013 06 29 04 09 29 0.680782 
2013 06 29 04 09 30 0.687416 
2013 06 29 04 09 31 0.694050 
2013 06 29 04 09 32 0.700700 
2013 06 29 04 09 33 0.707364 
2013 06 29 04 09 34 0.462141 
2013 06 29 04 09 35 0.468771 
2013 06 29 04 09 36 0.475399 
2013 06 29 04 09 37 0.482029 
2013 06 29 04 09 38 0.488663 
2013 06 29 04 09 39 0.495286 
2013 06 29 04 09 40 0.501922 
2013 06 29 04 09 41 0.508553 
2013 06 29 04 09 42 0.515181 
2013 06 29 04 09 43 0.521803 
2013 06 29 04 09 44 0.528450 
2013 06 29 04 09 45 0.535074 
2013 06 29 04 09 46 0.541696 
2013 06 29 04 09 47 0.548332 
2013 06 29 04 09 48 0.554960 
2013 06 29 04 09 49 0.561586 
2013 06 29 04 09 50 0.568218 
2013 06 29 04 09 51 0.574850 
2013 06 29 04 09 52 0.581489 
2013 06 29 04 09 53 0.588115 
2013 06 29 04 09 54 0.594745 
2013 06 29 04 09 55 0.601375 
2013 06 29 04 09 56 0.608007 
2013 06 29 04 09 57 0.614636 
2013 06 29 04 09 58 0.621269 
2013 06 29 04 09 59 0.627893 
2013 06 29 04 10 00 0.634528 
2013 06 29 04 10 01 0.641158 
2013 06 29 04 10 02 0.647785 
2013 06 29 04 10 03 0.402902 
2013 06 29 04 10 04 0.409522 
2013 06 29 04 10 05 0.416163 
2013 06 29 04 10 06 0.422786 
2013 06 29 04 10 07 0.429417 
2013 06 29 04 10 08 0.436052 
2013 06 29 04 10 09 0.442688 
2013 06 29 04 10 10 0.449301 
2013 06 29 04 10 11 0.455944 
2013 06 29 04 10 12 0.462607 
2013 06 29 04 10 13 0.469260 
2013 06 29 04 10 14 0.475865 
2013 06 29 04 10 15 0.482496 
2013 06 29 04 10 16 0.489153 
2013 06 29 04 10 17 0.495773 
2013 06 29 04 10 18 0.502415 
2013 06 29 04 10 19 0.509031 
2013 06 29 04 10 20 0.515640 
2013 06 29 04 10 21 0.522306 
2013 06 29 04 10 22 0.528881 
2013 06 29 04 10 23 0.535516 
2013 06 29 04 10 24 0.542139 
2013 06 29 04 10 25 0.548773 
2013 06 29 04 10 26 0.555410 
2013 06 29 04 10 27 0.562032 
2013 06 29 04 10 28 0.568666 
2013 06 29 04 10 29 0.575311 
2013 06 29 04 10 30 0.330119 
2013 06 29 04 10 31 0.336751 
2013 06 29 04 10 32 0.343381 
2013 06 29 04 10 33 0.350031 
2013 06 29 04 10 34 0.356648 
2013 06 29 04 10 35 0.363294 
2013 06 29 04 10 36 0.369907 
2013 06 29 04 10 37 0.376539 
2013 06 29 04 10 38 0.383170 
2013 06 29 04 10 39 0.389799 
2013 06 29 04 10 40 0.648259 
2013 06 29 04 10 41 0.654910 
2013 06 29 04 10 42 0.661482 
2013 06 29 04 10 43 0.668119 
2013 06 29 04 10 44 0.674757 
2013 06 29 04 10 45 0.429575 
2013 06 29 04 10 46 0.436208 
2013 06 29 04 10 47 0.442836 
2013 06 29 04 10 48 0.449469 
2013 06 29 04 10 49 0.456100 
2013 06 29 04 10 50 0.462728 
2013 06 29 04 10 51 0.469359 
2013 06 29 04 10 52 0.475998 
2013 06 29 04 10 53 0.231150 
2013 06 29 04 10 54 0.237761 
2013 06 29 04 10 55 0.244417 
2013 06 29 04 10 56 0.251024 
2013 06 29 04 10 57 0.005831 
2013 06 29 04 10 57 0.761000 
2013 06 29 04 10 58 0.767607 
2013 06 29 04 10 59 0.774247 
2013 06 29 04 11 00 0.780890 
2013 06 29 04 11 01 0.787550 
2013 06 29 04 11 02 0.794107 
2013 06 29 04 11 03 0.800715 
2013 06 29 04 11 04 0.555555 
2013 06 29 04 11 05 0.562185 
