2013 06 29 03 53 23 0.252390 
2013 06 29 03 53 23 0.837033 
2013 06 29 03 53 24 0.825208 
2013 06 29 03 53 25 0.831800 
2013 06 29 03 53 26 0.838443 
2013 06 29 03 53 27 0.845102 
2013 06 29 03 53 28 0.851699 
2013 06 29 03 53 29 0.858367 
2013 06 29 03 53 30 0.865025 
2013 06 29 03 53 31 0.871550 
2013 06 29 03 53 32 0.626393 
2013 06 29 03 53 33 0.633022 
2013 06 29 03 53 35 0.394774 
2013 06 29 03 53 36 0.401400 
2013 06 29 03 53 37 0.408058 
2013 06 29 03 53 38 0.414665 
2013 06 29 03 53 39 0.672818 
2013 06 29 03 53 40 0.679470 
2013 06 29 03 53 41 0.686086 
2013 06 29 03 53 42 0.441233 
2013 06 29 03 53 43 0.447897 
2013 06 29 03 53 44 0.454512 
2013 06 29 03 53 45 0.712611 
2013 06 29 03 53 46 0.719242 
2013 06 29 03 53 47 0.725876 
2013 06 29 03 53 48 0.732505 
2013 06 29 03 53 49 0.739138 
2013 06 29 03 53 50 0.745769 
2013 06 29 03 53 52 0.004196 
2013 06 29 03 53 53 0.010828 
2013 06 29 03 53 54 0.017460 
2013 06 29 03 53 55 0.024099 
2013 06 29 03 53 56 0.030726 
2013 06 29 03 53 57 0.037386 
2013 06 29 03 53 58 0.043983 
2013 06 29 03 53 59 0.050646 
2013 06 29 03 54 00 0.057260 
2013 06 29 03 54 01 0.063890 
2013 06 29 03 54 02 0.070572 
2013 06 29 03 54 03 0.077204 
2013 06 29 03 54 04 0.083836 
2013 06 29 03 54 05 0.090446 
2013 06 29 03 54 06 0.097096 
2013 06 29 03 54 07 0.103723 
2013 06 29 03 54 08 0.110368 
2013 06 29 03 54 09 0.116985 
2013 06 29 03 54 10 0.123630 
2013 06 29 03 54 11 0.130246 
2013 06 29 03 54 12 0.136832 
2013 06 29 03 54 13 0.143464 
2013 06 29 03 54 14 0.150123 
2013 06 29 03 54 15 0.156727 
2013 06 29 03 54 16 0.163394 
2013 06 29 03 54 17 0.170001 
2013 06 29 03 54 18 0.176617 
2013 06 29 03 54 19 0.183259 
2013 06 29 03 54 20 0.189888 
2013 06 29 03 54 21 0.196510 
2013 06 29 03 54 22 0.203217 
2013 06 29 03 54 23 0.209831 
2013 06 29 03 54 24 0.216448 
2013 06 29 03 54 25 0.223116 
2013 06 29 03 54 26 0.229711 
2013 06 29 03 54 27 0.236385 
2013 06 29 03 54 28 0.242979 
2013 06 29 03 54 29 0.249640 
2013 06 29 03 54 30 0.256205 
2013 06 29 03 54 31 0.262835 
2013 06 29 03 54 32 0.269532 
2013 06 29 03 54 33 0.276142 
2013 06 29 03 54 34 0.282775 
2013 06 29 03 54 35 0.792706 
2013 06 29 03 54 37 0.050837 
2013 06 29 03 54 38 0.057469 
2013 06 29 03 54 39 0.064100 
2013 06 29 03 54 40 0.070731 
2013 06 29 03 54 41 0.077361 
2013 06 29 03 54 42 0.083992 
2013 06 29 03 54 43 0.090624 
2013 06 29 03 54 44 0.097254 
2013 06 29 03 54 45 0.103880 
2013 06 29 03 54 46 0.110519 
2013 06 29 03 54 47 0.117149 
2013 06 29 03 54 48 0.123778 
2013 06 29 03 54 49 0.130414 
2013 06 29 03 54 50 0.137043 
2013 06 29 03 54 51 0.143673 
2013 06 29 03 54 52 0.150314 
2013 06 29 03 54 53 0.156948 
2013 06 29 03 54 54 0.163576 
2013 06 29 03 54 55 0.170206 
2013 06 29 03 54 56 0.176844 
2013 06 29 03 54 57 0.183466 
2013 06 29 03 54 58 0.190096 
2013 06 29 03 54 59 0.196755 
2013 06 29 03 55 00 0.203362 
2013 06 29 03 55 01 0.209995 
2013 06 29 03 55 02 0.216628 
2013 06 29 03 55 03 0.223259 
2013 06 29 03 55 04 0.229893 
2013 06 29 03 55 05 0.236521 
2013 06 29 03 55 06 0.243151 
2013 06 29 03 55 07 0.249783 
2013 06 29 03 55 08 0.004959 
2013 06 29 03 55 09 0.011581 
2013 06 29 03 55 10 0.018212 
2013 06 29 03 55 11 0.024848 
2013 06 29 03 55 12 0.031433 
2013 06 29 03 55 13 0.038058 
2013 06 29 03 55 14 0.044684 
2013 06 29 03 55 15 0.302833 
2013 06 29 03 55 16 0.309467 
2013 06 29 03 55 17 0.316097 
2013 06 29 03 55 18 0.322732 
2013 06 29 03 55 19 0.329363 
2013 06 29 03 55 20 0.335991 
2013 06 29 03 55 21 0.342624 
2013 06 29 03 55 22 0.852575 
2013 06 29 03 55 24 0.111059 
2013 06 29 03 55 25 0.117696 
2013 06 29 03 55 26 0.124328 
2013 06 29 03 55 27 0.130949 
2013 06 29 03 55 28 0.137609 
2013 06 29 03 55 28 0.892367 
2013 06 29 03 55 29 0.899003 
2013 06 29 03 55 30 0.905626 
2013 06 29 03 55 31 0.912262 
2013 06 29 03 55 32 0.918896 
2013 06 29 03 55 33 0.925527 
2013 06 29 03 55 34 0.932159 
2013 06 29 03 55 35 0.938789 
2013 06 29 03 55 36 0.945422 
2013 06 29 03 55 37 0.952055 
2013 06 29 03 55 38 0.958709 
2013 06 29 03 55 39 0.965317 
2013 06 29 03 55 40 0.971969 
2013 06 29 03 55 42 0.230411 
2013 06 29 03 55 43 0.488522 
2013 06 29 03 55 44 0.495177 
2013 06 29 03 55 45 0.501783 
2013 06 29 03 55 46 0.508414 
2013 06 29 03 55 47 0.515049 
2013 06 29 03 55 48 0.521681 
2013 06 29 03 55 49 0.528325 
2013 06 29 03 55 50 0.534943 
2013 06 29 03 55 51 0.541590 
2013 06 29 03 55 52 0.548212 
2013 06 29 03 55 53 0.554844 
2013 06 29 03 55 54 0.561476 
2013 06 29 03 55 55 0.568108 
2013 06 29 03 55 56 0.574736 
2013 06 29 03 55 57 0.581371 
2013 06 29 03 55 58 0.588022 
2013 06 29 03 55 59 0.594624 
2013 06 29 03 56 00 0.601286 
2013 06 29 03 56 01 0.607901 
2013 06 29 03 56 02 0.614531 
2013 06 29 03 56 03 0.621158 
2013 06 29 03 56 04 0.627790 
2013 06 29 03 56 05 0.634420 
2013 06 29 03 56 06 0.641054 
2013 06 29 03 56 07 0.647684 
2013 06 29 03 56 08 0.654311 
2013 06 29 03 56 09 0.660945 
2013 06 29 03 56 10 0.667573 
2013 06 29 03 56 11 0.674219 
2013 06 29 03 56 12 0.680842 
2013 06 29 03 56 13 0.687471 
2013 06 29 03 56 14 0.694102 
2013 06 29 03 56 15 0.700933 
2013 06 29 03 56 16 0.707365 
2013 06 29 03 56 17 0.713993 
2013 06 29 03 56 18 0.720635 
2013 06 29 03 56 19 0.727258 
2013 06 29 03 56 20 0.733894 
2013 06 29 03 56 21 0.489098 
2013 06 29 03 56 22 0.495654 
2013 06 29 03 56 23 0.502302 
2013 06 29 03 56 24 0.508970 
2013 06 29 03 56 25 0.515572 
2013 06 29 03 56 26 0.522205 
2013 06 29 03 56 27 0.528829 
2013 06 29 03 56 28 0.535462 
2013 06 29 03 56 29 0.542098 
2013 06 29 03 56 30 0.800209 
2013 06 29 03 56 31 0.806842 
2013 06 29 03 56 32 0.813471 
2013 06 29 03 56 33 0.820102 
2013 06 29 03 56 34 0.826736 
2013 06 29 03 56 35 0.833367 
2013 06 29 03 56 36 0.840001 
2013 06 29 03 56 37 0.846633 
2013 06 29 03 56 38 0.853262 
2013 06 29 03 56 39 0.859891 
2013 06 29 03 56 40 0.866528 
2013 06 29 03 56 41 0.873151 
2013 06 29 03 56 42 0.879786 
2013 06 29 03 56 43 0.886414 
2013 06 29 03 56 44 0.893046 
2013 06 29 03 56 45 0.899675 
2013 06 29 03 56 47 0.409623 
2013 06 29 03 56 48 0.416254 
2013 06 29 03 56 49 0.422886 
2013 06 29 03 56 50 0.429518 
2013 06 29 03 56 51 0.184641 
2013 06 29 03 56 52 0.191309 
2013 06 29 03 56 53 0.449415 
2013 06 29 03 56 54 0.456053 
2013 06 29 03 56 55 0.462681 
2013 06 29 03 56 56 0.469316 
2013 06 29 03 56 57 0.475948 
2013 06 29 03 56 58 0.482578 
2013 06 29 03 56 59 0.489222 
2013 06 29 03 57 00 0.495843 
2013 06 29 03 57 01 0.502470 
2013 06 29 03 57 02 0.509097 
2013 06 29 03 57 03 0.515725 
2013 06 29 03 57 04 0.522365 
2013 06 29 03 57 05 0.528991 
2013 06 29 03 57 06 0.535624 
2013 06 29 03 57 07 0.542251 
2013 06 29 03 57 08 0.548885 
2013 06 29 03 57 09 0.555515 
2013 06 29 03 57 10 0.310644 
2013 06 29 03 57 11 0.317265 
2013 06 29 03 57 12 0.323920 
2013 06 29 03 57 13 0.330589 
2013 06 29 03 57 14 0.337190 
2013 06 29 03 57 15 0.343826 
2013 06 29 03 57 16 0.350476 
2013 06 29 03 57 17 0.357108 
2013 06 29 03 57 18 0.363736 
2013 06 29 03 57 19 0.370376 
2013 06 29 03 57 20 0.376984 
2013 06 29 03 57 21 0.383620 
2013 06 29 03 57 22 0.390212 
2013 06 29 03 57 23 0.396834 
2013 06 29 03 57 24 0.403469 
2013 06 29 03 57 25 0.410103 
2013 06 29 03 57 26 0.416754 
2013 06 29 03 57 27 0.423362 
2013 06 29 03 57 28 0.178196 
2013 06 29 03 57 29 0.184823 
2013 06 29 03 57 30 0.191458 
2013 06 29 03 57 31 0.449903 
2013 06 29 03 57 32 0.708042 
2013 06 29 03 57 33 0.714673 
2013 06 29 03 57 34 0.721303 
2013 06 29 03 57 35 0.727937 
2013 06 29 03 57 36 0.734565 
2013 06 29 03 57 37 0.741199 
2013 06 29 03 57 38 0.747833 
2013 06 29 03 57 39 0.754458 
2013 06 29 03 57 40 0.761091 
2013 06 29 03 57 41 0.767716 
2013 06 29 03 57 42 0.774345 
2013 06 29 03 57 43 0.780979 
2013 06 29 03 57 44 0.787612 
2013 06 29 03 57 45 0.794240 
2013 06 29 03 57 46 0.800876 
2013 06 29 03 57 47 0.807502 
2013 06 29 03 57 48 0.814136 
2013 06 29 03 57 49 0.820767 
2013 06 29 03 57 50 0.827395 
2013 06 29 03 57 51 0.834033 
2013 06 29 03 57 52 0.840664 
2013 06 29 03 57 53 0.847294 
2013 06 29 03 57 54 0.853932 
2013 06 29 03 57 55 0.860559 
2013 06 29 03 57 56 0.867190 
2013 06 29 03 57 58 0.377137 
2013 06 29 03 57 59 0.887085 
2013 06 29 03 58 01 0.145569 
2013 06 29 03 58 02 0.403655 
2013 06 29 03 58 03 0.410283 
2013 06 29 03 58 04 0.416915 
2013 06 29 03 58 05 0.423547 
2013 06 29 03 58 06 0.430177 
2013 06 29 03 58 07 0.436810 
2013 06 29 03 58 08 0.443440 
2013 06 29 03 58 09 0.450082 
2013 06 29 03 58 10 0.456703 
2013 06 29 03 58 11 0.463335 
2013 06 29 03 58 12 0.469973 
2013 06 29 03 58 13 0.476601 
2013 06 29 03 58 14 0.483247 
2013 06 29 03 58 15 0.489868 
2013 06 29 03 58 16 0.496493 
2013 06 29 03 58 17 0.503126 
2013 06 29 03 58 18 0.509755 
2013 06 29 03 58 19 0.516404 
2013 06 29 03 58 20 0.523018 
2013 06 29 03 58 21 0.529650 
2013 06 29 03 58 22 0.536272 
2013 06 29 03 58 23 0.542915 
2013 06 29 03 58 24 0.549562 
2013 06 29 03 58 25 0.556173 
2013 06 29 03 58 26 0.562799 
2013 06 29 03 58 27 0.569430 
2013 06 29 03 58 28 0.576062 
2013 06 29 03 58 29 0.582692 
2013 06 29 03 58 30 0.589323 
2013 06 29 03 58 31 0.595954 
2013 06 29 03 58 32 0.602588 
2013 06 29 03 58 33 0.609220 
2013 06 29 03 58 34 0.615854 
2013 06 29 03 58 35 0.622484 
2013 06 29 03 58 36 0.629122 
2013 06 29 03 58 37 0.635744 
2013 06 29 03 58 38 0.642377 
2013 06 29 03 58 39 0.649010 
2013 06 29 03 58 40 0.655638 
2013 06 29 03 58 41 0.914068 
2013 06 29 03 58 42 0.920697 
2013 06 29 03 58 43 0.927323 
2013 06 29 03 58 44 0.933955 
2013 06 29 03 58 45 0.940590 
2013 06 29 03 58 46 0.947223 
2013 06 29 03 58 47 0.953866 
2013 06 29 03 58 48 0.960480 
2013 06 29 03 58 49 0.967113 
2013 06 29 03 58 50 0.973734 
2013 06 29 03 58 51 0.980426 
2013 06 29 03 58 52 0.987065 
2013 06 29 03 58 53 0.993688 
2013 06 29 03 58 55 0.000307 
2013 06 29 03 58 56 0.006919 
2013 06 29 03 58 57 0.013590 
2013 06 29 03 58 58 0.020178 
2013 06 29 03 58 59 0.026865 
2013 06 29 03 59 00 0.033444 
2013 06 29 03 59 01 0.040102 
2013 06 29 03 59 02 0.046684 
2013 06 29 03 59 03 0.053311 
2013 06 29 03 59 04 0.059945 
2013 06 29 03 59 05 0.318090 
2013 06 29 03 59 07 0.079831 
2013 06 29 03 59 08 0.086478 
2013 06 29 03 59 09 0.093103 
2013 06 29 03 59 10 0.099729 
2013 06 29 03 59 11 0.106362 
2013 06 29 03 59 12 0.113052 
2013 06 29 03 59 13 0.119691 
2013 06 29 03 59 14 0.126313 
2013 06 29 03 59 15 0.132952 
2013 06 29 03 59 16 0.139587 
2013 06 29 03 59 17 0.146196 
2013 06 29 03 59 18 0.152831 
2013 06 29 03 59 19 0.410927 
2013 06 29 03 59 20 0.417558 
2013 06 29 03 59 21 0.424190 
2013 06 29 03 59 22 0.430812 
2013 06 29 03 59 23 0.437464 
2013 06 29 03 59 24 0.444088 
2013 06 29 03 59 25 0.450710 
2013 06 29 03 59 26 0.457340 
2013 06 29 03 59 27 0.463989 
2013 06 29 03 59 28 0.470602 
2013 06 29 03 59 29 0.477260 
2013 06 29 03 59 30 0.483863 
2013 06 29 03 59 31 0.490492 
2013 06 29 03 59 32 0.497131 
2013 06 29 03 59 33 0.503764 
2013 06 29 03 59 34 0.510400 
2013 06 29 03 59 35 0.517023 
2013 06 29 03 59 36 0.523656 
2013 06 29 03 59 37 0.530286 
2013 06 29 03 59 38 0.788760 
2013 06 29 03 59 40 0.298704 
2013 06 29 03 59 41 0.305333 
2013 06 29 03 59 42 0.311923 
2013 06 29 03 59 43 0.318552 
2013 06 29 03 59 44 0.325185 
2013 06 29 03 59 45 0.331812 
2013 06 29 03 59 46 0.338447 
2013 06 29 03 59 47 0.093274 
2013 06 29 03 59 48 0.099903 
2013 06 29 03 59 49 0.106532 
2013 06 29 03 59 50 0.113166 
2013 06 29 03 59 51 0.371595 
2013 06 29 03 59 52 0.378277 
2013 06 29 03 59 53 0.636377 
2013 06 29 03 59 54 0.643009 
2013 06 29 03 59 55 0.398153 
2013 06 29 03 59 56 0.404804 
2013 06 29 03 59 57 0.411434 
2013 06 29 03 59 58 0.418076 
2013 06 29 03 59 59 0.424687 
2013 06 29 04 00 00 0.431309 
2013 06 29 04 00 01 0.437955 
2013 06 29 04 00 02 0.192732 
2013 06 29 04 00 03 0.199366 
2013 06 29 04 00 04 0.205997 
2013 06 29 04 00 05 0.212627 
2013 06 29 04 00 06 0.219255 
2013 06 29 04 00 07 0.225890 
2013 06 29 04 00 08 0.232518 
2013 06 29 04 00 09 0.239169 
2013 06 29 04 00 10 0.245782 
2013 06 29 04 00 11 0.252435 
2013 06 29 04 00 12 0.259046 
2013 06 29 04 00 13 0.265692 
2013 06 29 04 00 14 0.775623 
2013 06 29 04 00 15 0.782252 
2013 06 29 04 00 17 0.292200 
2013 06 29 04 00 18 0.550665 
2013 06 29 04 00 19 0.808774 
2013 06 29 04 00 20 0.815406 
2013 06 29 04 00 21 0.822038 
2013 06 29 04 00 22 0.828663 
2013 06 29 04 00 23 0.835294 
2013 06 29 04 00 24 0.841927 
2013 06 29 04 00 25 0.848554 
2013 06 29 04 00 26 0.855184 
2013 06 29 04 00 27 0.861822 
2013 06 29 04 00 28 0.868449 
2013 06 29 04 00 29 0.875077 
2013 06 29 04 00 30 0.881710 
2013 06 29 04 00 32 0.140172 
2013 06 29 04 00 33 0.146830 
2013 06 29 04 00 34 0.153483 
2013 06 29 04 00 35 0.160091 
2013 06 29 04 00 36 0.166717 
2013 06 29 04 00 37 0.424814 
2013 06 29 04 00 38 0.431445 
2013 06 29 04 00 39 0.438079 
2013 06 29 04 00 40 0.444707 
2013 06 29 04 00 41 0.451336 
2013 06 29 04 00 42 0.457968 
2013 06 29 04 00 43 0.464594 
2013 06 29 04 00 44 0.471238 
2013 06 29 04 00 45 0.477854 
2013 06 29 04 00 46 0.484486 
2013 06 29 04 00 47 0.491115 
2013 06 29 04 00 48 0.497745 
2013 06 29 04 00 49 0.504385 
2013 06 29 04 00 50 0.511011 
2013 06 29 04 00 51 0.517639 
2013 06 29 04 00 52 0.524275 
2013 06 29 04 00 53 0.530906 
2013 06 29 04 00 54 0.537542 
2013 06 29 04 00 55 0.544170 
2013 06 29 04 00 56 0.550796 
2013 06 29 04 00 57 0.809271 
2013 06 29 04 00 59 0.067376 
2013 06 29 04 01 00 0.074005 
2013 06 29 04 01 00 0.829131 
2013 06 29 04 01 01 0.835769 
2013 06 29 04 01 03 0.093893 
2013 06 29 04 01 04 0.100525 
2013 06 29 04 01 05 0.107155 
2013 06 29 04 01 06 0.113783 
2013 06 29 04 01 07 0.623728 
2013 06 29 04 01 08 0.882158 
2013 06 29 04 01 09 0.888804 
2013 06 29 04 01 11 0.146935 
2013 06 29 04 01 12 0.153571 
2013 06 29 04 01 13 0.663521 
2013 06 29 04 01 14 0.921993 
2013 06 29 04 01 16 0.180096 
2013 06 29 04 01 17 0.186726 
2013 06 29 04 01 18 0.193358 
2013 06 29 04 01 19 0.199988 
2013 06 29 04 01 20 0.206619 
2013 06 29 04 01 21 0.213249 
2013 06 29 04 01 22 0.219873 
2013 06 29 04 01 23 0.226503 
2013 06 29 04 01 24 0.484961 
2013 06 29 04 01 25 0.491570 
2013 06 29 04 01 26 0.498197 
2013 06 29 04 01 27 0.504828 
2013 06 29 04 01 28 0.511454 
2013 06 29 04 01 29 0.518092 
2013 06 29 04 01 30 0.524722 
2013 06 29 04 01 31 0.531342 
2013 06 29 04 01 32 0.538039 
2013 06 29 04 01 33 0.544654 
2013 06 29 04 01 34 0.802760 
2013 06 29 04 01 36 0.312706 
2013 06 29 04 01 37 0.319344 
2013 06 29 04 01 38 0.325969 
2013 06 29 04 01 39 0.332599 
2013 06 29 04 01 40 0.339228 
2013 06 29 04 01 41 0.345860 
2013 06 29 04 01 42 0.352484 
2013 06 29 04 01 43 0.359116 
2013 06 29 04 01 44 0.365749 
2013 06 29 04 01 45 0.372377 
2013 06 29 04 01 46 0.379006 
2013 06 29 04 01 47 0.637435 
2013 06 29 04 01 48 0.644075 
2013 06 29 04 01 49 0.650705 
2013 06 29 04 01 50 0.657340 
2013 06 29 04 01 51 0.663957 
2013 06 29 04 01 52 0.670652 
2013 06 29 04 01 53 0.677244 
2013 06 29 04 01 54 0.683904 
2013 06 29 04 01 55 0.690522 
2013 06 29 04 01 56 0.697159 
2013 06 29 04 01 57 0.703816 
2013 06 29 04 01 58 0.710406 
2013 06 29 04 01 59 0.717056 
2013 06 29 04 02 00 0.723659 
2013 06 29 04 02 01 0.478473 
2013 06 29 04 02 02 0.485193 
2013 06 29 04 02 03 0.495277 
2013 06 29 04 02 04 0.498367 
2013 06 29 04 02 05 0.504992 
2013 06 29 04 02 06 0.511625 
2013 06 29 04 02 07 0.518257 
2013 06 29 04 02 08 0.524885 
2013 06 29 04 02 09 0.531516 
2013 06 29 04 02 10 0.538167 
2013 06 29 04 02 11 0.544777 
2013 06 29 04 02 12 0.551402 
2013 06 29 04 02 13 0.558032 
2013 06 29 04 02 14 0.816457 
2013 06 29 04 02 16 0.074609 
2013 06 29 04 02 17 0.081258 
2013 06 29 04 02 18 0.087872 
2013 06 29 04 02 19 0.094520 
2013 06 29 04 02 20 0.101134 
2013 06 29 04 02 21 0.107767 
2013 06 29 04 02 22 0.114398 
2013 06 29 04 02 23 0.121032 
2013 06 29 04 02 24 0.127659 
2013 06 29 04 02 25 0.134291 
2013 06 29 04 02 26 0.140922 
2013 06 29 04 02 27 0.147550 
2013 06 29 04 02 28 0.154185 
2013 06 29 04 02 29 0.160817 
2013 06 29 04 02 30 0.167468 
2013 06 29 04 02 31 0.425931 
2013 06 29 04 02 32 0.935830 
2013 06 29 04 02 34 0.193961 
2013 06 29 04 02 35 0.200587 
2013 06 29 04 02 36 0.207217 
2013 06 29 04 02 37 0.213851 
2013 06 29 04 02 38 0.220484 
2013 06 29 04 02 39 0.227113 
2013 06 29 04 02 40 0.233745 
2013 06 29 04 02 41 0.240374 
2013 06 29 04 02 42 0.247008 
2013 06 29 04 02 43 0.253636 
2013 06 29 04 02 44 0.260271 
2013 06 29 04 02 45 0.266917 
2013 06 29 04 02 46 0.273531 
2013 06 29 04 02 47 0.280183 
2013 06 29 04 02 48 0.286791 
2013 06 29 04 02 49 0.293415 
2013 06 29 04 02 50 0.300048 
2013 06 29 04 02 51 0.055197 
2013 06 29 04 02 52 0.061786 
2013 06 29 04 02 53 0.068416 
2013 06 29 04 02 54 0.075044 
2013 06 29 04 02 55 0.081713 
2013 06 29 04 02 56 0.088322 
2013 06 29 04 02 57 0.094969 
2013 06 29 04 02 58 0.101575 
2013 06 29 04 02 59 0.108212 
2013 06 29 04 03 00 0.114828 
2013 06 29 04 03 01 0.121464 
2013 06 29 04 03 02 0.128181 
2013 06 29 04 03 03 0.134769 
2013 06 29 04 03 04 0.141688 
2013 06 29 04 03 05 0.148026 
2013 06 29 04 03 06 0.154683 
2013 06 29 04 03 07 0.412805 
2013 06 29 04 03 08 0.671225 
2013 06 29 04 03 09 0.677849 
2013 06 29 04 03 10 0.684540 
2013 06 29 04 03 11 0.439282 
2013 06 29 04 03 12 0.445921 
2013 06 29 04 03 13 0.452553 
2013 06 29 04 03 14 0.711066 
2013 06 29 04 03 15 0.717637 
2013 06 29 04 03 16 0.724318 
2013 06 29 04 03 17 0.730925 
2013 06 29 04 03 18 0.737553 
2013 06 29 04 03 19 0.744183 
2013 06 29 04 03 20 0.750807 
2013 06 29 04 03 21 0.757437 
2013 06 29 04 03 22 0.764034 
2013 06 29 04 03 23 0.770649 
2013 06 29 04 03 24 0.777283 
2013 06 29 04 03 26 0.035427 
2013 06 29 04 03 27 0.293858 
2013 06 29 04 03 28 0.300518 
2013 06 29 04 03 29 0.307118 
2013 06 29 04 03 30 0.313822 
2013 06 29 04 03 31 0.320421 
2013 06 29 04 03 32 0.326999 
2013 06 29 04 03 33 0.333633 
2013 06 29 04 03 34 0.340289 
2013 06 29 04 03 35 0.346902 
2013 06 29 04 03 36 0.353521 
2013 06 29 04 03 37 0.360165 
2013 06 29 04 03 38 0.366789 
2013 06 29 04 03 39 0.373422 
2013 06 29 04 03 40 0.380059 
2013 06 29 04 03 41 0.386684 
2013 06 29 04 03 42 0.644837 
2013 06 29 04 03 43 0.651463 
2013 06 29 04 03 44 0.658093 
2013 06 29 04 03 45 0.916573 
2013 06 29 04 03 46 0.923208 
2013 06 29 04 03 47 0.929840 
2013 06 29 04 03 48 0.936457 
2013 06 29 04 03 49 0.943066 
2013 06 29 04 03 50 0.949726 
2013 06 29 04 03 51 0.956293 
2013 06 29 04 03 52 0.962922 
2013 06 29 04 03 53 0.969585 
2013 06 29 04 03 54 0.976200 
2013 06 29 04 03 55 0.982844 
2013 06 29 04 03 56 0.989447 
2013 06 29 04 03 57 0.996078 
2013 06 29 04 03 59 0.002731 
2013 06 29 04 04 00 0.009341 
2013 06 29 04 04 01 0.015966 
2013 06 29 04 04 02 0.022676 
2013 06 29 04 04 03 0.029281 
2013 06 29 04 04 04 0.035932 
2013 06 29 04 04 05 0.042546 
2013 06 29 04 04 06 0.049188 
2013 06 29 04 04 07 0.055816 
2013 06 29 04 04 08 0.062409 
2013 06 29 04 04 09 0.320535 
2013 06 29 04 04 10 0.327166 
2013 06 29 04 04 11 0.333799 
2013 06 29 04 04 12 0.340427 
2013 06 29 04 04 13 0.347055 
2013 06 29 04 04 14 0.353687 
2013 06 29 04 04 15 0.360316 
2013 06 29 04 04 16 0.366945 
2013 06 29 04 04 17 0.625384 
2013 06 29 04 04 18 0.632019 
2013 06 29 04 04 19 0.638638 
2013 06 29 04 04 20 0.645300 
2013 06 29 04 04 21 0.651897 
2013 06 29 04 04 22 0.658575 
2013 06 29 04 04 23 0.665154 
2013 06 29 04 04 24 0.671835 
2013 06 29 04 04 25 0.678417 
2013 06 29 04 04 26 0.685063 
2013 06 29 04 04 27 0.691684 
2013 06 29 04 04 28 0.698306 
2013 06 29 04 04 29 0.956458 
2013 06 29 04 04 30 0.963087 
2013 06 29 04 04 31 0.969714 
2013 06 29 04 04 32 0.976353 
2013 06 29 04 04 33 0.982982 
2013 06 29 04 04 34 0.989609 
2013 06 29 04 04 35 0.996244 
2013 06 29 04 04 37 0.002874 
2013 06 29 04 04 38 0.009506 
2013 06 29 04 04 38 0.764671 
2013 06 29 04 04 39 0.771320 
2013 06 29 04 04 40 0.777932 
2013 06 29 04 04 41 0.784583 
2013 06 29 04 04 42 0.791133 
2013 06 29 04 04 43 0.797770 
2013 06 29 04 04 44 0.804406 
2013 06 29 04 04 45 0.811034 
2013 06 29 04 04 46 0.817657 
2013 06 29 04 04 47 0.824294 
2013 06 29 04 04 48 0.579117 
2013 06 29 04 04 49 0.585751 
2013 06 29 04 04 50 0.592376 
2013 06 29 04 04 51 0.599009 
2013 06 29 04 04 52 0.605645 
2013 06 29 04 04 53 0.612275 
2013 06 29 04 04 54 0.618902 
2013 06 29 04 04 55 0.625540 
2013 06 29 04 04 56 0.632170 
2013 06 29 04 04 57 0.890619 
2013 06 29 04 04 58 0.897303 
2013 06 29 04 04 59 0.903882 
2013 06 29 04 05 00 0.910581 
2013 06 29 04 05 01 0.917185 
2013 06 29 04 05 02 0.923735 
2013 06 29 04 05 03 0.930365 
2013 06 29 04 05 05 0.188519 
2013 06 29 04 05 06 0.195149 
2013 06 29 04 05 07 0.201780 
2013 06 29 04 05 08 0.208411 
2013 06 29 04 05 09 0.215040 
2013 06 29 04 05 10 0.221673 
2013 06 29 04 05 11 0.228305 
2013 06 29 04 05 12 0.234942 
2013 06 29 04 05 13 0.241567 
2013 06 29 04 05 14 0.248199 
2013 06 29 04 05 15 0.254829 
2013 06 29 04 05 16 0.261456 
2013 06 29 04 05 17 0.268092 
2013 06 29 04 05 18 0.274718 
2013 06 29 04 05 19 0.281347 
2013 06 29 04 05 20 0.287980 
2013 06 29 04 05 21 0.294607 
2013 06 29 04 05 22 0.301234 
2013 06 29 04 05 23 0.307864 
2013 06 29 04 05 24 0.314495 
2013 06 29 04 05 25 0.321124 
2013 06 29 04 05 26 0.327756 
2013 06 29 04 05 27 0.334385 
2013 06 29 04 05 28 0.341018 
2013 06 29 04 05 29 0.347647 
2013 06 29 04 05 30 0.354277 
2013 06 29 04 05 31 0.360908 
2013 06 29 04 05 32 0.367544 
2013 06 29 04 05 33 0.374173 
2013 06 29 04 05 34 0.380805 
2013 06 29 04 05 35 0.387435 
2013 06 29 04 05 36 0.394064 
2013 06 29 04 05 37 0.400697 
2013 06 29 04 05 38 0.407329 
2013 06 29 04 05 39 0.413959 
2013 06 29 04 05 40 0.420587 
2013 06 29 04 05 41 0.427217 
2013 06 29 04 05 42 0.433844 
2013 06 29 04 05 43 0.692283 
2013 06 29 04 05 44 0.698905 
2013 06 29 04 05 45 0.705525 
2013 06 29 04 05 46 0.963677 
2013 06 29 04 05 47 0.718793 
2013 06 29 04 05 48 0.725429 
2013 06 29 04 05 49 0.732056 
2013 06 29 04 05 50 0.990197 
2013 06 29 04 05 51 0.996827 
2013 06 29 04 05 53 0.003467 
2013 06 29 04 05 54 0.010097 
2013 06 29 04 05 55 0.016724 
2013 06 29 04 05 56 0.023355 
2013 06 29 04 05 57 0.029993 
2013 06 29 04 05 58 0.288470 
2013 06 29 04 05 59 0.295114 
2013 06 29 04 06 00 0.553192 
2013 06 29 04 06 01 0.559827 
2013 06 29 04 06 02 0.566449 
2013 06 29 04 06 03 0.573077 
2013 06 29 04 06 04 0.579709 
2013 06 29 04 06 05 0.586341 
2013 06 29 04 06 06 0.592973 
2013 06 29 04 06 07 0.599605 
2013 06 29 04 06 08 0.606230 
2013 06 29 04 06 09 0.361355 
2013 06 29 04 06 10 0.619491 
2013 06 29 04 06 11 0.626122 
2013 06 29 04 06 12 0.632757 
2013 06 29 04 06 13 0.639392 
2013 06 29 04 06 14 0.646016 
2013 06 29 04 06 15 0.652648 
2013 06 29 04 06 16 0.659287 
2013 06 29 04 06 17 0.665907 
2013 06 29 04 06 18 0.672537 
2013 06 29 04 06 19 0.679182 
2013 06 29 04 06 20 0.685800 
2013 06 29 04 06 21 0.692432 
2013 06 29 04 06 22 0.699053 
2013 06 29 04 06 23 0.705686 
2013 06 29 04 06 24 0.712313 
2013 06 29 04 06 25 0.718943 
2013 06 29 04 06 26 0.725579 
2013 06 29 04 06 27 0.732209 
2013 06 29 04 06 28 0.738834 
2013 06 29 04 06 29 0.745468 
2013 06 29 04 06 30 0.752095 
2013 06 29 04 06 31 0.758725 
2013 06 29 04 06 32 0.765362 
2013 06 29 04 06 33 0.772010 
2013 06 29 04 06 34 0.778625 
2013 06 29 04 06 35 0.785270 
2013 06 29 04 06 36 0.791885 
2013 06 29 04 06 37 0.547060 
2013 06 29 04 06 38 0.553681 
2013 06 29 04 06 39 0.560312 
2013 06 29 04 06 40 0.566943 
2013 06 29 04 06 41 0.573563 
2013 06 29 04 06 42 0.580145 
2013 06 29 04 06 43 0.586795 
2013 06 29 04 06 44 0.593474 
2013 06 29 04 06 45 0.600080 
2013 06 29 04 06 46 0.858189 
2013 06 29 04 06 47 0.864815 
2013 06 29 04 06 48 0.871448 
2013 06 29 04 06 49 0.878078 
2013 06 29 04 06 51 0.388022 
2013 06 29 04 06 52 0.394646 
2013 06 29 04 06 53 0.401284 
2013 06 29 04 06 54 0.407907 
2013 06 29 04 06 55 0.414547 
2013 06 29 04 06 56 0.421169 
2013 06 29 04 06 57 0.427797 
2013 06 29 04 06 58 0.434430 
2013 06 29 04 06 59 0.441059 
2013 06 29 04 07 00 0.699505 
2013 06 29 04 07 01 0.706141 
2013 06 29 04 07 02 0.712804 
2013 06 29 04 07 03 0.719414 
2013 06 29 04 07 04 0.726068 
2013 06 29 04 07 05 0.732704 
2013 06 29 04 07 06 0.739341 
2013 06 29 04 07 07 0.745953 
2013 06 29 04 07 09 0.004071 
2013 06 29 04 07 10 0.010684 
2013 06 29 04 07 11 0.017311 
2013 06 29 04 07 12 0.023946 
2013 06 29 04 07 13 0.030571 
2013 06 29 04 07 14 0.288998 
2013 06 29 04 07 15 0.295626 
2013 06 29 04 07 16 0.302265 
2013 06 29 04 07 17 0.308890 
2013 06 29 04 07 18 0.315528 
2013 06 29 04 07 19 0.322153 
2013 06 29 04 07 20 0.328785 
2013 06 29 04 07 21 0.335406 
2013 06 29 04 07 22 0.342106 
2013 06 29 04 07 23 0.348727 
2013 06 29 04 07 24 0.355365 
2013 06 29 04 07 25 0.361960 
2013 06 29 04 07 26 0.368623 
2013 06 29 04 07 27 0.375224 
2013 06 29 04 07 28 0.381875 
2013 06 29 04 07 29 0.388508 
2013 06 29 04 07 30 0.395145 
2013 06 29 04 07 31 0.401779 
2013 06 29 04 07 32 0.659862 
2013 06 29 04 07 33 0.666492 
2013 06 29 04 07 34 0.673127 
2013 06 29 04 07 35 0.679752 
2013 06 29 04 07 36 0.686384 
2013 06 29 04 07 37 0.693038 
2013 06 29 04 07 38 0.699646 
2013 06 29 04 07 39 0.706304 
2013 06 29 04 07 40 0.712908 
2013 06 29 04 07 41 0.971335 
2013 06 29 04 07 42 0.977971 
2013 06 29 04 07 43 0.984611 
2013 06 29 04 07 44 0.739428 
2013 06 29 04 07 45 0.746055 
2013 06 29 04 07 46 0.752684 
2013 06 29 04 07 47 0.759319 
2013 06 29 04 07 48 0.765946 
2013 06 29 04 07 49 0.772577 
2013 06 29 04 07 51 0.031009 
2013 06 29 04 07 52 0.037646 
2013 06 29 04 07 53 0.295793 
2013 06 29 04 07 54 0.302421 
2013 06 29 04 07 55 0.309047 
2013 06 29 04 07 56 0.315680 
2013 06 29 04 07 57 0.574176 
2013 06 29 04 07 58 0.580793 
2013 06 29 04 07 59 0.587425 
2013 06 29 04 08 00 0.594043 
2013 06 29 04 08 01 0.852156 
2013 06 29 04 08 02 0.858771 
2013 06 29 04 08 03 0.865400 
2013 06 29 04 08 04 0.872035 
2013 06 29 04 08 05 0.878668 
2013 06 29 04 08 06 0.885293 
2013 06 29 04 08 07 0.891927 
2013 06 29 04 08 08 0.898552 
2013 06 29 04 08 09 0.905184 
2013 06 29 04 08 10 0.911816 
2013 06 29 04 08 11 0.918442 
2013 06 29 04 08 12 0.925079 
2013 06 29 04 08 13 0.931710 
2013 06 29 04 08 14 0.938340 
2013 06 29 04 08 15 0.944970 
2013 06 29 04 08 16 0.951603 
2013 06 29 04 08 17 0.958235 
2013 06 29 04 08 18 0.964862 
2013 06 29 04 08 20 0.223330 
2013 06 29 04 08 21 0.229905 
2013 06 29 04 08 22 0.236605 
2013 06 29 04 08 23 0.243190 
2013 06 29 04 08 24 0.249811 
2013 06 29 04 08 25 0.256433 
2013 06 29 04 08 26 0.263070 
2013 06 29 04 08 27 0.269709 
2013 06 29 04 08 28 0.024548 
2013 06 29 04 08 29 0.031162 
2013 06 29 04 08 30 0.037819 
2013 06 29 04 08 31 0.044417 
2013 06 29 04 08 32 0.051051 
2013 06 29 04 08 33 0.057687 
2013 06 29 04 08 34 0.064327 
2013 06 29 04 08 35 0.322792 
2013 06 29 04 08 36 0.329430 
2013 06 29 04 08 37 0.336044 
2013 06 29 04 08 38 0.090837 
2013 06 29 04 08 39 0.097482 
2013 06 29 04 08 40 0.104100 
2013 06 29 04 08 41 0.110742 
2013 06 29 04 08 42 0.117365 
2013 06 29 04 08 43 0.123988 
2013 06 29 04 08 44 0.130621 
2013 06 29 04 08 45 0.137246 
2013 06 29 04 08 46 0.143879 
2013 06 29 04 08 47 0.150507 
2013 06 29 04 08 48 0.157137 
2013 06 29 04 08 49 0.163772 
2013 06 29 04 08 50 0.170410 
2013 06 29 04 08 51 0.177026 
2013 06 29 04 08 52 0.183668 
2013 06 29 04 08 53 0.190301 
2013 06 29 04 08 54 0.196927 
2013 06 29 04 08 55 0.203558 
2013 06 29 04 08 56 0.210186 
2013 06 29 04 08 57 0.216819 
2013 06 29 04 08 58 0.223446 
2013 06 29 04 08 59 0.230077 
2013 06 29 04 09 00 0.236706 
2013 06 29 04 09 01 0.243338 
2013 06 29 04 09 02 0.249969 
2013 06 29 04 09 03 0.256598 
2013 06 29 04 09 04 0.263226 
2013 06 29 04 09 05 0.269852 
2013 06 29 04 09 06 0.779800 
2013 06 29 04 09 07 0.786427 
2013 06 29 04 09 08 0.793059 
2013 06 29 04 09 09 0.799687 
2013 06 29 04 09 10 0.806323 
2013 06 29 04 09 11 0.812948 
2013 06 29 04 09 12 0.568119 
2013 06 29 04 09 13 0.574752 
2013 06 29 04 09 14 0.581406 
2013 06 29 04 09 15 0.587987 
2013 06 29 04 09 16 0.594631 
2013 06 29 04 09 17 0.601264 
2013 06 29 04 09 18 0.859367 
2013 06 29 04 09 19 0.865999 
2013 06 29 04 09 20 0.872630 
2013 06 29 04 09 21 0.879255 
2013 06 29 04 09 22 0.885884 
2013 06 29 04 09 23 0.892514 
2013 06 29 04 09 24 0.899144 
2013 06 29 04 09 25 0.905773 
2013 06 29 04 09 26 0.912405 
2013 06 29 04 09 27 0.919036 
2013 06 29 04 09 28 0.925665 
2013 06 29 04 09 29 0.932294 
2013 06 29 04 09 30 0.938924 
2013 06 29 04 09 31 0.945558 
2013 06 29 04 09 33 0.455508 
2013 06 29 04 09 34 0.713990 
2013 06 29 04 09 35 0.720615 
2013 06 29 04 09 36 0.727260 
2013 06 29 04 09 37 0.733881 
2013 06 29 04 09 38 0.991980 
2013 06 29 04 09 39 0.998606 
2013 06 29 04 09 41 0.005235 
2013 06 29 04 09 42 0.011867 
2013 06 29 04 09 43 0.018493 
2013 06 29 04 09 44 0.025123 
2013 06 29 04 09 45 0.031751 
2013 06 29 04 09 46 0.290182 
2013 06 29 04 09 47 0.296815 
2013 06 29 04 09 48 0.303444 
2013 06 29 04 09 49 0.310083 
2013 06 29 04 09 50 0.316723 
2013 06 29 04 09 51 0.323350 
2013 06 29 04 09 52 0.329980 
2013 06 29 04 09 53 0.336644 
2013 06 29 04 09 54 0.343266 
2013 06 29 04 09 55 0.098062 
2013 06 29 04 09 56 0.104695 
2013 06 29 04 09 57 0.111321 
2013 06 29 04 09 58 0.117957 
2013 06 29 04 09 59 0.376456 
2013 06 29 04 10 00 0.383083 
2013 06 29 04 10 01 0.389678 
2013 06 29 04 10 02 0.396286 
2013 06 29 04 10 03 0.906212 
2013 06 29 04 10 04 0.912837 
2013 06 29 04 10 05 0.919481 
2013 06 29 04 10 06 0.926102 
2013 06 29 04 10 07 0.932740 
2013 06 29 04 10 09 0.190883 
2013 06 29 04 10 10 0.197512 
2013 06 29 04 10 11 0.204141 
2013 06 29 04 10 12 0.210772 
2013 06 29 04 10 13 0.217409 
2013 06 29 04 10 14 0.224039 
2013 06 29 04 10 15 0.230670 
2013 06 29 04 10 16 0.237302 
2013 06 29 04 10 17 0.243930 
2013 06 29 04 10 18 0.250559 
2013 06 29 04 10 19 0.257190 
2013 06 29 04 10 20 0.263822 
2013 06 29 04 10 21 0.270455 
2013 06 29 04 10 22 0.277084 
2013 06 29 04 10 23 0.283706 
2013 06 29 04 10 24 0.290336 
2013 06 29 04 10 25 0.296972 
2013 06 29 04 10 26 0.303598 
2013 06 29 04 10 27 0.310231 
2013 06 29 04 10 28 0.316861 
2013 06 29 04 10 29 0.323491 
2013 06 29 04 10 30 0.581918 
2013 06 29 04 10 31 0.588542 
2013 06 29 04 10 32 0.595249 
2013 06 29 04 10 33 0.601873 
2013 06 29 04 10 34 0.608513 
2013 06 29 04 10 35 0.615120 
2013 06 29 04 10 36 0.873221 
2013 06 29 04 10 37 0.879861 
2013 06 29 04 10 38 0.886484 
2013 06 29 04 10 40 0.144952 
2013 06 29 04 10 41 0.151589 
2013 06 29 04 10 42 0.158224 
2013 06 29 04 10 43 0.416316 
2013 06 29 04 10 44 0.422946 
2013 06 29 04 10 45 0.681375 
2013 06 29 04 10 46 0.939522 
2013 06 29 04 10 48 0.197949 
2013 06 29 04 10 49 0.204580 
2013 06 29 04 10 50 0.211211 
2013 06 29 04 10 51 0.217845 
2013 06 29 04 10 52 0.224466 
2013 06 29 04 10 53 0.734465 
2013 06 29 04 10 54 0.741086 
2013 06 29 04 10 55 0.999200 
2013 06 29 04 10 58 0.012463 
2013 06 29 04 10 59 0.270959 
2013 06 29 04 11 00 0.277557 
2013 06 29 04 11 01 0.284205 
2013 06 29 04 11 02 0.542293 
2013 06 29 04 11 03 0.548924 
2013 06 29 04 11 04 0.807365 
