2 2 1  
2 1 0  
3 1 1  
3 2 0  
4 0 1  
4 3 0  
5 3 1  
5 0 0  
6 2 1  
6 1 0  
7 1 1  
7 2 0  
8 0 1  
8 3 0  
9 3 1  
9 0 0  
10 2 1  
10 1 0  
11 1 1  
11 2 0  
12 0 1  
12 3 0  
13 3 1  
13 0 0  
14 2 1  
14 1 0  
15 1 1  
15 2 0  
16 0 1  
16 3 0  
17 3 1  
17 0 0  
18 2 1  
18 1 0  
19 1 1  
19 2 0  
20 0 1  
20 3 0  
21 3 1  
21 0 0  
22 2 1  
22 1 0  
23 1 1  
23 2 0  
24 0 1  
24 3 0  
25 3 1  
25 0 0  
26 2 1  
26 1 0  
27 1 1  
27 2 0  
28 0 1  
28 3 0  
29 3 1  
29 0 0  
30 2 1  
30 1 0  
31 1 1  
31 2 0  
32 3 1  
32 3 0  
33 0 1  
33 0 0  
34 2 1  
34 1 0  
35 1 1  
35 2 0  
36 3 1  
36 3 0  
37 0 1  
37 0 0  
38 2 1  
38 1 0  
39 1 1  
39 2 0  
40 3 1  
40 3 0  
41 0 1  
41 0 0  
42 2 1  
42 1 0  
43 1 1  
43 2 0  
44 3 1  
44 3 0  
45 0 1  
45 1 0  
46 2 1  
46 0 0  
47 1 1  
47 2 0  
48 3 1  
48 3 0  
49 2 1  
49 1 0  
50 0 1  
50 2 0  
51 1 1  
51 0 0  
52 3 1  
52 3 0  
53 2 1  
53 1 0  
54 0 1  
54 2 0  
55 1 1  
55 0 0  
56 3 1  
56 3 0  
57 2 1  
57 1 0  
58 0 1  
58 2 0  
59 1 1  
59 3 0  
60 3 1  
60 0 0  
61 2 1  
61 1 0  
62 0 1  
62 2 0  
63 1 1  
63 3 0  
64 3 1  
64 0 0  
65 2 1  
65 1 0  
66 0 1  
66 2 0  
67 1 1  
67 3 0  
68 3 1  
68 1 0  
69 2 1  
69 0 0  
70 0 1  
70 2 0  
71 1 1  
71 3 0  
72 3 1  
72 1 0  
73 2 1  
73 2 0  
74 0 1  
74 0 0  
75 1 1  
75 3 0  
76 3 1  
76 1 0  
77 2 1  
77 2 0  
78 0 1  
78 0 0  
79 1 1  
79 3 0  
80 3 1  
80 1 0  
81 2 1  
81 2 0  
82 0 1  
82 0 0  
83 1 1  
83 3 0  
84 3 1  
84 1 0  
85 2 1  
85 2 0  
86 0 1  
86 0 0  
87 1 1  
87 3 0  
88 3 1  
88 1 0  
89 2 1  
89 2 0  
90 0 1  
90 0 0  
91 1 1  
91 3 0  
92 3 1  
92 1 0  
93 2 1  
93 2 0  
94 0 1  
94 0 0  
95 1 1  
95 3 0  
96 3 1  
96 1 0  
97 2 1  
97 2 0  
98 0 1  
98 0 0  
99 1 1  
99 3 0  
100 3 1  
100 1 0  
101 2 1  
101 2 0  
102 0 1  
102 0 0  
103 1 1  
103 3 0  
104 3 1  
104 1 0  
105 2 1  
105 2 0  
106 0 1  
106 0 0  
107 1 1  
107 3 0  
108 3 1  
108 1 0  
109 2 1  
109 2 0  
110 0 1  
110 0 0  
111 1 1  
111 3 0  
112 3 1  
112 1 0  
113 2 1  
113 2 0  
114 0 1  
114 0 0  
115 1 1  
115 3 0  
116 3 1  
116 1 0  
117 2 1  
117 2 0  
118 0 1  
118 0 0  
119 1 1  
119 3 0  
120 3 1  
120 2 0  
121 2 1  
121 1 0  
122 0 1  
122 0 0  
123 1 1  
123 3 0  
124 3 1  
124 2 0  
125 2 1  
125 1 0  
126 0 1  
126 0 0  
127 1 1  
127 2 0  
128 3 1  
128 3 0  
129 2 1  
129 1 0  
130 0 1  
130 0 0  
131 1 1  
131 2 0  
132 3 1  
132 3 0  
133 2 1  
133 1 0  
134 0 1  
134 0 0  
135 1 1  
135 2 0  
136 3 1  
136 3 0  
137 2 1  
137 1 0  
138 0 1  
138 0 0  
139 1 1  
139 2 0  
140 3 1  
140 3 0  
141 2 1  
141 1 0  
142 0 1  
142 0 0  
143 1 1  
143 2 0  
144 3 1  
144 3 0  
145 2 1  
145 1 0  
146 0 1  
146 0 0  
147 1 1  
147 2 0  
148 3 1  
148 3 0  
149 2 1  
149 1 0  
150 0 1  
150 0 0  
151 1 1  
151 2 0  
152 3 1  
152 3 0  
153 2 1  
153 1 0  
154 0 1  
154 0 0  
155 1 1  
155 2 0  
156 3 1  
156 3 0  
157 2 1  
157 1 0  
158 0 1  
158 0 0  
159 1 1  
159 2 0  
160 3 1  
160 3 0  
161 2 1  
161 1 0  
162 0 1  
162 0 0  
163 1 1  
163 2 0  
164 3 1  
164 3 0  
165 2 1  
165 1 0  
166 0 1  
166 0 0  
167 1 1  
167 2 0  
168 3 1  
168 3 0  
169 2 1  
169 1 0  
170 0 1  
170 0 0  
171 1 1  
171 2 0  
172 3 1  
172 3 0  
173 2 1  
173 1 0  
174 0 1  
174 0 0  
175 1 1  
175 2 0  
176 3 1  
176 3 0  
177 2 1  
177 1 0  
178 0 1  
178 0 0  
179 1 1  
179 2 0  
180 3 1  
180 3 0  
181 2 1  
181 1 0  
182 0 1  
182 0 0  
183 1 1  
183 2 0  
184 3 1  
184 3 0  
185 2 1  
185 1 0  
186 0 1  
186 0 0  
187 1 1  
187 2 0  
188 3 1  
188 3 0  
189 2 1  
189 1 0  
190 0 1  
190 0 0  
191 1 1  
191 2 0  
192 3 1  
192 3 0  
193 2 1  
193 1 0  
194 0 1  
194 0 0  
195 1 1  
195 2 0  
196 3 1  
196 3 0  
197 2 1  
197 1 0  
198 0 1  
198 0 0  
199 1 1  
199 2 0  
200 3 1  
200 3 0  
201 2 1  
201 1 0  
202 0 1  
202 0 0  
203 3 1  
203 2 0  
204 1 1  
204 3 0  
205 2 1  
205 1 0  
206 0 1  
206 0 0  
207 3 1  
207 2 0  
208 1 1  
208 3 0  
209 2 1  
209 1 0  
210 0 1  
210 0 0  
211 3 1  
211 2 0  
212 1 1  
212 3 0  
213 2 1  
213 1 0  
214 0 1  
214 0 0  
215 3 1  
215 2 0  
216 1 1  
216 3 0  
217 2 1  
217 1 0  
218 0 1  
218 0 0  
219 3 1  
219 2 0  
220 2 1  
220 3 0  
221 1 1  
221 1 0  
222 0 1  
222 0 0  
223 3 1  
223 2 0  
224 2 1  
224 3 0  
225 1 1  
225 1 0  
226 0 1  
226 0 0  
227 3 1  
227 3 0  
228 2 1  
228 2 0  
229 1 1  
229 1 0  
230 0 1  
230 3 0  
231 3 1  
231 0 0  
232 2 1  
232 2 0  
233 1 1  
233 1 0  
234 0 1  
234 3 0  
235 3 1  
235 0 0  
236 2 1  
236 2 0  
237 0 1  
237 1 0  
238 1 1  
238 3 0  
239 3 1  
239 0 0  
240 2 1  
240 2 0  
241 0 1  
241 1 0  
242 1 1  
242 3 0  
243 3 1  
243 0 0  
244 2 1  
244 2 0  
245 0 1  
245 1 0  
246 1 1  
246 3 0  
247 3 1  
247 2 0  
248 2 1  
248 0 0  
249 0 1  
249 1 0  
250 1 1  
250 3 0  
251 3 1  
251 0 0  
252 2 1  
252 2 0  
253 0 1  
253 1 0  
254 1 1  
254 3 0  
255 3 1  
255 0 0  
256 2 1  
256 2 0  
257 0 1  
257 1 0  
258 1 1  
258 3 0  
259 3 1  
259 0 0  
260 2 1  
260 2 0  
261 0 1  
261 1 0  
262 1 1  
262 3 0  
263 3 1  
263 0 0  
264 2 1  
264 2 0  
265 0 1  
265 1 0  
266 1 1  
266 3 0  
267 3 1  
267 0 0  
268 2 1  
268 2 0  
269 0 1  
269 1 0  
270 1 1  
270 3 0  
271 3 1  
271 0 0  
272 2 1  
272 2 0  
273 0 1  
273 1 0  
274 1 1  
274 3 0  
275 3 1  
275 0 0  
276 2 1  
276 2 0  
277 0 1  
277 1 0  
278 1 1  
278 3 0  
279 3 1  
279 0 0  
280 2 1  
280 2 0  
281 0 1  
281 1 0  
282 3 1  
282 3 0  
283 1 1  
283 0 0  
284 2 1  
284 2 0  
285 0 1  
285 1 0  
286 3 1  
286 3 0  
287 1 1  
287 0 0  
288 2 1  
288 2 0  
289 0 1  
289 1 0  
290 3 1  
290 3 0  
291 1 1  
291 0 0  
292 2 1  
292 2 0  
293 0 1  
293 1 0  
294 3 1  
294 3 0  
295 1 1  
295 0 0  
296 2 1  
296 2 0  
297 0 1  
297 1 0  
298 3 1  
298 3 0  
299 1 1  
299 0 0  
300 2 1  
300 2 0  
301 0 1  
301 1 0  
302 3 1  
302 3 0  
303 1 1  
303 0 0  
304 2 1  
304 2 0  
305 0 1  
305 1 0  
306 3 1  
306 3 0  
307 1 1  
307 0 0  
308 2 1  
308 2 0  
309 0 1  
309 1 0  
310 3 1  
310 3 0  
311 1 1  
311 0 0  
312 2 1  
312 2 0  
313 0 1  
313 1 0  
314 3 1  
314 3 0  
315 1 1  
315 0 0  
316 2 1  
316 2 0  
317 0 1  
317 1 0  
318 3 1  
318 3 0  
319 1 1  
319 0 0  
320 2 1  
320 2 0  
321 0 1  
321 1 0  
322 3 1  
322 0 0  
323 1 1  
323 2 0  
324 2 1  
324 3 0  
325 0 1  
325 1 0  
326 3 1  
326 0 0  
327 1 1  
327 2 0  
328 2 1  
328 3 0  
329 0 1  
329 1 0  
330 3 1  
330 0 0  
331 1 1  
331 2 0  
332 2 1  
332 3 0  
333 0 1  
333 1 0  
334 3 1  
334 0 0  
335 1 1  
335 2 0  
336 2 1  
336 3 0  
337 0 1  
337 1 0  
338 3 1  
338 0 0  
339 1 1  
339 2 0  
340 2 1  
340 3 0  
341 0 1  
341 1 0  
342 3 1  
342 0 0  
343 1 1  
343 2 0  
344 2 1  
344 3 0  
345 0 1  
345 1 0  
346 3 1  
346 0 0  
347 1 1  
347 2 0  
348 2 1  
348 3 0  
349 0 1  
349 1 0  
350 3 1  
350 0 0  
351 1 1  
351 2 0  
352 2 1  
352 3 0  
353 0 1  
353 1 0  
354 3 1  
354 0 0  
355 1 1  
355 2 0  
356 2 1  
356 3 0  
357 0 1  
357 1 0  
358 3 1  
358 0 0  
359 2 1  
359 2 0  
360 1 1  
360 3 0  
361 0 1  
361 1 0  
362 3 1  
362 0 0  
363 2 1  
363 3 0  
364 1 1  
364 2 0  
365 3 1  
365 1 0  
366 0 1  
366 3 0  
367 2 1  
367 0 0  
368 1 1  
368 2 0  
369 3 1  
369 1 0  
370 0 1  
370 3 0  
371 2 1  
371 0 0  
372 3 1  
372 2 0  
373 1 1  
373 1 0  
374 0 1  
374 3 0  
375 2 1  
375 0 0  
376 3 1  
376 2 0  
377 1 1  
377 1 0  
378 0 1  
378 3 0  
379 2 1  
379 0 0  
380 3 1  
380 2 0  
381 1 1  
381 1 0  
382 0 1  
382 3 0  
383 2 1  
383 0 0  
384 3 1  
384 2 0  
385 1 1  
385 1 0  
386 0 1  
386 3 0  
387 2 1  
387 0 0  
388 3 1  
388 2 0  
389 1 1  
389 1 0  
390 0 1  
390 3 0  
391 2 1  
391 2 0  
392 3 1  
392 0 0  
393 1 1  
393 1 0  
394 0 1  
394 3 0  
395 2 1  
395 2 0  
396 3 1  
396 0 0  
397 1 1  
397 1 0  
398 0 1  
398 3 0  
399 2 1  
399 2 0  
400 3 1  
400 1 0  
401 1 1  
401 0 0  
402 0 1  
402 2 0  
403 2 1  
403 3 0  
404 3 1  
404 1 0  
405 1 1  
405 0 0  
406 0 1  
406 2 0  
407 2 1  
407 3 0  
408 3 1  
408 1 0  
409 1 1  
409 2 0  
410 0 1  
410 0 0  
411 2 1  
411 3 0  
412 3 1  
412 1 0  
413 1 1  
413 2 0  
414 0 1  
414 3 0  
415 2 1  
415 0 0  
416 3 1  
416 1 0  
417 1 1  
417 2 0  
418 0 1  
418 3 0  
419 2 1  
419 0 0  
420 3 1  
420 1 0  
421 1 1  
421 2 0  
422 0 1  
422 3 0  
423 2 1  
423 0 0  
424 3 1  
424 1 0  
425 1 1  
425 2 0  
426 0 1  
426 3 0  
427 2 1  
427 0 0  
428 3 1  
428 1 0  
429 1 1  
429 2 0  
430 0 1  
430 3 0  
431 2 1  
431 0 0  
432 3 1  
432 1 0  
433 1 1  
433 2 0  
434 0 1  
434 3 0  
435 2 1  
435 0 0  
436 3 1  
436 1 0  
437 1 1  
437 2 0  
438 0 1  
438 3 0  
439 2 1  
439 0 0  
440 3 1  
440 1 0  
441 1 1  
441 2 0  
442 0 1  
442 3 0  
443 2 1  
443 0 0  
444 3 1  
444 1 0  
445 1 1  
445 2 0  
446 0 1  
446 3 0  
447 2 1  
447 0 0  
448 3 1  
448 1 0  
449 1 1  
449 2 0  
450 0 1  
450 3 0  
451 2 1  
451 0 0  
452 3 1  
452 1 0  
453 1 1  
453 2 0  
454 0 1  
454 3 0  
455 2 1  
455 0 0  
456 3 1  
456 1 0  
457 1 1  
457 2 0  
458 0 1  
458 3 0  
459 2 1  
459 0 0  
460 3 1  
460 1 0  
461 0 1  
461 2 0  
462 1 1  
462 3 0  
463 2 1  
463 0 0  
464 3 1  
464 1 0  
465 0 1  
465 2 0  
466 1 1  
466 3 0  
467 2 1  
467 0 0  
468 3 1  
468 1 0  
469 0 1  
469 2 0  
470 1 1  
470 0 0  
471 2 1  
471 3 0  
472 3 1  
472 1 0  
473 0 1  
473 2 0  
474 1 1  
474 0 0  
475 2 1  
475 3 0  
476 3 1  
476 1 0  
477 0 1  
477 2 0  
478 1 1  
478 0 0  
479 2 1  
479 3 0  
480 3 1  
480 1 0  
481 0 1  
481 2 0  
482 1 1  
482 0 0  
483 2 1  
483 3 0  
484 3 1  
484 1 0  
485 0 1  
485 2 0  
486 1 1  
486 0 0  
487 2 1  
487 3 0  
488 3 1  
488 1 0  
489 0 1  
489 2 0  
490 1 1  
490 0 0  
491 2 1  
491 3 0  
492 3 1  
492 1 0  
493 0 1  
493 2 0  
494 1 1  
494 0 0  
495 2 1  
495 3 0  
496 3 1  
496 1 0  
497 0 1  
497 2 0  
498 1 1  
498 0 0  
499 2 1  
499 3 0  
500 3 1  
500 1 0  
501 0 1  
501 2 0  
502 1 1  
502 0 0  
503 2 1  
503 3 0  
504 3 1  
504 1 0  
505 0 1  
505 2 0  
506 1 1  
506 0 0  
507 2 1  
507 3 0  
508 3 1  
508 1 0  
509 0 1  
509 2 0  
510 1 1  
510 0 0  
511 2 1  
511 3 0  
512 3 1  
512 1 0  
513 0 1  
513 2 0  
514 1 1  
514 0 0  
515 2 1  
515 3 0  
516 3 1  
516 1 0  
517 0 1  
517 2 0  
518 1 1  
518 0 0  
519 2 1  
519 3 0  
520 3 1  
520 1 0  
521 0 1  
521 2 0  
522 1 1  
522 0 0  
523 2 1  
523 3 0  
524 3 1  
524 1 0  
525 0 1  
525 2 0  
526 1 1  
526 0 0  
527 2 1  
527 3 0  
528 3 1  
528 1 0  
529 0 1  
529 2 0  
530 1 1  
530 0 0  
531 2 1  
531 3 0  
532 3 1  
532 1 0  
533 0 1  
533 2 0  
534 1 1  
534 0 0  
535 2 1  
535 3 0  
536 3 1  
536 2 0  
537 0 1  
537 1 0  
538 1 1  
538 0 0  
539 2 1  
539 3 0  
540 3 1  
540 2 0  
541 0 1  
541 1 0  
542 1 1  
542 0 0  
543 2 1  
543 2 0  
544 3 1  
544 3 0  
545 0 1  
545 1 0  
546 1 1  
546 0 0  
547 2 1  
547 2 0  
548 3 1  
548 3 0  
549 0 1  
549 1 0  
550 1 1  
550 0 0  
551 2 1  
551 2 0  
552 3 1  
552 3 0  
553 0 1  
553 1 0  
554 1 1  
554 0 0  
555 2 1  
555 2 0  
556 3 1  
556 3 0  
557 0 1  
557 1 0  
558 1 1  
558 0 0  
559 2 1  
559 2 0  
560 3 1  
560 3 0  
561 0 1  
561 1 0  
562 1 1  
562 0 0  
563 2 1  
563 2 0  
564 3 1  
564 3 0  
565 0 1  
565 1 0  
566 1 1  
566 2 0  
567 2 1  
567 0 0  
568 3 1  
568 3 0  
569 0 1  
569 1 0  
570 1 1  
570 2 0  
571 2 1  
571 0 0  
572 3 1  
572 3 0  
573 0 1  
573 1 0  
574 1 1  
574 2 0  
575 2 1  
575 0 0  
576 3 1  
576 3 0  
577 0 1  
577 1 0  
578 1 1  
578 2 0  
579 2 1  
579 0 0  
580 3 1  
580 3 0  
581 0 1  
581 1 0  
582 1 1  
582 2 0  
583 2 1  
583 3 0  
584 3 1  
584 0 0  
585 0 1  
585 1 0  
586 1 1  
586 2 0  
587 2 1  
587 3 0  
588 3 1  
588 1 0  
589 0 1  
589 0 0  
590 1 1  
590 2 0  
591 2 1  
591 3 0  
592 3 1  
592 1 0  
593 0 1  
593 0 0  
594 1 1  
594 2 0  
595 2 1  
595 3 0  
596 3 1  
596 1 0  
597 0 1  
597 2 0  
598 1 1  
598 0 0  
599 2 1  
599 3 0  
600 3 1  
600 1 0  
601 0 1  
601 2 0  
602 1 1  
602 0 0  
603 2 1  
603 3 0  
604 3 1  
604 1 0  
605 0 1  
605 2 0  
606 1 1  
606 0 0  
607 2 1  
607 3 0  
608 3 1  
608 1 0  
609 0 1  
609 2 0  
610 1 1  
610 0 0  
611 2 1  
611 3 0  
612 3 1  
612 1 0  
613 0 1  
613 2 0  
614 1 1  
614 0 0  
615 2 1  
615 3 0  
616 3 1  
616 1 0  
617 0 1  
617 2 0  
618 2 1  
618 0 0  
619 1 1  
619 3 0  
620 3 1  
620 1 0  
621 0 1  
621 2 0  
622 2 1  
622 0 0  
623 1 1  
623 3 0  
624 3 1  
624 1 0  
625 0 1  
625 2 0  
626 2 1  
626 0 0  
627 1 1  
627 3 0  
628 3 1  
628 1 0  
629 0 1  
629 2 0  
630 2 1  
630 0 0  
631 1 1  
631 3 0  
632 3 1  
632 1 0  
633 0 1  
633 2 0  
634 2 1  
634 0 0  
635 1 1  
635 1 0  
636 0 1  
636 3 0  
637 3 1  
637 2 0  
638 2 1  
638 0 0  
639 1 1  
639 1 0  
640 0 1  
640 3 0  
641 3 1  
641 2 0  
642 2 1  
642 0 0  
643 1 1  
643 1 0  
644 0 1  
644 3 0  
645 3 1  
645 2 0  
646 2 1  
646 0 0  
647 1 1  
647 1 0  
648 0 1  
648 3 0  
649 3 1  
649 2 0  
650 2 1  
650 0 0  
651 1 1  
651 1 0  
652 0 1  
652 3 0  
653 3 1  
653 2 0  
654 2 1  
654 0 0  
655 1 1  
655 1 0  
656 0 1  
656 3 0  
657 3 1  
657 2 0  
658 2 1  
658 0 0  
659 1 1  
659 1 0  
660 0 1  
660 3 0  
661 3 1  
661 2 0  
662 2 1  
662 0 0  
663 0 1  
663 3 0  
664 1 1  
664 1 0  
665 3 1  
665 2 0  
666 2 1  
666 0 0  
667 0 1  
667 3 0  
668 1 1  
668 1 0  
669 3 1  
669 2 0  
670 2 1  
670 0 0  
671 0 1  
671 3 0  
672 1 1  
672 1 0  
673 3 1  
673 2 0  
674 2 1  
674 0 0  
675 0 1  
675 3 0  
676 1 1  
676 1 0  
677 3 1  
677 2 0  
678 2 1  
678 0 0  
679 0 1  
679 3 0  
680 1 1  
680 1 0  
681 3 1  
681 2 0  
682 2 1  
682 0 0  
683 0 1  
683 3 0  
684 3 1  
684 1 0  
685 1 1  
685 2 0  
686 2 1  
686 0 0  
687 0 1  
687 3 0  
688 3 1  
688 1 0  
689 1 1  
689 2 0  
690 2 1  
690 0 0  
691 0 1  
691 3 0  
692 3 1  
692 1 0  
693 1 1  
693 2 0  
694 2 1  
694 0 0  
695 0 1  
695 3 0  
696 3 1  
696 1 0  
697 1 1  
697 2 0  
698 2 1  
698 0 0  
699 0 1  
699 3 0  
700 3 1  
700 1 0  
701 2 1  
701 2 0  
702 1 1  
702 0 0  
703 0 1  
703 3 0  
704 3 1  
704 1 0  
705 2 1  
705 2 0  
706 1 1  
706 0 0  
707 0 1  
707 3 0  
708 3 1  
708 1 0  
709 2 1  
709 2 0  
710 1 1  
710 0 0  
711 0 1  
711 3 0  
712 3 1  
712 2 0  
713 2 1  
713 1 0  
714 1 1  
714 0 0  
715 0 1  
715 3 0  
716 3 1  
716 2 0  
717 2 1  
717 1 0  
718 1 1  
718 0 0  
719 0 1  
719 3 0  
720 3 1  
720 2 0  
721 2 1  
721 1 0  
722 1 1  
722 0 0  
723 0 1  
723 3 0  
724 3 1  
724 2 0  
725 2 1  
725 1 0  
726 1 1  
726 0 0  
727 0 1  
727 3 0  
728 3 1  
728 2 0  
729 2 1  
729 1 0  
730 1 1  
730 3 0  
731 0 1  
731 0 0  
732 3 1  
732 2 0  
733 2 1  
733 1 0  
734 1 1  
734 3 0  
735 0 1  
735 2 0  
736 3 1  
736 0 0  
737 2 1  
737 1 0  
738 1 1  
738 3 0  
739 0 1  
739 2 0  
740 3 1  
740 0 0  
741 2 1  
741 1 0  
742 1 1  
742 3 0  
743 0 1  
743 2 0  
744 3 1  
744 0 0  
745 2 1  
745 1 0  
746 1 1  
746 3 0  
747 0 1  
747 2 0  
748 3 1  
748 0 0  
749 2 1  
749 1 0  
750 1 1  
750 3 0  
751 0 1  
751 2 0  
752 3 1  
752 0 0  
753 2 1  
753 1 0  
754 1 1  
754 3 0  
755 0 1  
755 2 0  
756 3 1  
756 0 0  
757 2 1  
757 1 0  
758 1 1  
758 3 0  
759 0 1  
759 2 0  
760 3 1  
760 0 0  
761 2 1  
761 1 0  
762 1 1  
762 3 0  
763 0 1  
763 2 0  
764 3 1  
764 0 0  
765 2 1  
765 1 0  
766 1 1  
766 3 0  
767 3 1  
767 2 0  
768 0 1  
768 0 0  
769 2 1  
769 1 0  
770 1 1  
770 3 0  
771 3 1  
771 2 0  
772 0 1  
772 0 0  
773 2 1  
773 1 0  
774 1 1  
774 3 0  
775 3 1  
775 2 0  
776 0 1  
776 0 0  
777 2 1  
777 1 0  
778 1 1  
778 3 0  
779 3 1  
779 2 0  
780 0 1  
780 0 0  
781 2 1  
781 1 0  
782 1 1  
782 3 0  
783 3 1  
783 2 0  
784 0 1  
784 0 0  
785 2 1  
785 1 0  
786 1 1  
786 3 0  
787 3 1  
787 2 0  
788 0 1  
788 0 0  
789 2 1  
789 1 0  
790 1 1  
790 3 0  
791 3 1  
791 2 0  
792 0 1  
792 0 0  
793 2 1  
793 1 0  
794 1 1  
794 3 0  
795 3 1  
795 2 0  
796 0 1  
796 0 0  
797 2 1  
797 1 0  
798 1 1  
798 3 0  
799 3 1  
799 2 0  
800 2 1  
800 0 0  
801 0 1  
801 1 0  
802 1 1  
802 3 0  
803 3 1  
803 0 0  
804 2 1  
804 2 0  
805 0 1  
805 1 0  
806 1 1  
806 3 0  
807 3 1  
807 0 0  
808 2 1  
808 2 0  
809 0 1  
809 1 0  
810 1 1  
810 3 0  
811 3 1  
811 0 0  
812 2 1  
812 2 0  
813 0 1  
813 1 0  
814 1 1  
814 3 0  
815 3 1  
815 0 0  
816 2 1  
816 2 0  
817 0 1  
817 1 0  
818 1 1  
818 3 0  
819 3 1  
819 0 0  
820 2 1  
820 2 0  
821 0 1  
821 1 0  
822 1 1  
822 3 0  
823 3 1  
823 0 0  
824 2 1  
824 2 0  
825 0 1  
825 1 0  
826 1 1  
826 3 0  
827 3 1  
827 2 0  
828 2 1  
828 0 0  
829 0 1  
829 1 0  
830 1 1  
830 3 0  
831 3 1  
831 2 0  
832 2 1  
832 0 0  
833 0 1  
833 1 0  
834 3 1  
834 3 0  
835 1 1  
835 2 0  
836 2 1  
836 0 0  
837 3 1  
837 1 0  
838 0 1  
838 3 0  
839 1 1  
839 2 0  
840 2 1  
840 0 0  
841 3 1  
841 1 0  
842 0 1  
842 3 0  
843 1 1  
843 2 0  
844 2 1  
844 0 0  
845 3 1  
845 1 0  
846 0 1  
846 3 0  
847 1 1  
847 2 0  
848 2 1  
848 0 0  
849 3 1  
849 1 0  
850 0 1  
850 3 0  
851 1 1  
851 2 0  
852 2 1  
852 0 0  
853 3 1  
853 1 0  
854 0 1  
854 3 0  
855 1 1  
855 2 0  
856 2 1  
856 0 0  
857 3 1  
857 1 0  
858 0 1  
858 3 0  
859 1 1  
859 2 0  
860 2 1  
860 0 0  
861 3 1  
861 1 0  
862 0 1  
862 3 0  
863 1 1  
863 2 0  
864 2 1  
864 0 0  
865 3 1  
865 1 0  
866 0 1  
866 3 0  
867 1 1  
867 2 0  
868 2 1  
868 0 0  
869 3 1  
869 3 0  
870 0 1  
870 1 0  
871 1 1  
871 2 0  
872 2 1  
872 0 0  
873 3 1  
873 3 0  
874 0 1  
874 1 0  
875 1 1  
875 2 0  
876 2 1  
876 0 0  
877 3 1  
877 3 0  
878 0 1  
878 1 0  
879 1 1  
879 2 0  
880 2 1  
880 0 0  
881 3 1  
881 3 0  
882 0 1  
882 1 0  
883 1 1  
883 2 0  
884 2 1  
884 0 0  
885 3 1  
885 3 0  
886 0 1  
886 1 0  
887 1 1  
887 2 0  
888 2 1  
888 0 0  
889 3 1  
889 3 0  
890 0 1  
890 1 0  
891 1 1  
891 2 0  
892 2 1  
892 0 0  
893 3 1  
893 3 0  
894 0 1  
894 1 0  
895 1 1  
895 2 0  
896 2 1  
896 3 0  
897 3 1  
897 0 0  
898 0 1  
898 2 0  
899 1 1  
899 1 0  
900 2 1  
900 3 0  
901 3 1  
901 0 0  
902 0 1  
902 2 0  
903 2 1  
903 1 0  
904 1 1  
904 3 0  
905 3 1  
905 0 0  
906 0 1  
906 2 0  
907 2 1  
907 1 0  
908 1 1  
908 3 0  
909 3 1  
909 0 0  
910 0 1  
910 2 0  
911 2 1  
911 1 0  
912 1 1  
912 3 0  
913 3 1  
913 0 0  
914 0 1  
914 2 0  
915 2 1  
915 1 0  
916 1 1  
916 3 0  
917 3 1  
917 0 0  
918 0 1  
918 2 0  
919 2 1  
919 1 0  
920 3 1  
920 3 0  
921 1 1  
921 0 0  
922 0 1  
922 2 0  
923 2 1  
923 1 0  
924 3 1  
924 3 0  
925 1 1  
925 0 0  
926 0 1  
926 2 0  
927 2 1  
927 1 0  
928 3 1  
928 3 0  
929 1 1  
929 0 0  
930 0 1  
930 2 0  
931 2 1  
931 1 0  
932 3 1  
932 3 0  
933 1 1  
933 0 0  
934 0 1  
934 2 0  
935 2 1  
935 1 0  
936 3 1  
936 3 0  
937 1 1  
937 0 0  
938 0 1  
938 2 0  
939 2 1  
939 1 0  
940 3 1  
940 0 0  
941 1 1  
941 3 0  
942 0 1  
942 2 0  
943 2 1  
943 1 0  
944 3 1  
944 0 0  
945 1 1  
945 3 0  
946 0 1  
946 2 0  
947 2 1  
947 1 0  
948 3 1  
948 0 0  
949 1 1  
949 3 0  
950 0 1  
950 2 0  
951 2 1  
951 1 0  
952 3 1  
952 0 0  
953 1 1  
953 3 0  
954 0 1  
954 2 0  
955 2 1  
955 1 0  
956 3 1  
956 0 0  
957 1 1  
957 3 0  
958 0 1  
958 1 0  
959 2 1  
959 2 0  
960 3 1  
960 0 0  
961 1 1  
961 3 0  
962 0 1  
962 1 0  
963 2 1  
963 2 0  
964 3 1  
964 0 0  
965 1 1  
965 3 0  
966 0 1  
966 1 0  
967 2 1 duplicate
967 2 0 duplicate
968 3 1  
968 0 0  
969 1 1  
969 1 0  
970 2 1  
970 3 0  
971 0 1  
971 0 0  
972 3 1  
972 2 0  
973 1 1  
973 1 0  
974 2 1  
974 3 0  
975 0 1  
975 0 0  
976 3 1 duplicate
976 2 0 duplicate
977 1 1  
977 1 0  
978 2 1  
978 3 0  
979 0 1  
979 0 0  
980 3 1  
980 2 0  
981 1 1  
981 1 0  
982 2 1  
982 3 0  
983 3 1  
983 0 0  
984 0 1  
984 2 0  
985 1 1  
985 1 0  
986 3 1  
986 3 0  
987 2 1  
987 2 0  
988 0 1  
988 0 0  
989 1 1  
989 1 0  
990 3 1  
990 3 0  
991 2 1 duplicate
991 2 0 duplicate
992 0 1  
992 0 0  
993 1 1  
993 3 0  
994 3 1  
994 1 0  
995 2 1  
995 2 0  
996 0 1  
996 0 0  
997 1 1  
997 3 0  
998 3 1  
998 1 0  
999 2 1  
999 2 0  
1000 0 1  
1000 0 0  
1001 1 1  
1001 3 0  
1002 3 1  
1002 1 0  
1003 2 1  
1003 2 0  
1004 0 1  
1004 3 0  
1005 3 1  
1005 0 0  
1006 1 1  
1006 1 0  
1007 2 1  
1007 2 0  
1008 0 1  
1008 3 0  
1009 3 1  
1009 0 0  
1010 1 1  
1010 2 0  
1011 2 1  
1011 1 0  
1012 0 1  
1012 3 0  
1013 3 1  
1013 0 0  
1014 1 1  
1014 2 0  
1015 2 1  
1015 1 0  
1016 0 1  
1016 3 0  
1017 3 1  
1017 0 0  
1018 1 1  
1018 2 0  
1019 2 1  
1019 1 0  
1020 0 1  
1020 3 0  
1021 3 1  
1021 0 0  
1022 1 1  
1022 2 0  
1023 2 1  
1023 1 0  
1024 0 1  
1024 3 0  
1025 3 1  
1025 0 0  
1026 1 1  
1026 2 0  
1027 2 1  
1027 1 0  
1028 0 1  
1028 3 0  
1029 3 1  
1029 0 0  
1030 1 1  
1030 2 0  
1031 2 1  
1031 1 0  
1032 0 1  
1032 3 0  
1033 3 1  
1033 0 0  
1034 1 1  
1034 2 0  
1035 2 1  
1035 1 0  
1036 0 1  
1036 3 0  
1037 3 1  
1037 0 0  
1038 1 1  
1038 2 0  
1039 2 1  
1039 1 0  
1040 0 1  
1040 3 0  
1041 3 1 duplicate
1041 0 0 duplicate
1042 1 1  
1042 2 0  
1043 2 1  
1043 1 0  
1044 0 1  
1044 3 0  
1045 3 1 duplicate
1045 0 0 duplicate
1046 1 1  
1046 2 0  
1047 2 1  
1047 1 0  
1048 0 1  
1048 3 0  
1049 3 1  
1049 2 0  
1050 1 1  
1050 0 0  
1051 2 1  
1051 1 0  
1052 0 1  
1052 2 0  
1053 3 1  
1053 3 0  
1054 1 1  
1054 0 0  
1055 0 1  
1055 1 0  
1056 2 1 duplicate
1056 2 0 duplicate
1057 3 1  
1057 3 0  
1058 1 1  
1058 0 0  
1059 0 1  
1059 1 0  
1060 2 1  
1060 2 0  
1061 3 1  
1061 3 0  
1062 1 1  
1062 0 0  
1063 0 1  
1063 1 0  
1064 2 1  
1064 2 0  
1065 3 1  
1065 3 0  
1066 0 1  
1066 0 0  
1067 2 1  
1067 1 0  
1068 1 1 duplicate
1068 2 0 duplicate
1069 3 1  
1069 3 0  
1070 0 1  
1070 0 0  
1071 2 1  
1071 1 0  
1072 1 1  
1072 2 0  
1073 3 1  
1073 3 0  
1074 0 1  
1074 0 0  
1075 2 1  
1075 1 0  
1076 1 1 duplicate
1076 2 0 duplicate
1077 3 1  
1077 3 0  
1078 0 1  
1078 0 0  
1079 2 1 duplicate
1079 1 0 duplicate
1080 3 1  
1080 2 0  
1081 1 1  
1081 3 0  
1082 0 1  
1082 0 0  
1083 2 1 duplicate
1083 1 0 duplicate
1084 3 1  
1084 2 0  
1085 1 1 duplicate
1085 3 0 duplicate
1086 0 1  
1086 1 0  
1087 2 1 duplicate
1087 0 0 duplicate
1088 3 1  
1088 2 0  
1089 1 1 duplicate
1089 3 0 duplicate
1090 0 1  
1090 1 0  
1091 2 1  
1091 0 0  
1092 3 1  
1092 2 0  
1093 1 1 duplicate
1093 3 0 duplicate
1094 0 1  
1094 1 0  
1095 2 1  
1095 0 0  
1096 3 1  
1096 2 0  
1097 1 1  
1097 3 0  
1098 0 1  
1098 1 0  
1099 2 1  
1099 0 0  
1100 3 1  
1100 2 0  
1101 1 1  
1101 3 0  
1102 2 1  
1102 1 0  
1103 0 1  
1103 0 0  
1104 3 1 duplicate
1104 2 0 duplicate
1105 1 1  
1105 3 0  
1106 2 1  
1106 1 0  
1107 0 1  
1107 0 0  
1108 3 1 duplicate
1108 2 0 duplicate
1109 1 1  
1109 3 0  
1110 2 1  
1110 0 0  
1111 0 1  
1111 1 0  
1112 3 1 duplicate
1112 2 0 duplicate
1113 1 1  
1113 0 0  
1114 2 1  
1114 3 0  
1115 0 1  
1115 1 0  
1116 3 1  
1116 2 0  
1117 1 1  
1117 0 0  
1118 2 1  
1118 3 0  
1119 0 1  
1119 1 0  
1120 3 1  
1120 0 0  
1121 1 1  
1121 2 0  
1122 2 1  
1122 3 0  
1123 0 1  
1123 1 0  
1124 3 1  
1124 0 0  
1125 1 1 duplicate
1125 2 0 duplicate
1126 2 1  
1126 3 0  
1127 0 1  
1127 1 0  
1128 3 1  
1128 0 0  
1129 1 1 duplicate
1129 2 0 duplicate
1130 2 1  
1130 3 0  
1131 0 1  
1131 1 0  
1132 3 1  
1132 0 0  
1133 1 1 duplicate
1133 2 0 duplicate
1134 2 1  
1134 3 0  
1135 0 1  
1135 1 0  
1136 3 1  
1136 0 0  
1137 1 1 duplicate
1137 2 0 duplicate
1138 2 1  
1138 3 0  
1139 0 1  
1139 1 0  
1140 3 1  
1140 0 0  
1141 1 1 duplicate
1141 2 0 duplicate
1142 2 1  
1142 3 0  
1143 0 1  
1143 1 0  
1144 3 1  
1144 0 0  
1145 1 1  
1145 2 0  
1146 2 1  
1146 3 0  
1147 0 1  
1147 1 0  
1148 3 1  
1148 0 0  
1149 1 1  
1149 2 0  
1150 2 1  
1150 3 0  
1151 0 1  
1151 1 0  
1152 3 1 duplicate
1152 0 0 duplicate
1153 1 1  
1153 2 0  
1154 2 1  
1154 3 0  
1155 0 1  
1155 1 0  
1156 3 1 duplicate
1156 0 0 duplicate
1157 1 1  
1157 2 0  
1158 2 1  
1158 3 0  
1159 0 1  
1159 1 0  
1160 3 1 duplicate
1160 0 0 duplicate
1161 1 1  
1161 2 0  
1162 2 1  
1162 3 0  
1163 0 1  
1163 1 0  
1164 3 1 duplicate
1164 0 0 duplicate
1165 1 1 duplicate
1165 2 0 duplicate
1166 2 1  
1166 3 0  
1167 0 1  
1167 1 0  
1168 3 1 duplicate
1168 0 0 duplicate
1169 1 1 duplicate
1169 2 0 duplicate
1170 2 1  
1170 3 0  
1171 0 1  
1171 1 0  
1172 3 1  
1172 0 0  
1173 1 1 duplicate
1173 3 0 duplicate
1174 2 1  
1174 2 0  
1175 0 1  
1175 1 0  
1176 3 1  
1176 0 0  
1177 1 1 duplicate
1177 3 0 duplicate
1178 2 1  
1178 2 0  
1179 0 1  
1179 1 0  
1180 3 1  
1180 0 0  
1181 1 1 duplicate
1181 3 0 duplicate
1182 0 1  
1182 2 0  
1183 2 1 duplicate
1183 1 0 duplicate
1184 3 1 duplicate
1184 0 0 duplicate
1185 0 1  
1185 3 0  
1186 1 1  
1186 2 0  
1187 2 1  
1187 1 0  
1188 3 1  
1188 3 0  
1189 0 1  
1189 0 0  
1190 1 1  
1190 2 0  
1191 3 1  
1191 1 0  
1192 2 1 duplicate
1192 3 0 duplicate
1193 0 1  
1193 2 0  
1194 3 1 duplicate
1194 0 0 duplicate
1195 1 1  
1195 1 0  
1196 0 1 duplicate
1196 3 0 duplicate
1197 2 1  
1197 2 0  
1198 3 1 duplicate
1198 0 0 duplicate
1199 1 1  
1199 1 0  
1200 0 1 duplicate
1200 3 0 duplicate
1201 2 1  
1201 2 0  
1202 3 1 duplicate
1202 0 0 duplicate
1203 1 1  
1203 1 0  
1204 0 1 duplicate
1204 3 0 duplicate
1205 2 1  
1205 2 0  
1206 3 1  
1206 0 0  
1207 0 1  
1207 1 0  
1208 1 1 duplicate
1208 3 0 duplicate
1209 2 1 duplicate
1209 2 0 duplicate
1210 3 1 duplicate
1210 0 0 duplicate
1211 0 1  
1211 1 0  
1212 1 1 duplicate
1212 3 0 duplicate
1213 2 1 duplicate
1213 2 0 duplicate
1214 3 1 duplicate
1214 0 0 duplicate
1215 0 1  
1215 1 0  
1216 1 1 duplicate
1216 3 0 duplicate
1217 2 1 duplicate
1217 2 0 duplicate
1218 3 1 duplicate
1218 1 0 duplicate
1219 0 1  
1219 0 0  
1220 1 1 duplicate
1220 3 0 duplicate
1221 2 1 duplicate
1221 2 0 duplicate
1222 3 1  
1222 1 0  
1223 0 1  
1223 0 0  
1224 1 1 duplicate
1224 3 0 duplicate
1225 2 1 duplicate
1225 2 0 duplicate
1226 3 1  
1226 1 0  
1227 0 1  
1227 3 0  
1228 1 1  
1228 0 0  
1229 2 1 duplicate
1229 2 0 duplicate
1230 3 1 duplicate
1230 1 0 duplicate
1231 0 1  
1231 3 0  
1232 1 1  
1232 0 0  
1233 2 1 duplicate
1233 2 0 duplicate
1234 3 1 duplicate
1234 1 0 duplicate
1235 0 1  
1235 3 0  
1236 1 1 duplicate
1236 0 0 duplicate
1237 2 1 duplicate
1237 2 0 duplicate
1238 3 1 duplicate
1238 1 0 duplicate
1239 0 1  
1239 3 0  
1240 1 1 duplicate
1240 0 0 duplicate
1241 2 1 duplicate
1241 2 0 duplicate
1242 3 1 duplicate
1242 1 0 duplicate
1243 0 1  
1243 3 0  
1244 1 1 duplicate
1244 0 0 duplicate
1245 2 1  
1245 2 0  
1246 3 1 duplicate
1246 1 0 duplicate
1247 0 1  
1247 3 0  
1248 1 1 duplicate
1248 0 0 duplicate
1249 2 1 duplicate
1249 2 0 duplicate
1250 3 1 duplicate
1250 1 0 duplicate
1251 0 1  
1251 3 0  
1252 1 1 duplicate
1252 0 0 duplicate
1253 2 1 duplicate
1253 2 0 duplicate
1254 3 1 duplicate
1254 1 0 duplicate
1255 0 1  
1255 3 0  
1256 1 1 duplicate
1256 0 0 duplicate
1257 2 1 duplicate
1257 2 0 duplicate
1258 3 1  
1258 1 0  
1259 0 1 duplicate
1259 3 0 duplicate
1260 1 1  
1260 0 0  
1261 2 1 duplicate
1261 2 0 duplicate
1262 3 1 duplicate
1262 1 0 duplicate
1263 0 1 duplicate
1263 3 0 duplicate
1264 1 1  
1264 2 0  
1265 2 1 duplicate
1265 0 0 duplicate
1266 3 1 duplicate
1266 1 0 duplicate
1267 0 1  
1267 3 0  
1268 1 1 duplicate
1268 2 0 duplicate
1269 2 1 duplicate
1269 0 0 duplicate
1270 3 1 duplicate
1270 1 0 duplicate
1271 0 1  
1271 3 0  
1272 1 1  
1272 2 0  
1273 2 1 duplicate
1273 0 0 duplicate
1274 3 1 duplicate
1274 1 0 duplicate
1275 0 1  
1275 3 0  
1276 1 1 duplicate
1276 2 0 duplicate
1277 2 1  
1277 0 0  
1278 3 1 duplicate
1278 1 0 duplicate
1279 0 1  
1279 3 0  
1280 1 1 duplicate
1280 2 0 duplicate
1281 2 1  
1281 0 0  
1282 3 1 duplicate
1282 1 0 duplicate
1283 0 1  
1283 3 0  
1284 1 1 duplicate
1284 2 0 duplicate
1285 2 1  
1285 0 0  
1286 3 1 duplicate
1286 1 0 duplicate
1287 0 1  
1287 2 0  
1288 1 1 duplicate
1288 3 0 duplicate
1289 2 1  
1289 0 0  
1290 3 1 duplicate
1290 1 0 duplicate
1291 0 1  
1291 2 0  
1292 1 1 duplicate
1292 3 0 duplicate
1293 2 1  
1293 0 0  
1294 3 1 duplicate
1294 1 0 duplicate
1295 0 1 duplicate
1295 2 0 duplicate
1296 1 1  
1296 3 0  
1297 2 1  
1297 0 0  
1298 3 1 duplicate
1298 1 0 duplicate
1299 0 1 duplicate
1299 2 0 duplicate
1300 1 1  
1300 3 0  
1301 2 1  
1301 0 0  
1302 3 1 duplicate
1302 1 0 duplicate
1303 0 1 duplicate
1303 2 0 duplicate
1304 1 1  
1304 3 0  
1305 2 1 duplicate
1305 0 0 duplicate
1306 3 1 duplicate
1306 1 0 duplicate
1307 0 1 duplicate
1307 2 0 duplicate
1308 1 1  
1308 0 0  
1309 2 1 duplicate
1309 3 0 duplicate
1310 3 1 duplicate
1310 1 0 duplicate
1311 0 1 duplicate
1311 2 0 duplicate
1312 1 1  
1312 0 0  
1313 2 1 duplicate
1313 1 0 duplicate
1314 3 1 duplicate
1314 3 0 duplicate
1315 0 1 duplicate
1315 2 0 duplicate
1316 1 1 duplicate
1316 0 0 duplicate
1317 2 1 duplicate
1317 1 0 duplicate
1318 3 1 duplicate
1318 2 0 duplicate
1319 0 1 duplicate
1319 3 0 duplicate
1320 1 1 duplicate
1320 0 0 duplicate
1321 2 1 duplicate
1321 1 0 duplicate
1322 3 1 duplicate
1322 2 0 duplicate
1323 0 1 duplicate
1323 0 0 duplicate
1324 1 1 duplicate
1324 3 0 duplicate
1325 2 1 duplicate
1325 1 0 duplicate
1326 3 1 duplicate
1326 2 0 duplicate
1327 1 1 duplicate
1327 0 0 duplicate
1328 0 1 duplicate
1328 3 0 duplicate
1329 2 1 duplicate
1329 1 0 duplicate
1330 3 1 duplicate
1330 2 0 duplicate
1331 1 1 duplicate
1331 0 0 duplicate
1332 0 1  
1332 3 0  
1333 2 1 duplicate
1333 1 0 duplicate
1334 3 1 duplicate
1334 2 0 duplicate
1335 1 1 duplicate
1335 0 0 duplicate
1336 0 1  
1336 3 0  
1337 3 1 duplicate
1337 1 0 duplicate
1338 2 1 duplicate
1338 2 0 duplicate
1339 1 1 duplicate
1339 0 0 duplicate
1340 3 1 duplicate
1340 3 0 duplicate
1341 0 1  
1341 1 0  
1342 2 1 duplicate
1342 2 0 duplicate
1343 1 1 duplicate
1343 0 0 duplicate
1344 3 1 duplicate
1344 3 0 duplicate
1345 0 1  
1345 1 0  
1346 1 1  
1346 2 0  
1347 2 1 duplicate
1347 0 0 duplicate
1348 3 1 duplicate
1348 3 0 duplicate
1349 0 1  
1349 1 0  
1350 1 1 duplicate
1350 2 0 duplicate
1351 2 1 duplicate
1351 0 0 duplicate
1352 3 1 duplicate
1352 3 0 duplicate
1353 0 1  
1353 1 0  
1354 1 1  
1354 2 0  
1355 2 1 duplicate
1355 0 0 duplicate
1356 3 1 duplicate
1356 3 0 duplicate
1357 0 1  
1357 1 0  
1358 1 1 duplicate
1358 2 0 duplicate
1359 2 1 duplicate
1359 0 0 duplicate
1360 3 1 duplicate
1360 3 0 duplicate
1361 0 1  
1361 1 0  
1362 1 1 duplicate
1362 2 0 duplicate
1363 2 1 duplicate
1363 0 0 duplicate
1364 3 1 duplicate
1364 3 0 duplicate
1365 0 1  
1365 1 0  
1366 1 1 duplicate
1366 2 0 duplicate
1367 2 1 duplicate
1367 0 0 duplicate
1368 3 1 duplicate
1368 3 0 duplicate
1369 0 1 duplicate
1369 1 0 duplicate
1370 1 1 duplicate
1370 2 0 duplicate
1371 2 1 duplicate
1371 0 0 duplicate
1372 3 1 duplicate
1372 3 0 duplicate
1373 0 1 duplicate
1373 1 0 duplicate
1374 1 1 duplicate
1374 2 0 duplicate
1375 2 1 duplicate
1375 0 0 duplicate
1376 3 1 duplicate
1376 3 0 duplicate
1377 0 1 duplicate
1377 1 0 duplicate
1378 1 1 duplicate
1378 2 0 duplicate
1379 2 1 duplicate
1379 0 0 duplicate
1380 3 1 duplicate
1380 3 0 duplicate
1381 0 1 duplicate
1381 1 0 duplicate
1382 1 1 duplicate
1382 2 0 duplicate
1383 2 1 duplicate
1383 3 0 duplicate
1384 3 1 duplicate
1384 0 0 duplicate
1385 0 1 duplicate
1385 1 0 duplicate
1386 1 1 duplicate
1386 2 0 duplicate
1387 2 1 duplicate
1387 3 0 duplicate
1388 3 1 duplicate
1388 0 0 duplicate
1389 0 1 duplicate
1389 1 0 duplicate
1390 1 1  
1390 2 0  
1391 2 1 duplicate
1391 3 0 duplicate
1392 3 1 duplicate
1392 0 0 duplicate
1393 0 1 duplicate
1393 1 0 duplicate
1394 1 1 duplicate
1394 2 0 duplicate
1395 2 1 duplicate
1395 3 0 duplicate
1396 3 1 duplicate
1396 0 0 duplicate
1397 0 1 duplicate
1397 1 0 duplicate
1398 1 1 duplicate
1398 2 0 duplicate
1399 2 1 duplicate
1399 3 0 duplicate
1400 3 1 duplicate
1400 0 0 duplicate
1401 0 1 duplicate
1401 1 0 duplicate
1402 1 1 duplicate
1402 2 0 duplicate
1403 2 1 duplicate
1403 3 0 duplicate
1404 3 1 duplicate
1404 0 0 duplicate
1405 0 1  
1405 1 0  
1406 1 1 duplicate
1406 2 0 duplicate
1407 2 1 duplicate
1407 3 0 duplicate
1408 3 1 duplicate
1408 1 0 duplicate
1409 0 1 duplicate
1409 0 0 duplicate
1410 1 1 duplicate
1410 2 0 duplicate
1411 2 1 duplicate
1411 3 0 duplicate
1412 3 1 duplicate
1412 1 0 duplicate
1413 0 1 duplicate
1413 2 0 duplicate
1414 1 1 duplicate
1414 0 0 duplicate
1415 2 1 duplicate
1415 3 0 duplicate
1416 3 1 duplicate
1416 1 0 duplicate
1417 0 1 duplicate
1417 2 0 duplicate
1418 1 1 duplicate
1418 3 0 duplicate
1419 2 1 duplicate
1419 0 0 duplicate
1420 3 1 duplicate
1420 1 0 duplicate
1421 0 1 duplicate
1421 2 0 duplicate
1422 1 1 duplicate
1422 3 0 duplicate
1423 2 1 duplicate
1423 0 0 duplicate
1424 3 1 duplicate
1424 1 0 duplicate
1425 0 1 duplicate
1425 2 0 duplicate
1426 1 1 duplicate
1426 3 0 duplicate
1427 2 1 duplicate
1427 1 0 duplicate
1428 3 1 duplicate
1428 0 0 duplicate
1429 0 1 duplicate
1429 2 0 duplicate
1430 1 1 duplicate
1430 3 0 duplicate
1431 2 1 duplicate
1431 1 0 duplicate
1432 3 1 duplicate
1432 0 0 duplicate
1433 0 1 duplicate
1433 2 0 duplicate
1434 1 1 duplicate
1434 3 0 duplicate
1435 2 1 duplicate
1435 1 0 duplicate
1436 3 1 duplicate
1436 0 0 duplicate
1437 0 1 duplicate
1437 2 0 duplicate
1438 1 1 duplicate
1438 3 0 duplicate
1439 2 1 duplicate
1439 1 0 duplicate
1440 3 1 duplicate
1440 0 0 duplicate
1441 0 1 duplicate
1441 2 0 duplicate
1442 1 1 duplicate
1442 3 0 duplicate
1443 2 1 duplicate
1443 1 0 duplicate
1444 3 1 duplicate
1444 0 0 duplicate
1445 0 1 duplicate
1445 2 0 duplicate
1446 1 1 duplicate
1446 3 0 duplicate
1447 2 1 duplicate
1447 1 0 duplicate
1448 3 1 duplicate
1448 0 0 duplicate
1449 0 1 duplicate
1449 2 0 duplicate
1450 1 1 duplicate
1450 3 0 duplicate
1451 2 1 duplicate
1451 1 0 duplicate
1452 3 1 duplicate
1452 0 0 duplicate
1453 0 1 duplicate
1453 2 0 duplicate
1454 1 0 duplicate
1454 1 1 duplicate
1455 2 1 duplicate
1455 0 0 duplicate
1456 3 1 duplicate
1456 3 0 duplicate
1457 0 1 duplicate
1457 2 0 duplicate
1458 1 1 duplicate
1458 1 0 duplicate
1459 2 1 duplicate
1459 0 0 duplicate
1460 3 1 duplicate
1460 3 0 duplicate
1461 0 1 duplicate
1461 2 0 duplicate
1462 1 1 duplicate
1462 1 0 duplicate
1463 2 1 duplicate
1463 0 0 duplicate
1464 3 1 duplicate
1464 3 0 duplicate
1465 0 1 duplicate
1465 2 0 duplicate
1466 1 1 duplicate
1466 1 0 duplicate
1467 2 1 duplicate
1467 0 0 duplicate
1468 3 1 duplicate
1468 3 0 duplicate
1469 0 1 duplicate
1469 2 0 duplicate
1470 1 1 duplicate
1470 1 0 duplicate
1471 0 0 duplicate
1471 2 1 duplicate
1472 3 1 duplicate
1472 3 0 duplicate
1473 0 1 duplicate
1473 2 0 duplicate
1474 1 1 duplicate
1474 1 0 duplicate
1475 2 1 duplicate
1475 0 0 duplicate
1476 3 1 duplicate
1476 3 0 duplicate
1477 0 1 duplicate
1477 2 0 duplicate
1478 1 1 duplicate
1478 1 0 duplicate
1479 2 1 duplicate
1479 0 0 duplicate
1480 3 1 duplicate
1480 3 0 duplicate
1481 0 1 duplicate
1481 2 0 duplicate
1482 1 1 duplicate
1482 1 0 duplicate
1483 2 1 duplicate
1483 0 0 duplicate
1484 3 1 duplicate
1484 3 0 duplicate
1485 0 1 duplicate
1485 2 0 duplicate
1486 1 1 duplicate
1486 1 0 duplicate
1487 2 1 duplicate
1487 0 0 duplicate
1488 3 1 duplicate
1488 3 0 duplicate
1489 0 1 duplicate
1489 2 0 duplicate
1490 1 1 duplicate
1490 1 0 duplicate
1491 2 1 duplicate
1491 0 0 duplicate
1492 3 1 duplicate
1492 3 0 duplicate
1493 0 1 duplicate
1493 2 0 duplicate
1494 1 1 duplicate
1494 1 0 duplicate
1495 2 1 duplicate
1495 0 0 duplicate
1496 3 1 duplicate
1496 3 0 duplicate
1497 0 1 duplicate
1497 2 0 duplicate
1498 1 1 duplicate
1498 1 0 duplicate
1499 3 1 duplicate
1499 0 0 duplicate
1500 2 1 duplicate
1500 3 0 duplicate
1501 0 1 duplicate
1501 2 0 duplicate
1502 1 0 duplicate
1502 3 1 duplicate
1503 1 1 duplicate
1503 0 0 duplicate
1504 2 1 duplicate
1504 3 0 duplicate
1505 3 1 duplicate
1505 2 0 duplicate
1506 0 1 duplicate
1506 0 0 duplicate
1507 1 1 duplicate
1507 1 0 duplicate
1508 3 1 duplicate
1508 3 0 duplicate
1509 2 0 duplicate
1509 2 1 duplicate
1510 0 1 duplicate
1510 0 0 duplicate
1511 3 1 duplicate
1511 1 0 duplicate
1512 1 1 duplicate
1512 3 0 duplicate
1513 2 0 duplicate
1513 2 1 duplicate
1514 3 1 duplicate
1514 0 0 duplicate
1515 0 1 duplicate
1515 1 0 duplicate
1516 1 1 duplicate
1516 3 0 duplicate
1517 2 0 duplicate
1517 2 1 duplicate
1518 3 1 duplicate
1518 0 0 duplicate
1519 0 1 duplicate
1519 1 0 duplicate
1520 1 1 duplicate
1520 3 0 duplicate
1521 2 0 duplicate
1521 3 1 duplicate
1522 2 1 duplicate
1522 0 0 duplicate
1523 0 1 duplicate
1523 3 0 duplicate
1524 3 1 duplicate
1524 1 0 duplicate
1525 1 1 duplicate
1525 2 0 duplicate
1526 2 1 duplicate
1526 0 0 duplicate
1527 3 0 duplicate
1527 3 1 duplicate
1528 0 1 duplicate
1528 1 0 duplicate
1529 1 1 duplicate
1529 2 0 duplicate
1530 2 1 duplicate
1530 0 0 duplicate
1531 3 0 duplicate
1531 3 1 duplicate
1532 1 0 duplicate
1532 1 1 duplicate
1533 0 1 duplicate
1533 2 0 duplicate
1534 0 0 duplicate
1534 2 1 duplicate
1535 3 0 duplicate
1535 3 1 duplicate
1536 1 0 duplicate
1536 1 1 duplicate
1537 2 1 duplicate
1537 2 0 duplicate
1538 0 1 duplicate
1538 0 0 duplicate
1539 3 1 duplicate
1539 3 0 duplicate
1540 1 0 duplicate
1540 1 1 duplicate
1541 2 1 duplicate
1541 2 0 duplicate
1542 0 0 duplicate
1542 3 1 duplicate
1543 0 1 duplicate
1543 3 0 duplicate
1544 1 0 duplicate
1544 1 1 duplicate
1545 2 1 duplicate
1545 2 0 duplicate
1546 3 0 duplicate
1546 3 1 duplicate
1547 0 1 duplicate
1547 0 0 duplicate
1548 1 0 duplicate
1548 1 1 duplicate
1549 2 1 duplicate
1549 2 0 duplicate
1550 3 0 duplicate
1550 3 1 duplicate
1551 0 1 duplicate
1551 0 0 duplicate
1552 1 0 duplicate
1552 1 1 duplicate
1553 2 1 duplicate
1553 2 0 duplicate
1554 3 0 duplicate
1554 3 1 duplicate
1555 0 1 duplicate
1555 0 0 duplicate
1556 1 0 duplicate
1556 1 1 duplicate
1557 2 1 duplicate
1557 2 0 duplicate
1558 3 0 duplicate
1558 3 1 duplicate
1559 0 1 duplicate
1559 0 0 duplicate
1560 1 0 duplicate
1560 1 1 duplicate
1561 2 0 duplicate
1561 2 1 duplicate
1562 3 0 duplicate
1562 3 1 duplicate
1563 0 1 duplicate
1563 0 0 duplicate
1564 1 0 duplicate
1564 1 1 duplicate
1565 2 0 duplicate
1565 2 1 duplicate
1566 3 0 duplicate
1566 3 1 duplicate
1567 0 1 duplicate
1567 1 0 duplicate
1568 1 1 duplicate
1568 0 0 duplicate
1569 2 0 duplicate
1569 2 1 duplicate
1570 3 1 duplicate
1570 3 0 duplicate
1571 0 1 duplicate
1571 1 0 duplicate
1572 1 1 duplicate
1572 0 0 duplicate
1573 2 0 duplicate
1573 2 1 duplicate
1574 3 1 duplicate
1574 3 0 duplicate
1575 0 1 duplicate
1575 1 0 duplicate
1576 1 1 duplicate
1576 0 0 duplicate
1577 2 0 duplicate
1577 2 1 duplicate
1578 3 1 duplicate
1578 3 0 duplicate
1579 0 1 duplicate
1579 1 0 duplicate
1580 1 1 duplicate
1580 2 0 duplicate
1581 0 0 duplicate
1581 2 1 duplicate
1582 3 1 duplicate
1582 3 0 duplicate
1583 0 1 duplicate
1583 1 0 duplicate
1584 1 1 duplicate
1584 2 0 duplicate
1585 2 1 duplicate
1585 3 0 duplicate
1586 3 1 duplicate
1586 0 0 duplicate
1587 0 1 duplicate
1587 1 0 duplicate
1588 1 1 duplicate
1588 2 0 duplicate
1589 2 1 duplicate
1589 3 0 duplicate
1590 0 0 duplicate
1590 3 1 duplicate
1591 0 1 duplicate
1591 1 0 duplicate
1592 1 1 duplicate
1592 2 0 duplicate
1593 2 1 duplicate
1593 3 0 duplicate
1594 0 0 duplicate
1594 3 1 duplicate
1595 0 1 duplicate
1595 1 0 duplicate
1596 1 1 duplicate
1596 2 0 duplicate
1597 2 1 duplicate
1597 3 0 duplicate
1598 0 0 duplicate
1598 3 1 duplicate
1599 0 1 duplicate
1599 1 0 duplicate
1600 1 1 duplicate
1600 2 0 duplicate
1601 2 1 duplicate
1601 3 0 duplicate
1602 0 0 duplicate
1602 3 1 duplicate
1603 0 1 duplicate
1603 1 0 duplicate
1604 1 1 duplicate
1604 2 0 duplicate
1605 2 1 duplicate
1605 3 0 duplicate
1606 0 0 duplicate
1606 3 1 duplicate
1607 0 1 duplicate
1607 1 0 duplicate
1608 1 1 duplicate
1608 2 0 duplicate
1609 2 1 duplicate
1609 3 0 duplicate
1610 0 0 duplicate
1610 3 1 duplicate
1611 0 1 duplicate
1611 1 0 duplicate
1612 1 1 duplicate
1612 2 0 duplicate
1613 2 1 duplicate
1613 3 0 duplicate
1614 0 0 duplicate
1614 3 1 duplicate
1615 0 1 duplicate
1615 1 0 duplicate
1616 1 1 duplicate
1616 2 0 duplicate
1617 2 1 duplicate
1617 3 0 duplicate
1618 0 0 duplicate
1618 3 1 duplicate
1619 0 1 duplicate
1619 1 0 duplicate
1620 2 0 duplicate
1620 2 1 duplicate
1621 1 1 duplicate
1621 3 0 duplicate
1622 0 0 duplicate
1622 3 1 duplicate
1623 0 1 duplicate
1623 1 0 duplicate
1624 2 1 duplicate
1624 3 0 duplicate
1625 1 1 duplicate
1625 2 0 duplicate
1626 0 0 duplicate
1626 3 1 duplicate
1627 0 1 duplicate
1627 1 0 duplicate
1628 2 1 duplicate
1628 3 0 duplicate
1629 1 1 duplicate
1629 2 0 duplicate
1630 0 0 duplicate
1630 3 1 duplicate
1631 0 1 duplicate
1631 1 0 duplicate
1632 2 1 duplicate
1632 3 0 duplicate
1633 1 1 duplicate
1633 2 0 duplicate
1634 3 1 duplicate
1634 0 0 duplicate
1635 0 1 duplicate
1635 1 0 duplicate
1636 2 1 duplicate
1636 3 0 duplicate
1637 1 1 duplicate
1637 2 0 duplicate
1638 3 1 duplicate
1638 0 0 duplicate
1639 0 1 duplicate
1639 1 0 duplicate
1640 2 1 duplicate
1640 3 0 duplicate
1641 1 1 duplicate
1641 2 0 duplicate
1642 3 1 duplicate
1642 0 0 duplicate
1643 0 1 duplicate
1643 1 0 duplicate
1644 2 1 duplicate
1644 3 0 duplicate
1645 1 1 duplicate
1645 2 0 duplicate
1646 3 1 duplicate
1646 0 0 duplicate
1647 0 1 duplicate
1647 1 0 duplicate
1648 2 1 duplicate
1648 3 0 duplicate
1649 1 1 duplicate
1649 2 0 duplicate
1650 3 1 duplicate
1650 0 0 duplicate
1651 0 1 duplicate
1651 1 0 duplicate
1652 2 1 duplicate
1652 3 0 duplicate
1653 1 1 duplicate
1653 2 0 duplicate
1654 0 0 duplicate
1654 3 1 duplicate
1655 0 1 duplicate
1655 1 0 duplicate
1656 2 1 duplicate
1656 3 0 duplicate
1657 1 1 duplicate
1657 2 0 duplicate
1658 0 0 duplicate
1658 3 1 duplicate
1659 0 1 duplicate
1659 1 0 duplicate
1660 2 1 duplicate
1660 3 0 duplicate
1661 1 1 duplicate
1661 2 0 duplicate
1662 0 0 duplicate
1662 3 1 duplicate
1663 0 1 duplicate
1663 1 0 duplicate
1664 2 1 duplicate
1664 3 0 duplicate
1665 1 1 duplicate
1665 2 0 duplicate
1666 0 0 duplicate
1666 3 1 duplicate
1667 0 1 duplicate
1667 1 0 duplicate
1668 2 1 duplicate
1668 3 0 duplicate
1669 1 1 duplicate
1669 2 0 duplicate
1670 0 0 duplicate
1670 3 1 duplicate
1671 0 1 duplicate
1671 1 0 duplicate
1672 2 1 duplicate
1672 3 0 duplicate
1673 1 1 duplicate
1673 2 0 duplicate
1674 0 0 duplicate
1674 3 1 duplicate
1675 0 1 duplicate
1675 1 0 duplicate
1676 2 1 duplicate
1676 2 0 duplicate
1677 1 1 duplicate
1677 3 0 duplicate
1678 0 0 duplicate
1678 3 1 duplicate
1679 0 1 duplicate
1679 1 0 duplicate
1680 2 0 duplicate
1680 2 1 duplicate
1681 1 1 duplicate
1681 3 0 duplicate
1682 0 0 duplicate
1682 3 1 duplicate
1683 1 0 duplicate
1683 2 1 duplicate
1684 0 1 duplicate
1684 2 0 duplicate
1685 1 1 duplicate
1685 3 0 duplicate
1686 0 0 duplicate
1686 3 1 duplicate
1687 2 0 duplicate
1687 2 1 duplicate
1688 0 1 duplicate
1688 1 0 duplicate
1689 1 1 duplicate
1689 3 0 duplicate
1690 0 0 duplicate
1690 3 1 duplicate
1691 2 0 duplicate
1691 2 1 duplicate
1692 0 1 duplicate
1692 1 0 duplicate
1693 3 0 duplicate
1693 3 1 duplicate
1694 0 0 duplicate
1694 1 1 duplicate
1695 2 0 duplicate
1695 2 1 duplicate
1696 0 1 duplicate
1696 1 0 duplicate
1697 3 0 duplicate
1697 3 1 duplicate
1698 0 0 duplicate
1698 1 1 duplicate
1699 2 0 duplicate
1699 2 1 duplicate
1700 0 1 duplicate
1700 1 0 duplicate
1701 3 0 duplicate
1701 3 1 duplicate
1702 0 0 duplicate
1702 1 1 duplicate
1703 2 0 duplicate
1703 2 1 duplicate
1704 0 1 duplicate
1704 1 0 duplicate
1705 3 0 duplicate
1705 3 1 duplicate
1706 0 0 duplicate
1706 1 1 duplicate
1707 2 0 duplicate
1707 2 1 duplicate
1708 0 1 duplicate
1708 1 0 duplicate
1709 3 0 duplicate
1709 3 1 duplicate
1710 0 0 duplicate
1710 1 1 duplicate
1711 2 0 duplicate
1711 2 1 duplicate
1712 3 0 duplicate
1712 3 1 duplicate
1713 0 1 duplicate
1713 1 0 duplicate
1714 0 0 duplicate
1714 2 1 duplicate
1715 1 1 duplicate
1715 2 0 duplicate
1716 3 0 duplicate
1716 3 1 duplicate
1717 0 1 duplicate
1717 1 0 duplicate
1718 0 0 duplicate
1718 2 1 duplicate
1719 2 0 duplicate
1719 3 1 duplicate
1720 1 1 duplicate
1720 3 0 duplicate
1721 0 1 duplicate
1721 1 0 duplicate
1722 0 0 duplicate
1722 2 1 duplicate
1723 2 0 duplicate
1723 3 1 duplicate
1724 1 1 duplicate
1724 3 0 duplicate
1725 0 1 duplicate
1725 1 0 duplicate
1726 2 0 duplicate
1726 2 1 duplicate
1727 0 0 duplicate
1727 3 1 duplicate
1728 1 1 duplicate
1728 3 0 duplicate
1729 1 0 duplicate
1729 2 1 duplicate
1730 0 1 duplicate
1730 2 0 duplicate
1731 0 0 duplicate
1731 3 1 duplicate
1732 1 1 duplicate
1732 3 0 duplicate
1733 1 0 duplicate
1733 2 1 duplicate
1734 0 1 duplicate
1734 2 0 duplicate
1735 0 0 duplicate
1735 3 1 duplicate
1736 1 1 duplicate
1736 3 0 duplicate
1737 1 0 duplicate
1737 2 1 duplicate
1738 0 1 duplicate
1738 2 0 duplicate
1739 0 0 duplicate
1739 3 1 duplicate
1740 1 1 duplicate
1740 3 0 duplicate
1741 1 0 duplicate
1741 2 1 duplicate
1742 2 0 duplicate
1742 3 1 duplicate
1743 0 0 duplicate
1743 0 1 duplicate
1744 1 1 duplicate
1744 3 0 duplicate
1745 1 0 duplicate
1745 2 1 duplicate
1746 2 0 duplicate
1746 3 1 duplicate
1747 0 0 duplicate
1747 0 1 duplicate
1748 1 1 duplicate
1748 3 0 duplicate
1749 1 0 duplicate
1749 2 1 duplicate
1750 2 0 duplicate
1750 3 1 duplicate
1751 0 0 duplicate
1751 0 1 duplicate
1752 1 1 duplicate
1752 3 0 duplicate
1753 1 0 duplicate
1753 2 1 duplicate
1754 2 0 duplicate
1754 3 1 duplicate
1755 0 0 duplicate
1755 0 1 duplicate
1756 1 1 duplicate
1756 3 0 duplicate
1757 1 0 duplicate
1757 2 1 duplicate
1758 2 0 duplicate
1758 3 1 duplicate
1759 0 0 duplicate
1759 0 1 duplicate
1760 1 1 duplicate
1760 3 0 duplicate
1761 1 0 duplicate
1761 2 1 duplicate
1762 2 0 duplicate
1762 3 1 duplicate
1763 0 0 duplicate
1763 0 1 duplicate
1764 1 1 duplicate
1764 3 0 duplicate
1765 1 0 duplicate
1765 2 1 duplicate
1766 2 0 duplicate
1766 3 1 duplicate
1767 0 0 duplicate
1767 0 1 duplicate
1768 1 1 duplicate
1768 3 0 duplicate
1769 1 0 duplicate
1769 2 1 duplicate
1770 2 0 duplicate
1770 3 1 duplicate
1771 0 0 duplicate
1771 0 1 duplicate
1772 1 1 duplicate
1772 3 0 duplicate
1773 1 0 duplicate
1773 2 1 duplicate
1774 2 0 duplicate
1774 3 1 duplicate
1775 0 0 duplicate
1775 0 1 duplicate
1776 3 0 duplicate
1776 1 1 duplicate
1777 1 0 duplicate
1777 2 1 duplicate
1778 2 0 duplicate
1778 3 1 duplicate
1779 0 0 duplicate
1779 0 1 duplicate
1780 3 0 duplicate
1780 1 1 duplicate
1781 1 0 duplicate
1781 2 1 duplicate
1782 2 0 duplicate
1782 3 1 duplicate
1783 0 0 duplicate
1783 0 1 duplicate
1784 3 0 duplicate
1784 1 1 duplicate
1785 1 0 duplicate
1785 2 1 duplicate
1786 2 0 duplicate
1786 3 1 duplicate
1787 0 0 duplicate
1787 0 1 duplicate
1788 1 1 duplicate
1788 3 0 duplicate
1789 1 0 duplicate
1789 2 1 duplicate
1790 2 0 duplicate
1790 3 1 duplicate
1791 0 0 duplicate
1791 0 1 duplicate
1792 1 1 duplicate
1792 3 0 duplicate
1793 1 0 duplicate
1793 2 1 duplicate
1794 2 0 duplicate
1794 3 1 duplicate
1795 0 0 duplicate
1795 0 1 duplicate
1796 1 1 duplicate
1796 3 0 duplicate
1797 1 0 duplicate
1797 2 1 duplicate
1798 2 0 duplicate
1798 3 1 duplicate
1799 0 0 duplicate
1799 0 1 duplicate
1800 1 1 duplicate
1800 3 0 duplicate
1800 1 0 duplicate
1800 2 1 duplicate
1801 2 0 duplicate
1801 3 1 duplicate
1801 0 0 duplicate
1801 0 1 duplicate
1802 1 1 duplicate
1802 3 0 duplicate
1802 1 0 duplicate
1802 2 1 duplicate
1803 2 0 duplicate
1803 3 1 duplicate
1803 0 0 duplicate
1803 0 1 duplicate
1804 1 1 duplicate
1804 3 0 duplicate
1804 1 0 duplicate
1804 2 1 duplicate
1805 2 0 duplicate
1805 3 1 duplicate
1805 0 0 duplicate
1805 0 1 duplicate
1806 1 1 duplicate
1806 3 0 duplicate
1806 1 0 duplicate
1806 2 1 duplicate
1807 2 0 duplicate
1807 3 1 duplicate
1807 0 0 duplicate
1807 0 1 duplicate
1808 1 1 duplicate
1808 3 0 duplicate
1808 1 0 duplicate
1808 2 1 duplicate
1809 2 0 duplicate
1809 3 1 duplicate
1809 0 0 duplicate
1809 0 1 duplicate
1809 1 1 duplicate
1809 3 0 duplicate
1809 2 0 duplicate
1809 2 1 duplicate
1809 1 0 duplicate
1809 3 1 duplicate
1809 0 0 duplicate
1809 0 1 duplicate
1810 1 1 duplicate
1810 3 0 duplicate
1810 2 0 duplicate
1810 2 1 duplicate
1810 1 0 duplicate
1810 3 1 duplicate
1810 0 0 duplicate
1810 0 1 duplicate
1811 3 0 duplicate
1811 2 1 duplicate
1811 1 1 duplicate
1811 2 0 duplicate
1812 1 0 duplicate
1812 3 1 duplicate
1812 0 0 duplicate
1812 0 1 duplicate
1813 3 0 duplicate
1813 2 1 duplicate
1813 1 1 duplicate
1813 2 0 duplicate
1814 1 0 duplicate
1814 3 1 duplicate
1814 0 0 duplicate
1814 0 1 duplicate
1814 3 0 duplicate
1814 2 1 duplicate
1814 1 1 duplicate
1814 2 0 duplicate
1814 1 0 duplicate
1814 3 1 duplicate
1814 0 1 duplicate
1814 3 0 duplicate
1814 0 0 duplicate
1814 2 1 duplicate
1814 2 0 duplicate
1814 3 1 duplicate
1814 1 0 duplicate
1814 1 1 duplicate
1814 0 1 duplicate
1814 3 0 duplicate
1814 0 0 duplicate
1814 2 1 duplicate
1814 2 0 duplicate
1814 3 1 duplicate
1814 1 0 duplicate
1814 1 1 duplicate
1814 3 0 duplicate
1814 0 1 duplicate
1814 0 0 duplicate
1814 2 1 duplicate
1814 2 0 duplicate
1814 3 1 duplicate
1814 1 0 duplicate
1814 1 1 duplicate
1814 3 0 duplicate
1814 0 1 duplicate
1814 0 0 duplicate
1814 2 1 duplicate
1814 2 0 duplicate
1814 3 1 duplicate
1814 1 0 duplicate
1814 1 1 duplicate
1814 3 0 duplicate
1814 0 1 duplicate
1814 0 0 duplicate
1814 2 1 duplicate
1814 2 0 duplicate
1814 3 1 duplicate
1814 1 0 duplicate
1814 1 1 duplicate
1814 3 0 duplicate
1814 0 1 duplicate
1814 0 0 duplicate
1814 2 1 duplicate
1814 2 0 duplicate
1814 3 1 duplicate
1814 1 0 duplicate
1814 1 1 duplicate
1814 3 0 duplicate
1814 0 1 duplicate
1814 0 0 duplicate
1814 2 1 duplicate
1814 2 0 duplicate
1814 3 1 duplicate
1814 0 1 duplicate
1814 1 0 duplicate
1814 3 0 duplicate
1814 1 1 duplicate
1814 2 0 duplicate
1814 2 1 duplicate
1814 0 0 duplicate
1814 3 1 duplicate
1814 0 1 duplicate
1814 1 0 duplicate
1814 3 0 duplicate
1814 1 1 duplicate
1814 2 0 duplicate
1814 2 1 duplicate
1814 0 0 duplicate
1814 3 1 duplicate
1814 0 1 duplicate
1814 1 0 duplicate
1814 1 1 duplicate
1814 3 0 duplicate
1814 2 0 duplicate
1814 2 1 duplicate
1814 0 0  
1814 3 1  
1814 1 0 duplicate
1814 0 1 duplicate
1814 1 1 duplicate
1814 3 0 duplicate
1814 2 0 duplicate
1814 3 1 duplicate
1814 0 0  
1814 2 1  
1814 1 0 duplicate
1814 0 1 duplicate
1814 1 1 duplicate
1814 3 0 duplicate
1814 2 0 duplicate
1814 3 1 duplicate
1814 0 0 duplicate
1814 2 1 duplicate
1814 1 0 duplicate
1814 0 1 duplicate
1814 1 1 duplicate
1814 3 0 duplicate
1814 2 0 duplicate
1814 3 1 duplicate
1814 0 0 duplicate
1814 2 1 duplicate
1814 1 0 duplicate
1814 0 1 duplicate
1814 1 1 duplicate
1814 3 0 duplicate
1814 2 0 duplicate
1814 3 1 duplicate
1814 0 0 duplicate
1814 2 1 duplicate
1814 1 0 duplicate
1814 0 1 duplicate
1814 3 0 duplicate
1814 1 1 duplicate
1814 2 0 duplicate
1814 3 1 duplicate
1814 0 0 duplicate
1814 2 1 duplicate
1814 1 0 duplicate
1814 0 1 duplicate
1814 3 0 duplicate
1814 1 1 duplicate
1814 2 0  
1814 3 1  
1814 0 0 duplicate
1814 2 1 duplicate
1814 1 0 duplicate
1814 0 1 duplicate
1814 3 0 duplicate
1814 1 1 duplicate
1814 2 0  
1814 3 1  
1814 0 0 duplicate
1814 2 1 duplicate
1814 1 0 duplicate
1814 1 1 duplicate
1814 3 0 duplicate
1814 0 1 duplicate
1814 2 0  
1814 3 1  
1814 0 0 duplicate
1814 2 1 duplicate
1814 3 0 duplicate
1814 1 1 duplicate
1814 1 0 duplicate
1814 3 1 duplicate
1814 2 0 duplicate
1814 0 1 duplicate
1814 0 0  
1814 2 1  
1814 3 0 duplicate
1814 1 1 duplicate
1814 1 0 duplicate
1814 3 1 duplicate
1814 2 0 duplicate
1814 0 1 duplicate
1814 0 0  
1814 2 1  
1814 3 0 duplicate
1814 3 1 duplicate
1814 1 0 duplicate
1814 1 1 duplicate
1814 2 0 duplicate
1814 0 1 duplicate
1814 0 0  
1814 2 1  
1814 3 0 duplicate
1814 3 1 duplicate
1814 1 0 duplicate
1814 1 1 duplicate
1814 2 0 duplicate
1814 0 1 duplicate
1814 0 0  
1814 2 1  
1814 3 0 duplicate
1814 3 1 duplicate
1814 2 0 duplicate
1814 1 1 duplicate
1814 1 0 duplicate
1814 2 1 duplicate
1814 0 0 duplicate
1814 0 1 duplicate
1814 3 0 duplicate
1814 3 1 duplicate
1814 2 0  
1814 2 1  
1814 1 0 duplicate
1814 1 1 duplicate
1814 0 0 duplicate
1814 0 1 duplicate
1814 2 0 duplicate
1814 3 1 duplicate
1814 2 1 duplicate
1814 3 0 duplicate
1814 1 0 duplicate
1814 1 1 duplicate
1814 0 0 duplicate
1814 0 1 duplicate
1814 2 0 duplicate
1814 3 1 duplicate
1814 2 1 duplicate
1814 3 0 duplicate
1814 1 0 duplicate
1814 1 1 duplicate
1814 0 0 duplicate
1814 0 1 duplicate
1814 2 0 duplicate
1814 3 1 duplicate
1814 3 0 duplicate
1814 2 1 duplicate
1814 0 0 duplicate
1814 1 1 duplicate
1814 1 0 duplicate
1814 0 1 duplicate
1814 2 0 duplicate
1814 3 1 duplicate
1814 3 0 duplicate
1814 2 1 duplicate
1814 0 0 duplicate
1814 1 1 duplicate
1814 1 0 duplicate
1814 0 1 duplicate
1814 2 0 duplicate
1814 3 1 duplicate
1814 3 0 duplicate
1814 2 1 duplicate
1814 0 0 duplicate
1814 0 1 duplicate
1814 2 0 duplicate
1814 1 1 duplicate
1814 1 0 duplicate
1814 3 1 duplicate
1814 3 0 duplicate
1814 2 1 duplicate
1814 0 0 duplicate
1814 0 1 duplicate
1814 2 0 duplicate
1814 1 1 duplicate
1814 1 0 duplicate
1814 3 1 duplicate
1814 3 0 duplicate
1814 2 1 duplicate
1814 0 0 duplicate
1814 0 1 duplicate
1814 2 0  
1814 1 1  
1814 1 0 duplicate
1814 3 1 duplicate
1814 3 0 duplicate
1814 2 1 duplicate
1814 0 0 duplicate
1814 0 1 duplicate
1814 2 0  
1814 1 1  
1814 1 0 duplicate
1814 3 1 duplicate
1814 3 0  
1814 2 1  
1814 0 0 duplicate
1814 0 1 duplicate
1814 2 0  
1814 1 1  
1814 1 0 duplicate
1814 3 1 duplicate
1814 3 0  
1814 2 1  
1814 0 0 duplicate
1814 0 1 duplicate
1814 2 0  
1814 1 1  
1814 1 0 duplicate
1814 3 1 duplicate
1814 3 0  
1814 2 1  
1814 0 0 duplicate
1814 0 1 duplicate
1814 2 0  
1814 1 1  
1814 1 0 duplicate
1814 3 1 duplicate
1814 3 0  
1814 2 1  
1814 0 0 duplicate
1814 0 1 duplicate
1814 2 0  
1814 1 1  
1814 1 0 duplicate
1814 3 1 duplicate
1814 3 0  
1814 2 1  
1814 0 0 duplicate
1814 0 1 duplicate
1814 2 0  
1814 1 1  
1814 1 0 duplicate
1814 3 1 duplicate
1814 3 0  
1814 2 1  
1814 2 0 duplicate
1814 0 1 duplicate
1814 0 0 duplicate
1814 1 1 duplicate
1814 1 0 duplicate
1814 3 1 duplicate
1814 3 0  
1814 2 1  
1814 2 0 duplicate
1814 0 1 duplicate
1814 0 0 duplicate
1814 1 1 duplicate
1814 1 0 duplicate
1814 3 1 duplicate
1814 3 0 duplicate
1814 2 1 duplicate
1814 2 0 duplicate
1814 0 1 duplicate
1814 0 0 duplicate
1814 1 1 duplicate
1814 1 0 duplicate
1814 3 1 duplicate
1814 3 0 duplicate
1814 2 1 duplicate
1814 2 0 duplicate
1814 0 1 duplicate
1814 0 0 duplicate
1814 1 1 duplicate
1814 1 0 duplicate
1814 3 1 duplicate
1814 3 0 duplicate
1814 2 1 duplicate
1814 2 0 duplicate
1814 0 1 duplicate
1814 0 0 duplicate
1814 1 1 duplicate
1814 1 0 duplicate
1814 3 1 duplicate
1814 3 0 duplicate
1814 2 1 duplicate
1814 2 0 duplicate
1814 0 1 duplicate
1814 0 0  
1814 1 1  
1814 1 0 duplicate
1814 3 1 duplicate
1814 3 0  
1814 2 1  
1814 2 0 duplicate
1814 0 1 duplicate
1814 0 0  
1814 1 1  
1814 1 0 duplicate
1814 3 1 duplicate
1814 3 0  
1814 2 1  
1814 2 0 duplicate
1814 0 1 duplicate
1814 1 0  
1814 1 1  
1814 0 0 duplicate
1814 3 1 duplicate
1814 3 0  
1814 2 1  
1814 2 0 duplicate
1814 0 1 duplicate
1814 1 0  
1814 1 1  
1814 0 0 duplicate
1814 3 1 duplicate
1814 3 0  
1814 2 1  
1814 2 0 duplicate
1814 0 1 duplicate
1814 1 0  
1814 1 1  
1814 0 0 duplicate
1814 3 1 duplicate
1814 3 0  
1814 2 1  
1814 0 1 duplicate
1814 2 0 duplicate
1814 1 0  
1814 1 1  
1814 0 0 duplicate
1814 3 1 duplicate
1814 3 0  
1814 2 1  
1814 2 0 duplicate
1814 0 1 duplicate
1814 1 0  
1814 1 1  
1814 0 0 duplicate
1814 3 1 duplicate
1814 3 0  
1814 2 1  
1814 2 0 duplicate
1814 0 1 duplicate
1814 1 0  
1814 1 1  
1814 0 0 duplicate
1814 3 1 duplicate
1814 3 0  
1814 2 1  
1814 2 0 duplicate
1814 0 1 duplicate
1814 1 0  
1814 1 1  
1814 0 0 duplicate
1814 3 1 duplicate
1814 3 0  
1814 2 1  
1814 2 0 duplicate
1814 0 1 duplicate
1814 1 0 duplicate
1814 1 1 duplicate
1814 0 0 duplicate
1814 3 1 duplicate
1814 3 0  
1814 2 1  
1814 2 0 duplicate
1814 0 1 duplicate
1814 1 0 duplicate
1814 1 1 duplicate
1814 0 0 duplicate
1814 3 1 duplicate
1814 3 0  
1814 2 1  
1814 2 0 duplicate
1814 0 1 duplicate
1814 1 0  
1814 1 1  
1814 0 0 duplicate
1814 3 1 duplicate
1814 3 0 duplicate
1814 2 1 duplicate
1814 2 0 duplicate
1814 0 1 duplicate
1814 1 0  
1814 1 1  
1814 0 0 duplicate
1814 3 1 duplicate
1814 2 0  
1814 2 1  
1814 3 0 duplicate
1814 0 1 duplicate
1814 1 0  
1814 3 1  
1814 0 0 duplicate
1814 1 1 duplicate
1814 2 0  
1814 2 1  
1814 3 0 duplicate
1814 0 1 duplicate
1814 1 0  
1814 3 1  
1814 0 0 duplicate
1814 1 1 duplicate
1814 2 0  
1814 2 1  
1814 3 0 duplicate
1814 0 1 duplicate
1814 1 0  
1814 3 1  
1814 0 0 duplicate
1814 1 1 duplicate
1814 2 0  
1814 2 1  
1814 3 0 duplicate
1814 0 1 duplicate
1814 1 0  
1814 3 1  
1814 0 0 duplicate
1814 1 1 duplicate
1814 2 0  
1814 2 1  
1814 3 0  
1814 0 1  
1814 1 0  
1814 3 1  
1814 0 0 duplicate
1814 1 1 duplicate
1814 2 0  
1814 2 1  
1814 3 0  
1814 0 1  
1814 1 0  
1814 3 1  
1814 0 0  
1814 1 1  
1814 2 0  
1814 2 1  
1814 3 0  
1814 0 1  
1814 1 0  
1814 3 1  
1814 0 0 duplicate
1814 1 1 duplicate
1814 2 0  
1814 2 1  
1814 3 0 duplicate
1814 0 1 duplicate
1814 1 0  
1814 3 1  
1814 0 0 duplicate
1814 1 1 duplicate
1814 2 0  
1814 2 1  
1814 3 0 duplicate
1814 0 1 duplicate
1814 1 0  
1814 3 1  
1814 0 0 duplicate
1814 1 1 duplicate
1814 2 0  
1814 2 1  
1814 1 0 duplicate
1814 0 1 duplicate
1814 3 0  
1814 3 1  
1814 0 0 duplicate
1814 1 1 duplicate
1814 2 0  
1814 2 1  
1814 1 0 duplicate
1814 0 1 duplicate
1814 3 0  
1814 3 1  
1814 0 0 duplicate
1814 1 1 duplicate
1814 2 0  
1814 2 1  
1814 1 0 duplicate
1814 0 1 duplicate
1814 3 0  
1814 3 1  
1814 0 0 duplicate
1814 1 1 duplicate
1814 2 0  
1814 2 1  
1814 1 0  
1814 3 1  
1814 3 0 duplicate
1814 0 1 duplicate
1814 2 0 duplicate
1814 1 1 duplicate
1814 0 0  
1814 2 1  
1814 1 0  
1814 3 1  
1814 2 0 duplicate
1814 0 1 duplicate
1814 3 0 duplicate
1814 1 1 duplicate
1814 0 0  
1814 2 1  
1814 1 0  
1814 3 1  
1814 2 0 duplicate
1814 0 1 duplicate
1814 3 0 duplicate
1814 1 1 duplicate
1814 0 0  
1814 2 1  
1814 1 0  
1814 3 1  
1814 2 0 duplicate
1814 0 1 duplicate
1814 3 0 duplicate
1814 1 1 duplicate
1814 0 0  
1814 2 1  
1814 1 0  
1814 3 1  
1814 2 0 duplicate
1814 0 1 duplicate
1814 3 0 duplicate
1814 1 1 duplicate
1814 0 0  
1814 2 1  
1814 1 0  
1814 3 1  
1814 2 0 duplicate
1814 0 1 duplicate
1814 3 0 duplicate
1814 2 1 duplicate
1814 0 0 duplicate
1814 1 1 duplicate
1814 1 0  
1814 3 1  
1814 2 0 duplicate
1814 0 1 duplicate
1814 3 0  
1814 2 1  
1814 0 0 duplicate
1814 1 1 duplicate
1814 1 0  
1814 3 1  
1814 2 0 duplicate
1814 0 1 duplicate
1814 3 0  
1814 2 1  
1814 0 0 duplicate
1814 1 1 duplicate
1814 1 0  
1814 3 1  
1814 3 0 duplicate
1814 0 1 duplicate
1814 2 0  
1814 2 1  
1814 0 0 duplicate
1814 1 1 duplicate
1814 1 0  
1814 3 1  
1814 3 0  
1814 0 1  
1814 2 0 duplicate
1814 2 1 duplicate
1814 0 0 duplicate
1814 1 1 duplicate
1814 1 0  
1814 3 1  
1814 3 0  
1814 0 1  
1814 2 0  
1814 2 1  
1814 0 0 duplicate
1814 1 1 duplicate
1814 1 0  
1814 3 1  
1814 3 0  
1814 0 1  
1814 2 0 duplicate
1814 2 1 duplicate
1814 0 0  
1814 1 1  
1814 1 0  
1814 3 1  
1814 3 0  
1814 0 1  
1814 2 0 duplicate
1814 2 1 duplicate
1814 0 0  
1814 1 1  
1814 1 0  
1814 3 1  
1814 3 0 duplicate
1814 0 1 duplicate
1814 2 0 duplicate
1814 2 1 duplicate
1814 0 0  
1814 1 1  
1814 1 0  
1814 3 1  
1814 3 0 duplicate
1814 0 1 duplicate
1814 2 0 duplicate
1814 2 1 duplicate
1814 1 0 duplicate
1814 1 1 duplicate
1814 0 0  
1814 3 1  
1814 3 0 duplicate
1814 0 1 duplicate
1814 2 0 duplicate
1814 2 1 duplicate
1814 1 0 duplicate
1814 1 1 duplicate
1814 3 0  
1814 3 1  
1814 0 0 duplicate
1814 0 1 duplicate
1814 2 0 duplicate
1814 2 1 duplicate
1814 1 0 duplicate
1814 1 1 duplicate
1814 3 0  
1814 3 1  
1814 0 0 duplicate
1814 0 1 duplicate
1814 2 0  
1814 2 1  
1814 1 0  
1814 3 1  
1814 3 0  
1814 1 1  
1814 0 0 duplicate
1814 0 1 duplicate
1814 2 0  
1814 2 1  
1814 1 0  
1814 3 1  
1814 3 0 duplicate
1814 0 1 duplicate
1814 0 0  
1814 1 1  
1814 2 0  
1814 2 1  
1814 1 0  
1814 3 1  
1814 3 0 duplicate
1814 0 1 duplicate
1814 0 0  
1814 2 1  
1814 2 0 duplicate
1814 1 1 duplicate
1814 3 0  
1814 3 1  
1814 1 0 duplicate
1814 0 1 duplicate
1814 0 0  
1814 2 1  
1814 2 0 duplicate
1814 1 1 duplicate
1814 3 0  
1814 3 1  
1814 1 0 duplicate
1814 0 1 duplicate
1814 0 0  
1814 2 1  
1814 2 0 duplicate
1814 3 1 duplicate
1814 3 0  
1814 1 1  
1814 1 0 duplicate
1814 0 1 duplicate
1814 0 0  
1814 2 1  
1814 2 0 duplicate
1814 3 1 duplicate
1814 3 0  
1814 1 1  
1814 1 0 duplicate
1814 0 1 duplicate
1814 0 0  
1814 2 1  
1814 2 0 duplicate
1814 3 1 duplicate
1814 3 0  
1814 1 1  
1814 1 0 duplicate
1814 0 1 duplicate
1814 0 0  
1814 2 1  
1814 2 0 duplicate
1814 3 1 duplicate
1814 3 0 duplicate
1814 1 1 duplicate
1814 1 0 duplicate
1814 0 1 duplicate
1814 0 0  
1814 2 1  
1814 2 0 duplicate
1814 3 1 duplicate
1814 3 0 duplicate
1814 1 1 duplicate
1814 1 0 duplicate
1814 0 1 duplicate
1814 0 0  
1814 2 1  
1814 2 0 duplicate
1814 3 1 duplicate
1814 3 0 duplicate
1814 1 1 duplicate
1814 1 0 duplicate
1814 0 1 duplicate
1814 0 0  
1814 2 1  
1814 2 0 duplicate
1814 3 1 duplicate
1814 3 0 duplicate
1814 1 1 duplicate
1814 1 0 duplicate
1814 0 1 duplicate
1814 0 0  
1814 2 1  
1814 2 0 duplicate
1814 3 1 duplicate
1814 3 0 duplicate
1814 1 1 duplicate
1814 1 0 duplicate
1814 0 1 duplicate
1814 0 0  
1814 2 1  
1814 2 0 duplicate
1814 3 1 duplicate
1814 3 0 duplicate
1814 1 1 duplicate
1814 1 0  
1814 0 1  
1814 0 0  
1814 2 1  
1814 2 0 duplicate
1814 3 1 duplicate
1814 3 0 duplicate
1814 1 1 duplicate
1814 1 0  
1814 0 1  
1814 0 0  
1814 2 1  
1814 2 0  
1814 3 1  
1814 3 0 duplicate
1814 1 1 duplicate
1814 1 0  
1814 0 1  
1814 0 0  
1814 2 1  
1814 2 0  
1814 3 1  
1814 3 0 duplicate
1814 1 1 duplicate
1814 1 0 duplicate
1814 0 1 duplicate
1814 0 0  
1814 2 1  
1814 2 0  
1814 3 1  
1814 3 0 duplicate
1814 1 1 duplicate
1814 1 0 duplicate
1814 0 1 duplicate
1814 0 0  
1814 2 1  
1814 2 0 duplicate
1814 3 1 duplicate
1814 3 0 duplicate
1814 1 1 duplicate
1814 1 0 duplicate
1814 0 1 duplicate
1814 0 0  
1814 2 1  
1814 2 0 duplicate
1814 3 1 duplicate
1814 3 0  
1814 1 1  
1814 1 0 duplicate
1814 0 1 duplicate
1814 0 0  
1814 2 1  
1814 2 0 duplicate
1814 3 1 duplicate
1814 3 0  
1814 1 1  
1814 1 0 duplicate
1814 0 1 duplicate
1814 0 0  
1814 2 1  
1814 2 0 duplicate
1814 3 1 duplicate
1814 3 0 duplicate
1814 1 1 duplicate
1814 1 0 duplicate
1814 0 1 duplicate
1814 0 0  
1814 2 1  
1814 2 0 duplicate
1814 3 1 duplicate
1814 3 0 duplicate
1814 1 1 duplicate
1814 1 0 duplicate
1814 0 1 duplicate
1814 0 0  
1814 2 1  
1814 2 0 duplicate
1814 3 1 duplicate
1814 3 0 duplicate
1814 1 1 duplicate
1814 1 0 duplicate
1814 0 1 duplicate
1814 0 0  
1814 2 1  
1814 2 0 duplicate
1814 3 1 duplicate
1814 3 0 duplicate
1814 1 1 duplicate
1814 1 0 duplicate
1814 0 1 duplicate
1814 0 0  
1814 2 1  
1814 2 0 duplicate
1814 3 1 duplicate
1814 3 0 duplicate
1814 1 1 duplicate
1814 1 0 duplicate
1814 0 1 duplicate
1814 0 0  
1814 2 1  
1814 2 0 duplicate
1814 3 1 duplicate
1814 3 0 duplicate
1814 1 1 duplicate
1814 1 0 duplicate
1814 0 1 duplicate
1814 0 0  
1814 2 1  
1814 2 0 duplicate
1814 3 1 duplicate
1814 3 0 duplicate
1814 1 1 duplicate
1814 1 0 duplicate
1814 0 1 duplicate
1814 0 0  
1814 2 1  
1814 2 0 duplicate
1814 3 1 duplicate
1814 3 0 duplicate
1814 1 1 duplicate
1814 1 0 duplicate
1814 0 1 duplicate
1814 0 0  
1814 2 1  
1814 2 0 duplicate
1814 3 1 duplicate
1814 3 0 duplicate
1814 1 1 duplicate
1814 1 0 duplicate
1814 2 1 duplicate
1814 0 0 duplicate
1814 0 1 duplicate
1814 2 0 duplicate
1814 3 1 duplicate
1814 1 0  
1814 2 1  
1814 3 0  
1814 1 1  
1814 0 0 duplicate
1814 0 1 duplicate
1814 2 0  
1814 3 1  
1814 1 0  
1814 2 1  
1814 3 0  
1814 1 1  
1814 2 0 duplicate
1814 0 1 duplicate
1814 0 0  
1814 3 1  
1814 1 0  
1814 2 1  
1814 3 0  
1814 1 1  
1814 2 0 duplicate
1814 0 1 duplicate
1814 0 0  
1814 3 1  
1814 1 0  
1814 2 1  
1814 3 0 duplicate
1814 1 1 duplicate
1814 2 0 duplicate
1814 0 1 duplicate
1814 0 0  
1814 3 1  
1814 1 0  
1814 2 1  
1814 3 0 duplicate
1814 1 1 duplicate
1814 2 0  
1814 0 1  
1814 0 0 duplicate
1814 3 1 duplicate
1814 1 0  
1814 2 1  
1814 3 0 duplicate
1814 1 1 duplicate
1814 2 0  
1814 0 1  
1814 0 0 duplicate
1814 3 1 duplicate
1814 1 0  
1814 2 1  
1814 3 0 duplicate
1814 1 1 duplicate
1814 2 0 duplicate
1814 0 1 duplicate
1814 0 0 duplicate
1814 3 1 duplicate
1814 1 0  
1814 2 1  
1814 3 0 duplicate
1814 1 1 duplicate
1814 2 0 duplicate
1814 0 1 duplicate
1814 0 0 duplicate
1814 3 1 duplicate
1814 1 0  
1814 2 1  
1814 3 0 duplicate
1814 1 1 duplicate
1814 2 0  
1814 3 1  
1814 0 0 duplicate
1814 0 1 duplicate
1814 1 0  
1814 2 1  
1814 3 0 duplicate
1814 1 1 duplicate
1814 2 0  
1814 3 1  
1814 0 0 duplicate
1814 2 1 duplicate
1814 1 0 duplicate
1814 0 1 duplicate
1814 3 0 duplicate
1814 1 1 duplicate
1814 2 0  
1814 3 1  
1814 1 0  
1814 2 1  
1814 0 0 duplicate
1814 0 1 duplicate
1814 3 0  
1814 1 1  
1814 2 0  
1814 3 1  
1814 1 0 duplicate
1814 2 1 duplicate
1814 0 0 duplicate
1814 0 1 duplicate
1814 3 0 duplicate
1814 1 1 duplicate
1814 1 0  
1814 3 1  
1814 2 0 duplicate
1814 2 1 duplicate
1814 3 0 duplicate
1814 0 1 duplicate
1814 0 0 duplicate
1814 1 1 duplicate
1814 1 0  
1814 3 1  
1814 2 0 duplicate
1814 2 1 duplicate
1814 3 0 duplicate
1814 0 1 duplicate
1814 0 0 duplicate
1814 1 1 duplicate
1814 1 0  
1814 3 1  
1814 2 0 duplicate
1814 2 1 duplicate
1814 3 0 duplicate
1814 0 1 duplicate
1814 0 0 duplicate
1814 1 1 duplicate
1814 1 0  
1814 3 1  
1814 2 0 duplicate
1814 2 1 duplicate
1814 3 0 duplicate
1814 0 1 duplicate
1814 0 0 duplicate
1814 1 1 duplicate
1814 1 0  
1814 3 1  
1814 2 0 duplicate
1814 2 1 duplicate
1814 3 0  
1814 0 1  
1814 0 0 duplicate
1814 1 1 duplicate
1814 1 0  
1814 3 1  
1814 2 0 duplicate
1814 2 1 duplicate
1814 3 0 duplicate
1814 0 1 duplicate
1814 0 0 duplicate
1814 1 1 duplicate
1814 1 0  
1814 3 1  
1814 2 0 duplicate
1814 2 1 duplicate
1814 0 0 duplicate
1814 0 1 duplicate
1814 3 0  
1814 3 1  
1814 1 0  
1814 1 1  
1814 2 0 duplicate
1814 2 1 duplicate
1814 0 0 duplicate
1814 0 1 duplicate
1814 3 0  
1814 3 1  
1814 1 0  
1814 1 1  
1814 2 0 duplicate
1814 2 1 duplicate
1814 0 0 duplicate
1814 0 1 duplicate
1814 3 0  
1814 3 1  
1814 1 0  
1814 1 1  
1814 2 0 duplicate
1814 2 1 duplicate
1814 0 0 duplicate
1814 0 1 duplicate
1814 3 0  
1814 3 1  
1814 1 0  
1814 1 1  
1814 2 0 duplicate
1814 2 1 duplicate
1814 0 0 duplicate
1814 0 1 duplicate
1814 3 0  
1814 3 1  
1814 1 0  
1814 1 1  
1814 2 0  
1814 2 1  
1814 0 0 duplicate
1814 0 1 duplicate
1814 3 0  
1814 3 1  
1814 2 0  
1814 1 1  
1814 1 0  
1814 2 1  
1814 0 0 duplicate
1814 0 1 duplicate
1814 3 0  
1814 3 1  
1814 2 0  
1814 1 1  
1814 1 0  
1814 2 1  
1814 0 0 duplicate
1814 0 1 duplicate
1814 3 0  
1814 3 1  
1814 2 0  
1814 1 1  
1814 1 0 duplicate
1814 2 1 duplicate
1814 0 0  
1814 3 1  
1814 3 0 duplicate
1814 0 1 duplicate
1814 2 0  
1814 1 1  
1814 1 0 duplicate
1814 2 1 duplicate
1814 0 0  
1814 3 1  
1814 3 0 duplicate
1814 0 1 duplicate
1814 2 0  
1814 2 1  
1814 1 0 duplicate
1814 1 1 duplicate
1814 0 0  
1814 3 1  
1814 3 0 duplicate
1814 0 1 duplicate
1814 2 0  
1814 2 1  
1814 1 0 duplicate
1814 1 1 duplicate
1814 0 0 duplicate
1814 3 1 duplicate
1814 3 0 duplicate
1814 0 1 duplicate
1814 2 0  
1814 2 1  
1814 1 0 duplicate
1814 1 1 duplicate
1814 0 0 duplicate
1814 3 1 duplicate
1814 3 0 duplicate
1814 0 1 duplicate
1814 2 0  
1814 2 1  
1814 1 0 duplicate
1814 1 1 duplicate
1814 0 0  
1814 3 1  
1814 3 0 duplicate
1814 0 1 duplicate
1814 2 0  
1814 2 1  
1814 1 0 duplicate
1814 1 1 duplicate
1814 0 0  
1814 3 1  
1814 3 0 duplicate
1814 0 1 duplicate
1814 2 0  
1814 2 1  
1814 1 0 duplicate
1814 1 1 duplicate
1814 0 0  
1814 3 1  
1814 3 0 duplicate
1814 0 1 duplicate
1814 2 0  
1814 2 1  
1814 1 0 duplicate
1814 1 1 duplicate
1814 3 0  
1814 3 1  
1814 0 0 duplicate
1814 0 1 duplicate
1814 2 0  
1814 2 1  
1814 1 0 duplicate
1814 1 1 duplicate
1814 3 0  
1814 3 1  
1814 0 0 duplicate
1814 0 1 duplicate
1814 2 0  
1814 2 1  
1814 1 0 duplicate
1814 1 1 duplicate
1814 3 0  
1814 3 1  
1814 0 0 duplicate
1814 0 1 duplicate
1814 2 0  
1814 1 1  
1814 1 0 duplicate
1814 2 1 duplicate
1814 3 0  
1814 3 1  
1814 0 0 duplicate
1814 0 1 duplicate
1814 2 0  
1814 1 1  
1814 1 0 duplicate
1814 2 1 duplicate
1814 3 0  
1814 3 1  
1814 0 0 duplicate
1814 0 1 duplicate
1814 2 0  
1814 1 1  
1814 1 0 duplicate
1814 2 1 duplicate
1814 3 0  
1814 3 1  
1814 0 0 duplicate
1814 0 1 duplicate
1814 2 0  
1814 1 1  
1814 1 0 duplicate
1814 2 1 duplicate
1814 3 0  
1814 3 1  
1814 0 0 duplicate
1814 0 1 duplicate
1814 2 0  
1814 1 1  
1814 1 0 duplicate
1814 2 1 duplicate
1814 3 0  
1814 3 1  
1814 0 0 duplicate
1814 0 1 duplicate
1814 2 0  
1814 1 1  
1814 1 0 duplicate
1814 3 1 duplicate
1814 3 0  
1814 2 1  
1814 0 0 duplicate
1814 0 1 duplicate
1814 2 0  
1814 1 1  
1814 1 0 duplicate
1814 3 1 duplicate
1814 3 0  
1814 2 1  
1814 0 0 duplicate
1814 0 1 duplicate
1814 2 0  
1814 1 1  
1814 1 0 duplicate
1814 3 1 duplicate
1814 3 0  
1814 2 1  
1814 0 0 duplicate
1814 0 1 duplicate
1814 2 0 duplicate
1814 1 1 duplicate
1814 1 0 duplicate
1814 3 1 duplicate
1814 3 0  
1814 2 1  
1814 0 0 duplicate
1814 0 1 duplicate
1814 2 0  
1814 1 1  
1814 1 0 duplicate
1814 3 1 duplicate
1814 3 0  
1814 2 1  
1814 0 0 duplicate
1814 0 1 duplicate
1814 2 0  
1814 1 1  
1814 1 0 duplicate
1814 3 1 duplicate
1814 3 0  
1814 2 1  
1814 0 0 duplicate
1814 0 1 duplicate
1814 2 0  
1814 1 1  
1814 1 0 duplicate
1814 3 1 duplicate
1814 3 0  
1814 2 1  
1814 0 0 duplicate
1814 0 1 duplicate
1814 2 0  
1814 1 1  
1814 1 0 duplicate
1814 3 1 duplicate
1814 3 0  
1814 2 1  
1814 0 0 duplicate
1814 0 1 duplicate
1814 2 0  
1814 1 1  
1814 1 0 duplicate
1814 3 1 duplicate
1814 3 0  
1814 2 1  
1814 0 0 duplicate
1814 0 1 duplicate
1814 2 0  
1814 1 1  
1814 1 0 duplicate
1814 3 1 duplicate
1814 3 0  
1814 2 1  
1814 0 0 duplicate
1814 0 1 duplicate
1814 2 0  
1814 1 1  
1814 1 0 duplicate
1814 3 1 duplicate
1814 3 0  
1814 2 1  
1814 2 0 duplicate
1814 0 1 duplicate
1814 0 0  
1814 1 1  
1814 1 0 duplicate
1814 3 1 duplicate
1814 3 0  
1814 2 1  
1814 2 0 duplicate
1814 0 1 duplicate
1814 0 0 duplicate
1814 1 1 duplicate
1814 1 0 duplicate
1814 3 1 duplicate
1814 2 0  
1814 2 1  
1814 3 0 duplicate
1814 0 1 duplicate
1814 0 0 duplicate
1814 1 1 duplicate
1814 1 0 duplicate
1814 3 1 duplicate
1814 2 0  
1814 2 1  
1814 3 0 duplicate
1814 0 1 duplicate
1814 0 0  
1814 3 1  
1814 1 0 duplicate
1814 1 1 duplicate
1814 2 0 duplicate
1814 2 1 duplicate
1814 3 0  
1814 3 1  
1814 0 0 duplicate
1814 0 1 duplicate
1814 2 0 duplicate
1814 2 1 duplicate
1814 1 0 duplicate
1814 1 1 duplicate
1814 3 0  
1814 3 1  
1814 2 0 duplicate
1814 0 1 duplicate
1814 0 0 duplicate
1814 2 1 duplicate
1814 1 0 duplicate
1814 1 1 duplicate
1814 3 0  
1814 3 1  
1814 2 0 duplicate
1814 0 1 duplicate
1814 0 0 duplicate
1814 2 1 duplicate
1814 1 0 duplicate
1814 1 1 duplicate
1814 3 0  
1814 3 1  
1814 2 0 duplicate
1814 2 1 duplicate
1814 0 0 duplicate
1814 0 1 duplicate
1814 1 0  
1814 3 1  
1814 3 0 duplicate
1814 1 1 duplicate
1814 2 0 duplicate
1814 2 1 duplicate
1814 0 0 duplicate
1814 0 1 duplicate
1814 1 0  
1814 3 1  
1814 3 0 duplicate
1814 2 1 duplicate
1814 2 0 duplicate
1814 1 1 duplicate
1814 0 0 duplicate
1814 0 1 duplicate
1814 1 0  
1814 3 1  
1814 3 0 duplicate
1814 2 1 duplicate
1814 2 0 duplicate
1814 0 1 duplicate
1814 0 0  
1814 1 1  
1814 1 0  
1814 3 1  
1814 3 0  
1814 2 1  
1814 2 0 duplicate
1814 0 1 duplicate
1814 0 0  
1814 3 1  
1814 1 0 duplicate
1814 1 1 duplicate
1814 3 0  
1814 2 1  
1814 2 0 duplicate
1814 0 1 duplicate
1814 0 0  
1814 3 1  
1814 1 0 duplicate
1814 1 1 duplicate
1814 3 0  
1814 2 1  
1814 2 0 duplicate
1814 0 1 duplicate
1814 0 0  
1814 3 1  
1814 1 0 duplicate
1814 1 1 duplicate
1814 3 0  
1814 2 1  
1814 2 0 duplicate
1814 0 1 duplicate
1814 0 0  
1814 3 1  
1814 1 0 duplicate
1814 1 1 duplicate
1814 3 0  
1814 2 1  
1814 2 0 duplicate
1814 0 1 duplicate
1814 0 0  
1814 3 1  
1814 1 0 duplicate
1814 1 1 duplicate
1814 3 0  
1814 2 1  
1814 2 0 duplicate
1814 0 1 duplicate
1814 0 0  
1814 3 1  
1814 1 0 duplicate
1814 1 1 duplicate
1814 3 0  
1814 2 1  
1814 2 0 duplicate
1814 0 1 duplicate
1814 1 0  
1814 3 1  
1814 0 0 duplicate
1814 1 1 duplicate
1814 3 0  
1814 2 1  
1814 2 0 duplicate
1814 0 1 duplicate
1814 1 0  
1814 3 1  
1814 0 0 duplicate
1814 1 1 duplicate
1814 2 0  
1814 2 1  
1814 3 0 duplicate
1814 0 1 duplicate
1814 1 0  
1814 3 1  
1814 0 0 duplicate
1814 1 1 duplicate
1814 2 0  
1814 2 1  
1814 3 0 duplicate
1814 0 1 duplicate
1814 1 0  
1814 3 1  
1814 0 0 duplicate
1814 1 1 duplicate
1814 2 0  
1814 2 1  
1814 3 0 duplicate
1814 0 1 duplicate
1814 1 0 duplicate
1814 3 1 duplicate
1814 0 0 duplicate
1814 1 1 duplicate
1814 2 0  
1814 2 1  
1814 3 0 duplicate
1814 0 1 duplicate
1814 1 0  
1814 3 1  
1814 0 0 duplicate
1814 1 1 duplicate
1814 3 0  
1814 2 1  
1814 2 0 duplicate
1814 0 1 duplicate
1814 1 0  
1814 3 1  
1814 0 0 duplicate
1814 1 1 duplicate
1814 3 0  
1814 2 1  
1814 2 0 duplicate
1814 0 1 duplicate
1814 1 0  
1814 3 1  
1814 0 0 duplicate
1814 1 1 duplicate
1814 3 0 duplicate
1814 2 1 duplicate
1814 2 0 duplicate
1814 0 1 duplicate
1814 1 0 duplicate
1814 3 1 duplicate
1814 0 0 duplicate
1814 1 1 duplicate
1814 3 0 duplicate
1814 2 1 duplicate
1814 2 0 duplicate
1814 0 1 duplicate
1814 1 0 duplicate
1814 3 1 duplicate
1814 0 0 duplicate
1814 1 1 duplicate
1814 3 0 duplicate
1814 2 1 duplicate
1814 2 0 duplicate
1814 0 1 duplicate
1814 1 0  
1814 3 1  
1814 0 0 duplicate
1814 1 1 duplicate
1814 3 0 duplicate
1814 2 1 duplicate
1814 2 0 duplicate
1814 0 1 duplicate
1814 1 0  
1814 3 1  
1814 0 0 duplicate
1814 1 1 duplicate
1814 3 0 duplicate
1814 2 1 duplicate
1814 2 0 duplicate
1814 0 1 duplicate
1814 1 0  
1814 3 1  
1814 0 0 duplicate
1814 1 1 duplicate
1814 3 0  
1814 2 1  
1814 2 0 duplicate
1814 0 1 duplicate
1814 1 0  
1814 3 1  
1814 0 0 duplicate
1814 2 1 duplicate
1814 3 0 duplicate
1814 1 1 duplicate
1814 2 0 duplicate
1814 0 1 duplicate
1814 1 0  
1814 3 1  
1814 0 0 duplicate
1814 2 1 duplicate
1814 3 0 duplicate
1814 1 1 duplicate
1814 2 0 duplicate
1814 0 1 duplicate
1814 1 0  
1814 3 1  
1814 0 0 duplicate
1814 2 1 duplicate
1814 3 0 duplicate
1814 1 1 duplicate
1814 2 0 duplicate
1814 0 1 duplicate
1814 1 0  
1814 3 1  
1814 0 0 duplicate
1814 2 1 duplicate
1814 3 0 duplicate
1814 1 1 duplicate
1814 2 0 duplicate
1814 0 1 duplicate
1814 1 0 duplicate
1814 3 1 duplicate
1814 0 0 duplicate
1814 2 1 duplicate
1814 2 0 duplicate
1814 1 1 duplicate
1814 3 0 duplicate
1814 0 1 duplicate
1814 1 0 duplicate
1814 3 1 duplicate
1814 0 0 duplicate
1814 2 1 duplicate
1814 2 0 duplicate
1814 1 1 duplicate
1814 3 0 duplicate
1814 0 1 duplicate
1814 1 0  
1814 3 1  
1814 0 0 duplicate
1814 2 1 duplicate
1814 2 0 duplicate
1814 1 1 duplicate
1814 3 0 duplicate
1814 0 1 duplicate
1814 1 0 duplicate
1814 3 1 duplicate
1814 0 0 duplicate
1814 2 1 duplicate
1814 2 0 duplicate
1814 1 1 duplicate
1814 3 0 duplicate
1814 0 1 duplicate
1814 1 0  
1814 3 1  
1814 0 0 duplicate
1814 2 1 duplicate
1814 2 0 duplicate
1814 1 1 duplicate
1814 3 0 duplicate
1814 0 1 duplicate
1814 1 0 duplicate
1814 3 1 duplicate
1814 0 0 duplicate
1814 2 1 duplicate
1814 2 0 duplicate
1814 1 1 duplicate
1814 1 0 duplicate
1814 0 1 duplicate
1814 3 0 duplicate
1814 3 1 duplicate
1814 0 0 duplicate
1814 2 1 duplicate
1814 2 0 duplicate
1814 1 1 duplicate
1814 1 0 duplicate
1814 0 1 duplicate
1814 3 0  
1814 3 1  
1814 0 0 duplicate
1814 2 1 duplicate
1814 2 0 duplicate
1814 1 1 duplicate
1814 3 0 duplicate
1814 0 1 duplicate
1814 1 0  
1814 3 1  
1814 0 0 duplicate
1814 2 1 duplicate
1814 2 0 duplicate
1814 1 1 duplicate
1814 3 0 duplicate
1814 0 1 duplicate
1814 1 0  
1814 3 1  
1814 0 0 duplicate
1814 2 1 duplicate
1814 2 0 duplicate
1814 1 1 duplicate
1814 3 0 duplicate
1814 0 1 duplicate
1814 1 0  
1814 3 1  
1814 0 0 duplicate
1814 2 1 duplicate
1814 2 0 duplicate
1814 1 1 duplicate
1814 3 0 duplicate
1814 0 1 duplicate
1814 1 0  
1814 2 1  
1814 0 0  
1814 3 1  
1814 2 0 duplicate
1814 1 1 duplicate
1814 3 0 duplicate
1814 0 1 duplicate
1814 1 0  
1814 2 1  
1814 2 0  
1814 3 1  
1814 0 0  
1814 1 1  
1814 3 0 duplicate
1814 0 1 duplicate
1814 1 0  
1814 2 1  
1814 2 0  
1814 3 1  
1814 3 0  
1814 1 1  
1814 0 0 duplicate
1814 0 1 duplicate
1814 1 0  
1814 2 1  
1814 2 0  
1814 3 1  
1814 3 0  
1814 1 1  
1814 1 0 duplicate
1814 0 1 duplicate
1814 0 0  
1814 2 1  
1814 2 0  
1814 3 1  
1814 3 0 duplicate
1814 1 1 duplicate
1814 1 0 duplicate
1814 0 1 duplicate
1814 0 0  
1814 2 1  
1814 2 0  
1814 3 1  
1814 3 0 duplicate
1814 1 1 duplicate
1814 1 0 duplicate
1814 0 1 duplicate
1814 0 0 duplicate
1814 2 1 duplicate
1814 2 0  
1814 3 1  
1814 3 0  
1814 1 1  
1814 1 0 duplicate
1814 0 1 duplicate
1814 0 0 duplicate
1814 2 1 duplicate
1814 2 0  
1814 3 1  
1814 3 0  
1814 1 1  
1814 1 0 duplicate
1814 0 1 duplicate
1814 0 0 duplicate
1814 2 1 duplicate
1814 2 0 duplicate
1814 3 1 duplicate
1814 3 0  
1814 1 1  
1814 1 0 duplicate
1814 2 1 duplicate
1814 0 0 duplicate
1814 0 1 duplicate
1814 2 0 duplicate
1814 3 1 duplicate
1814 3 0  
1814 1 1  
1814 1 0 duplicate
1814 2 1 duplicate
1814 0 0  
1814 3 1  
1814 2 0 duplicate
1814 0 1 duplicate
1814 3 0  
1814 1 1  
1814 1 0 duplicate
1814 2 1 duplicate
1814 0 0  
1814 3 1  
1814 3 0 duplicate
1814 0 1 duplicate
1814 2 0  
1814 1 1  
1814 1 0 duplicate
1814 2 1 duplicate
1814 0 0  
1814 3 1  
1814 3 0 duplicate
1814 0 1 duplicate
1814 2 0 duplicate
1814 1 1 duplicate
1814 1 0 duplicate
1814 2 1 duplicate
1814 0 0  
1814 3 1  
1814 3 0 duplicate
1814 0 1 duplicate
1814 2 0 duplicate
1814 1 1 duplicate
1814 1 0 duplicate
1814 2 1 duplicate
1814 0 0 duplicate
1814 3 1 duplicate
1814 3 0 duplicate
1814 0 1 duplicate
1814 2 0 duplicate
1814 1 1 duplicate
1814 1 0 duplicate
1814 2 1 duplicate
1814 0 0 duplicate
1814 3 1 duplicate
1814 3 0 duplicate
1814 0 1 duplicate
1814 2 0 duplicate
1814 1 1 duplicate
1814 1 0 duplicate
1814 2 1 duplicate
1814 0 0 duplicate
1814 3 1 duplicate
1814 3 0 duplicate
1814 0 1 duplicate
1814 2 0  
1814 1 1  
1814 1 0 duplicate
1814 2 1 duplicate
1814 0 0  
1814 3 1  
1814 3 0 duplicate
1814 0 1 duplicate
1814 2 0  
1814 1 1  
1814 1 0 duplicate
1814 2 1 duplicate
1814 0 0  
1814 3 1  
1814 3 0 duplicate
1814 0 1 duplicate
1814 2 0  
1814 1 1  
1814 1 0 duplicate
1814 2 1 duplicate
1814 0 0  
1814 3 1  
1814 3 0 duplicate
1814 0 1 duplicate
1814 2 0  
1814 2 1  
1814 1 0 duplicate
1814 1 1 duplicate
1814 0 0  
1814 3 1  
1814 3 0 duplicate
1814 0 1 duplicate
1814 2 0  
1814 2 1  
1814 1 0 duplicate
1814 1 1 duplicate
1814 0 0  
1814 3 1  
1814 3 0 duplicate
1814 0 1 duplicate
1814 2 0  
1814 2 1  
1814 1 0 duplicate
1814 1 1 duplicate
1814 0 0  
1814 3 1  
1814 3 0 duplicate
1814 0 1 duplicate
1814 2 0  
1814 2 1  
1814 1 0 duplicate
1814 1 1 duplicate
1814 0 0  
1814 3 1  
1814 3 0 duplicate
1814 0 1 duplicate
1814 2 0  
1814 2 1  
1814 1 0 duplicate
1814 1 1 duplicate
1814 0 0  
1814 3 1  
1814 3 0 duplicate
1814 0 1 duplicate
1814 2 0  
1814 2 1  
1814 1 0 duplicate
1814 1 1 duplicate
1814 0 0  
1814 3 1  
1814 3 0 duplicate
1814 0 1 duplicate
1814 2 0  
1814 2 1  
1814 1 0 duplicate
1814 1 1 duplicate
1814 0 0  
1814 3 1  
1814 3 0 duplicate
1814 0 1 duplicate
1814 2 0  
1814 2 1  
1814 1 0 duplicate
1814 1 1 duplicate
1814 0 0 duplicate
1814 3 1 duplicate
1814 3 0 duplicate
1814 0 1 duplicate
1814 2 0 duplicate
1814 2 1 duplicate
1814 1 0 duplicate
1814 1 1 duplicate
1814 0 0 duplicate
1814 3 1 duplicate
1814 3 0 duplicate
1814 0 1 duplicate
1814 2 0 duplicate
1814 2 1 duplicate
1814 1 0 duplicate
1814 1 1 duplicate
1814 0 0 duplicate
1814 3 1 duplicate
1814 3 0 duplicate
1814 0 1 duplicate
1814 2 0 duplicate
1814 2 1 duplicate
1814 1 0 duplicate
1814 1 1 duplicate
1814 0 0 duplicate
1814 3 1 duplicate
1814 3 0 duplicate
1814 0 1 duplicate
1814 2 0 duplicate
1814 2 1 duplicate
1814 1 0 duplicate
1814 1 1 duplicate
1814 0 0 duplicate
1814 3 1 duplicate
1814 3 0 duplicate
1814 0 1 duplicate
1814 2 0  
1814 2 1  
1814 1 0 duplicate
1814 1 1 duplicate
1814 0 0 duplicate
1814 3 1 duplicate
1814 3 0 duplicate
1814 0 1 duplicate
1814 2 0 duplicate
1814 2 1 duplicate
1814 1 0 duplicate
1814 1 1 duplicate
1814 0 0 duplicate
1814 3 1 duplicate
1814 3 0 duplicate
1814 0 1 duplicate
1814 2 0 duplicate
1814 2 1 duplicate
1814 1 0 duplicate
1814 1 1 duplicate
1814 0 0  
1814 3 1  
1814 2 0 duplicate
1814 0 1 duplicate
1814 3 0 duplicate
1814 2 1 duplicate
1814 1 0 duplicate
1814 1 1 duplicate
1814 0 0  
1814 3 1  
1814 2 0 duplicate
1814 0 1 duplicate
1814 3 0 duplicate
1814 2 1 duplicate
1814 1 0 duplicate
1814 1 1 duplicate
1814 0 0  
1814 3 1  
1814 2 0 duplicate
1814 0 1 duplicate
1814 3 0 duplicate
1814 2 1 duplicate
1814 1 0 duplicate
1814 1 1 duplicate
1814 0 0  
1814 3 1  
1814 2 0 duplicate
1814 0 1 duplicate
1814 3 0 duplicate
1814 2 1 duplicate
1814 1 0 duplicate
1814 1 1 duplicate
1814 0 0  
1814 3 1  
1814 2 0 duplicate
1814 0 1 duplicate
1814 1 0 duplicate
1814 2 1 duplicate
1814 3 0 duplicate
1814 1 1 duplicate
1814 0 0  
1814 3 1  
1814 2 0 duplicate
1814 0 1 duplicate
1814 1 0 duplicate
1814 2 1 duplicate
1814 3 0 duplicate
1814 1 1 duplicate
1814 0 0  
1814 3 1  
1814 2 0 duplicate
1814 0 1 duplicate
1814 1 0 duplicate
1814 2 1 duplicate
1814 3 0 duplicate
1814 1 1 duplicate
1814 0 0  
1814 3 1  
1814 2 0 duplicate
1814 0 1 duplicate
1814 1 0 duplicate
1814 2 1 duplicate
1814 3 0 duplicate
1814 1 1 duplicate
1814 0 0  
1814 3 1  
