2013 07 02 07 08 00 0.125184
2013 07 02 07 08 00 0.376832
2013 07 02 07 08 00 0.628480
2013 07 02 07 08 00 0.880128
2013 07 02 07 08 01 0.131840
2013 07 02 07 08 01 0.383488
2013 07 02 07 08 01 0.635136
2013 07 02 07 08 01 0.886784
2013 07 02 07 08 02 0.138496
2013 07 02 07 08 02 0.390144
2013 07 02 07 08 02 0.641792
2013 07 02 07 08 02 0.893440
2013 07 02 07 08 03 0.145152
2013 07 02 07 08 03 0.396800
2013 07 02 07 08 03 0.648704
2013 07 02 07 08 03 0.900096
2013 07 02 07 08 04 0.151808
2013 07 02 07 08 04 0.403456
2013 07 02 07 08 04 0.655104
2013 07 02 07 08 04 0.906752
2013 07 02 07 08 05 0.158464
2013 07 02 07 08 05 0.410112
2013 07 02 07 08 05 0.661760
2013 07 02 07 08 05 0.913408
2013 07 02 07 08 06 0.165120
2013 07 02 07 08 06 0.416512
2013 07 02 07 08 06 0.668416
2013 07 02 07 08 06 0.920064
2013 07 02 07 08 07 0.171776
2013 07 02 07 08 07 0.423168
2013 07 02 07 08 07 0.675072
2013 07 02 07 08 07 0.926464
2013 07 02 07 08 08 0.178432
2013 07 02 07 08 08 0.429824
2013 07 02 07 08 08 0.681728
2013 07 02 07 08 08 0.933120
2013 07 02 07 08 09 0.185088
2013 07 02 07 08 09 0.436480
2013 07 02 07 08 09 0.688384
2013 07 02 07 08 09 0.939776
2013 07 02 07 08 10 0.191744
2013 07 02 07 08 10 0.443136
2013 07 02 07 08 10 0.695040
2013 07 02 07 08 10 0.946432
2013 07 02 07 08 11 0.198400
2013 07 02 07 08 11 0.449792
2013 07 02 07 08 11 0.701696
2013 07 02 07 08 11 0.953088
2013 07 02 07 08 12 0.205056
2013 07 02 07 08 12 0.456448
2013 07 02 07 08 12 0.708352
2013 07 02 07 08 12 0.959744
2013 07 02 07 08 13 0.211712
2013 07 02 07 08 13 0.463104
2013 07 02 07 08 13 0.714752
2013 07 02 07 08 13 0.966400
2013 07 02 07 08 14 0.218112
2013 07 02 07 08 14 0.469760
2013 07 02 07 08 14 0.721408
2013 07 02 07 08 14 0.973056
2013 07 02 07 08 15 0.224768
2013 07 02 07 08 15 0.476416
2013 07 02 07 08 15 0.728064
2013 07 02 07 08 15 0.979712
2013 07 02 07 08 16 0.231424
2013 07 02 07 08 16 0.483072
2013 07 02 07 08 16 0.734720
2013 07 02 07 08 16 0.986368
2013 07 02 07 08 17 0.238080
2013 07 02 07 08 17 0.489728
2013 07 02 07 08 17 0.741376
2013 07 02 07 08 17 0.993024
2013 07 02 07 08 18 0.244736
2013 07 02 07 08 18 0.496128
2013 07 02 07 08 18 0.748032
2013 07 02 07 08 18 0.999680
2013 07 02 07 08 19 0.251392
2013 07 02 07 08 19 0.502784
2013 07 02 07 08 19 0.754688
2013 07 02 07 08 20 0.006144
2013 07 02 07 08 20 0.258048
2013 07 02 07 08 20 0.509440
2013 07 02 07 08 20 0.761344
2013 07 02 07 08 21 0.012800
2013 07 02 07 08 21 0.264704
2013 07 02 07 08 21 0.516096
2013 07 02 07 08 21 0.768000
2013 07 02 07 08 22 0.019456
2013 07 02 07 08 22 0.271360
2013 07 02 07 08 22 0.522752
2013 07 02 07 08 22 0.774656
2013 07 02 07 08 23 0.026112
2013 07 02 07 08 23 0.278016
2013 07 02 07 08 23 0.529408
2013 07 02 07 08 23 0.781312
2013 07 02 07 08 24 0.032768
2013 07 02 07 08 24 0.284672
2013 07 02 07 08 24 0.536064
2013 07 02 07 08 24 0.787968
2013 07 02 07 08 25 0.039424
2013 07 02 07 08 25 0.291328
2013 07 02 07 08 25 0.542720
2013 07 02 07 08 25 0.794624
2013 07 02 07 08 26 0.046080
2013 07 02 07 08 26 0.297728
2013 07 02 07 08 26 0.549376
2013 07 02 07 08 26 0.801280
2013 07 02 07 08 27 0.052736
2013 07 02 07 08 27 0.304384
2013 07 02 07 08 27 0.556032
2013 07 02 07 08 27 0.807936
2013 07 02 07 08 28 0.059392
2013 07 02 07 08 28 0.311040
2013 07 02 07 08 28 0.562688
2013 07 02 07 08 28 0.814336
2013 07 02 07 08 29 0.066048
2013 07 02 07 08 29 0.317696
2013 07 02 07 08 29 0.569344
2013 07 02 07 08 29 0.820992
2013 07 02 07 08 30 0.072448
2013 07 02 07 08 30 0.324352
2013 07 02 07 08 30 0.575744
2013 07 02 07 08 30 0.827648
2013 07 02 07 08 31 0.079104
2013 07 02 07 08 31 0.331008
2013 07 02 07 08 31 0.582400
2013 07 02 07 08 31 0.834304
2013 07 02 07 08 32 0.085760
2013 07 02 07 08 32 0.337664
2013 07 02 07 08 32 0.589056
2013 07 02 07 08 32 0.840960
2013 07 02 07 08 33 0.092416
2013 07 02 07 08 33 0.344320
2013 07 02 07 08 33 0.595712
2013 07 02 07 08 33 0.847616
2013 07 02 07 08 34 0.099072
2013 07 02 07 08 34 0.350976
2013 07 02 07 08 34 0.602368
2013 07 02 07 08 34 0.854272
2013 07 02 07 08 35 0.105728
2013 07 02 07 08 35 0.357376
2013 07 02 07 08 35 0.609024
2013 07 02 07 08 35 0.860928
2013 07 02 07 08 36 0.112384
2013 07 02 07 08 36 0.364032
2013 07 02 07 08 36 0.615680
2013 07 02 07 08 36 0.867584
2013 07 02 07 08 37 0.119040
2013 07 02 07 08 37 0.370688
2013 07 02 07 08 37 0.622336
2013 07 02 07 08 37 0.873984
2013 07 02 07 08 38 0.125696
2013 07 02 07 08 38 0.377344
2013 07 02 07 08 38 0.628992
2013 07 02 07 08 38 0.880640
2013 07 02 07 08 39 0.132352
2013 07 02 07 08 39 0.384000
2013 07 02 07 08 39 0.635648
2013 07 02 07 08 39 0.887296
2013 07 02 07 08 40 0.139008
2013 07 02 07 08 40 0.390656
2013 07 02 07 08 40 0.642304
2013 07 02 07 08 40 0.893952
2013 07 02 07 08 41 0.145408
2013 07 02 07 08 41 0.397312
2013 07 02 07 08 41 0.648960
2013 07 02 07 08 41 0.900608
2013 07 02 07 08 42 0.152064
2013 07 02 07 08 42 0.403968
2013 07 02 07 08 42 0.655360
2013 07 02 07 08 42 0.907264
2013 07 02 07 08 43 0.158720
2013 07 02 07 08 43 0.410624
2013 07 02 07 08 43 0.662016
2013 07 02 07 08 43 0.913920
2013 07 02 07 08 44 0.165376
2013 07 02 07 08 44 0.417280
2013 07 02 07 08 44 0.668672
2013 07 02 07 08 44 0.920576
2013 07 02 07 08 45 0.172032
2013 07 02 07 08 45 0.423936
2013 07 02 07 08 45 0.675328
2013 07 02 07 08 45 0.927232
2013 07 02 07 08 46 0.178688
2013 07 02 07 08 46 0.430592
2013 07 02 07 08 46 0.681984
2013 07 02 07 08 46 0.933888
2013 07 02 07 08 47 0.185344
2013 07 02 07 08 47 0.437248
2013 07 02 07 08 47 0.688640
2013 07 02 07 08 47 0.940544
2013 07 02 07 08 48 0.192000
2013 07 02 07 08 48 0.443904
2013 07 02 07 08 48 0.695296
2013 07 02 07 08 48 0.947200
2013 07 02 07 08 49 0.198656
2013 07 02 07 08 49 0.450560
2013 07 02 07 08 49 0.701952
2013 07 02 07 08 49 0.953856
2013 07 02 07 08 50 0.205312
2013 07 02 07 08 50 0.457216
2013 07 02 07 08 50 0.708608
2013 07 02 07 08 50 0.960512
2013 07 02 07 08 51 0.211968
2013 07 02 07 08 51 0.463616
2013 07 02 07 08 51 0.715264
2013 07 02 07 08 51 0.966912
2013 07 02 07 08 52 0.218624
2013 07 02 07 08 52 0.470272
2013 07 02 07 08 52 0.721920
2013 07 02 07 08 52 0.973568
2013 07 02 07 08 53 0.225024
2013 07 02 07 08 53 0.476928
2013 07 02 07 08 53 0.728576
2013 07 02 07 08 53 0.980224
2013 07 02 07 08 54 0.231680
2013 07 02 07 08 54 0.483584
2013 07 02 07 08 54 0.734976
2013 07 02 07 08 54 0.986880
2013 07 02 07 08 55 0.238336
2013 07 02 07 08 55 0.490240
2013 07 02 07 08 55 0.741632
2013 07 02 07 08 55 0.993536
2013 07 02 07 08 56 0.244992
2013 07 02 07 08 56 0.496896
2013 07 02 07 08 56 0.748288
2013 07 02 07 08 57 0.000256
2013 07 02 07 08 57 0.251648
2013 07 02 07 08 57 0.503552
2013 07 02 07 08 57 0.754944
2013 07 02 07 08 58 0.006912
2013 07 02 07 08 58 0.258304
2013 07 02 07 08 58 0.510208
2013 07 02 07 08 58 0.761600
2013 07 02 07 08 59 0.013312
2013 07 02 07 08 59 0.264960
2013 07 02 07 08 59 0.516864
2013 07 02 07 08 59 0.768256
2013 07 02 07 09 00 0.019968
2013 07 02 07 09 00 0.271616
2013 07 02 07 09 00 0.523264
2013 07 02 07 09 00 0.774912
2013 07 02 07 09 01 0.026624
2013 07 02 07 09 01 0.278272
2013 07 02 07 09 01 0.529920
2013 07 02 07 09 01 0.781568
2013 07 02 07 09 02 0.033280
2013 07 02 07 09 02 0.284928
2013 07 02 07 09 02 0.536576
2013 07 02 07 09 02 0.788224
2013 07 02 07 09 03 0.039936
2013 07 02 07 09 03 0.291584
2013 07 02 07 09 03 0.543232
2013 07 02 07 09 03 0.794880
2013 07 02 07 09 04 0.046592
2013 07 02 07 09 04 0.298240
2013 07 02 07 09 04 0.549888
2013 07 02 07 09 04 0.801536
2013 07 02 07 09 05 0.053248
2013 07 02 07 09 05 0.304640
2013 07 02 07 09 05 0.556544
2013 07 02 07 09 05 0.808192
2013 07 02 07 09 06 0.059904
2013 07 02 07 09 06 0.311296
2013 07 02 07 09 06 0.563200
2013 07 02 07 09 06 0.814848
2013 07 02 07 09 07 0.066560
2013 07 02 07 09 07 0.317952
2013 07 02 07 09 07 0.569856
2013 07 02 07 09 07 0.821248
2013 07 02 07 09 08 0.073216
2013 07 02 07 09 08 0.324608
2013 07 02 07 09 08 0.576512
2013 07 02 07 09 08 0.827904
2013 07 02 07 09 09 0.079872
2013 07 02 07 09 09 0.331264
2013 07 02 07 09 09 0.583168
2013 07 02 07 09 09 0.834560
2013 07 02 07 09 10 0.086528
2013 07 02 07 09 10 0.337920
2013 07 02 07 09 10 0.589824
2013 07 02 07 09 10 0.841216
2013 07 02 07 09 11 0.093184
2013 07 02 07 09 11 0.344576
2013 07 02 07 09 11 0.596480
2013 07 02 07 09 11 0.847872
2013 07 02 07 09 12 0.099840
2013 07 02 07 09 12 0.351232
2013 07 02 07 09 12 0.603136
2013 07 02 07 09 12 0.854528
2013 07 02 07 09 13 0.106496
2013 07 02 07 09 13 0.357888
2013 07 02 07 09 13 0.609792
2013 07 02 07 09 13 0.861184
2013 07 02 07 09 14 0.112896
2013 07 02 07 09 14 0.364544
2013 07 02 07 09 14 0.616192
2013 07 02 07 09 14 0.867840
2013 07 02 07 09 15 0.119552
2013 07 02 07 09 15 0.371200
2013 07 02 07 09 15 0.622848
2013 07 02 07 09 15 0.874496
2013 07 02 07 09 16 0.126208
2013 07 02 07 09 16 0.377856
2013 07 02 07 09 16 0.629504
2013 07 02 07 09 16 0.881152
2013 07 02 07 09 17 0.132864
2013 07 02 07 09 17 0.384512
2013 07 02 07 09 17 0.636160
2013 07 02 07 09 17 0.887808
2013 07 02 07 09 18 0.139520
2013 07 02 07 09 18 0.391168
2013 07 02 07 09 18 0.642816
2013 07 02 07 09 18 0.894464
2013 07 02 07 09 19 0.146176
2013 07 02 07 09 19 0.397568
2013 07 02 07 09 19 0.649472
2013 07 02 07 09 19 0.900864
2013 07 02 07 09 20 0.152832
2013 07 02 07 09 20 0.404224
2013 07 02 07 09 20 0.656128
2013 07 02 07 09 20 0.907520
2013 07 02 07 09 21 0.159488
2013 07 02 07 09 21 0.410880
2013 07 02 07 09 21 0.662784
2013 07 02 07 09 21 0.914176
2013 07 02 07 09 22 0.166144
2013 07 02 07 09 22 0.417536
2013 07 02 07 09 22 0.669440
2013 07 02 07 09 22 0.920832
2013 07 02 07 09 23 0.172800
2013 07 02 07 09 23 0.424192
2013 07 02 07 09 23 0.676096
2013 07 02 07 09 23 0.927488
2013 07 02 07 09 24 0.179456
2013 07 02 07 09 24 0.430848
2013 07 02 07 09 24 0.682752
2013 07 02 07 09 24 0.934144
2013 07 02 07 09 25 0.186112
2013 07 02 07 09 25 0.437504
2013 07 02 07 09 25 0.689408
2013 07 02 07 09 25 0.940800
2013 07 02 07 09 26 0.192768
2013 07 02 07 09 26 0.444160
2013 07 02 07 09 26 0.696064
2013 07 02 07 09 26 0.947456
2013 07 02 07 09 27 0.199424
2013 07 02 07 09 27 0.450816
2013 07 02 07 09 27 0.702720
2013 07 02 07 09 27 0.954112
2013 07 02 07 09 28 0.205824
2013 07 02 07 09 28 0.457472
2013 07 02 07 09 28 0.709376
2013 07 02 07 09 28 0.960768
2013 07 02 07 09 29 0.212480
2013 07 02 07 09 29 0.464128
2013 07 02 07 09 29 0.715776
2013 07 02 07 09 29 0.967424
2013 07 02 07 09 30 0.219136
2013 07 02 07 09 30 0.470784
2013 07 02 07 09 30 0.722432
2013 07 02 07 09 30 0.974080
2013 07 02 07 09 31 0.225792
2013 07 02 07 09 31 0.477184
2013 07 02 07 09 31 0.729088
2013 07 02 07 09 31 0.980736
2013 07 02 07 09 32 0.232448
2013 07 02 07 09 32 0.483840
2013 07 02 07 09 32 0.735744
2013 07 02 07 09 32 0.987392
2013 07 02 07 09 33 0.239104
2013 07 02 07 09 33 0.490496
2013 07 02 07 09 33 0.742400
2013 07 02 07 09 33 0.993792
2013 07 02 07 09 34 0.245760
2013 07 02 07 09 34 0.497152
2013 07 02 07 09 34 0.749056
2013 07 02 07 09 35 0.000512
2013 07 02 07 09 35 0.252416
2013 07 02 07 09 35 0.503808
2013 07 02 07 09 35 0.755712
2013 07 02 07 09 36 0.007168
2013 07 02 07 09 36 0.259072
2013 07 02 07 09 36 0.510464
2013 07 02 07 09 36 0.762368
2013 07 02 07 09 37 0.013824
2013 07 02 07 09 37 0.265472
2013 07 02 07 09 37 0.517120
2013 07 02 07 09 37 0.769024
2013 07 02 07 09 38 0.020480
2013 07 02 07 09 38 0.272128
2013 07 02 07 09 38 0.523776
2013 07 02 07 09 38 0.775680
2013 07 02 07 09 39 0.027136
2013 07 02 07 09 39 0.278784
2013 07 02 07 09 39 0.530432
2013 07 02 07 09 39 0.782080
2013 07 02 07 09 40 0.033792
2013 07 02 07 09 40 0.285440
2013 07 02 07 09 40 0.537088
2013 07 02 07 09 40 0.788736
2013 07 02 07 09 41 0.040448
2013 07 02 07 09 41 0.292096
2013 07 02 07 09 41 0.543744
2013 07 02 07 09 41 0.795392
2013 07 02 07 09 42 0.046848
2013 07 02 07 09 42 0.298752
2013 07 02 07 09 42 0.550400
2013 07 02 07 09 42 0.802048
2013 07 02 07 09 43 0.053504
2013 07 02 07 09 43 0.305408
2013 07 02 07 09 43 0.556800
2013 07 02 07 09 43 0.808704
2013 07 02 07 09 44 0.060160
2013 07 02 07 09 44 0.312064
2013 07 02 07 09 44 0.563456
2013 07 02 07 09 44 0.815360
2013 07 02 07 09 45 0.066816
2013 07 02 07 09 45 0.318720
2013 07 02 07 09 45 0.570112
2013 07 02 07 09 45 0.822016
2013 07 02 07 09 46 0.073472
2013 07 02 07 09 46 0.325376
2013 07 02 07 09 46 0.576768
2013 07 02 07 09 46 0.828672
2013 07 02 07 09 47 0.080128
2013 07 02 07 09 47 0.332032
2013 07 02 07 09 47 0.583424
2013 07 02 07 09 47 0.835328
2013 07 02 07 09 48 0.086784
2013 07 02 07 09 48 0.338688
2013 07 02 07 09 48 0.590080
2013 07 02 07 09 48 0.841984
2013 07 02 07 09 49 0.093440
2013 07 02 07 09 49 0.345344
2013 07 02 07 09 49 0.596736
2013 07 02 07 09 49 0.848640
2013 07 02 07 09 50 0.100096
2013 07 02 07 09 50 0.352000
2013 07 02 07 09 50 0.603392
2013 07 02 07 09 50 0.855296
2013 07 02 07 09 51 0.106752
2013 07 02 07 09 51 0.358656
2013 07 02 07 09 51 0.610048
2013 07 02 07 09 51 0.861952
2013 07 02 07 09 52 0.113408
2013 07 02 07 09 52 0.365056
2013 07 02 07 09 52 0.616704
2013 07 02 07 09 52 0.868608
2013 07 02 07 09 53 0.120064
2013 07 02 07 09 53 0.371712
2013 07 02 07 09 53 0.623360
2013 07 02 07 09 53 0.875008
2013 07 02 07 09 54 0.126720
2013 07 02 07 09 54 0.378368
2013 07 02 07 09 54 0.630016
2013 07 02 07 09 54 0.881664
2013 07 02 07 09 55 0.133376
2013 07 02 07 09 55 0.385024
2013 07 02 07 09 55 0.636672
2013 07 02 07 09 55 0.888320
2013 07 02 07 09 56 0.139776
2013 07 02 07 09 56 0.391680
2013 07 02 07 09 56 0.643072
2013 07 02 07 09 56 0.894976
2013 07 02 07 09 57 0.146432
2013 07 02 07 09 57 0.398336
2013 07 02 07 09 57 0.649728
2013 07 02 07 09 57 0.901632
2013 07 02 07 09 58 0.153088
2013 07 02 07 09 58 0.404992
2013 07 02 07 09 58 0.656384
2013 07 02 07 09 58 0.908288
2013 07 02 07 09 59 0.159744
2013 07 02 07 09 59 0.411648
2013 07 02 07 09 59 0.663040
2013 07 02 07 09 59 0.914944
2013 07 02 07 10 00 0.166400
2013 07 02 07 10 00 0.418304
2013 07 02 07 10 00 0.669696
2013 07 02 07 10 00 0.921600
2013 07 02 07 10 01 0.173056
2013 07 02 07 10 01 0.424960
2013 07 02 07 10 01 0.676352
2013 07 02 07 10 01 0.928256
2013 07 02 07 10 02 0.179712
2013 07 02 07 10 02 0.431616
2013 07 02 07 10 02 0.683008
2013 07 02 07 10 02 0.934912
2013 07 02 07 10 03 0.186368
2013 07 02 07 10 03 0.438016
2013 07 02 07 10 03 0.689664
2013 07 02 07 10 03 0.941568
2013 07 02 07 10 04 0.193024
2013 07 02 07 10 04 0.444672
2013 07 02 07 10 04 0.696320
2013 07 02 07 10 04 0.948224
2013 07 02 07 10 05 0.199680
2013 07 02 07 10 05 0.451328
2013 07 02 07 10 05 0.702976
2013 07 02 07 10 05 0.954880
2013 07 02 07 10 06 0.206336
2013 07 02 07 10 06 0.457984
2013 07 02 07 10 06 0.709632
2013 07 02 07 10 06 0.961280
2013 07 02 07 10 07 0.212992
2013 07 02 07 10 07 0.464640
2013 07 02 07 10 07 0.716288
2013 07 02 07 10 07 0.967936
2013 07 02 07 10 08 0.219392
2013 07 02 07 10 08 0.471296
2013 07 02 07 10 08 0.722944
2013 07 02 07 10 08 0.974592
2013 07 02 07 10 09 0.226048
2013 07 02 07 10 09 0.477952
2013 07 02 07 10 09 0.729344
2013 07 02 07 10 09 0.981248
2013 07 02 07 10 10 0.232704
2013 07 02 07 10 10 0.484608
2013 07 02 07 10 10 0.736000
2013 07 02 07 10 10 0.987904
2013 07 02 07 10 11 0.239360
2013 07 02 07 10 11 0.491264
2013 07 02 07 10 11 0.742656
2013 07 02 07 10 11 0.994560
2013 07 02 07 10 12 0.246016
2013 07 02 07 10 12 0.497920
2013 07 02 07 10 12 0.749312
2013 07 02 07 10 13 0.001280
2013 07 02 07 10 13 0.252672
2013 07 02 07 10 13 0.504576
2013 07 02 07 10 13 0.755968
2013 07 02 07 10 14 0.007680
2013 07 02 07 10 14 0.259328
2013 07 02 07 10 14 0.511232
2013 07 02 07 10 14 0.762624
2013 07 02 07 10 15 0.014336
2013 07 02 07 10 15 0.265984
2013 07 02 07 10 15 0.517632
2013 07 02 07 10 15 0.769280
2013 07 02 07 10 16 0.020992
2013 07 02 07 10 16 0.272640
2013 07 02 07 10 16 0.524288
2013 07 02 07 10 16 0.775936
2013 07 02 07 10 17 0.027648
2013 07 02 07 10 17 0.279296
2013 07 02 07 10 17 0.530944
2013 07 02 07 10 17 0.782592
2013 07 02 07 10 18 0.034304
2013 07 02 07 10 18 0.285952
2013 07 02 07 10 18 0.537600
2013 07 02 07 10 18 0.789248
2013 07 02 07 10 19 0.040960
2013 07 02 07 10 19 0.292608
2013 07 02 07 10 19 0.544256
2013 07 02 07 10 19 0.795904
2013 07 02 07 10 20 0.047616
2013 07 02 07 10 20 0.299008
2013 07 02 07 10 20 0.550912
2013 07 02 07 10 20 0.802560
2013 07 02 07 10 21 0.054272
2013 07 02 07 10 21 0.305664
2013 07 02 07 10 21 0.557568
2013 07 02 07 10 21 0.808960
2013 07 02 07 10 22 0.060928
2013 07 02 07 10 22 0.312320
2013 07 02 07 10 22 0.564224
2013 07 02 07 10 22 0.815616
2013 07 02 07 10 23 0.067584
2013 07 02 07 10 23 0.318976
2013 07 02 07 10 23 0.570880
2013 07 02 07 10 23 0.822272
2013 07 02 07 10 24 0.074240
2013 07 02 07 10 24 0.325632
2013 07 02 07 10 24 0.577536
2013 07 02 07 10 24 0.828928
2013 07 02 07 10 25 0.080896
2013 07 02 07 10 25 0.332288
2013 07 02 07 10 25 0.584192
2013 07 02 07 10 25 0.835584
2013 07 02 07 10 26 0.087552
2013 07 02 07 10 26 0.338944
2013 07 02 07 10 26 0.590848
2013 07 02 07 10 26 0.842240
2013 07 02 07 10 27 0.094208
2013 07 02 07 10 27 0.345600
2013 07 02 07 10 27 0.597504
2013 07 02 07 10 27 0.848896
2013 07 02 07 10 28 0.100864
2013 07 02 07 10 28 0.352256
2013 07 02 07 10 28 0.604160
2013 07 02 07 10 28 0.855552
2013 07 02 07 10 29 0.107264
2013 07 02 07 10 29 0.358912
2013 07 02 07 10 29 0.610560
2013 07 02 07 10 29 0.862208
2013 07 02 07 10 30 0.113920
2013 07 02 07 10 30 0.365568
2013 07 02 07 10 30 0.617472
2013 07 02 07 10 30 0.868864
2013 07 02 07 10 31 0.120576
2013 07 02 07 10 31 0.372224
2013 07 02 07 10 31 0.623872
2013 07 02 07 10 31 0.875520
2013 07 02 07 10 32 0.127232
2013 07 02 07 10 32 0.378880
2013 07 02 07 10 32 0.630528
2013 07 02 07 10 32 0.882176
2013 07 02 07 10 33 0.133888
2013 07 02 07 10 33 0.385280
2013 07 02 07 10 33 0.637184
2013 07 02 07 10 33 0.888832
2013 07 02 07 10 34 0.140544
2013 07 02 07 10 34 0.391936
2013 07 02 07 10 34 0.643840
2013 07 02 07 10 34 0.895232
2013 07 02 07 10 35 0.147200
2013 07 02 07 10 35 0.398592
2013 07 02 07 10 35 0.650496
2013 07 02 07 10 35 0.901888
2013 07 02 07 10 36 0.153856
2013 07 02 07 10 36 0.405248
2013 07 02 07 10 36 0.657152
2013 07 02 07 10 36 0.908544
2013 07 02 07 10 37 0.160512
2013 07 02 07 10 37 0.411904
2013 07 02 07 10 37 0.663808
2013 07 02 07 10 37 0.915200
2013 07 02 07 10 38 0.167168
2013 07 02 07 10 38 0.418560
2013 07 02 07 10 38 0.670464
2013 07 02 07 10 38 0.921856
2013 07 02 07 10 39 0.173568
2013 07 02 07 10 39 0.425216
2013 07 02 07 10 39 0.677120
2013 07 02 07 10 39 0.928512
2013 07 02 07 10 40 0.180224
2013 07 02 07 10 40 0.431872
2013 07 02 07 10 40 0.683776
2013 07 02 07 10 40 0.935168
2013 07 02 07 10 41 0.186880
2013 07 02 07 10 41 0.438528
2013 07 02 07 10 41 0.690176
2013 07 02 07 10 41 0.941824
2013 07 02 07 10 42 0.193536
2013 07 02 07 10 42 0.445184
2013 07 02 07 10 42 0.696832
2013 07 02 07 10 42 0.948480
2013 07 02 07 10 43 0.200192
2013 07 02 07 10 43 0.451840
2013 07 02 07 10 43 0.703488
2013 07 02 07 10 43 0.955136
2013 07 02 07 10 44 0.206848
2013 07 02 07 10 44 0.458496
2013 07 02 07 10 44 0.710144
2013 07 02 07 10 44 0.961792
2013 07 02 07 10 45 0.213504
2013 07 02 07 10 45 0.464896
2013 07 02 07 10 45 0.716800
2013 07 02 07 10 45 0.968448
2013 07 02 07 10 46 0.220160
2013 07 02 07 10 46 0.471552
2013 07 02 07 10 46 0.723456
2013 07 02 07 10 46 0.974848
2013 07 02 07 10 47 0.226816
2013 07 02 07 10 47 0.478208
2013 07 02 07 10 47 0.730112
2013 07 02 07 10 47 0.981504
2013 07 02 07 10 48 0.233472
2013 07 02 07 10 48 0.484864
2013 07 02 07 10 48 0.736768
2013 07 02 07 10 48 0.988160
2013 07 02 07 10 49 0.240128
2013 07 02 07 10 49 0.491520
2013 07 02 07 10 49 0.743424
2013 07 02 07 10 49 0.994816
2013 07 02 07 10 50 0.246784
2013 07 02 07 10 50 0.498176
2013 07 02 07 10 50 0.750080
2013 07 02 07 10 51 0.001536
2013 07 02 07 10 51 0.253440
2013 07 02 07 10 51 0.504832
2013 07 02 07 10 51 0.756736
2013 07 02 07 10 52 0.008192
2013 07 02 07 10 52 0.260096
2013 07 02 07 10 52 0.511488
2013 07 02 07 10 52 0.763392
2013 07 02 07 10 53 0.014848
2013 07 02 07 10 53 0.266752
2013 07 02 07 10 53 0.518144
2013 07 02 07 10 53 0.770048
2013 07 02 07 10 54 0.021504
2013 07 02 07 10 54 0.273152
2013 07 02 07 10 54 0.524800
2013 07 02 07 10 54 0.776448
2013 07 02 07 10 55 0.028160
2013 07 02 07 10 55 0.279808
2013 07 02 07 10 55 0.531456
2013 07 02 07 10 55 0.783104
2013 07 02 07 10 56 0.034816
2013 07 02 07 10 56 0.286464
2013 07 02 07 10 56 0.538112
2013 07 02 07 10 56 0.789760
2013 07 02 07 10 57 0.041216
2013 07 02 07 10 57 0.293120
2013 07 02 07 10 57 0.544768
2013 07 02 07 10 57 0.796416
2013 07 02 07 10 58 0.047872
2013 07 02 07 10 58 0.299776
2013 07 02 07 10 58 0.551168
2013 07 02 07 10 58 0.803072
2013 07 02 07 10 59 0.054528
2013 07 02 07 10 59 0.306432
2013 07 02 07 10 59 0.557824
2013 07 02 07 10 59 0.809728
2013 07 02 07 11 00 0.061184
2013 07 02 07 11 00 0.313088
2013 07 02 07 11 00 0.564480
2013 07 02 07 11 00 0.816384
2013 07 02 07 11 01 0.067840
2013 07 02 07 11 01 0.319744
2013 07 02 07 11 01 0.571136
2013 07 02 07 11 01 0.823040
2013 07 02 07 11 02 0.074496
2013 07 02 07 11 02 0.326400
2013 07 02 07 11 02 0.577792
2013 07 02 07 11 02 0.829696
2013 07 02 07 11 03 0.081152
2013 07 02 07 11 03 0.333056
2013 07 02 07 11 03 0.584448
2013 07 02 07 11 03 0.836352
2013 07 02 07 11 04 0.087808
2013 07 02 07 11 04 0.339712
2013 07 02 07 11 04 0.591104
2013 07 02 07 11 04 0.843008
2013 07 02 07 11 05 0.094464
2013 07 02 07 11 05 0.346368
2013 07 02 07 11 05 0.597760
2013 07 02 07 11 05 0.849664
2013 07 02 07 11 06 0.101120
2013 07 02 07 11 06 0.352768
2013 07 02 07 11 06 0.604416
2013 07 02 07 11 06 0.856320
2013 07 02 07 11 07 0.107776
2013 07 02 07 11 07 0.359424
2013 07 02 07 11 07 0.611072
2013 07 02 07 11 07 0.862976
2013 07 02 07 11 08 0.114432
2013 07 02 07 11 08 0.366080
2013 07 02 07 11 08 0.617728
2013 07 02 07 11 08 0.869376
2013 07 02 07 11 09 0.120832
2013 07 02 07 11 09 0.372736
2013 07 02 07 11 09 0.624384
2013 07 02 07 11 09 0.876032
2013 07 02 07 11 10 0.127488
2013 07 02 07 11 10 0.379392
2013 07 02 07 11 10 0.630784
2013 07 02 07 11 10 0.882688
2013 07 02 07 11 11 0.134144
2013 07 02 07 11 11 0.386048
2013 07 02 07 11 11 0.637440
2013 07 02 07 11 11 0.889344
2013 07 02 07 11 12 0.140800
2013 07 02 07 11 12 0.392704
2013 07 02 07 11 12 0.644096
2013 07 02 07 11 12 0.896000
2013 07 02 07 11 13 0.147456
2013 07 02 07 11 13 0.399360
2013 07 02 07 11 13 0.650752
2013 07 02 07 11 13 0.902656
2013 07 02 07 11 14 0.154112
2013 07 02 07 11 14 0.406016
2013 07 02 07 11 14 0.657408
2013 07 02 07 11 14 0.909312
2013 07 02 07 11 15 0.160768
2013 07 02 07 11 15 0.412672
2013 07 02 07 11 15 0.664064
2013 07 02 07 11 15 0.915968
2013 07 02 07 11 16 0.167424
2013 07 02 07 11 16 0.419072
2013 07 02 07 11 16 0.670720
2013 07 02 07 11 16 0.922624
2013 07 02 07 11 17 0.174080
2013 07 02 07 11 17 0.425728
2013 07 02 07 11 17 0.677376
2013 07 02 07 11 17 0.929024
2013 07 02 07 11 18 0.180736
2013 07 02 07 11 18 0.432384
2013 07 02 07 11 18 0.684032
2013 07 02 07 11 18 0.935680
2013 07 02 07 11 19 0.187392
2013 07 02 07 11 19 0.439040
2013 07 02 07 11 19 0.690688
2013 07 02 07 11 19 0.942336
2013 07 02 07 11 20 0.194048
2013 07 02 07 11 20 0.445696
2013 07 02 07 11 20 0.697344
2013 07 02 07 11 20 0.948992
2013 07 02 07 11 21 0.200448
2013 07 02 07 11 21 0.452352
2013 07 02 07 11 21 0.704000
2013 07 02 07 11 21 0.955648
2013 07 02 07 11 22 0.207104
2013 07 02 07 11 22 0.459008
2013 07 02 07 11 22 0.710400
2013 07 02 07 11 22 0.962304
2013 07 02 07 11 23 0.213760
2013 07 02 07 11 23 0.465664
2013 07 02 07 11 23 0.717056
2013 07 02 07 11 23 0.968960
2013 07 02 07 11 24 0.220416
2013 07 02 07 11 24 0.472320
2013 07 02 07 11 24 0.723712
2013 07 02 07 11 24 0.975616
2013 07 02 07 11 25 0.227072
2013 07 02 07 11 25 0.478976
2013 07 02 07 11 25 0.730368
2013 07 02 07 11 25 0.982272
2013 07 02 07 11 26 0.233728
2013 07 02 07 11 26 0.485632
2013 07 02 07 11 26 0.737024
2013 07 02 07 11 26 0.988928
2013 07 02 07 11 27 0.240384
2013 07 02 07 11 27 0.492288
2013 07 02 07 11 27 0.743680
2013 07 02 07 11 27 0.995584
2013 07 02 07 11 28 0.247040
2013 07 02 07 11 28 0.498944
2013 07 02 07 11 28 0.750336
2013 07 02 07 11 29 0.002304
2013 07 02 07 11 29 0.253696
2013 07 02 07 11 29 0.505600
2013 07 02 07 11 29 0.756992
2013 07 02 07 11 30 0.008960
2013 07 02 07 11 30 0.260352
2013 07 02 07 11 30 0.512000
2013 07 02 07 11 30 0.763648
2013 07 02 07 11 31 0.015360
2013 07 02 07 11 31 0.267008
2013 07 02 07 11 31 0.518656
2013 07 02 07 11 31 0.770304
2013 07 02 07 11 32 0.022016
2013 07 02 07 11 32 0.273664
2013 07 02 07 11 32 0.525312
2013 07 02 07 11 32 0.776960
2013 07 02 07 11 33 0.028672
2013 07 02 07 11 33 0.280320
2013 07 02 07 11 33 0.531968
2013 07 02 07 11 33 0.783616
2013 07 02 07 11 34 0.035328
2013 07 02 07 11 34 0.286720
2013 07 02 07 11 34 0.538624
2013 07 02 07 11 34 0.790272
2013 07 02 07 11 35 0.041984
2013 07 02 07 11 35 0.293376
2013 07 02 07 11 35 0.545280
2013 07 02 07 11 35 0.796672
2013 07 02 07 11 36 0.048640
2013 07 02 07 11 36 0.300032
2013 07 02 07 11 36 0.551936
2013 07 02 07 11 36 0.803328
2013 07 02 07 11 37 0.055296
2013 07 02 07 11 37 0.306688
2013 07 02 07 11 37 0.558592
2013 07 02 07 11 37 0.809984
2013 07 02 07 11 38 0.061952
2013 07 02 07 11 38 0.313344
2013 07 02 07 11 38 0.565248
2013 07 02 07 11 38 0.816640
2013 07 02 07 11 39 0.068352
2013 07 02 07 11 39 0.320000
2013 07 02 07 11 39 0.571904
2013 07 02 07 11 39 0.823296
2013 07 02 07 11 40 0.075008
2013 07 02 07 11 40 0.326656
2013 07 02 07 11 40 0.578304
2013 07 02 07 11 40 0.829952
2013 07 02 07 11 41 0.081664
2013 07 02 07 11 41 0.333312
2013 07 02 07 11 41 0.584960
2013 07 02 07 11 41 0.836608
2013 07 02 07 11 42 0.088320
2013 07 02 07 11 42 0.339968
2013 07 02 07 11 42 0.591616
2013 07 02 07 11 42 0.843264
2013 07 02 07 11 43 0.094976
2013 07 02 07 11 43 0.346624
2013 07 02 07 11 43 0.598272
2013 07 02 07 11 43 0.849920
2013 07 02 07 11 44 0.101632
2013 07 02 07 11 44 0.353280
2013 07 02 07 11 44 0.604928
2013 07 02 07 11 44 0.856576
2013 07 02 07 11 45 0.108288
2013 07 02 07 11 45 0.359936
2013 07 02 07 11 45 0.611584
2013 07 02 07 11 45 0.863232
2013 07 02 07 11 46 0.114944
2013 07 02 07 11 46 0.366336
2013 07 02 07 11 46 0.618240
2013 07 02 07 11 46 0.869888
2013 07 02 07 11 47 0.121600
2013 07 02 07 11 47 0.372992
2013 07 02 07 11 47 0.624896
2013 07 02 07 11 47 0.876288
2013 07 02 07 11 48 0.128256
2013 07 02 07 11 48 0.379648
2013 07 02 07 11 48 0.631552
2013 07 02 07 11 48 0.882944
2013 07 02 07 11 49 0.134912
2013 07 02 07 11 49 0.386304
2013 07 02 07 11 49 0.638208
2013 07 02 07 11 49 0.889600
2013 07 02 07 11 50 0.141568
2013 07 02 07 11 50 0.392960
2013 07 02 07 11 50 0.644864
2013 07 02 07 11 50 0.896256
2013 07 02 07 11 51 0.148224
2013 07 02 07 11 51 0.399616
2013 07 02 07 11 51 0.651520
2013 07 02 07 11 51 0.902912
2013 07 02 07 11 52 0.154880
2013 07 02 07 11 52 0.406272
2013 07 02 07 11 52 0.658176
2013 07 02 07 11 52 0.909568
2013 07 02 07 11 53 0.161280
2013 07 02 07 11 53 0.412928
2013 07 02 07 11 53 0.664832
2013 07 02 07 11 53 0.916224
2013 07 02 07 11 54 0.167936
2013 07 02 07 11 54 0.419584
2013 07 02 07 11 54 0.671232
2013 07 02 07 11 54 0.922880
2013 07 02 07 11 55 0.174848
2013 07 02 07 11 55 0.426240
2013 07 02 07 11 55 0.677888
2013 07 02 07 11 55 0.929536
2013 07 02 07 11 56 0.181248
2013 07 02 07 11 56 0.432896
2013 07 02 07 11 56 0.684544
2013 07 02 07 11 56 0.936192
2013 07 02 07 11 57 0.187904
2013 07 02 07 11 57 0.439552
2013 07 02 07 11 57 0.691200
2013 07 02 07 11 57 0.942848
2013 07 02 07 11 58 0.194560
2013 07 02 07 11 58 0.445952
2013 07 02 07 11 58 0.697856
2013 07 02 07 11 58 0.949504
2013 07 02 07 11 59 0.201216
2013 07 02 07 11 59 0.452608
2013 07 02 07 11 59 0.704512
2013 07 02 07 11 59 0.955904
2013 07 02 07 12 00 0.207872
2013 07 02 07 12 00 0.459264
2013 07 02 07 12 00 0.711168
2013 07 02 07 12 00 0.962560
2013 07 02 07 12 01 0.214528
2013 07 02 07 12 01 0.465920
2013 07 02 07 12 01 0.717824
2013 07 02 07 12 01 0.969216
2013 07 02 07 12 02 0.221184
2013 07 02 07 12 02 0.472576
2013 07 02 07 12 02 0.724480
2013 07 02 07 12 02 0.976128
2013 07 02 07 12 03 0.227840
2013 07 02 07 12 03 0.479232
2013 07 02 07 12 03 0.731136
2013 07 02 07 12 03 0.982528
2013 07 02 07 12 04 0.234496
2013 07 02 07 12 04 0.485888
2013 07 02 07 12 04 0.737792
2013 07 02 07 12 04 0.989184
2013 07 02 07 12 05 0.241152
2013 07 02 07 12 05 0.492544
2013 07 02 07 12 05 0.744448
2013 07 02 07 12 05 0.995840
2013 07 02 07 12 06 0.247552
2013 07 02 07 12 06 0.499200
2013 07 02 07 12 06 0.751104
2013 07 02 07 12 07 0.002560
2013 07 02 07 12 07 0.254208
2013 07 02 07 12 07 0.505856
2013 07 02 07 12 07 0.757760
2013 07 02 07 12 08 0.009216
2013 07 02 07 12 08 0.260864
2013 07 02 07 12 08 0.512512
2013 07 02 07 12 08 0.764160
2013 07 02 07 12 09 0.015872
2013 07 02 07 12 09 0.267520
2013 07 02 07 12 09 0.519168
2013 07 02 07 12 09 0.770816
2013 07 02 07 12 10 0.022272
2013 07 02 07 12 10 0.274176
2013 07 02 07 12 10 0.525824
2013 07 02 07 12 10 0.777472
2013 07 02 07 12 11 0.028928
2013 07 02 07 12 11 0.280832
2013 07 02 07 12 11 0.532224
2013 07 02 07 12 11 0.784128
2013 07 02 07 12 12 0.035584
2013 07 02 07 12 12 0.287488
2013 07 02 07 12 12 0.538880
2013 07 02 07 12 12 0.790784
2013 07 02 07 12 13 0.042240
2013 07 02 07 12 13 0.294144
2013 07 02 07 12 13 0.545536
2013 07 02 07 12 13 0.797440
2013 07 02 07 12 14 0.048896
2013 07 02 07 12 14 0.300800
2013 07 02 07 12 14 0.552192
2013 07 02 07 12 14 0.804096
2013 07 02 07 12 15 0.055552
2013 07 02 07 12 15 0.307456
2013 07 02 07 12 15 0.558848
2013 07 02 07 12 15 0.810752
2013 07 02 07 12 16 0.062208
2013 07 02 07 12 16 0.313856
2013 07 02 07 12 16 0.565504
2013 07 02 07 12 16 0.817408
2013 07 02 07 12 17 0.068864
2013 07 02 07 12 17 0.320512
2013 07 02 07 12 17 0.572160
2013 07 02 07 12 17 0.824064
2013 07 02 07 12 18 0.075520
2013 07 02 07 12 18 0.327168
2013 07 02 07 12 18 0.578816
2013 07 02 07 12 18 0.830464
2013 07 02 07 12 19 0.082176
2013 07 02 07 12 19 0.333824
2013 07 02 07 12 19 0.585472
2013 07 02 07 12 19 0.837120
2013 07 02 07 12 20 0.088832
2013 07 02 07 12 20 0.340480
2013 07 02 07 12 20 0.592128
2013 07 02 07 12 20 0.843776
2013 07 02 07 12 21 0.095488
2013 07 02 07 12 21 0.347136
2013 07 02 07 12 21 0.598784
2013 07 02 07 12 21 0.850432
2013 07 02 07 12 22 0.101888
2013 07 02 07 12 22 0.353792
2013 07 02 07 12 22 0.605440
2013 07 02 07 12 22 0.857088
2013 07 02 07 12 23 0.108544
2013 07 02 07 12 23 0.360448
2013 07 02 07 12 23 0.611840
2013 07 02 07 12 23 0.863744
2013 07 02 07 12 24 0.115200
2013 07 02 07 12 24 0.367104
2013 07 02 07 12 24 0.618496
2013 07 02 07 12 24 0.870400
2013 07 02 07 12 25 0.121856
2013 07 02 07 12 25 0.373760
2013 07 02 07 12 25 0.625152
2013 07 02 07 12 25 0.877056
2013 07 02 07 12 26 0.128512
2013 07 02 07 12 26 0.380416
2013 07 02 07 12 26 0.631808
2013 07 02 07 12 26 0.883712
2013 07 02 07 12 27 0.135168
2013 07 02 07 12 27 0.387072
2013 07 02 07 12 27 0.638464
2013 07 02 07 12 27 0.890368
2013 07 02 07 12 28 0.141824
2013 07 02 07 12 28 0.393728
2013 07 02 07 12 28 0.645120
2013 07 02 07 12 28 0.897024
2013 07 02 07 12 29 0.148480
2013 07 02 07 12 29 0.400384
2013 07 02 07 12 29 0.651776
2013 07 02 07 12 29 0.903680
2013 07 02 07 12 30 0.155136
2013 07 02 07 12 30 0.407040
2013 07 02 07 12 30 0.658432
2013 07 02 07 12 30 0.910336
2013 07 02 07 12 31 0.161792
2013 07 02 07 12 31 0.413440
2013 07 02 07 12 31 0.665088
2013 07 02 07 12 31 0.916736
2013 07 02 07 12 32 0.168448
2013 07 02 07 12 32 0.420096
2013 07 02 07 12 32 0.671744
2013 07 02 07 12 32 0.923392
2013 07 02 07 12 33 0.175104
2013 07 02 07 12 33 0.426752
2013 07 02 07 12 33 0.678400
2013 07 02 07 12 33 0.930048
2013 07 02 07 12 34 0.181504
2013 07 02 07 12 34 0.433408
2013 07 02 07 12 34 0.685056
2013 07 02 07 12 34 0.936960
2013 07 02 07 12 35 0.188160
2013 07 02 07 12 35 0.440064
2013 07 02 07 12 35 0.691456
2013 07 02 07 12 35 0.943360
2013 07 02 07 12 36 0.194816
2013 07 02 07 12 36 0.446720
2013 07 02 07 12 36 0.698112
2013 07 02 07 12 36 0.950016
2013 07 02 07 12 37 0.201472
2013 07 02 07 12 37 0.453376
2013 07 02 07 12 37 0.704768
2013 07 02 07 12 37 0.956672
2013 07 02 07 12 38 0.208128
2013 07 02 07 12 38 0.460032
2013 07 02 07 12 38 0.711424
2013 07 02 07 12 38 0.963328
2013 07 02 07 12 39 0.214784
2013 07 02 07 12 39 0.466688
2013 07 02 07 12 39 0.718080
2013 07 02 07 12 39 0.969984
2013 07 02 07 12 40 0.221440
2013 07 02 07 12 40 0.473088
2013 07 02 07 12 40 0.724736
2013 07 02 07 12 40 0.976640
2013 07 02 07 12 41 0.228096
2013 07 02 07 12 41 0.479744
2013 07 02 07 12 41 0.731392
2013 07 02 07 12 41 0.983296
2013 07 02 07 12 42 0.234752
2013 07 02 07 12 42 0.486400
2013 07 02 07 12 42 0.738048
2013 07 02 07 12 42 0.989696
2013 07 02 07 12 43 0.241408
2013 07 02 07 12 43 0.493056
2013 07 02 07 12 43 0.744704
2013 07 02 07 12 43 0.996608
2013 07 02 07 12 44 0.248064
2013 07 02 07 12 44 0.499712
2013 07 02 07 12 44 0.751360
2013 07 02 07 12 45 0.003072
2013 07 02 07 12 45 0.254720
2013 07 02 07 12 45 0.506368
2013 07 02 07 12 45 0.758016
2013 07 02 07 12 46 0.009728
2013 07 02 07 12 46 0.261120
2013 07 02 07 12 46 0.513024
2013 07 02 07 12 46 0.764672
2013 07 02 07 12 47 0.016384
2013 07 02 07 12 47 0.267776
2013 07 02 07 12 47 0.519680
2013 07 02 07 12 47 0.771072
2013 07 02 07 12 48 0.023040
2013 07 02 07 12 48 0.274432
2013 07 02 07 12 48 0.526336
2013 07 02 07 12 48 0.777728
2013 07 02 07 12 49 0.029696
2013 07 02 07 12 49 0.281088
2013 07 02 07 12 49 0.532992
2013 07 02 07 12 49 0.784384
2013 07 02 07 12 50 0.036352
2013 07 02 07 12 50 0.287744
2013 07 02 07 12 50 0.539648
2013 07 02 07 12 50 0.791040
2013 07 02 07 12 51 0.043008
2013 07 02 07 12 51 0.294400
2013 07 02 07 12 51 0.546304
2013 07 02 07 12 51 0.797696
2013 07 02 07 12 52 0.049664
2013 07 02 07 12 52 0.301056
2013 07 02 07 12 52 0.552960
2013 07 02 07 12 52 0.804352
2013 07 02 07 12 53 0.056320
2013 07 02 07 12 53 0.307712
2013 07 02 07 12 53 0.559616
2013 07 02 07 12 53 0.811008
2013 07 02 07 12 54 0.062720
2013 07 02 07 12 54 0.314368
2013 07 02 07 12 54 0.566016
2013 07 02 07 12 54 0.817664
2013 07 02 07 12 55 0.069376
2013 07 02 07 12 55 0.321024
2013 07 02 07 12 55 0.572672
2013 07 02 07 12 55 0.824320
2013 07 02 07 12 56 0.076032
2013 07 02 07 12 56 0.327680
2013 07 02 07 12 56 0.579328
2013 07 02 07 12 56 0.830976
2013 07 02 07 12 57 0.082688
2013 07 02 07 12 57 0.334336
2013 07 02 07 12 57 0.585984
2013 07 02 07 12 57 0.837632
2013 07 02 07 12 58 0.089344
2013 07 02 07 12 58 0.340736
2013 07 02 07 12 58 0.592640
2013 07 02 07 12 58 0.844288
2013 07 02 07 12 59 0.096000
2013 07 02 07 12 59 0.347392
2013 07 02 07 12 59 0.599296
2013 07 02 07 12 59 0.850688
2013 07 02 07 13 00 0.102656
2013 07 02 07 13 00 0.354048
2013 07 02 07 13 00 0.605952
2013 07 02 07 13 00 0.857344
2013 07 02 07 13 01 0.109312
2013 07 02 07 13 01 0.360704
2013 07 02 07 13 01 0.612608
2013 07 02 07 13 01 0.864000
2013 07 02 07 13 02 0.115968
2013 07 02 07 13 02 0.367360
2013 07 02 07 13 02 0.619264
2013 07 02 07 13 02 0.870656
2013 07 02 07 13 03 0.122368
2013 07 02 07 13 03 0.374016
2013 07 02 07 13 03 0.625920
2013 07 02 07 13 03 0.877312
2013 07 02 07 13 04 0.129280
2013 07 02 07 13 04 0.380672
2013 07 02 07 13 04 0.632576
2013 07 02 07 13 04 0.883968
2013 07 02 07 13 05 0.135936
2013 07 02 07 13 05 0.387328
2013 07 02 07 13 05 0.639232
2013 07 02 07 13 05 0.890624
2013 07 02 07 13 06 0.142592
2013 07 02 07 13 06 0.393984
2013 07 02 07 13 06 0.645888
2013 07 02 07 13 06 0.897280
2013 07 02 07 13 07 0.148992
2013 07 02 07 13 07 0.400640
2013 07 02 07 13 07 0.652544
2013 07 02 07 13 07 0.903936
2013 07 02 07 13 08 0.155648
2013 07 02 07 13 08 0.407296
2013 07 02 07 13 08 0.658944
2013 07 02 07 13 08 0.910592
2013 07 02 07 13 09 0.162304
2013 07 02 07 13 09 0.413952
2013 07 02 07 13 09 0.665600
2013 07 02 07 13 09 0.917248
2013 07 02 07 13 10 0.168960
2013 07 02 07 13 10 0.420352
2013 07 02 07 13 10 0.672256
2013 07 02 07 13 10 0.923904
2013 07 02 07 13 11 0.175616
2013 07 02 07 13 11 0.427008
2013 07 02 07 13 11 0.678912
2013 07 02 07 13 11 0.930560
2013 07 02 07 13 12 0.182272
2013 07 02 07 13 12 0.433664
2013 07 02 07 13 12 0.685568
2013 07 02 07 13 12 0.936960
2013 07 02 07 13 13 0.188928
2013 07 02 07 13 13 0.440320
2013 07 02 07 13 13 0.692224
2013 07 02 07 13 13 0.943616
2013 07 02 07 13 14 0.195584
2013 07 02 07 13 14 0.446976
2013 07 02 07 13 14 0.698880
2013 07 02 07 13 14 0.950272
2013 07 02 07 13 15 0.202240
2013 07 02 07 13 15 0.453632
2013 07 02 07 13 15 0.705536
2013 07 02 07 13 15 0.956928
2013 07 02 07 13 16 0.208640
2013 07 02 07 13 16 0.460288
2013 07 02 07 13 16 0.711936
2013 07 02 07 13 16 0.963584
2013 07 02 07 13 17 0.215296
2013 07 02 07 13 17 0.466944
2013 07 02 07 13 17 0.718592
2013 07 02 07 13 17 0.970240
2013 07 02 07 13 18 0.221952
2013 07 02 07 13 18 0.473600
2013 07 02 07 13 18 0.725248
2013 07 02 07 13 18 0.976896
2013 07 02 07 13 19 0.228608
2013 07 02 07 13 19 0.480256
2013 07 02 07 13 19 0.731904
2013 07 02 07 13 19 0.983552
2013 07 02 07 13 20 0.235264
2013 07 02 07 13 20 0.486912
2013 07 02 07 13 20 0.738560
2013 07 02 07 13 20 0.990208
2013 07 02 07 13 21 0.241920
2013 07 02 07 13 21 0.493568
2013 07 02 07 13 21 0.745216
2013 07 02 07 13 21 0.996864
2013 07 02 07 13 22 0.248576
2013 07 02 07 13 22 0.500224
2013 07 02 07 13 22 0.751872
2013 07 02 07 13 23 0.003328
2013 07 02 07 13 23 0.255232
2013 07 02 07 13 23 0.506624
2013 07 02 07 13 23 0.758528
2013 07 02 07 13 24 0.009984
2013 07 02 07 13 24 0.261888
2013 07 02 07 13 24 0.513280
2013 07 02 07 13 24 0.765184
2013 07 02 07 13 25 0.016640
2013 07 02 07 13 25 0.268544
2013 07 02 07 13 25 0.519936
2013 07 02 07 13 25 0.771840
2013 07 02 07 13 26 0.023296
2013 07 02 07 13 26 0.275200
2013 07 02 07 13 26 0.526592
2013 07 02 07 13 26 0.778496
2013 07 02 07 13 27 0.029952
2013 07 02 07 13 27 0.281856
2013 07 02 07 13 27 0.533248
2013 07 02 07 13 27 0.785152
2013 07 02 07 13 28 0.036608
2013 07 02 07 13 28 0.288512
2013 07 02 07 13 28 0.539904
2013 07 02 07 13 28 0.791808
2013 07 02 07 13 29 0.043264
2013 07 02 07 13 29 0.295168
2013 07 02 07 13 29 0.546560
2013 07 02 07 13 29 0.798464
2013 07 02 07 13 30 0.049920
2013 07 02 07 13 30 0.301824
2013 07 02 07 13 30 0.553216
2013 07 02 07 13 30 0.805120
2013 07 02 07 13 31 0.056576
2013 07 02 07 13 31 0.308480
2013 07 02 07 13 31 0.559872
2013 07 02 07 13 31 0.811776
2013 07 02 07 13 32 0.063232
2013 07 02 07 13 32 0.315136
2013 07 02 07 13 32 0.566528
2013 07 02 07 13 32 0.818432
2013 07 02 07 13 33 0.069888
2013 07 02 07 13 33 0.321792
2013 07 02 07 13 33 0.573184
2013 07 02 07 13 33 0.825088
2013 07 02 07 13 34 0.076544
2013 07 02 07 13 34 0.328192
2013 07 02 07 13 34 0.579840
2013 07 02 07 13 34 0.831488
2013 07 02 07 13 35 0.083200
2013 07 02 07 13 35 0.334848
2013 07 02 07 13 35 0.586496
2013 07 02 07 13 35 0.838144
2013 07 02 07 13 36 0.089856
2013 07 02 07 13 36 0.341504
2013 07 02 07 13 36 0.593152
2013 07 02 07 13 36 0.844800
2013 07 02 07 13 37 0.096256
2013 07 02 07 13 37 0.348160
2013 07 02 07 13 37 0.599808
2013 07 02 07 13 37 0.851456
2013 07 02 07 13 38 0.102912
2013 07 02 07 13 38 0.354816
2013 07 02 07 13 38 0.606208
2013 07 02 07 13 38 0.858112
2013 07 02 07 13 39 0.109568
2013 07 02 07 13 39 0.361472
2013 07 02 07 13 39 0.612864
2013 07 02 07 13 39 0.864768
2013 07 02 07 13 40 0.116224
2013 07 02 07 13 40 0.368128
2013 07 02 07 13 40 0.619520
2013 07 02 07 13 40 0.871424
2013 07 02 07 13 41 0.122880
2013 07 02 07 13 41 0.374784
2013 07 02 07 13 41 0.626176
2013 07 02 07 13 41 0.878080
2013 07 02 07 13 42 0.129536
2013 07 02 07 13 42 0.381440
2013 07 02 07 13 42 0.632832
2013 07 02 07 13 42 0.884736
2013 07 02 07 13 43 0.136192
2013 07 02 07 13 43 0.388096
2013 07 02 07 13 43 0.639488
2013 07 02 07 13 43 0.891392
2013 07 02 07 13 44 0.142848
2013 07 02 07 13 44 0.394752
2013 07 02 07 13 44 0.646144
2013 07 02 07 13 44 0.898048
2013 07 02 07 13 45 0.149504
2013 07 02 07 13 45 0.401408
2013 07 02 07 13 45 0.652800
2013 07 02 07 13 45 0.904704
2013 07 02 07 13 46 0.156160
2013 07 02 07 13 46 0.408064
2013 07 02 07 13 46 0.659456
2013 07 02 07 13 46 0.911360
2013 07 02 07 13 47 0.162816
2013 07 02 07 13 47 0.414720
2013 07 02 07 13 47 0.666112
2013 07 02 07 13 47 0.918016
2013 07 02 07 13 48 0.169472
2013 07 02 07 13 48 0.421376
2013 07 02 07 13 48 0.672768
2013 07 02 07 13 48 0.924672
2013 07 02 07 13 49 0.176128
2013 07 02 07 13 49 0.427776
2013 07 02 07 13 49 0.679424
2013 07 02 07 13 49 0.931328
2013 07 02 07 13 50 0.182784
2013 07 02 07 13 50 0.434432
2013 07 02 07 13 50 0.686080
2013 07 02 07 13 50 0.937984
2013 07 02 07 13 51 0.189440
2013 07 02 07 13 51 0.441088
2013 07 02 07 13 51 0.692736
2013 07 02 07 13 51 0.944640
2013 07 02 07 13 52 0.196096
2013 07 02 07 13 52 0.447744
2013 07 02 07 13 52 0.699392
2013 07 02 07 13 52 0.951296
2013 07 02 07 13 53 0.202496
2013 07 02 07 13 53 0.454400
2013 07 02 07 13 53 0.706048
2013 07 02 07 13 53 0.957696
2013 07 02 07 13 54 0.209152
2013 07 02 07 13 54 0.461056
2013 07 02 07 13 54 0.712448
2013 07 02 07 13 54 0.964352
2013 07 02 07 13 55 0.215808
2013 07 02 07 13 55 0.467712
2013 07 02 07 13 55 0.719104
2013 07 02 07 13 55 0.971008
2013 07 02 07 13 56 0.222464
2013 07 02 07 13 56 0.474368
2013 07 02 07 13 56 0.725760
2013 07 02 07 13 56 0.977664
2013 07 02 07 13 57 0.229120
2013 07 02 07 13 57 0.481024
2013 07 02 07 13 57 0.732416
2013 07 02 07 13 57 0.984320
2013 07 02 07 13 58 0.235776
2013 07 02 07 13 58 0.487680
2013 07 02 07 13 58 0.739072
2013 07 02 07 13 58 0.990976
2013 07 02 07 13 59 0.242432
2013 07 02 07 13 59 0.494336
2013 07 02 07 13 59 0.745728
2013 07 02 07 13 59 0.997632
2013 07 02 07 14 00 0.249088
2013 07 02 07 14 00 0.500992
2013 07 02 07 14 00 0.752384
2013 07 02 07 14 01 0.004096
2013 07 02 07 14 01 0.255744
2013 07 02 07 14 01 0.507648
2013 07 02 07 14 01 0.759040
2013 07 02 07 14 02 0.010752
2013 07 02 07 14 02 0.262400
2013 07 02 07 14 02 0.514048
2013 07 02 07 14 02 0.765696
2013 07 02 07 14 03 0.017408
2013 07 02 07 14 03 0.269056
2013 07 02 07 14 03 0.520960
2013 07 02 07 14 03 0.772352
2013 07 02 07 14 04 0.024064
2013 07 02 07 14 04 0.275712
2013 07 02 07 14 04 0.527616
2013 07 02 07 14 04 0.779008
2013 07 02 07 14 05 0.030720
2013 07 02 07 14 05 0.282368
2013 07 02 07 14 05 0.534272
2013 07 02 07 14 05 0.785664
2013 07 02 07 14 06 0.037376
2013 07 02 07 14 06 0.289024
2013 07 02 07 14 06 0.540672
2013 07 02 07 14 06 0.792320
2013 07 02 07 14 07 0.044032
2013 07 02 07 14 07 0.295680
2013 07 02 07 14 07 0.547328
2013 07 02 07 14 07 0.798976
2013 07 02 07 14 08 0.050688
2013 07 02 07 14 08 0.302336
2013 07 02 07 14 08 0.553984
2013 07 02 07 14 08 0.805632
2013 07 02 07 14 09 0.057344
2013 07 02 07 14 09 0.308736
2013 07 02 07 14 09 0.560640
2013 07 02 07 14 09 0.812288
2013 07 02 07 14 10 0.064000
2013 07 02 07 14 10 0.315392
2013 07 02 07 14 10 0.567296
2013 07 02 07 14 10 0.818688
2013 07 02 07 14 11 0.070656
2013 07 02 07 14 11 0.322048
2013 07 02 07 14 11 0.573952
2013 07 02 07 14 11 0.825344
2013 07 02 07 14 12 0.077312
2013 07 02 07 14 12 0.328704
2013 07 02 07 14 12 0.580608
2013 07 02 07 14 12 0.832000
2013 07 02 07 14 13 0.083968
2013 07 02 07 14 13 0.335360
2013 07 02 07 14 13 0.587264
2013 07 02 07 14 13 0.838656
2013 07 02 07 14 14 0.090624
2013 07 02 07 14 14 0.342016
2013 07 02 07 14 14 0.593920
2013 07 02 07 14 14 0.845312
2013 07 02 07 14 15 0.097280
2013 07 02 07 14 15 0.348672
2013 07 02 07 14 15 0.600576
2013 07 02 07 14 15 0.851968
2013 07 02 07 14 16 0.103680
2013 07 02 07 14 16 0.355328
2013 07 02 07 14 16 0.607232
2013 07 02 07 14 16 0.858624
2013 07 02 07 14 17 0.110336
2013 07 02 07 14 17 0.361984
2013 07 02 07 14 17 0.613888
2013 07 02 07 14 17 0.865280
2013 07 02 07 14 18 0.116992
2013 07 02 07 14 18 0.368640
2013 07 02 07 14 18 0.620288
2013 07 02 07 14 18 0.871936
2013 07 02 07 14 19 0.123648
2013 07 02 07 14 19 0.375296
2013 07 02 07 14 19 0.626944
2013 07 02 07 14 19 0.878592
2013 07 02 07 14 20 0.130304
2013 07 02 07 14 20 0.381952
2013 07 02 07 14 20 0.633600
2013 07 02 07 14 20 0.885248
2013 07 02 07 14 21 0.136960
2013 07 02 07 14 21 0.388608
2013 07 02 07 14 21 0.640256
2013 07 02 07 14 21 0.891904
2013 07 02 07 14 22 0.143616
2013 07 02 07 14 22 0.395264
2013 07 02 07 14 22 0.646912
2013 07 02 07 14 22 0.898560
2013 07 02 07 14 23 0.150272
2013 07 02 07 14 23 0.401920
2013 07 02 07 14 23 0.653568
2013 07 02 07 14 23 0.905216
2013 07 02 07 14 24 0.156928
2013 07 02 07 14 24 0.408576
2013 07 02 07 14 24 0.660224
2013 07 02 07 14 24 0.911872
2013 07 02 07 14 25 0.163584
2013 07 02 07 14 25 0.414976
2013 07 02 07 14 25 0.666880
2013 07 02 07 14 25 0.918528
2013 07 02 07 14 26 0.170240
2013 07 02 07 14 26 0.421632
2013 07 02 07 14 26 0.673536
2013 07 02 07 14 26 0.924928
2013 07 02 07 14 27 0.176896
2013 07 02 07 14 27 0.428288
2013 07 02 07 14 27 0.680192
2013 07 02 07 14 27 0.931584
2013 07 02 07 14 28 0.183552
2013 07 02 07 14 28 0.434944
2013 07 02 07 14 28 0.686848
2013 07 02 07 14 28 0.938240
2013 07 02 07 14 29 0.190208
2013 07 02 07 14 29 0.441600
2013 07 02 07 14 29 0.693504
2013 07 02 07 14 29 0.944896
2013 07 02 07 14 30 0.196864
2013 07 02 07 14 30 0.448256
2013 07 02 07 14 30 0.700160
2013 07 02 07 14 30 0.951552
2013 07 02 07 14 31 0.203520
2013 07 02 07 14 31 0.454912
2013 07 02 07 14 31 0.706816
2013 07 02 07 14 31 0.958208
2013 07 02 07 14 32 0.210176
2013 07 02 07 14 32 0.461568
2013 07 02 07 14 32 0.713472
2013 07 02 07 14 32 0.964864
2013 07 02 07 14 33 0.216832
2013 07 02 07 14 33 0.468224
2013 07 02 07 14 33 0.720128
2013 07 02 07 14 33 0.971520
2013 07 02 07 14 34 0.223232
2013 07 02 07 14 34 0.474880
2013 07 02 07 14 34 0.726528
2013 07 02 07 14 34 0.978176
2013 07 02 07 14 35 0.229888
2013 07 02 07 14 35 0.481536
2013 07 02 07 14 35 0.733184
2013 07 02 07 14 35 0.984832
2013 07 02 07 14 36 0.236544
2013 07 02 07 14 36 0.488192
2013 07 02 07 14 36 0.739840
2013 07 02 07 14 36 0.991488
2013 07 02 07 14 37 0.243200
2013 07 02 07 14 37 0.494848
2013 07 02 07 14 37 0.746496
2013 07 02 07 14 37 0.998144
2013 07 02 07 14 38 0.249856
2013 07 02 07 14 38 0.501504
2013 07 02 07 14 38 0.753152
2013 07 02 07 14 39 0.004608
2013 07 02 07 14 39 0.256512
2013 07 02 07 14 39 0.507904
2013 07 02 07 14 39 0.759808
2013 07 02 07 14 40 0.011264
2013 07 02 07 14 40 0.263168
2013 07 02 07 14 40 0.514560
2013 07 02 07 14 40 0.766464
2013 07 02 07 14 41 0.017920
2013 07 02 07 14 41 0.269824
2013 07 02 07 14 41 0.521216
2013 07 02 07 14 41 0.773120
2013 07 02 07 14 42 0.024576
2013 07 02 07 14 42 0.276480
2013 07 02 07 14 42 0.527872
2013 07 02 07 14 42 0.779776
2013 07 02 07 14 43 0.031232
2013 07 02 07 14 43 0.283136
2013 07 02 07 14 43 0.534528
2013 07 02 07 14 43 0.786432
2013 07 02 07 14 44 0.037888
2013 07 02 07 14 44 0.289792
2013 07 02 07 14 44 0.541184
2013 07 02 07 14 44 0.793088
2013 07 02 07 14 45 0.044544
2013 07 02 07 14 45 0.296448
2013 07 02 07 14 45 0.547840
2013 07 02 07 14 45 0.799744
2013 07 02 07 14 46 0.051200
2013 07 02 07 14 46 0.303104
2013 07 02 07 14 46 0.554496
2013 07 02 07 14 46 0.806400
2013 07 02 07 14 47 0.057856
2013 07 02 07 14 47 0.309760
2013 07 02 07 14 47 0.561152
2013 07 02 07 14 47 0.813056
2013 07 02 07 14 48 0.064512
2013 07 02 07 14 48 0.316416
2013 07 02 07 14 48 0.567808
2013 07 02 07 14 48 0.819712
2013 07 02 07 14 49 0.071168
2013 07 02 07 14 49 0.322816
2013 07 02 07 14 49 0.574464
2013 07 02 07 14 49 0.826368
2013 07 02 07 14 50 0.077824
2013 07 02 07 14 50 0.329472
2013 07 02 07 14 50 0.581120
2013 07 02 07 14 50 0.832768
2013 07 02 07 14 51 0.084480
2013 07 02 07 14 51 0.336128
2013 07 02 07 14 51 0.587776
2013 07 02 07 14 51 0.839424
2013 07 02 07 14 52 0.091136
2013 07 02 07 14 52 0.342784
2013 07 02 07 14 52 0.594432
2013 07 02 07 14 52 0.846080
2013 07 02 07 14 53 0.097536
2013 07 02 07 14 53 0.349440
2013 07 02 07 14 53 0.601088
2013 07 02 07 14 53 0.852736
2013 07 02 07 14 54 0.104192
2013 07 02 07 14 54 0.356096
2013 07 02 07 14 54 0.607488
2013 07 02 07 14 54 0.859392
2013 07 02 07 14 55 0.110848
2013 07 02 07 14 55 0.362752
2013 07 02 07 14 55 0.614144
2013 07 02 07 14 55 0.866048
2013 07 02 07 14 56 0.117504
2013 07 02 07 14 56 0.369408
2013 07 02 07 14 56 0.620800
2013 07 02 07 14 56 0.872704
2013 07 02 07 14 57 0.124160
2013 07 02 07 14 57 0.376064
2013 07 02 07 14 57 0.627456
2013 07 02 07 14 57 0.879360
2013 07 02 07 14 58 0.130816
2013 07 02 07 14 58 0.382720
2013 07 02 07 14 58 0.634112
2013 07 02 07 14 58 0.886016
2013 07 02 07 14 59 0.137472
2013 07 02 07 14 59 0.389376
2013 07 02 07 14 59 0.640768
2013 07 02 07 14 59 0.892672
2013 07 02 07 15 00 0.144128
2013 07 02 07 15 00 0.396032
2013 07 02 07 15 00 0.647424
2013 07 02 07 15 00 0.899328
2013 07 02 07 15 01 0.150784
2013 07 02 07 15 01 0.402432
2013 07 02 07 15 01 0.654080
2013 07 02 07 15 01 0.905984
2013 07 02 07 15 02 0.157440
2013 07 02 07 15 02 0.409088
2013 07 02 07 15 02 0.660736
2013 07 02 07 15 02 0.912384
2013 07 02 07 15 03 0.164096
2013 07 02 07 15 03 0.415744
2013 07 02 07 15 03 0.667392
2013 07 02 07 15 03 0.919040
2013 07 02 07 15 04 0.170752
2013 07 02 07 15 04 0.422400
2013 07 02 07 15 04 0.674048
2013 07 02 07 15 04 0.925952
2013 07 02 07 15 05 0.177408
2013 07 02 07 15 05 0.429056
2013 07 02 07 15 05 0.680704
2013 07 02 07 15 05 0.932608
2013 07 02 07 15 06 0.184064
2013 07 02 07 15 06 0.435712
2013 07 02 07 15 06 0.687360
2013 07 02 07 15 06 0.939008
2013 07 02 07 15 07 0.190720
2013 07 02 07 15 07 0.442368
2013 07 02 07 15 07 0.694016
2013 07 02 07 15 07 0.945664
2013 07 02 07 15 08 0.197120
2013 07 02 07 15 08 0.449024
2013 07 02 07 15 08 0.700672
2013 07 02 07 15 08 0.952320
2013 07 02 07 15 09 0.203776
2013 07 02 07 15 09 0.455680
2013 07 02 07 15 09 0.707072
2013 07 02 07 15 09 0.958976
2013 07 02 07 15 10 0.210432
2013 07 02 07 15 10 0.462336
2013 07 02 07 15 10 0.713728
2013 07 02 07 15 10 0.965632
2013 07 02 07 15 11 0.217088
2013 07 02 07 15 11 0.468992
2013 07 02 07 15 11 0.720384
2013 07 02 07 15 11 0.972288
2013 07 02 07 15 12 0.223744
2013 07 02 07 15 12 0.475648
2013 07 02 07 15 12 0.727040
2013 07 02 07 15 12 0.978944
2013 07 02 07 15 13 0.230400
2013 07 02 07 15 13 0.482304
2013 07 02 07 15 13 0.733696
2013 07 02 07 15 13 0.985600
2013 07 02 07 15 14 0.237056
2013 07 02 07 15 14 0.488960
2013 07 02 07 15 14 0.740352
2013 07 02 07 15 14 0.992256
2013 07 02 07 15 15 0.243712
2013 07 02 07 15 15 0.495616
2013 07 02 07 15 15 0.747008
2013 07 02 07 15 15 0.998912
2013 07 02 07 15 16 0.250368
2013 07 02 07 15 16 0.502016
2013 07 02 07 15 16 0.753664
2013 07 02 07 15 17 0.005376
2013 07 02 07 15 17 0.257024
2013 07 02 07 15 17 0.508672
2013 07 02 07 15 17 0.760320
2013 07 02 07 15 18 0.012032
2013 07 02 07 15 18 0.263680
2013 07 02 07 15 18 0.515328
2013 07 02 07 15 18 0.766976
2013 07 02 07 15 19 0.018688
2013 07 02 07 15 19 0.270336
2013 07 02 07 15 19 0.521984
2013 07 02 07 15 19 0.773632
2013 07 02 07 15 20 0.025344
2013 07 02 07 15 20 0.276992
2013 07 02 07 15 20 0.528640
2013 07 02 07 15 20 0.780288
2013 07 02 07 15 21 0.032000
2013 07 02 07 15 21 0.283648
2013 07 02 07 15 21 0.535296
2013 07 02 07 15 21 0.786944
2013 07 02 07 15 22 0.038656
2013 07 02 07 15 22 0.290048
2013 07 02 07 15 22 0.541952
2013 07 02 07 15 22 0.793600
2013 07 02 07 15 23 0.045312
2013 07 02 07 15 23 0.296704
2013 07 02 07 15 23 0.548608
2013 07 02 07 15 23 0.800000
2013 07 02 07 15 24 0.051968
2013 07 02 07 15 24 0.303360
2013 07 02 07 15 24 0.555264
2013 07 02 07 15 24 0.806656
2013 07 02 07 15 25 0.058624
2013 07 02 07 15 25 0.310016
2013 07 02 07 15 25 0.561920
2013 07 02 07 15 25 0.813312
2013 07 02 07 15 26 0.065280
2013 07 02 07 15 26 0.316672
2013 07 02 07 15 26 0.568576
2013 07 02 07 15 26 0.819968
2013 07 02 07 15 27 0.071936
2013 07 02 07 15 27 0.323328
2013 07 02 07 15 27 0.575232
2013 07 02 07 15 27 0.826624
2013 07 02 07 15 28 0.078592
2013 07 02 07 15 28 0.329984
2013 07 02 07 15 28 0.581888
2013 07 02 07 15 28 0.833280
2013 07 02 07 15 29 0.085248
2013 07 02 07 15 29 0.336640
2013 07 02 07 15 29 0.588544
2013 07 02 07 15 29 0.839936
2013 07 02 07 15 30 0.091648
2013 07 02 07 15 30 0.343296
2013 07 02 07 15 30 0.594944
2013 07 02 07 15 30 0.846592
2013 07 02 07 15 31 0.098304
2013 07 02 07 15 31 0.349952
2013 07 02 07 15 31 0.601600
2013 07 02 07 15 31 0.853248
2013 07 02 07 15 32 0.104960
2013 07 02 07 15 32 0.356608
2013 07 02 07 15 32 0.608256
2013 07 02 07 15 32 0.859904
2013 07 02 07 15 33 0.111616
2013 07 02 07 15 33 0.363264
2013 07 02 07 15 33 0.614912
2013 07 02 07 15 33 0.866560
2013 07 02 07 15 34 0.118272
2013 07 02 07 15 34 0.369920
2013 07 02 07 15 34 0.621568
2013 07 02 07 15 34 0.873216
2013 07 02 07 15 35 0.124928
2013 07 02 07 15 35 0.376576
2013 07 02 07 15 35 0.628224
2013 07 02 07 15 35 0.879872
2013 07 02 07 15 36 0.131584
2013 07 02 07 15 36 0.383232
2013 07 02 07 15 36 0.634880
2013 07 02 07 15 36 0.886528
2013 07 02 07 15 37 0.138240
2013 07 02 07 15 37 0.389632
2013 07 02 07 15 37 0.641536
2013 07 02 07 15 37 0.893184
2013 07 02 07 15 38 0.144896
2013 07 02 07 15 38 0.396288
2013 07 02 07 15 38 0.648192
2013 07 02 07 15 38 0.899840
2013 07 02 07 15 39 0.151552
2013 07 02 07 15 39 0.402944
2013 07 02 07 15 39 0.654848
2013 07 02 07 15 39 0.906240
2013 07 02 07 15 40 0.158208
2013 07 02 07 15 40 0.409600
2013 07 02 07 15 40 0.661504
2013 07 02 07 15 40 0.912896
2013 07 02 07 15 41 0.164864
2013 07 02 07 15 41 0.416256
2013 07 02 07 15 41 0.668160
2013 07 02 07 15 41 0.919552
2013 07 02 07 15 42 0.171520
2013 07 02 07 15 42 0.422912
2013 07 02 07 15 42 0.674816
2013 07 02 07 15 42 0.926208
2013 07 02 07 15 43 0.178176
2013 07 02 07 15 43 0.429568
2013 07 02 07 15 43 0.681472
2013 07 02 07 15 43 0.932864
2013 07 02 07 15 44 0.184832
2013 07 02 07 15 44 0.436224
2013 07 02 07 15 44 0.687872
2013 07 02 07 15 44 0.939520
2013 07 02 07 15 45 0.191232
2013 07 02 07 15 45 0.442880
2013 07 02 07 15 45 0.694528
2013 07 02 07 15 45 0.946176
2013 07 02 07 15 46 0.197888
2013 07 02 07 15 46 0.449536
2013 07 02 07 15 46 0.701440
2013 07 02 07 15 46 0.952832
2013 07 02 07 15 47 0.204544
2013 07 02 07 15 47 0.456192
2013 07 02 07 15 47 0.707840
2013 07 02 07 15 47 0.959488
2013 07 02 07 15 48 0.211200
2013 07 02 07 15 48 0.462848
2013 07 02 07 15 48 0.714496
2013 07 02 07 15 48 0.966144
2013 07 02 07 15 49 0.217856
2013 07 02 07 15 49 0.469504
2013 07 02 07 15 49 0.721152
2013 07 02 07 15 49 0.972800
2013 07 02 07 15 50 0.224512
2013 07 02 07 15 50 0.476160
2013 07 02 07 15 50 0.727808
2013 07 02 07 15 50 0.979456
2013 07 02 07 15 51 0.231168
2013 07 02 07 15 51 0.482560
2013 07 02 07 15 51 0.734464
2013 07 02 07 15 51 0.986112
2013 07 02 07 15 52 0.237824
2013 07 02 07 15 52 0.489216
2013 07 02 07 15 52 0.741120
2013 07 02 07 15 52 0.992768
2013 07 02 07 15 53 0.244480
2013 07 02 07 15 53 0.495872
2013 07 02 07 15 53 0.747776
2013 07 02 07 15 53 0.999168
2013 07 02 07 15 54 0.251136
2013 07 02 07 15 54 0.502528
2013 07 02 07 15 54 0.754432
2013 07 02 07 15 55 0.005888
2013 07 02 07 15 55 0.257792
2013 07 02 07 15 55 0.509184
2013 07 02 07 15 55 0.761088
2013 07 02 07 15 56 0.012544
2013 07 02 07 15 56 0.264448
2013 07 02 07 15 56 0.515840
2013 07 02 07 15 56 0.767744
2013 07 02 07 15 57 0.019200
2013 07 02 07 15 57 0.271104
2013 07 02 07 15 57 0.522496
2013 07 02 07 15 57 0.774400
2013 07 02 07 15 58 0.025856
2013 07 02 07 15 58 0.277760
2013 07 02 07 15 58 0.529152
2013 07 02 07 15 58 0.781056
2013 07 02 07 15 59 0.032512
2013 07 02 07 15 59 0.284416
2013 07 02 07 15 59 0.535808
2013 07 02 07 15 59 0.787712
2013 07 02 07 16 00 0.039168
2013 07 02 07 16 00 0.291072
2013 07 02 07 16 00 0.542464
2013 07 02 07 16 00 0.794368
2013 07 02 07 16 01 0.045824
2013 07 02 07 16 01 0.297728
2013 07 02 07 16 01 0.549120
2013 07 02 07 16 01 0.801024
2013 07 02 07 16 02 0.052480
2013 07 02 07 16 02 0.304384
2013 07 02 07 16 02 0.555776
2013 07 02 07 16 02 0.807680
2013 07 02 07 16 03 0.059136
2013 07 02 07 16 03 0.310784
2013 07 02 07 16 03 0.562432
2013 07 02 07 16 03 0.814336
2013 07 02 07 16 04 0.065792
2013 07 02 07 16 04 0.317440
2013 07 02 07 16 04 0.569088
2013 07 02 07 16 04 0.820736
2013 07 02 07 16 05 0.072448
2013 07 02 07 16 05 0.324096
2013 07 02 07 16 05 0.575744
2013 07 02 07 16 05 0.827392
2013 07 02 07 16 06 0.078848
2013 07 02 07 16 06 0.330752
2013 07 02 07 16 06 0.582144
2013 07 02 07 16 06 0.834048
2013 07 02 07 16 07 0.085504
2013 07 02 07 16 07 0.337408
2013 07 02 07 16 07 0.588800
2013 07 02 07 16 07 0.840704
2013 07 02 07 16 08 0.092160
2013 07 02 07 16 08 0.344064
2013 07 02 07 16 08 0.595456
2013 07 02 07 16 08 0.847360
2013 07 02 07 16 09 0.098816
2013 07 02 07 16 09 0.350720
2013 07 02 07 16 09 0.602112
2013 07 02 07 16 09 0.854016
2013 07 02 07 16 10 0.105472
2013 07 02 07 16 10 0.357376
2013 07 02 07 16 10 0.608768
2013 07 02 07 16 10 0.860672
2013 07 02 07 16 11 0.112128
2013 07 02 07 16 11 0.364032
2013 07 02 07 16 11 0.615424
2013 07 02 07 16 11 0.867328
2013 07 02 07 16 12 0.118784
2013 07 02 07 16 12 0.370688
2013 07 02 07 16 12 0.622080
2013 07 02 07 16 12 0.873984
2013 07 02 07 16 13 0.125440
2013 07 02 07 16 13 0.377088
2013 07 02 07 16 13 0.628736
2013 07 02 07 16 13 0.880640
2013 07 02 07 16 14 0.132096
2013 07 02 07 16 14 0.384000
2013 07 02 07 16 14 0.635392
2013 07 02 07 16 14 0.887296
2013 07 02 07 16 15 0.138752
2013 07 02 07 16 15 0.390656
2013 07 02 07 16 15 0.642048
2013 07 02 07 16 15 0.893952
2013 07 02 07 16 16 0.145408
2013 07 02 07 16 16 0.397056
2013 07 02 07 16 16 0.648704
2013 07 02 07 16 16 0.900608
2013 07 02 07 16 17 0.152064
2013 07 02 07 16 17 0.403968
2013 07 02 07 16 17 0.655360
2013 07 02 07 16 17 0.907008
2013 07 02 07 16 18 0.158720
2013 07 02 07 16 18 0.410368
2013 07 02 07 16 18 0.662016
2013 07 02 07 16 18 0.913664
2013 07 02 07 16 19 0.165376
2013 07 02 07 16 19 0.417024
2013 07 02 07 16 19 0.668672
2013 07 02 07 16 19 0.920320
2013 07 02 07 16 20 0.171776
2013 07 02 07 16 20 0.423680
2013 07 02 07 16 20 0.675328
2013 07 02 07 16 20 0.926976
2013 07 02 07 16 21 0.178432
2013 07 02 07 16 21 0.430336
2013 07 02 07 16 21 0.681728
2013 07 02 07 16 21 0.933632
2013 07 02 07 16 22 0.185088
2013 07 02 07 16 22 0.436992
2013 07 02 07 16 22 0.688384
2013 07 02 07 16 22 0.940288
2013 07 02 07 16 23 0.191744
2013 07 02 07 16 23 0.443648
2013 07 02 07 16 23 0.695040
2013 07 02 07 16 23 0.946944
2013 07 02 07 16 24 0.198400
2013 07 02 07 16 24 0.450304
2013 07 02 07 16 24 0.701696
2013 07 02 07 16 24 0.953600
2013 07 02 07 16 25 0.205056
2013 07 02 07 16 25 0.456960
2013 07 02 07 16 25 0.708352
2013 07 02 07 16 25 0.960256
2013 07 02 07 16 26 0.211712
2013 07 02 07 16 26 0.463616
2013 07 02 07 16 26 0.715008
2013 07 02 07 16 26 0.966912
2013 07 02 07 16 27 0.218368
2013 07 02 07 16 27 0.470272
2013 07 02 07 16 27 0.721664
2013 07 02 07 16 27 0.973568
2013 07 02 07 16 28 0.225024
2013 07 02 07 16 28 0.476672
2013 07 02 07 16 28 0.728320
2013 07 02 07 16 28 0.980224
2013 07 02 07 16 29 0.231680
2013 07 02 07 16 29 0.483328
2013 07 02 07 16 29 0.734976
2013 07 02 07 16 29 0.986624
2013 07 02 07 16 30 0.238336
2013 07 02 07 16 30 0.489984
2013 07 02 07 16 30 0.741632
2013 07 02 07 16 30 0.993280
2013 07 02 07 16 31 0.244992
2013 07 02 07 16 31 0.496640
2013 07 02 07 16 31 0.748288
2013 07 02 07 16 32 0.000000
2013 07 02 07 16 32 0.251648
2013 07 02 07 16 32 0.503296
2013 07 02 07 16 32 0.754944
2013 07 02 07 16 33 0.006656
2013 07 02 07 16 33 0.258304
2013 07 02 07 16 33 0.509952
2013 07 02 07 16 33 0.761600
2013 07 02 07 16 34 0.013312
2013 07 02 07 16 34 0.264704
2013 07 02 07 16 34 0.516608
2013 07 02 07 16 34 0.768256
2013 07 02 07 16 35 0.019968
2013 07 02 07 16 35 0.271360
2013 07 02 07 16 35 0.523264
2013 07 02 07 16 35 0.774912
2013 07 02 07 16 36 0.026624
2013 07 02 07 16 36 0.278016
2013 07 02 07 16 36 0.529920
2013 07 02 07 16 36 0.781312
2013 07 02 07 16 37 0.033280
2013 07 02 07 16 37 0.284672
2013 07 02 07 16 37 0.536576
2013 07 02 07 16 37 0.787968
2013 07 02 07 16 38 0.039936
2013 07 02 07 16 38 0.291328
2013 07 02 07 16 38 0.543232
2013 07 02 07 16 38 0.794624
2013 07 02 07 16 39 0.046592
2013 07 02 07 16 39 0.297984
2013 07 02 07 16 39 0.549888
2013 07 02 07 16 39 0.801280
2013 07 02 07 16 40 0.053248
2013 07 02 07 16 40 0.304640
2013 07 02 07 16 40 0.556544
2013 07 02 07 16 40 0.807936
2013 07 02 07 16 41 0.059904
2013 07 02 07 16 41 0.311296
2013 07 02 07 16 41 0.563200
2013 07 02 07 16 41 0.814592
2013 07 02 07 16 42 0.066560
2013 07 02 07 16 42 0.317952
2013 07 02 07 16 42 0.569856
2013 07 02 07 16 42 0.821248
2013 07 02 07 16 43 0.073216
2013 07 02 07 16 43 0.324608
2013 07 02 07 16 43 0.576512
2013 07 02 07 16 43 0.827904
2013 07 02 07 16 44 0.079872
2013 07 02 07 16 44 0.331264
2013 07 02 07 16 44 0.582912
2013 07 02 07 16 44 0.834560
2013 07 02 07 16 45 0.086272
2013 07 02 07 16 45 0.337920
2013 07 02 07 16 45 0.589568
2013 07 02 07 16 45 0.841216
2013 07 02 07 16 46 0.092928
2013 07 02 07 16 46 0.344576
2013 07 02 07 16 46 0.596224
2013 07 02 07 16 46 0.847872
2013 07 02 07 16 47 0.099584
2013 07 02 07 16 47 0.351232
2013 07 02 07 16 47 0.602880
2013 07 02 07 16 47 0.854528
2013 07 02 07 16 48 0.106240
2013 07 02 07 16 48 0.357632
2013 07 02 07 16 48 0.609536
2013 07 02 07 16 48 0.861184
2013 07 02 07 16 49 0.112896
2013 07 02 07 16 49 0.364288
2013 07 02 07 16 49 0.616192
2013 07 02 07 16 49 0.867584
2013 07 02 07 16 50 0.119552
2013 07 02 07 16 50 0.370944
2013 07 02 07 16 50 0.622848
2013 07 02 07 16 50 0.874240
2013 07 02 07 16 51 0.126208
2013 07 02 07 16 51 0.377600
2013 07 02 07 16 51 0.629504
2013 07 02 07 16 51 0.880896
2013 07 02 07 16 52 0.132864
2013 07 02 07 16 52 0.384256
2013 07 02 07 16 52 0.636160
2013 07 02 07 16 52 0.887552
2013 07 02 07 16 53 0.139520
2013 07 02 07 16 53 0.390912
2013 07 02 07 16 53 0.642816
2013 07 02 07 16 53 0.894208
2013 07 02 07 16 54 0.146176
2013 07 02 07 16 54 0.397568
2013 07 02 07 16 54 0.649472
2013 07 02 07 16 54 0.900864
2013 07 02 07 16 55 0.152832
2013 07 02 07 16 55 0.404224
2013 07 02 07 16 55 0.656128
2013 07 02 07 16 55 0.907520
2013 07 02 07 16 56 0.159488
2013 07 02 07 16 56 0.410880
2013 07 02 07 16 56 0.662784
2013 07 02 07 16 56 0.914176
2013 07 02 07 16 57 0.166144
2013 07 02 07 16 57 0.417536
2013 07 02 07 16 57 0.669440
2013 07 02 07 16 57 0.920832
2013 07 02 07 16 58 0.172800
2013 07 02 07 16 58 0.424192
2013 07 02 07 16 58 0.676096
2013 07 02 07 16 58 0.927488
2013 07 02 07 16 59 0.179200
2013 07 02 07 16 59 0.430848
2013 07 02 07 16 59 0.682496
2013 07 02 07 16 59 0.934144
2013 07 02 07 17 00 0.185856
2013 07 02 07 17 00 0.437504
2013 07 02 07 17 00 0.689408
2013 07 02 07 17 00 0.940800
2013 07 02 07 17 01 0.192512
2013 07 02 07 17 01 0.444160
2013 07 02 07 17 01 0.695808
2013 07 02 07 17 01 0.947456
2013 07 02 07 17 02 0.199168
2013 07 02 07 17 02 0.450816
2013 07 02 07 17 02 0.702464
2013 07 02 07 17 02 0.954112
2013 07 02 07 17 03 0.205824
2013 07 02 07 17 03 0.457216
2013 07 02 07 17 03 0.709120
2013 07 02 07 17 03 0.960768
2013 07 02 07 17 04 0.212480
2013 07 02 07 17 04 0.463872
2013 07 02 07 17 04 0.715776
2013 07 02 07 17 04 0.967168
2013 07 02 07 17 05 0.219136
2013 07 02 07 17 05 0.470528
2013 07 02 07 17 05 0.722432
2013 07 02 07 17 05 0.973824
2013 07 02 07 17 06 0.225792
2013 07 02 07 17 06 0.477184
2013 07 02 07 17 06 0.729088
2013 07 02 07 17 06 0.980480
2013 07 02 07 17 07 0.232448
2013 07 02 07 17 07 0.483840
2013 07 02 07 17 07 0.735744
2013 07 02 07 17 07 0.987136
2013 07 02 07 17 08 0.239104
2013 07 02 07 17 08 0.490496
2013 07 02 07 17 08 0.742400
2013 07 02 07 17 08 0.993792
2013 07 02 07 17 09 0.245504
2013 07 02 07 17 09 0.497152
2013 07 02 07 17 09 0.749056
2013 07 02 07 17 10 0.000512
2013 07 02 07 17 10 0.252160
2013 07 02 07 17 10 0.503808
2013 07 02 07 17 10 0.755456
2013 07 02 07 17 11 0.007168
2013 07 02 07 17 11 0.258816
2013 07 02 07 17 11 0.510464
2013 07 02 07 17 11 0.762112
2013 07 02 07 17 12 0.013824
2013 07 02 07 17 12 0.265472
2013 07 02 07 17 12 0.517120
2013 07 02 07 17 12 0.768768
2013 07 02 07 17 13 0.020480
2013 07 02 07 17 13 0.272128
2013 07 02 07 17 13 0.523776
2013 07 02 07 17 13 0.775424
2013 07 02 07 17 14 0.027136
2013 07 02 07 17 14 0.278784
2013 07 02 07 17 14 0.530432
2013 07 02 07 17 14 0.782080
2013 07 02 07 17 15 0.033792
2013 07 02 07 17 15 0.285440
2013 07 02 07 17 15 0.537088
2013 07 02 07 17 15 0.788736
2013 07 02 07 17 16 0.040192
2013 07 02 07 17 16 0.292096
2013 07 02 07 17 16 0.543488
2013 07 02 07 17 16 0.795392
2013 07 02 07 17 17 0.046848
2013 07 02 07 17 17 0.298752
2013 07 02 07 17 17 0.550144
2013 07 02 07 17 17 0.802048
2013 07 02 07 17 18 0.053504
2013 07 02 07 17 18 0.305408
2013 07 02 07 17 18 0.556800
2013 07 02 07 17 18 0.808704
2013 07 02 07 17 19 0.060160
2013 07 02 07 17 19 0.312064
2013 07 02 07 17 19 0.563456
2013 07 02 07 17 19 0.815360
2013 07 02 07 17 20 0.066816
2013 07 02 07 17 20 0.318720
2013 07 02 07 17 20 0.570112
2013 07 02 07 17 20 0.822016
2013 07 02 07 17 21 0.073472
2013 07 02 07 17 21 0.325376
2013 07 02 07 17 21 0.576768
2013 07 02 07 17 21 0.828672
2013 07 02 07 17 22 0.080128
2013 07 02 07 17 22 0.332032
2013 07 02 07 17 22 0.583424
2013 07 02 07 17 22 0.835328
2013 07 02 07 17 23 0.086784
2013 07 02 07 17 23 0.338688
2013 07 02 07 17 23 0.590080
2013 07 02 07 17 23 0.841984
2013 07 02 07 17 24 0.093440
2013 07 02 07 17 24 0.345088
2013 07 02 07 17 24 0.596736
2013 07 02 07 17 24 0.848640
2013 07 02 07 17 25 0.100096
2013 07 02 07 17 25 0.351744
2013 07 02 07 17 25 0.603392
2013 07 02 07 17 25 0.855040
2013 07 02 07 17 26 0.106752
2013 07 02 07 17 26 0.358400
2013 07 02 07 17 26 0.610048
2013 07 02 07 17 26 0.861696
2013 07 02 07 17 27 0.113408
2013 07 02 07 17 27 0.365056
2013 07 02 07 17 27 0.616704
2013 07 02 07 17 27 0.868352
2013 07 02 07 17 28 0.120064
2013 07 02 07 17 28 0.371712
2013 07 02 07 17 28 0.623360
2013 07 02 07 17 28 0.875008
2013 07 02 07 17 29 0.126464
2013 07 02 07 17 29 0.378368
2013 07 02 07 17 29 0.630016
2013 07 02 07 17 29 0.881664
2013 07 02 07 17 30 0.133120
2013 07 02 07 17 30 0.385024
2013 07 02 07 17 30 0.636672
2013 07 02 07 17 30 0.888320
2013 07 02 07 17 31 0.139776
2013 07 02 07 17 31 0.391680
2013 07 02 07 17 31 0.643072
2013 07 02 07 17 31 0.894976
2013 07 02 07 17 32 0.146432
2013 07 02 07 17 32 0.398336
2013 07 02 07 17 32 0.649728
2013 07 02 07 17 32 0.901632
2013 07 02 07 17 33 0.153088
2013 07 02 07 17 33 0.404992
2013 07 02 07 17 33 0.656384
2013 07 02 07 17 33 0.908288
2013 07 02 07 17 34 0.159744
2013 07 02 07 17 34 0.411648
2013 07 02 07 17 34 0.663040
2013 07 02 07 17 34 0.914944
2013 07 02 07 17 35 0.166400
2013 07 02 07 17 35 0.418304
2013 07 02 07 17 35 0.669696
2013 07 02 07 17 35 0.921600
2013 07 02 07 17 36 0.173056
2013 07 02 07 17 36 0.424960
2013 07 02 07 17 36 0.676352
2013 07 02 07 17 36 0.928256
2013 07 02 07 17 37 0.179712
2013 07 02 07 17 37 0.431616
2013 07 02 07 17 37 0.683008
2013 07 02 07 17 37 0.934912
2013 07 02 07 17 38 0.186368
2013 07 02 07 17 38 0.438272
2013 07 02 07 17 38 0.689664
2013 07 02 07 17 38 0.941568
2013 07 02 07 17 39 0.193024
2013 07 02 07 17 39 0.444928
2013 07 02 07 17 39 0.696320
2013 07 02 07 17 39 0.948224
2013 07 02 07 17 40 0.199680
2013 07 02 07 17 40 0.451584
2013 07 02 07 17 40 0.702976
2013 07 02 07 17 40 0.954880
2013 07 02 07 17 41 0.206336
2013 07 02 07 17 41 0.457984
2013 07 02 07 17 41 0.709632
2013 07 02 07 17 41 0.961536
2013 07 02 07 17 42 0.212992
2013 07 02 07 17 42 0.464640
2013 07 02 07 17 42 0.716288
2013 07 02 07 17 42 0.967936
2013 07 02 07 17 43 0.219392
2013 07 02 07 17 43 0.471296
2013 07 02 07 17 43 0.722944
2013 07 02 07 17 43 0.974592
2013 07 02 07 17 44 0.226048
2013 07 02 07 17 44 0.477952
2013 07 02 07 17 44 0.729344
2013 07 02 07 17 44 0.981248
2013 07 02 07 17 45 0.232704
2013 07 02 07 17 45 0.484608
2013 07 02 07 17 45 0.736000
2013 07 02 07 17 45 0.987904
2013 07 02 07 17 46 0.239360
2013 07 02 07 17 46 0.491264
2013 07 02 07 17 46 0.742656
2013 07 02 07 17 46 0.994560
2013 07 02 07 17 47 0.246016
2013 07 02 07 17 47 0.497920
2013 07 02 07 17 47 0.749312
2013 07 02 07 17 48 0.001024
2013 07 02 07 17 48 0.252672
2013 07 02 07 17 48 0.504576
2013 07 02 07 17 48 0.755968
2013 07 02 07 17 49 0.007936
2013 07 02 07 17 49 0.259328
2013 07 02 07 17 49 0.511232
2013 07 02 07 17 49 0.762624
2013 07 02 07 17 50 0.014336
2013 07 02 07 17 50 0.265984
2013 07 02 07 17 50 0.517632
2013 07 02 07 17 50 0.769280
2013 07 02 07 17 51 0.020992
2013 07 02 07 17 51 0.272640
2013 07 02 07 17 51 0.524288
2013 07 02 07 17 51 0.775936
2013 07 02 07 17 52 0.027648
2013 07 02 07 17 52 0.279296
2013 07 02 07 17 52 0.530944
2013 07 02 07 17 52 0.782592
2013 07 02 07 17 53 0.034304
2013 07 02 07 17 53 0.285952
2013 07 02 07 17 53 0.537600
2013 07 02 07 17 53 0.789248
2013 07 02 07 17 54 0.040960
2013 07 02 07 17 54 0.292608
2013 07 02 07 17 54 0.544256
2013 07 02 07 17 54 0.795904
2013 07 02 07 17 55 0.047616
2013 07 02 07 17 55 0.299264
2013 07 02 07 17 55 0.550912
2013 07 02 07 17 55 0.802560
2013 07 02 07 17 56 0.054272
2013 07 02 07 17 56 0.305664
2013 07 02 07 17 56 0.557568
2013 07 02 07 17 56 0.809216
2013 07 02 07 17 57 0.060928
2013 07 02 07 17 57 0.312320
2013 07 02 07 17 57 0.564480
2013 07 02 07 17 57 0.815616
2013 07 02 07 17 58 0.067584
2013 07 02 07 17 58 0.318976
2013 07 02 07 17 58 0.570880
2013 07 02 07 17 58 0.822272
2013 07 02 07 17 59 0.074240
2013 07 02 07 17 59 0.325632
2013 07 02 07 17 59 0.577536
2013 07 02 07 17 59 0.828928
2013 07 02 07 18 00 0.080896
2013 07 02 07 18 00 0.332288
2013 07 02 07 18 00 0.584192
2013 07 02 07 18 00 0.835584
2013 07 02 07 18 01 0.087552
2013 07 02 07 18 01 0.338944
2013 07 02 07 18 01 0.590848
2013 07 02 07 18 01 0.842240
2013 07 02 07 18 02 0.094208
2013 07 02 07 18 02 0.345600
2013 07 02 07 18 02 0.597504
2013 07 02 07 18 02 0.848896
2013 07 02 07 18 03 0.100864
2013 07 02 07 18 03 0.352256
2013 07 02 07 18 03 0.604160
2013 07 02 07 18 03 0.855552
2013 07 02 07 18 04 0.107520
2013 07 02 07 18 04 0.358912
2013 07 02 07 18 04 0.610560
2013 07 02 07 18 04 0.862208
2013 07 02 07 18 05 0.113920
2013 07 02 07 18 05 0.365568
2013 07 02 07 18 05 0.617216
2013 07 02 07 18 05 0.868864
2013 07 02 07 18 06 0.120576
2013 07 02 07 18 06 0.372224
2013 07 02 07 18 06 0.623872
2013 07 02 07 18 06 0.875520
2013 07 02 07 18 07 0.127232
2013 07 02 07 18 07 0.378880
2013 07 02 07 18 07 0.630528
2013 07 02 07 18 07 0.882176
2013 07 02 07 18 08 0.133888
2013 07 02 07 18 08 0.385280
2013 07 02 07 18 08 0.637184
2013 07 02 07 18 08 0.888832
2013 07 02 07 18 09 0.140544
2013 07 02 07 18 09 0.391936
2013 07 02 07 18 09 0.643840
2013 07 02 07 18 09 0.895488
2013 07 02 07 18 10 0.147200
2013 07 02 07 18 10 0.398592
2013 07 02 07 18 10 0.650496
2013 07 02 07 18 10 0.901888
2013 07 02 07 18 11 0.153856
2013 07 02 07 18 11 0.405248
2013 07 02 07 18 11 0.657152
2013 07 02 07 18 11 0.908544
2013 07 02 07 18 12 0.160512
2013 07 02 07 18 12 0.411904
2013 07 02 07 18 12 0.663808
2013 07 02 07 18 12 0.915200
2013 07 02 07 18 13 0.167168
2013 07 02 07 18 13 0.418560
2013 07 02 07 18 13 0.670464
2013 07 02 07 18 13 0.921856
2013 07 02 07 18 14 0.173824
2013 07 02 07 18 14 0.425216
2013 07 02 07 18 14 0.677120
2013 07 02 07 18 14 0.928512
2013 07 02 07 18 15 0.180480
2013 07 02 07 18 15 0.431872
2013 07 02 07 18 15 0.683776
2013 07 02 07 18 15 0.935168
2013 07 02 07 18 16 0.187136
2013 07 02 07 18 16 0.438528
2013 07 02 07 18 16 0.690432
2013 07 02 07 18 16 0.941824
2013 07 02 07 18 17 0.193792
2013 07 02 07 18 17 0.445184
2013 07 02 07 18 17 0.697088
2013 07 02 07 18 17 0.948480
2013 07 02 07 18 18 0.200192
2013 07 02 07 18 18 0.451840
2013 07 02 07 18 18 0.703744
2013 07 02 07 18 18 0.955136
2013 07 02 07 18 19 0.206848
2013 07 02 07 18 19 0.458496
2013 07 02 07 18 19 0.710400
2013 07 02 07 18 19 0.961792
2013 07 02 07 18 20 0.213504
2013 07 02 07 18 20 0.465152
2013 07 02 07 18 20 0.716800
2013 07 02 07 18 20 0.968448
2013 07 02 07 18 21 0.220160
2013 07 02 07 18 21 0.471808
2013 07 02 07 18 21 0.723456
2013 07 02 07 18 21 0.975104
2013 07 02 07 18 22 0.226816
2013 07 02 07 18 22 0.478208
2013 07 02 07 18 22 0.730112
2013 07 02 07 18 22 0.981760
2013 07 02 07 18 23 0.233472
2013 07 02 07 18 23 0.484864
2013 07 02 07 18 23 0.736768
2013 07 02 07 18 23 0.988160
2013 07 02 07 18 24 0.240128
2013 07 02 07 18 24 0.491520
2013 07 02 07 18 24 0.743424
2013 07 02 07 18 24 0.994816
2013 07 02 07 18 25 0.246784
2013 07 02 07 18 25 0.498176
2013 07 02 07 18 25 0.750080
2013 07 02 07 18 26 0.001536
2013 07 02 07 18 26 0.253440
2013 07 02 07 18 26 0.504832
2013 07 02 07 18 26 0.756736
2013 07 02 07 18 27 0.008192
2013 07 02 07 18 27 0.260096
2013 07 02 07 18 27 0.511488
2013 07 02 07 18 27 0.763392
2013 07 02 07 18 28 0.014848
2013 07 02 07 18 28 0.266752
2013 07 02 07 18 28 0.518144
2013 07 02 07 18 28 0.769792
2013 07 02 07 18 29 0.021504
2013 07 02 07 18 29 0.273152
2013 07 02 07 18 29 0.524800
2013 07 02 07 18 29 0.776448
2013 07 02 07 18 30 0.028160
2013 07 02 07 18 30 0.279808
2013 07 02 07 18 30 0.531456
2013 07 02 07 18 30 0.783104
2013 07 02 07 18 31 0.034816
2013 07 02 07 18 31 0.286464
2013 07 02 07 18 31 0.538112
2013 07 02 07 18 31 0.789760
2013 07 02 07 18 32 0.041472
2013 07 02 07 18 32 0.293120
2013 07 02 07 18 32 0.544768
2013 07 02 07 18 32 0.796416
2013 07 02 07 18 33 0.047872
2013 07 02 07 18 33 0.299776
2013 07 02 07 18 33 0.551424
2013 07 02 07 18 33 0.803072
2013 07 02 07 18 34 0.054528
2013 07 02 07 18 34 0.306432
2013 07 02 07 18 34 0.558080
2013 07 02 07 18 34 0.809728
2013 07 02 07 18 35 0.061184
2013 07 02 07 18 35 0.313088
2013 07 02 07 18 35 0.564480
2013 07 02 07 18 35 0.816384
2013 07 02 07 18 36 0.067840
2013 07 02 07 18 36 0.319744
2013 07 02 07 18 36 0.571136
2013 07 02 07 18 36 0.823040
2013 07 02 07 18 37 0.074496
2013 07 02 07 18 37 0.326400
2013 07 02 07 18 37 0.577792
2013 07 02 07 18 37 0.829696
2013 07 02 07 18 38 0.081152
2013 07 02 07 18 38 0.333056
2013 07 02 07 18 38 0.584448
2013 07 02 07 18 38 0.836352
2013 07 02 07 18 39 0.087808
2013 07 02 07 18 39 0.339712
2013 07 02 07 18 39 0.591104
2013 07 02 07 18 39 0.843008
2013 07 02 07 18 40 0.094464
2013 07 02 07 18 40 0.346368
2013 07 02 07 18 40 0.597760
2013 07 02 07 18 40 0.849664
2013 07 02 07 18 41 0.101120
2013 07 02 07 18 41 0.353024
2013 07 02 07 18 41 0.604416
2013 07 02 07 18 41 0.856320
2013 07 02 07 18 42 0.107776
2013 07 02 07 18 42 0.359680
2013 07 02 07 18 42 0.611072
2013 07 02 07 18 42 0.862976
2013 07 02 07 18 43 0.114432
2013 07 02 07 18 43 0.366336
2013 07 02 07 18 43 0.617728
2013 07 02 07 18 43 0.869632
2013 07 02 07 18 44 0.121088
2013 07 02 07 18 44 0.372736
2013 07 02 07 18 44 0.624384
2013 07 02 07 18 44 0.876032
2013 07 02 07 18 45 0.127744
2013 07 02 07 18 45 0.379392
2013 07 02 07 18 45 0.631040
2013 07 02 07 18 45 0.882688
2013 07 02 07 18 46 0.134144
2013 07 02 07 18 46 0.386048
2013 07 02 07 18 46 0.637696
2013 07 02 07 18 46 0.889344
2013 07 02 07 18 47 0.140800
2013 07 02 07 18 47 0.392704
2013 07 02 07 18 47 0.644096
2013 07 02 07 18 47 0.896000
2013 07 02 07 18 48 0.147456
2013 07 02 07 18 48 0.399360
2013 07 02 07 18 48 0.650752
2013 07 02 07 18 48 0.902656
2013 07 02 07 18 49 0.154112
2013 07 02 07 18 49 0.406016
2013 07 02 07 18 49 0.657408
2013 07 02 07 18 49 0.909312
2013 07 02 07 18 50 0.160768
2013 07 02 07 18 50 0.412672
2013 07 02 07 18 50 0.664064
2013 07 02 07 18 50 0.915968
2013 07 02 07 18 51 0.167424
2013 07 02 07 18 51 0.419328
2013 07 02 07 18 51 0.670720
2013 07 02 07 18 51 0.922624
2013 07 02 07 18 52 0.174080
2013 07 02 07 18 52 0.425984
2013 07 02 07 18 52 0.677376
2013 07 02 07 18 52 0.929280
2013 07 02 07 18 53 0.180736
2013 07 02 07 18 53 0.432384
2013 07 02 07 18 53 0.684032
2013 07 02 07 18 53 0.935936
2013 07 02 07 18 54 0.187392
2013 07 02 07 18 54 0.439296
2013 07 02 07 18 54 0.690688
2013 07 02 07 18 54 0.942592
2013 07 02 07 18 55 0.194048
2013 07 02 07 18 55 0.445952
2013 07 02 07 18 55 0.697344
2013 07 02 07 18 55 0.949248
2013 07 02 07 18 56 0.200704
2013 07 02 07 18 56 0.452608
2013 07 02 07 18 56 0.704000
2013 07 02 07 18 56 0.955648
2013 07 02 07 18 57 0.207360
2013 07 02 07 18 57 0.459008
2013 07 02 07 18 57 0.710656
2013 07 02 07 18 57 0.962304
2013 07 02 07 18 58 0.214016
2013 07 02 07 18 58 0.465664
2013 07 02 07 18 58 0.717312
2013 07 02 07 18 58 0.968960
2013 07 02 07 18 59 0.220416
2013 07 02 07 18 59 0.472320
2013 07 02 07 18 59 0.723968
2013 07 02 07 18 59 0.975616
2013 07 02 07 19 00 0.227072
2013 07 02 07 19 00 0.478976
2013 07 02 07 19 00 0.730624
2013 07 02 07 19 00 0.982272
2013 07 02 07 19 01 0.233728
2013 07 02 07 19 01 0.485632
2013 07 02 07 19 01 0.737024
2013 07 02 07 19 01 0.988928
2013 07 02 07 19 02 0.240384
2013 07 02 07 19 02 0.492288
2013 07 02 07 19 02 0.743680
2013 07 02 07 19 02 0.995584
2013 07 02 07 19 03 0.247040
2013 07 02 07 19 03 0.498944
2013 07 02 07 19 03 0.750336
2013 07 02 07 19 04 0.002304
2013 07 02 07 19 04 0.253696
2013 07 02 07 19 04 0.505600
2013 07 02 07 19 04 0.756992
2013 07 02 07 19 05 0.008960
2013 07 02 07 19 05 0.260352
2013 07 02 07 19 05 0.512256
2013 07 02 07 19 05 0.763648
2013 07 02 07 19 06 0.015360
2013 07 02 07 19 06 0.267008
2013 07 02 07 19 06 0.518656
2013 07 02 07 19 06 0.770304
2013 07 02 07 19 07 0.022016
2013 07 02 07 19 07 0.273664
2013 07 02 07 19 07 0.525312
2013 07 02 07 19 07 0.776960
2013 07 02 07 19 08 0.028672
2013 07 02 07 19 08 0.280320
2013 07 02 07 19 08 0.531968
2013 07 02 07 19 08 0.783616
2013 07 02 07 19 09 0.035328
2013 07 02 07 19 09 0.286976
2013 07 02 07 19 09 0.538624
2013 07 02 07 19 09 0.790272
2013 07 02 07 19 10 0.041984
2013 07 02 07 19 10 0.293632
2013 07 02 07 19 10 0.545280
2013 07 02 07 19 10 0.796928
2013 07 02 07 19 11 0.048640
2013 07 02 07 19 11 0.300032
2013 07 02 07 19 11 0.551936
2013 07 02 07 19 11 0.803584
2013 07 02 07 19 12 0.055296
2013 07 02 07 19 12 0.306688
2013 07 02 07 19 12 0.558592
2013 07 02 07 19 12 0.810240
2013 07 02 07 19 13 0.061952
2013 07 02 07 19 13 0.313344
2013 07 02 07 19 13 0.565248
2013 07 02 07 19 13 0.816640
2013 07 02 07 19 14 0.068608
2013 07 02 07 19 14 0.320000
2013 07 02 07 19 14 0.571904
2013 07 02 07 19 14 0.823296
2013 07 02 07 19 15 0.075264
2013 07 02 07 19 15 0.326656
2013 07 02 07 19 15 0.578560
2013 07 02 07 19 15 0.829952
2013 07 02 07 19 16 0.081920
2013 07 02 07 19 16 0.333312
2013 07 02 07 19 16 0.585216
2013 07 02 07 19 16 0.836608
2013 07 02 07 19 17 0.088576
2013 07 02 07 19 17 0.339968
2013 07 02 07 19 17 0.591872
2013 07 02 07 19 17 0.843264
2013 07 02 07 19 18 0.095232
2013 07 02 07 19 18 0.346624
2013 07 02 07 19 18 0.598528
2013 07 02 07 19 18 0.849920
2013 07 02 07 19 19 0.101888
2013 07 02 07 19 19 0.353280
2013 07 02 07 19 19 0.605184
2013 07 02 07 19 19 0.856576
2013 07 02 07 19 20 0.108544
2013 07 02 07 19 20 0.359936
2013 07 02 07 19 20 0.611840
2013 07 02 07 19 20 0.863232
2013 07 02 07 19 21 0.114944
2013 07 02 07 19 21 0.366592
2013 07 02 07 19 21 0.618496
2013 07 02 07 19 21 0.869888
2013 07 02 07 19 22 0.121600
2013 07 02 07 19 22 0.373248
2013 07 02 07 19 22 0.625152
2013 07 02 07 19 22 0.876544
2013 07 02 07 19 23 0.128256
2013 07 02 07 19 23 0.379904
2013 07 02 07 19 23 0.631552
2013 07 02 07 19 23 0.883200
2013 07 02 07 19 24 0.134912
2013 07 02 07 19 24 0.386304
2013 07 02 07 19 24 0.638208
2013 07 02 07 19 24 0.889856
2013 07 02 07 19 25 0.141568
2013 07 02 07 19 25 0.392960
2013 07 02 07 19 25 0.644864
2013 07 02 07 19 25 0.896256
2013 07 02 07 19 26 0.148224
2013 07 02 07 19 26 0.399616
2013 07 02 07 19 26 0.651520
2013 07 02 07 19 26 0.902912
2013 07 02 07 19 27 0.154880
2013 07 02 07 19 27 0.406272
2013 07 02 07 19 27 0.658176
2013 07 02 07 19 27 0.909568
2013 07 02 07 19 28 0.161536
2013 07 02 07 19 28 0.412928
2013 07 02 07 19 28 0.664832
2013 07 02 07 19 28 0.916224
2013 07 02 07 19 29 0.168192
2013 07 02 07 19 29 0.419584
2013 07 02 07 19 29 0.671488
2013 07 02 07 19 29 0.922880
2013 07 02 07 19 30 0.174592
2013 07 02 07 19 30 0.426240
2013 07 02 07 19 30 0.678144
2013 07 02 07 19 30 0.929536
2013 07 02 07 19 31 0.181248
2013 07 02 07 19 31 0.432896
2013 07 02 07 19 31 0.684544
2013 07 02 07 19 31 0.936192
2013 07 02 07 19 32 0.187904
2013 07 02 07 19 32 0.439552
2013 07 02 07 19 32 0.691200
2013 07 02 07 19 32 0.942848
2013 07 02 07 19 33 0.194560
2013 07 02 07 19 33 0.446208
2013 07 02 07 19 33 0.697856
2013 07 02 07 19 33 0.949504
2013 07 02 07 19 34 0.201216
2013 07 02 07 19 34 0.452864
2013 07 02 07 19 34 0.704768
2013 07 02 07 19 34 0.956160
2013 07 02 07 19 35 0.207872
2013 07 02 07 19 35 0.459520
2013 07 02 07 19 35 0.711168
2013 07 02 07 19 35 0.962816
2013 07 02 07 19 36 0.214528
2013 07 02 07 19 36 0.465920
2013 07 02 07 19 36 0.717824
2013 07 02 07 19 36 0.969472
2013 07 02 07 19 37 0.221184
2013 07 02 07 19 37 0.472576
2013 07 02 07 19 37 0.724480
2013 07 02 07 19 37 0.975872
2013 07 02 07 19 38 0.227840
2013 07 02 07 19 38 0.479232
2013 07 02 07 19 38 0.731136
2013 07 02 07 19 38 0.982528
2013 07 02 07 19 39 0.234496
2013 07 02 07 19 39 0.485888
2013 07 02 07 19 39 0.737792
2013 07 02 07 19 39 0.989184
2013 07 02 07 19 40 0.241152
2013 07 02 07 19 40 0.492544
2013 07 02 07 19 40 0.744448
2013 07 02 07 19 40 0.995840
2013 07 02 07 19 41 0.247808
2013 07 02 07 19 41 0.499200
2013 07 02 07 19 41 0.751104
2013 07 02 07 19 42 0.002560
2013 07 02 07 19 42 0.254464
2013 07 02 07 19 42 0.505856
2013 07 02 07 19 42 0.757760
2013 07 02 07 19 43 0.009216
2013 07 02 07 19 43 0.261120
2013 07 02 07 19 43 0.512512
2013 07 02 07 19 43 0.764416
2013 07 02 07 19 44 0.015872
2013 07 02 07 19 44 0.267776
2013 07 02 07 19 44 0.519168
2013 07 02 07 19 44 0.770816
2013 07 02 07 19 45 0.022528
2013 07 02 07 19 45 0.274176
2013 07 02 07 19 45 0.525824
2013 07 02 07 19 45 0.777472
2013 07 02 07 19 46 0.029184
2013 07 02 07 19 46 0.280832
2013 07 02 07 19 46 0.532480
2013 07 02 07 19 46 0.784128
2013 07 02 07 19 47 0.035584
2013 07 02 07 19 47 0.287488
2013 07 02 07 19 47 0.539136
2013 07 02 07 19 47 0.790784
2013 07 02 07 19 48 0.042240
2013 07 02 07 19 48 0.294144
2013 07 02 07 19 48 0.545536
2013 07 02 07 19 48 0.797440
2013 07 02 07 19 49 0.048896
2013 07 02 07 19 49 0.300800
2013 07 02 07 19 49 0.552192
2013 07 02 07 19 49 0.804096
2013 07 02 07 19 50 0.055552
2013 07 02 07 19 50 0.307456
2013 07 02 07 19 50 0.558848
2013 07 02 07 19 50 0.810752
2013 07 02 07 19 51 0.062208
2013 07 02 07 19 51 0.314112
2013 07 02 07 19 51 0.565504
2013 07 02 07 19 51 0.817408
2013 07 02 07 19 52 0.068864
2013 07 02 07 19 52 0.320768
2013 07 02 07 19 52 0.572160
2013 07 02 07 19 52 0.824064
2013 07 02 07 19 53 0.075520
2013 07 02 07 19 53 0.327424
2013 07 02 07 19 53 0.578816
2013 07 02 07 19 53 0.830720
2013 07 02 07 19 54 0.082176
2013 07 02 07 19 54 0.333824
2013 07 02 07 19 54 0.585472
2013 07 02 07 19 54 0.837376
2013 07 02 07 19 55 0.088832
2013 07 02 07 19 55 0.340736
2013 07 02 07 19 55 0.592128
2013 07 02 07 19 55 0.844032
2013 07 02 07 19 56 0.095488
2013 07 02 07 19 56 0.347392
2013 07 02 07 19 56 0.598784
2013 07 02 07 19 56 0.850688
2013 07 02 07 19 57 0.102144
2013 07 02 07 19 57 0.354048
2013 07 02 07 19 57 0.605440
2013 07 02 07 19 57 0.857344
2013 07 02 07 19 58 0.108800
2013 07 02 07 19 58 0.360448
2013 07 02 07 19 58 0.612096
2013 07 02 07 19 58 0.864000
2013 07 02 07 19 59 0.115456
2013 07 02 07 19 59 0.367104
2013 07 02 07 19 59 0.618752
2013 07 02 07 19 59 0.870656
