2 0  
3 3  
4 2  
5 1  
6 0  
7 3  
8 2  
9 1  
10 0  
11 3  
12 2  
13 1  
14 0  
15 3  
16 2  
17 1  
18 0  
19 3  
20 2  
21 1  
22 0  
23 3  
24 2  
25 1  
26 0  
27 3  
28 2  
29 1  
30 0  
31 3  
32 2  
33 1  
34 0  
35 3  
36 2  
37 1  
38 0  
39 3  
40 2  
41 1  
42 0  
43 3  
44 2  
45 1  
46 0  
47 3  
48 2  
49 1  
50 0  
51 3  
52 2  
53 1  
54 0  
55 3  
56 2  
57 1  
58 0  
59 3  
60 2  
61 1  
62 0  
63 3  
64 2  
65 1  
66 0  
67 3  
68 2  
69 1  
70 0  
71 3  
72 2  
73 1  
74 0  
75 3  
76 2  
77 1  
78 0  
79 3  
80 2  
81 1  
82 0  
83 3  
84 2  
85 1  
86 0  
87 3  
88 2  
89 1  
90 0  
91 3  
92 2  
93 1  
94 0  
95 3  
96 2  
97 1  
98 0  
99 3  
100 2  
101 1  
102 0  
103 3  
104 2  
105 1  
106 0  
107 3  
108 2  
109 1  
110 0  
111 3  
112 2  
113 1  
114 0  
115 3  
116 2  
117 1  
118 0  
119 3  
120 2  
121 1  
122 0  
123 3  
124 2  
125 1  
126 0  
127 3  
128 2  
129 1  
130 0  
131 3  
132 2  
133 1  
134 0  
135 3  
136 2  
137 1  
138 0  
139 3  
140 2  
141 1  
142 0  
143 3  
144 2  
145 1  
146 0  
147 3  
148 2  
149 1  
150 0  
151 3  
152 2  
153 1  
154 0  
155 3  
156 2  
157 1  
158 0  
159 3  
160 2  
161 1  
162 0  
163 3  
164 2  
165 1  
166 0  
167 3  
168 2  
169 1  
170 0  
171 3  
172 2  
173 1  
174 0  
175 3  
176 2  
177 1  
178 0  
179 3  
180 2  
181 1  
182 0  
183 3  
184 2  
185 1  
186 0  
187 3  
188 2  
189 1  
190 0  
191 3  
192 2  
193 1  
194 0  
195 3  
196 2  
197 1  
198 0  
199 3  
200 2  
201 1  
202 0  
203 3  
204 2  
205 1  
206 0  
207 3  
208 2  
209 1  
210 0  
211 3  
212 2  
213 1  
214 0  
215 3  
216 2  
217 1  
218 0  
219 3  
220 2  
221 1  
222 0  
223 3  
224 2  
225 1  
226 0  
227 3  
228 2  
229 1  
230 0  
231 3  
232 2  
233 1  
234 0  
235 3  
236 2  
237 1  
238 0  
239 3  
240 2  
241 1  
242 0  
243 3  
244 2  
245 1  
246 0  
247 3  
248 2  
249 1  
250 0  
251 3  
252 2  
253 1  
254 0  
255 3  
256 2  
257 1  
258 0  
259 3  
260 2  
261 1  
262 0  
263 3  
264 2  
265 1  
266 0  
267 3  
268 2  
269 1  
270 0  
271 3  
272 2  
273 1  
274 0  
275 3  
276 2  
277 1  
278 0  
279 3  
280 2  
281 1  
282 0  
283 3  
284 2  
285 1  
286 0  
287 3  
288 2  
289 1  
290 0  
291 3  
292 2  
293 1  
294 0  
295 3  
296 2  
297 1  
298 0  
299 3  
300 2  
301 1  
302 0  
303 3  
304 2  
305 1  
306 0  
307 3  
308 2  
309 1  
310 0  
311 3  
312 2  
313 1  
314 0  
315 3  
316 2  
317 1  
318 0  
319 3  
320 2  
321 1  
322 0  
323 3  
324 2  
325 1  
326 0  
327 3  
328 2  
329 1  
330 0  
331 3  
332 2  
333 1  
334 0  
335 3  
336 2  
337 1  
338 0  
339 3  
340 2  
341 1  
342 0  
343 3  
344 2  
345 1  
346 0  
347 3  
348 2  
349 1  
350 0  
351 3  
352 2  
353 1  
354 0  
355 3  
356 2  
357 1  
358 0  
359 3  
360 2  
361 1  
362 0  
363 3  
364 2  
365 1  
366 0  
367 3  
368 2  
369 1  
370 0  
371 3  
372 2  
373 1  
374 0  
375 3  
376 2  
377 1  
378 0  
379 3  
380 2  
381 1  
382 0  
383 3  
384 2  
385 1  
386 0  
387 3  
388 2  
389 1  
390 0  
391 3  
392 2  
393 1  
394 0  
395 3  
396 2  
397 1  
398 0  
399 3  
400 2  
401 1  
402 0  
403 3  
404 2  
405 1  
406 0  
407 3  
408 2  
409 1  
410 0  
411 3  
412 2  
413 1  
414 0  
415 3  
416 2  
417 1  
418 0  
419 3  
420 2  
421 1  
422 0  
423 3  
424 2  
425 1  
426 0  
427 3  
428 2  
429 1  
430 0  
431 3  
432 2  
433 1  
434 0  
435 3  
436 2  
437 1  
438 0  
439 3  
440 2  
441 1  
442 0  
443 3  
444 2  
445 1  
446 0  
447 3  
448 2  
449 1  
450 0  
451 3  
452 2  
453 1  
454 0  
455 3  
456 2  
457 1  
458 0  
459 3  
460 2  
461 1  
462 0  
463 3  
464 2  
465 1  
466 0  
467 3  
468 2  
469 1  
470 0  
471 3  
472 2  
473 1  
474 0  
475 3  
476 2  
477 1  
478 0  
479 3  
480 2  
481 1  
482 0  
483 3  
484 2  
485 1  
486 0  
487 3  
488 2  
489 1  
490 0  
491 3  
492 2  
493 1  
494 0  
495 3  
496 2  
497 1  
498 0  
499 3  
500 2  
501 1  
502 0  
503 3  
504 2  
505 1  
506 0  
507 3  
508 2  
509 1  
510 0  
511 3  
512 2  
513 1  
514 0  
515 3  
516 2  
517 1  
518 0  
519 3  
520 2  
521 1  
522 0  
523 3  
524 2  
525 1  
526 0  
527 3  
528 2  
529 1  
530 0  
531 3  
532 2  
533 1  
534 0  
535 3  
536 2  
537 1  
538 0  
539 3  
540 2  
541 1  
542 0  
543 3  
544 2  
545 1  
546 0  
547 3  
548 2  
549 1  
550 0  
551 3  
552 2  
553 1  
554 0  
555 3  
556 2  
557 1  
558 0  
559 3  
560 2  
561 1  
562 0  
563 3  
564 2  
565 1  
566 0  
567 3  
568 2  
569 1  
570 0  
571 3  
572 2  
573 1  
574 0  
575 3  
576 2  
577 1  
578 0  
579 3  
580 2  
581 1  
582 0  
583 3  
584 2  
585 1  
586 0  
587 3  
588 2  
589 1  
590 0  
591 3  
592 2  
593 1  
594 0  
595 3  
596 2  
597 1  
598 0  
599 3  
600 2  
601 1  
602 0  
603 3  
604 2  
605 1  
606 0  
607 3  
608 2  
609 1  
610 0  
611 3  
612 2  
613 1  
614 0  
615 3  
616 2  
617 1  
618 0  
619 3  
620 2  
621 1  
622 0  
623 3  
624 2  
625 1  
626 0  
627 3  
628 2  
629 1  
630 0  
631 3  
632 2  
633 1  
634 0  
635 3  
636 2  
637 1  
638 0  
639 3  
640 2  
641 1  
642 0  
643 3  
644 2  
645 1  
646 0  
647 3  
648 2  
649 1  
650 0  
651 3  
652 2  
653 1  
654 0  
655 3  
656 2  
657 1  
658 0  
659 3  
660 2  
661 1  
662 0  
663 3  
664 2  
665 1  
666 0  
667 3  
668 2  
669 1  
670 0  
671 3  
672 2  
673 1  
674 0  
675 3  
676 2  
677 1  
678 0  
679 3  
680 2  
681 1  
682 0  
683 3  
684 2  
685 1  
686 0  
687 3  
688 2  
689 1  
690 0  
691 3  
692 2  
693 1  
694 0  
695 3  
696 2  
697 1  
698 0  
699 3  
700 2  
701 1  
702 0  
703 3  
704 2  
705 1  
706 0  
707 3  
708 2  
709 1  
710 0  
711 3  
712 2  
713 1  
714 0  
715 3  
716 2  
717 1  
718 0  
719 3  
720 2  
721 1  
722 0  
723 3  
724 2  
725 1  
726 0  
727 3  
728 2  
729 1  
730 0  
731 3  
732 2  
733 1  
734 0  
735 3  
736 2  
737 1  
738 0  
739 3  
740 2  
741 1  
742 0  
743 3  
744 2  
745 1  
746 0  
747 3  
748 2  
749 1  
750 0  
751 3  
752 2  
753 1  
754 0  
755 3  
756 2  
757 1  
758 0  
759 3  
760 2  
761 1  
762 0  
763 3  
764 2  
765 1  
766 0  
767 3  
768 2  
769 1  
770 0  
771 3  
772 2  
773 1  
774 0  
775 3  
776 2  
777 1  
778 0  
779 3  
780 2  
781 1  
782 0  
783 3  
784 2  
785 1  
786 0  
787 3  
788 2  
789 1  
790 0  
791 3  
792 2  
793 1  
794 0  
795 3  
796 2  
797 1  
798 0  
799 3  
800 2  
801 1  
802 0  
803 3  
804 2  
805 1  
806 0  
807 3  
808 2  
809 1  
810 0  
811 3  
812 2  
813 1  
814 0  
815 3  
816 2  
817 1  
818 0  
819 3  
820 2  
821 1  
822 0  
823 3  
824 2  
825 1  
826 0  
827 3  
828 2  
829 1  
830 0  
831 3  
832 2  
833 1  
834 0  
835 3  
836 2  
837 1  
838 0  
839 3  
840 2  
841 1  
842 0  
843 3  
844 2  
845 1  
846 0  
847 3  
848 2  
849 1  
850 0  
851 3  
852 2  
853 1  
854 0  
855 3  
856 2  
857 1  
858 0  
859 3  
860 2  
861 1  
862 0  
863 3  
864 2  
865 1  
866 0  
867 3  
868 2  
869 1  
870 0  
871 3  
872 2  
873 1  
874 0  
875 3  
876 2  
877 1  
878 0  
879 3  
880 2  
881 1  
882 0  
883 3  
884 2  
885 1  
886 0  
887 3  
888 2  
889 1  
890 0  
891 3  
892 2  
893 1  
894 0  
895 3  
896 2  
897 1  
898 0  
899 3  
900 2  
901 1  
902 0  
903 3  
904 2  
905 1  
906 0  
907 3  
908 2  
909 1  
910 0  
911 3  
912 2  
913 1  
914 0  
915 3  
916 2  
917 1  
918 0  
919 3  
920 2  
921 1  
922 0  
923 3  
924 2  
925 1  
926 0  
927 3  
928 2  
929 1  
930 0  
931 3  
932 2  
933 1  
934 0  
935 3  
936 2  
937 1  
938 0  
939 3  
940 2  
941 1  
942 0  
943 3  
944 2  
945 1  
946 0  
947 3  
948 2  
949 1  
950 0  
951 3  
952 2  
953 1  
954 0  
955 3  
956 2  
957 1  
958 0  
959 3  
960 2  
961 1  
962 0  
963 3  
964 2  
965 1  
966 0  
967 3  
968 2  
969 1  
970 0  
971 3  
972 2  
973 1  
974 0  
975 3  
976 2  
977 1  
978 0  
979 3  
980 2  
981 1  
982 0  
983 3  
984 2  
985 1  
986 0  
987 3  
988 2  
989 1  
990 0  
991 3  
992 2  
993 1  
994 0  
995 3  
996 2  
997 1  
998 0  
999 3  
1000 2  
1001 1  
1002 0  
1003 3  
1004 2  
1005 1  
1006 0  
1007 3  
1008 2  
1009 1  
1010 0  
1011 3  
1012 2  
1013 1  
1014 0  
1015 3  
1016 2  
1017 1  
1018 0  
1019 3  
1020 2  
1021 1  
1022 0  
1023 3  
1024 2  
1025 1  
1026 0  
1027 3  
1028 2  
1029 1  
1030 0  
1031 3  
1032 2  
1033 1  
1034 0  
1035 3  
1036 2  
1037 1  
1038 0  
1039 3  
1040 2  
1041 1  
1042 0  
1043 3  
1044 2  
1045 1  
1046 0  
1047 3  
1048 2  
1049 1  
1050 0  
1051 3  
1052 2  
1053 1  
1054 0  
1055 3  
1056 2  
1057 1  
1058 0  
1059 3  
1060 2  
1061 1  
1062 0  
1063 3  
1064 2  
1065 1  
1066 0  
1067 3  
1068 2  
1069 1  
1070 0  
1071 3  
1072 2  
1073 1  
1074 0  
1075 3  
1076 2  
1077 1  
1078 0  
1079 3  
1080 2  
1081 1  
1082 0  
1083 3  
1084 2  
1085 1  
1086 0  
1087 3  
1088 2  
1089 1  
1090 0  
1091 3  
1092 2  
1093 1  
1094 0  
1095 3  
1096 2  
1097 1  
1098 0  
1099 3  
1100 2  
1101 1  
1102 0  
1103 3  
1104 2  
1105 1  
1106 0  
1107 3  
1108 2  
1109 1  
1110 0  
1111 3  
1112 2  
1113 1  
1114 0  
1115 3  
1116 2  
1117 1  
1118 0  
1119 3  
1120 2  
1121 1  
1122 0  
1123 3  
1124 2  
1125 1  
1126 0  
1127 3  
1128 2  
1129 1  
1130 0  
1131 3  
1132 2  
1133 1  
1134 0  
1135 3  
1136 2  
1137 1  
1138 0  
1139 3  
1140 2  
1141 1  
1142 0  
1143 3  
1144 2  
1145 1  
1146 0  
1147 3  
1148 2  
1149 1  
1150 0  
1151 3  
1152 2  
1153 1  
1154 0  
1155 3  
1156 2  
1157 1  
1158 0  
1159 3  
1160 2  
1161 1  
1162 0  
1163 3  
1164 2  
1165 1  
1166 0  
1167 3  
1168 2  
1169 1  
1170 0  
1171 3  
1172 2  
1173 1  
1174 0  
1175 3  
1176 2  
1177 1  
1178 0  
1179 3  
1180 2  
1181 1  
1182 0  
1183 3  
1184 2  
1185 1  
1186 0  
1187 3  
1188 2  
1189 1  
1190 0  
1191 3  
1192 2  
1193 1  
1194 0  
1195 3  
1196 2  
1197 1  
1198 0  
1199 3  
1200 2  
1201 1  
1202 0  
1203 3  
1204 2  
1205 1  
1206 0  
1207 3  
1208 2  
1209 1  
1210 0  
1211 3  
1212 2  
1213 1  
1214 0  
1215 3  
1216 2  
1217 1  
1218 0  
1219 3  
1220 2  
1221 1  
1222 0  
1223 3  
1224 2  
1225 1  
1226 0  
1227 3  
1228 2  
1229 1  
1230 0  
1231 3  
1232 2  
1233 1  
1234 0  
1235 3  
1236 2  
1237 1  
1238 0  
1239 3  
1240 2  
1241 1  
1242 0  
1243 3  
1244 2  
1245 1  
1246 0  
1247 3  
1248 2  
1249 1  
1250 0  
1251 3  
1252 2  
1253 1  
1254 0  
1255 3  
1256 2  
1257 1  
1258 0  
1259 3  
1260 2  
1261 1  
1262 0  
1263 3  
1264 2  
1265 1  
1266 0  
1267 3  
1268 2  
1269 1  
1270 0  
1271 3  
1272 2  
1273 1  
1274 0  
1275 3  
1276 2  
1277 1  
1278 0  
1279 3  
1280 2  
1281 1  
1282 0  
1283 3  
1284 2  
1285 1  
1286 0  
1287 3  
1288 2  
1289 1  
1290 0  
1291 3  
1292 2  
1293 1  
1294 0  
1295 3  
1296 2  
1297 1  
1298 0  
1299 3  
1300 2  
1301 1  
1302 0  
1303 3  
1304 2  
1305 1  
1306 0  
1307 3  
1308 2  
1309 1  
1310 0  
1311 3  
1312 2  
1313 1  
1314 0  
1315 3  
1316 2  
1317 1  
1318 0  
1319 3  
1320 2  
1321 1  
1322 0  
1323 3  
1324 2  
1325 1  
1326 0  
1327 3  
1328 2  
1329 1  
1330 0  
1331 3  
1332 2  
1333 1  
1334 0  
1335 3  
1336 2  
1337 1  
1338 0  
1339 3  
1340 2  
1341 1  
1342 0  
1343 3  
1344 2  
1345 1  
1346 0  
1347 3  
1348 2  
1349 1  
1350 0  
1351 3  
1352 2  
1353 1  
1354 0  
1355 3  
1356 2  
1357 1  
1358 0  
1359 3  
1360 2  
1361 1  
1362 0  
1363 3  
1364 2  
1365 1  
1366 0  
1367 3  
1368 2  
1369 1  
1370 0  
1371 3  
1372 2  
1373 1  
1374 0  
1375 3  
1376 2  
1377 1  
1378 0  
1379 3  
1380 2  
1381 1  
1382 0  
1383 3  
1384 2  
1385 1  
1386 0  
1387 3  
1388 2  
1389 1  
1390 0  
1391 3  
1392 2  
1393 1  
1394 0  
1395 3  
1396 2  
1397 1  
1398 0  
1399 3  
1400 2  
1401 1  
1402 0  
1403 3  
1404 2  
1405 1  
1406 0  
1407 3  
1408 2  
1409 1  
1410 0  
1411 3  
1412 2  
1413 1  
1414 0  
1415 3  
1416 2  
1417 1  
1418 0  
1419 3  
1420 2  
1421 1  
1422 0  
1423 3  
1424 2  
1425 1  
1426 0  
1427 3  
1428 2  
1429 1  
1430 0  
1431 3  
1432 2  
1433 1  
1434 0  
1435 3  
1436 2  
1437 1  
1438 0  
1439 3  
1440 2  
1441 1  
1442 0  
1443 3  
1444 2  
1445 1  
1446 0  
1447 3  
1448 2  
1449 1  
1450 0  
1451 3  
1452 2  
1453 1  
1454 0  
1455 3  
1456 2  
1457 1  
1458 0  
1459 3  
1460 2  
1461 1  
1462 0  
1463 3  
1464 2  
1465 1  
1466 0  
1467 3  
1468 2  
1469 1  
1470 0  
1471 3  
1472 2  
1473 1  
1474 0  
1475 3  
1476 2  
1477 1  
1478 0  
1479 3  
1480 2  
1481 1  
1482 0  
1483 3  
1484 2  
1485 1  
1486 0  
1487 3  
1488 2  
1489 1  
1490 0  
1491 3  
1492 2  
1493 1  
1494 0  
1495 3  
1496 2  
1497 1  
1498 0  
1499 3  
1500 2  
1501 1  
1502 0  
1503 3  
1504 2  
1505 1  
1506 0  
1507 3  
1508 2  
1509 1  
1510 0  
1511 3  
1512 2  
1513 1  
1514 0  
1515 3  
1516 2  
1517 1  
1518 0  
1519 3  
1520 2  
1521 1  
1522 0  
1523 3  
1524 2  
1525 1  
1526 0  
1527 3  
1528 2  
1529 1  
1530 0  
1531 3  
1532 2  
1533 1  
1534 0  
1535 3  
1536 2  
1537 1  
1538 0  
1539 3  
1540 2  
1541 1  
1542 0  
1543 3  
1544 2  
1545 1  
1546 0  
1547 3  
1548 2  
1549 1  
1550 0  
1551 3  
1552 2  
1553 1  
1554 0  
1555 3  
1556 2  
1557 1  
1558 0  
1559 3  
1560 2  
1561 1  
1562 0  
1563 3  
1564 2  
1565 1  
1566 0  
1567 3  
1568 2  
1569 1  
1570 0  
1571 3  
1572 2  
1573 1  
1574 0  
1575 3  
1576 2  
1577 1  
1578 0  
1579 3  
1580 2  
1581 1  
1582 0  
1583 3  
1584 2  
1585 1  
1586 0  
1587 3  
1588 2  
1589 1  
1590 0  
1591 3  
1592 2  
1593 1  
1594 0  
1595 3  
1596 2  
1597 1  
1598 0  
1599 3  
1600 2  
1601 1  
1602 0  
1603 3  
1604 2  
1605 1  
1606 0  
1607 3  
1608 2  
1609 1  
1610 0  
1611 3  
1612 2  
1613 1  
1614 0  
1615 3  
1616 2  
1617 1  
1618 0  
1619 3  
1620 2  
1621 1  
1622 0  
1623 3  
1624 2  
1625 1  
1626 0  
1627 3  
1628 2  
1629 1  
1630 0  
1631 3  
1632 2  
1633 1  
1634 0  
1635 3  
1636 2  
1637 1  
1638 0  
1639 3  
1640 2  
1641 1  
1642 0  
1643 3  
1644 2  
1645 1  
1646 0  
1647 3  
1648 2  
1649 1  
1650 0  
1651 3  
1652 2  
1653 1  
1654 0  
1655 3  
1656 2  
1657 1  
1658 0  
1659 3  
1660 2  
1661 1  
1662 0  
1663 3  
1664 2  
1665 1  
1666 0  
1667 3  
1668 2  
1669 1  
1670 0  
1671 3  
1672 2  
1673 1  
1674 0  
1675 3  
1676 2  
1677 1  
1678 0  
1679 3  
1680 2  
1681 1  
1682 0  
1683 3  
1684 2  
1685 1  
1686 0  
1687 3  
1688 2  
1689 1  
1690 0  
1691 3  
1692 2  
1693 1  
1694 0  
1695 3  
1696 2  
1697 1  
1698 0  
1699 3  
1700 2  
1701 1  
1702 0  
1703 3  
1704 2  
1705 1  
1706 0  
1707 3  
1708 2  
1709 1  
1710 0  
1711 3  
1712 2  
1713 1  
1714 0  
1715 3  
1716 2  
1717 1  
1718 0  
1719 3  
1720 2  
1721 1  
1722 0  
1723 3  
1724 2  
1725 1  
1726 0  
1727 3  
1728 2  
1729 1  
1730 0  
1731 3  
1732 2  
1733 1  
1734 0  
1735 3  
1736 2  
1737 1  
1738 0  
1739 3  
1740 2  
1741 1  
1742 0  
1743 3  
1744 2  
1745 1  
1746 0  
1747 3  
1748 2  
1749 1  
1750 0  
1751 3  
1752 2  
1753 1  
1754 0  
1755 3  
1756 2  
1757 1  
1758 0  
1759 3  
1760 2  
1761 1  
1762 0  
1763 3  
1764 2  
1765 1  
1766 0  
1767 3  
1768 2  
1769 1  
1770 0  
1771 3  
1772 2  
1773 1  
1774 0  
1775 3  
1776 2  
1777 1  
1778 0  
1779 3  
1780 2  
1781 1  
1782 0  
1783 3  
1784 2  
1785 1  
1786 0  
1787 3  
1788 2  
1789 1  
1790 0  
1791 3  
1792 2  
1793 1  
1794 0  
1795 3  
1796 2  
1797 1  
1798 0  
1799 3  
1800 2  
1801 1  
1802 0  
1803 3  
1804 2  
1805 1  
1806 0  
1807 3  
1808 2  
1809 1  
1810 0  
1811 3  
1812 2  
1813 1  
1814 0  
1815 3  
1816 2  
1817 1  
1818 0  
1819 3  
1820 2  
1821 1  
1822 0  
1823 3  
1824 2  
1825 1  
1826 0  
1827 3  
1828 2  
1829 1  
1830 0  
1831 3  
1832 2  
1833 1  
1834 0  
1835 3  
1836 2  
1837 1  
1838 0  
1839 3  
1840 2  
1841 1  
1842 0  
1843 3  
1844 2  
1845 1  
1846 0  
1847 3  
1848 2  
1849 1  
1850 0  
1851 3  
1852 2  
1853 1  
1854 0  
1855 3  
1856 2  
1857 1  
1858 0  
1859 3  
1860 2  
1861 1  
1862 0  
1863 3  
1864 2  
1865 1  
1866 0  
1867 3  
1868 2  
1869 1  
1870 0  
1871 3  
1872 2  
1873 1  
1874 0  
1875 3  
1876 2  
1877 1  
1878 0  
1879 3  
1880 2  
1881 1  
1882 0  
1883 3  
1884 2  
1885 1  
1886 0  
1887 3  
1888 2  
1889 1  
1890 0  
1891 3  
1892 2  
1893 1  
1894 0  
1895 3  
1896 2  
1897 1  
1898 0  
1899 3  
1900 2  
1901 1  
1902 0  
1903 3  
1904 2  
1905 1  
1906 0  
1907 3  
1908 2  
1909 1  
1910 0  
1911 3  
1912 2  
1913 1  
1914 0  
1915 3  
1916 2  
1917 1  
1918 0  
1919 3  
1920 2  
1921 1  
1922 0  
1923 3  
1924 2  
1925 1  
1926 0  
1927 3  
1928 2  
1929 1  
1930 0  
1931 3  
1932 2  
1933 1  
1934 0  
1935 3  
1936 2  
1937 1  
1938 0  
1939 3  
1940 2  
1941 1  
1942 0  
1943 3  
1944 2  
1945 1  
1946 0  
1947 3  
1948 2  
1949 1  
1950 0  
1951 3  
1952 2  
1953 1  
1954 0  
1955 3  
1956 2  
1957 1  
1958 0  
1959 3  
1960 2  
1961 1  
1962 0  
1963 3  
1964 2  
1965 1  
1966 0  
1967 3  
1968 2  
1969 1  
1970 0  
1971 3  
1972 2  
1973 1  
1974 0  
1975 3  
1976 2  
1977 1  
1978 0  
1979 3  
1980 2  
1981 1  
1982 0  
1983 3  
1984 2  
1985 1  
1986 0  
1987 3  
1988 2  
1989 1  
1990 0  
1991 3  
1992 2  
1993 1  
1994 0  
1995 3  
1996 2  
1997 1  
1998 0  
1999 3  
2000 2  
2001 1  
2002 0  
2003 3  
2004 2  
2005 1  
2006 0  
2007 3  
2008 2  
2009 1  
2010 0  
2011 3  
2012 2  
2013 1  
2014 0  
2015 3  
2016 2  
2017 1  
2018 0  
2019 3  
2020 2  
2021 1  
2022 0  
2023 3  
2024 2  
2025 1  
2026 0  
2027 3  
2028 2  
2029 1  
2030 0  
2031 3  
2032 2  
2033 1  
2034 0  
2035 3  
2036 2  
2037 1  
2038 0  
2039 3  
2040 2  
2041 1  
2042 0  
2043 3  
2044 2  
2045 1  
2046 0  
2047 3  
2048 2  
2049 1  
2050 0  
2051 3  
2052 2  
2053 1  
2054 0  
2055 3  
2056 2  
2057 1  
2058 0  
2059 3  
2060 2  
2061 1  
2062 0  
2063 3  
2064 2  
2065 1  
2066 0  
2067 3  
2068 2  
2069 1  
2070 0  
2071 3  
2072 2  
2073 1  
2074 0  
2075 3  
2076 2  
2077 1  
2078 0  
2079 3  
2080 2  
2081 1  
2082 0  
2083 3  
2084 2  
2085 1  
2086 0  
2087 3  
2088 2  
2089 1  
2090 0  
2091 3  
2092 2  
2093 1  
2094 0  
2095 3  
2096 2  
2097 1  
2098 0  
2099 3  
2100 2  
2101 1  
2102 0  
2103 3  
2104 2  
2105 1  
2106 0  
2107 3  
2108 2  
2109 1  
2110 0  
2111 3  
2112 2  
2113 1  
2114 0  
2115 3  
2116 2  
2117 1  
2118 0  
2119 3  
2120 2  
2121 1  
2122 0  
2123 3  
2124 2  
2125 1  
2126 0  
2127 3  
2128 2  
2129 1  
2130 0  
2131 3  
2132 2  
2133 1  
2134 0  
2135 3  
2136 2  
2137 1  
2138 0  
2139 3  
2140 2  
2141 1  
2142 0  
2143 3  
2144 2  
2145 1  
2146 0  
2147 3  
2148 2  
2149 1  
2150 0  
2151 3  
2152 2  
2153 1  
2154 0  
2155 3  
2156 2  
2157 1  
2158 0  
2159 3  
2160 2  
2161 1  
2162 0  
2163 3  
2164 2  
2165 1  
2166 0  
2167 3  
2168 2  
2169 1  
2170 0  
2171 3  
2172 2  
2173 1  
2174 0  
2175 3  
2176 2  
2177 1  
2178 0  
2179 3  
2180 2  
2181 1  
2182 0  
2183 3  
2184 2  
2185 1  
2186 0  
2187 3  
2188 2  
2189 1  
2190 0  
2191 3  
2192 2  
2193 1  
2194 0  
2195 3  
2196 2  
2197 1  
2198 0  
2199 3  
2200 2  
2201 1  
2202 0  
2203 3  
2204 2  
2205 1  
2206 0  
2207 3  
2208 2  
2209 1  
2210 0  
2211 3  
2212 2  
2213 1  
2214 0  
2215 3  
2216 2  
2217 1  
2218 0  
2219 3  
2220 2  
2221 1  
2222 0  
2223 3  
2224 2  
2225 1  
2226 0  
2227 3  
2228 2  
2229 1  
2230 0  
2231 3  
2232 2  
2233 1  
2234 0  
2235 3  
2236 2  
2237 1  
2238 0  
2239 3  
2240 2  
2241 1  
2242 0  
2243 3  
2244 2  
2245 1  
2246 0  
2247 3  
2248 2  
2249 1  
2250 0  
2251 3  
2252 2  
2253 1  
2254 0  
2255 3  
2256 2  
2257 1  
2258 0  
2259 3  
2260 2  
2261 1  
2262 0  
2263 3  
2264 2  
2265 1  
2266 0  
2267 3  
2268 2  
2269 1  
2270 0  
2271 3  
2272 2  
2273 1  
2274 0  
2275 3  
2276 2  
2277 1  
2278 0  
2279 3  
2280 2  
2281 1  
2282 0  
2283 3  
2284 2  
2285 1  
2286 0  
2287 3  
2288 2  
2289 1  
2290 0  
2291 3  
2292 2  
2293 1  
2294 0  
2295 3  
2296 2  
2297 1  
2298 0  
2299 3  
2300 2  
2301 1  
2302 0  
2303 3  
2304 2  
2305 1  
2306 0  
2307 3  
2308 2  
2309 1  
2310 0  
2311 3  
2312 2  
2313 1  
2314 0  
2315 3  
2316 2  
2317 1  
2318 0  
2319 3  
2320 2  
2321 1  
2322 0  
2323 3  
2324 2  
2325 1  
2326 0  
2327 3  
2328 2  
2329 1  
2330 0  
2331 3  
2332 2  
2333 1  
2334 0  
2335 3  
2336 2  
2337 1  
2338 0  
2339 3  
2340 2  
2341 1  
2342 0  
2343 3  
2344 2  
2345 1  
2346 0  
2347 3  
2348 2  
2349 1  
2350 0  
2351 3  
2352 2  
2353 1  
2354 0  
2355 3  
2356 2  
2357 1  
2358 0  
2359 3  
2360 2  
2361 1  
2362 0  
2363 3  
2364 2  
2365 1  
2366 0  
2367 3  
2368 2  
2369 1  
2370 0  
2371 3  
2372 2  
2373 1  
2374 0  
2375 3  
2376 2  
2377 1  
2378 0  
2379 3  
2380 2  
2381 1  
2382 0  
2383 3  
2384 2  
2385 1  
