2013 06 29 03 53 01 0.164867 
2013 06 29 03 53 02 0.171489 
2013 06 29 03 53 02 0.926328 
2013 06 29 03 53 03 0.932979 
2013 06 29 03 53 04 0.436289 
2013 06 29 03 53 05 0.442907 
2013 06 29 03 53 06 0.449556 
2013 06 29 03 53 07 0.456169 
2013 06 29 03 53 07 0.959485 
2013 06 29 03 53 08 0.966114 
2013 06 29 03 53 09 0.721296 
2013 06 29 03 53 10 0.476069 
2013 06 29 03 53 11 0.482694 
2013 06 29 03 53 12 0.489321 
2013 06 29 03 53 13 0.495954 
2013 06 29 03 53 14 0.502586 
2013 06 29 03 53 15 0.509215 
2013 06 29 03 53 17 0.019159 
2013 06 29 03 53 17 0.522469 
2013 06 29 03 53 19 0.032418 
2013 06 29 03 53 20 0.039048 
2013 06 29 03 53 20 0.542363 
2013 06 29 03 53 21 0.297478 
2013 06 29 03 53 21 0.800787 
2013 06 29 03 53 22 0.807422 
2013 06 29 03 53 23 0.310745 
2013 06 29 03 53 24 0.317355 
2013 06 29 03 53 24 0.820677 
2013 06 29 03 53 25 0.827395 
2013 06 29 03 53 26 0.330701 
2013 06 29 03 53 27 0.085471 
2013 06 29 03 53 28 0.092099 
2013 06 29 03 53 28 0.595414 
2013 06 29 03 53 29 0.602044 
2013 06 29 03 53 30 0.105360 
2013 06 29 03 53 31 0.363831 
2013 06 29 03 53 32 0.370484 
2013 06 29 03 53 33 0.377118 
2013 06 29 03 53 34 0.383737 
2013 06 29 03 53 35 0.390384 
2013 06 29 03 53 36 0.145144 
2013 06 29 03 53 37 0.151773 
2013 06 29 03 53 38 0.410199 
2013 06 29 03 53 39 0.920139 
2013 06 29 03 53 40 0.926769 
2013 06 29 03 53 41 0.681608 
2013 06 29 03 53 42 0.688240 
2013 06 29 03 53 43 0.443367 
2013 06 29 03 53 44 0.449976 
2013 06 29 03 53 45 0.204816 
2013 06 29 03 53 45 0.708143 
2013 06 29 03 53 46 0.714766 
2013 06 29 03 53 47 0.218082 
2013 06 29 03 53 48 0.224717 
2013 06 29 03 53 48 0.476578 
2013 06 29 03 53 49 0.483170 
2013 06 29 03 53 50 0.237976 
2013 06 29 03 53 51 0.244612 
2013 06 29 03 53 51 0.747920 
2013 06 29 03 53 53 0.006403 
2013 06 29 03 53 54 0.013040 
2013 06 29 03 53 55 0.774441 
2013 06 29 03 53 57 0.284384 
2013 06 29 03 53 58 0.542809 
2013 06 29 03 53 59 0.549444 
2013 06 29 03 54 01 0.310909 
2013 06 29 03 54 02 0.820851 
2013 06 29 03 54 04 0.582601 
2013 06 29 03 54 05 0.337428 
2013 06 29 03 54 06 0.344065 
2013 06 29 03 54 07 0.350697 
2013 06 29 03 54 08 0.357327 
2013 06 29 03 54 09 0.363956 
2013 06 29 03 54 10 0.622451 
2013 06 29 03 54 11 0.125778 
2013 06 29 03 54 12 0.383851 
2013 06 29 03 54 12 0.887164 
2013 06 29 03 54 13 0.893797 
2013 06 29 03 54 14 0.900426 
2013 06 29 03 54 15 0.403743 
2013 06 29 03 54 16 0.410368 
2013 06 29 03 54 16 0.913688 
2013 06 29 03 54 17 0.920313 
2013 06 29 03 54 18 0.926944 
2013 06 29 03 54 20 0.185378 
2013 06 29 03 54 20 0.688691 
2013 06 29 03 54 21 0.946837 
2013 06 29 03 54 22 0.953468 
2013 06 29 03 54 25 0.470045 
2013 06 29 03 54 26 0.476685 
2013 06 29 03 54 28 0.741772 
2013 06 29 03 54 29 0.245115 
2013 06 29 03 54 30 0.251742 
2013 06 29 03 54 31 0.761703 
2013 06 29 03 54 32 0.768340 
2013 06 29 03 54 34 0.026412 
2013 06 29 03 54 34 0.278271 
2013 06 29 03 54 35 0.284877 
2013 06 29 03 54 35 0.788142 
2013 06 29 03 54 36 0.794777 
2013 06 29 03 54 37 0.801420 
2013 06 29 03 54 38 0.556243 
2013 06 29 03 54 39 0.562875 
2013 06 29 03 54 40 0.569504 
2013 06 29 03 54 41 0.827937 
2013 06 29 03 54 42 0.331236 
2013 06 29 03 54 43 0.589397 
2013 06 29 03 54 44 0.847822 
2013 06 29 03 54 45 0.854538 
2013 06 29 03 54 47 0.867803 
2013 06 29 03 54 48 0.874389 
2013 06 29 03 54 49 0.629185 
2013 06 29 03 54 51 0.390999 
2013 06 29 03 54 53 0.404253 
2013 06 29 03 54 55 0.668966 
2013 06 29 03 54 56 0.424068 
2013 06 29 03 54 57 0.430699 
2013 06 29 03 54 58 0.940658 
2013 06 29 03 54 59 0.695485 
2013 06 29 03 55 00 0.198804 
2013 06 29 03 55 01 0.205433 
2013 06 29 03 55 02 0.212064 
2013 06 29 03 55 03 0.722006 
2013 06 29 03 55 04 0.477117 
2013 06 29 03 55 05 0.735274 
2013 06 29 03 55 06 0.993769 
2013 06 29 03 55 08 0.000396 
2013 06 29 03 55 09 0.007033 
2013 06 29 03 55 10 0.013666 
2013 06 29 03 55 10 0.768426 
2013 06 29 03 55 11 0.523600 
2013 06 29 03 55 12 0.530240 
2013 06 29 03 55 13 0.033523 
2013 06 29 03 55 14 0.794949 
2013 06 29 03 55 17 0.311522 
2013 06 29 03 55 19 0.324781 
2013 06 29 03 55 20 0.583212 
2013 06 29 03 55 21 0.086533 
2013 06 29 03 55 22 0.847989 
2013 06 29 03 55 24 0.106415 
2013 06 29 03 55 25 0.113044 
2013 06 29 03 55 26 0.119741 
2013 06 29 03 55 27 0.126382 
2013 06 29 03 55 27 0.881147 
2013 06 29 03 55 29 0.139653 
2013 06 29 03 55 30 0.146238 
2013 06 29 03 55 31 0.404356 
2013 06 29 03 55 32 0.662812 
2013 06 29 03 55 33 0.920931 
2013 06 29 03 55 34 0.172799 
2013 06 29 03 55 35 0.179423 
2013 06 29 03 55 36 0.185986 
2013 06 29 03 55 36 0.940818 
2013 06 29 03 55 37 0.947447 
2013 06 29 03 55 38 0.954080 
2013 06 29 03 55 39 0.457392 
2013 06 29 03 55 41 0.219137 
2013 06 29 03 55 42 0.477285 
2013 06 29 03 55 43 0.232403 
2013 06 29 03 55 45 0.497178 
2013 06 29 03 55 47 0.007128 
2013 06 29 03 55 48 0.265608 
2013 06 29 03 55 49 0.523703 
2013 06 29 03 55 50 0.782186 
2013 06 29 03 55 51 0.788837 
2013 06 29 03 55 52 0.543592 
2013 06 29 03 55 53 0.550231 
2013 06 29 03 55 55 0.060170 
2013 06 29 03 55 56 0.066804 
2013 06 29 03 55 57 0.325220 
2013 06 29 03 55 58 0.080066 
2013 06 29 03 55 59 0.338481 
2013 06 29 03 55 59 0.841792 
2013 06 29 03 56 00 0.848465 
2013 06 29 03 56 01 0.351748 
2013 06 29 03 56 02 0.609897 
2013 06 29 03 56 03 0.616536 
2013 06 29 03 56 04 0.119844 
2013 06 29 03 56 05 0.378259 
2013 06 29 03 56 06 0.636421 
2013 06 29 03 56 07 0.894910 
2013 06 29 03 56 08 0.901539 
2013 06 29 03 56 10 0.914799 
2013 06 29 03 56 13 0.179532 
2013 06 29 03 56 14 0.941349 
2013 06 29 03 56 15 0.192784 
2013 06 29 03 56 15 0.947885 
2013 06 29 03 56 16 0.954519 
2013 06 29 03 56 18 0.212669 
2013 06 29 03 56 18 0.967791 
2013 06 29 03 56 19 0.974410 
2013 06 29 03 56 20 0.981045 
2013 06 29 03 56 21 0.987679 
2013 06 29 03 56 23 0.497607 
2013 06 29 03 56 23 0.749138 
2013 06 29 03 56 24 0.252453 
2013 06 29 03 56 25 0.259083 
2013 06 29 03 56 26 0.517555 
2013 06 29 03 56 27 0.020893 
2013 06 29 03 56 28 0.027548 
2013 06 29 03 56 29 0.285608 
2013 06 29 03 56 30 0.544098 
2013 06 29 03 56 32 0.557353 
2013 06 29 03 56 33 0.312132 
2013 06 29 03 56 34 0.318763 
2013 06 29 03 56 36 0.080497 
2013 06 29 03 56 38 0.093761 
2013 06 29 03 56 39 0.855222 
2013 06 29 03 56 40 0.610338 
2013 06 29 03 56 41 0.113644 
2013 06 29 03 56 42 0.371801 
2013 06 29 03 56 43 0.630224 
2013 06 29 03 56 45 0.140174 
2013 06 29 03 56 45 0.391694 
2013 06 29 03 56 46 0.398326 
2013 06 29 03 56 46 0.901645 
2013 06 29 03 56 47 0.908274 
2013 06 29 03 56 48 0.663439 
2013 06 29 03 56 49 0.921536 
2013 06 29 03 56 50 0.928163 
2013 06 29 03 56 51 0.934793 
2013 06 29 03 56 53 0.193289 
2013 06 29 03 56 53 0.444742 
2013 06 29 03 56 54 0.954691 
2013 06 29 03 56 55 0.961310 
2013 06 29 03 56 56 0.967939 
2013 06 29 03 56 58 0.226387 
2013 06 29 03 57 00 0.239634 
2013 06 29 03 57 02 0.252908 
2013 06 29 03 57 04 0.014358 
2013 06 29 03 57 04 0.266151 
2013 06 29 03 57 05 0.524298 
2013 06 29 03 57 06 0.782791 
2013 06 29 03 57 08 0.292729 
2013 06 29 03 57 09 0.299379 
2013 06 29 03 57 10 0.054142 
2013 06 29 03 57 11 0.060775 
2013 06 29 03 57 12 0.067409 
2013 06 29 03 57 13 0.074036 
2013 06 29 03 57 14 0.080662 
2013 06 29 03 57 15 0.087299 
2013 06 29 03 57 16 0.093924 
2013 06 29 03 57 17 0.100552 
2013 06 29 03 57 18 0.107188 
2013 06 29 03 57 18 0.610497 
2013 06 29 03 57 19 0.113813 
2013 06 29 03 57 20 0.120444 
2013 06 29 03 57 20 0.875549 
2013 06 29 03 57 22 0.133707 
2013 06 29 03 57 23 0.643648 
2013 06 29 03 57 24 0.650279 
2013 06 29 03 57 25 0.656909 
2013 06 29 03 57 27 0.670174 
2013 06 29 03 57 28 0.928668 
2013 06 29 03 57 30 0.438607 
2013 06 29 03 57 31 0.696697 
2013 06 29 03 57 32 0.451878 
2013 06 29 03 57 33 0.961824 
2013 06 29 03 57 34 0.716593 
2013 06 29 03 57 35 0.219902 
2013 06 29 03 57 36 0.226529 
2013 06 29 03 57 36 0.729844 
2013 06 29 03 57 37 0.988269 
2013 06 29 03 57 38 0.994900 
2013 06 29 03 57 40 0.253050 
2013 06 29 03 57 40 0.756364 
2013 06 29 03 57 42 0.518105 
2013 06 29 03 57 43 0.524737 
2013 06 29 03 57 44 0.531361 
2013 06 29 03 57 45 0.034678 
2013 06 29 03 57 45 0.537987 
2013 06 29 03 57 46 0.544695 
2013 06 29 03 57 47 0.551307 
2013 06 29 03 57 48 0.557971 
2013 06 29 03 57 50 0.067905 
2013 06 29 03 57 52 0.081172 
2013 06 29 03 57 52 0.835930 
2013 06 29 03 57 54 0.094435 
2013 06 29 03 57 56 0.107616 
2013 06 29 03 57 57 0.869078 
2013 06 29 03 57 59 0.127500 
2013 06 29 03 58 00 0.385659 
2013 06 29 03 58 01 0.644075 
2013 06 29 03 58 02 0.650724 
2013 06 29 03 58 03 0.154035 
2013 06 29 03 58 04 0.160661 
2013 06 29 03 58 04 0.663980 
2013 06 29 03 58 05 0.922129 
2013 06 29 03 58 06 0.425445 
2013 06 29 03 58 07 0.432073 
2013 06 29 03 58 08 0.690536 
2013 06 29 03 58 09 0.193850 
2013 06 29 03 58 10 0.200508 
2013 06 29 03 58 11 0.458595 
2013 06 29 03 58 11 0.710474 
2013 06 29 03 58 12 0.717095 
2013 06 29 03 58 13 0.471858 
2013 06 29 03 58 15 0.485119 
2013 06 29 03 58 17 0.750168 
2013 06 29 03 58 18 0.253490 
2013 06 29 03 58 19 0.260117 
2013 06 29 03 58 21 0.273372 
2013 06 29 03 58 22 0.783330 
2013 06 29 03 58 23 0.286636 
2013 06 29 03 58 24 0.544787 
2013 06 29 03 58 25 0.551414 
2013 06 29 03 58 26 0.809919 
2013 06 29 03 58 27 0.816559 
2013 06 29 03 58 28 0.319852 
2013 06 29 03 58 29 0.577938 
2013 06 29 03 58 30 0.081259 
2013 06 29 03 58 31 0.087890 
2013 06 29 03 58 31 0.843054 
2013 06 29 03 58 33 0.101149 
2013 06 29 03 58 34 0.107783 
2013 06 29 03 58 35 0.366261 
2013 06 29 03 58 36 0.624349 
2013 06 29 03 58 37 0.882778 
2013 06 29 03 58 38 0.637639 
2013 06 29 03 58 39 0.644241 
2013 06 29 03 58 40 0.650896 
2013 06 29 03 58 42 0.160815 
2013 06 29 03 58 43 0.922554 
2013 06 29 03 58 45 0.180706 
2013 06 29 03 58 45 0.684024 
2013 06 29 03 58 47 0.445811 
2013 06 29 03 58 49 0.459068 
2013 06 29 03 58 50 0.213859 
2013 06 29 03 58 51 0.975588 
2013 06 29 03 58 52 0.982230 
2013 06 29 03 58 53 0.988865 
2013 06 29 03 58 54 0.995523 
2013 06 29 03 58 56 0.002196 
2013 06 29 03 58 56 0.756968 
2013 06 29 03 58 57 0.763590 
2013 06 29 03 58 58 0.266910 
2013 06 29 03 58 59 0.273541 
2013 06 29 03 58 59 0.776853 
2013 06 29 03 59 00 0.783480 
2013 06 29 03 59 01 0.790112 
2013 06 29 03 59 02 0.545280 
2013 06 29 03 59 03 0.551916 
2013 06 29 03 59 04 0.810009 
2013 06 29 03 59 05 0.565178 
2013 06 29 03 59 06 0.319945 
2013 06 29 03 59 07 0.829894 
2013 06 29 03 59 09 0.591643 
2013 06 29 03 59 11 0.101582 
2013 06 29 03 59 13 0.114856 
2013 06 29 03 59 14 0.624776 
2013 06 29 03 59 15 0.882929 
2013 06 29 03 59 17 0.141421 
2013 06 29 03 59 18 0.399513 
2013 06 29 03 59 18 0.651346 
2013 06 29 03 59 19 0.909466 
2013 06 29 03 59 20 0.916091 
2013 06 29 03 59 21 0.671237 
2013 06 29 03 59 22 0.677891 
2013 06 29 03 59 23 0.181212 
2013 06 29 03 59 24 0.187825 
2013 06 29 03 59 24 0.942615 
2013 06 29 03 59 25 0.949238 
2013 06 29 03 59 27 0.207655 
2013 06 29 03 59 27 0.710976 
2013 06 29 03 59 28 0.969129 
2013 06 29 03 59 30 0.227558 
2013 06 29 03 59 31 0.485699 
2013 06 29 03 59 34 0.002275 
2013 06 29 03 59 35 0.008917 
2013 06 29 03 59 37 0.022173 
2013 06 29 03 59 38 0.532119 
2013 06 29 03 59 40 0.293922 
2013 06 29 03 59 40 0.797219 
2013 06 29 03 59 41 0.803856 
2013 06 29 03 59 42 0.810497 
2013 06 29 03 59 43 0.565278 
2013 06 29 03 59 44 0.571899 
2013 06 29 03 59 45 0.830401 
2013 06 29 03 59 46 0.333658 
2013 06 29 03 59 47 0.340269 
2013 06 29 03 59 48 0.346882 
2013 06 29 03 59 48 0.850228 
2013 06 29 03 59 50 0.108364 
2013 06 29 03 59 50 0.360180 
2013 06 29 03 59 51 0.366783 
2013 06 29 03 59 51 0.870098 
2013 06 29 03 59 52 0.876726 
2013 06 29 03 59 53 0.380055 
2013 06 29 03 59 54 0.638194 
2013 06 29 03 59 55 0.141510 
2013 06 29 03 59 56 0.399998 
2013 06 29 03 59 58 0.161412 
2013 06 29 04 00 00 0.426508 
2013 06 29 04 00 02 0.439781 
2013 06 29 04 00 03 0.697884 
2013 06 29 04 00 04 0.704503 
2013 06 29 04 00 06 0.214443 
2013 06 29 04 00 07 0.472863 
2013 06 29 04 00 07 0.976173 
2013 06 29 04 00 08 0.982811 
2013 06 29 04 00 10 0.240963 
2013 06 29 04 00 11 0.499386 
2013 06 29 04 00 13 0.009335 
2013 06 29 04 00 13 0.260854 
2013 06 29 04 00 14 0.267479 
2013 06 29 04 00 14 0.770801 
2013 06 29 04 00 15 0.777455 
2013 06 29 04 00 16 0.280755 
2013 06 29 04 00 17 0.287380 
2013 06 29 04 00 18 0.545847 
2013 06 29 04 00 19 0.300642 
2013 06 29 04 00 20 0.307273 
2013 06 29 04 00 22 0.069074 
2013 06 29 04 00 23 0.327159 
2013 06 29 04 00 25 0.340422 
2013 06 29 04 00 27 0.605512 
2013 06 29 04 00 29 0.870255 
2013 06 29 04 00 31 0.380198 
2013 06 29 04 00 32 0.135320 
2013 06 29 04 00 33 0.393456 
2013 06 29 04 00 34 0.148596 
2013 06 29 04 00 35 0.406728 
2013 06 29 04 00 35 0.910029 
2013 06 29 04 00 37 0.419993 
2013 06 29 04 00 38 0.426612 
2013 06 29 04 00 39 0.433241 
2013 06 29 04 00 40 0.439875 
2013 06 29 04 00 41 0.195037 
2013 06 29 04 00 42 0.201666 
2013 06 29 04 00 43 0.459763 
2013 06 29 04 00 44 0.214939 
2013 06 29 04 00 45 0.221541 
2013 06 29 04 00 46 0.228143 
2013 06 29 04 00 46 0.731443 
2013 06 29 04 00 48 0.241400 
2013 06 29 04 00 50 0.254660 
2013 06 29 04 00 52 0.771233 
2013 06 29 04 00 54 0.532695 
2013 06 29 04 00 56 0.042636 
2013 06 29 04 00 56 0.545957 
2013 06 29 04 00 57 0.301141 
2013 06 29 04 00 58 0.559225 
2013 06 29 04 00 59 0.817714 
2013 06 29 04 01 00 0.572476 
2013 06 29 04 01 01 0.579103 
2013 06 29 04 01 02 0.837603 
2013 06 29 04 01 04 0.095684 
2013 06 29 04 01 04 0.850850 
2013 06 29 04 01 05 0.605618 
2013 06 29 04 01 06 0.864056 
2013 06 29 04 01 07 0.367364 
2013 06 29 04 01 08 0.373994 
2013 06 29 04 01 09 0.380622 
2013 06 29 04 01 10 0.638771 
2013 06 29 04 01 11 0.142090 
2013 06 29 04 01 12 0.148720 
2013 06 29 04 01 13 0.155361 
2013 06 29 04 01 14 0.161983 
2013 06 29 04 01 15 0.420388 
2013 06 29 04 01 17 0.685191 
2013 06 29 04 01 19 0.195136 
2013 06 29 04 01 20 0.453623 
2013 06 29 04 01 22 0.466880 
2013 06 29 04 01 23 0.724971 
2013 06 29 04 01 24 0.731622 
2013 06 29 04 01 25 0.486790 
2013 06 29 04 01 26 0.493321 
2013 06 29 04 01 26 0.996646 
2013 06 29 04 01 28 0.506614 
2013 06 29 04 01 29 0.009911 
2013 06 29 04 01 30 0.016582 
2013 06 29 04 01 31 0.274690 
2013 06 29 04 01 32 0.029810 
2013 06 29 04 01 32 0.533114 
2013 06 29 04 01 33 0.287950 
2013 06 29 04 01 34 0.043061 
2013 06 29 04 01 35 0.049689 
2013 06 29 04 01 36 0.056328 
2013 06 29 04 01 36 0.559713 
2013 06 29 04 01 37 0.817792 
2013 06 29 04 01 38 0.824419 
2013 06 29 04 01 40 0.334364 
2013 06 29 04 01 42 0.347628 
2013 06 29 04 01 43 0.606106 
2013 06 29 04 01 45 0.619373 
2013 06 29 04 01 46 0.122670 
2013 06 29 04 01 48 0.135902 
2013 06 29 04 01 48 0.890713 
2013 06 29 04 01 49 0.645830 
2013 06 29 04 01 50 0.652459 
2013 06 29 04 01 51 0.407292 
2013 06 29 04 01 52 0.413922 
2013 06 29 04 01 53 0.169033 
2013 06 29 04 01 54 0.427182 
2013 06 29 04 01 55 0.433811 
2013 06 29 04 01 56 0.943760 
2013 06 29 04 01 57 0.195607 
2013 06 29 04 01 57 0.698929 
2013 06 29 04 01 58 0.705558 
2013 06 29 04 01 59 0.712175 
2013 06 29 04 02 00 0.466967 
2013 06 29 04 02 01 0.473604 
2013 06 29 04 02 02 0.480285 
2013 06 29 04 02 02 0.983626 
2013 06 29 04 02 04 0.493481 
2013 06 29 04 02 05 0.500111 
2013 06 29 04 02 06 0.506746 
2013 06 29 04 02 08 0.771895 
2013 06 29 04 02 09 0.275189 
2013 06 29 04 02 11 0.288440 
2013 06 29 04 02 13 0.049846 
2013 06 29 04 02 13 0.805012 
2013 06 29 04 02 14 0.308319 
2013 06 29 04 02 15 0.314971 
2013 06 29 04 02 16 0.824830 
2013 06 29 04 02 17 0.579670 
2013 06 29 04 02 18 0.334788 
2013 06 29 04 02 18 0.838099 
2013 06 29 04 02 19 0.844766 
2013 06 29 04 02 20 0.599591 
2013 06 29 04 02 21 0.858033 
2013 06 29 04 02 22 0.361303 
2013 06 29 04 02 23 0.116149 
2013 06 29 04 02 24 0.122767 
2013 06 29 04 02 25 0.381187 
2013 06 29 04 02 25 0.884611 
2013 06 29 04 02 27 0.897812 
2013 06 29 04 02 28 0.652608 
2013 06 29 04 02 30 0.162554 
2013 06 29 04 02 31 0.924342 
2013 06 29 04 02 33 0.937595 
2013 06 29 04 02 35 0.447483 
2013 06 29 04 02 37 0.208966 
2013 06 29 04 02 38 0.215625 
2013 06 29 04 02 39 0.222226 
2013 06 29 04 02 40 0.480735 
2013 06 29 04 02 41 0.235485 
2013 06 29 04 02 42 0.242118 
2013 06 29 04 02 42 0.745435 
2013 06 29 04 02 43 0.752060 
2013 06 29 04 02 44 0.758692 
2013 06 29 04 02 45 0.262004 
2013 06 29 04 02 46 0.268637 
2013 06 29 04 02 47 0.778574 
2013 06 29 04 02 48 0.533683 
2013 06 29 04 02 49 0.540315 
2013 06 29 04 02 50 0.546984 
2013 06 29 04 02 51 0.301789 
2013 06 29 04 02 52 0.308413 
2013 06 29 04 02 53 0.566848 
2013 06 29 04 02 55 0.831615 
2013 06 29 04 02 57 0.341561 
2013 06 29 04 02 58 0.851509 
2013 06 29 04 03 01 0.116644 
2013 06 29 04 03 03 0.381343 
2013 06 29 04 03 03 0.884660 
2013 06 29 04 03 04 0.891368 
2013 06 29 04 03 05 0.646550 
2013 06 29 04 03 06 0.653053 
2013 06 29 04 03 08 0.163190 
2013 06 29 04 03 08 0.666313 
2013 06 29 04 03 09 0.421355 
2013 06 29 04 03 10 0.679635 
2013 06 29 04 03 11 0.183054 
2013 06 29 04 03 12 0.189577 
2013 06 29 04 03 13 0.196256 
2013 06 29 04 03 13 0.950960 
2013 06 29 04 03 14 0.706126 
2013 06 29 04 03 15 0.712748 
2013 06 29 04 03 16 0.467531 
2013 06 29 04 03 17 0.474192 
2013 06 29 04 03 17 0.977481 
2013 06 29 04 03 18 0.984110 
2013 06 29 04 03 20 0.997373 
2013 06 29 04 03 22 0.759124 
2013 06 29 04 03 25 0.023894 
2013 06 29 04 03 26 0.030553 
2013 06 29 04 03 27 0.037189 
2013 06 29 04 03 28 0.547132 
2013 06 29 04 03 29 0.302289 
2013 06 29 04 03 30 0.560387 
2013 06 29 04 03 31 0.315513 
2013 06 29 04 03 31 0.818872 
2013 06 29 04 03 32 0.825479 
2013 06 29 04 03 33 0.832098 
2013 06 29 04 03 34 0.335411 
2013 06 29 04 03 35 0.342053 
2013 06 29 04 03 36 0.096837 
2013 06 29 04 03 37 0.103487 
2013 06 29 04 03 38 0.110095 
2013 06 29 04 03 39 0.620041 
2013 06 29 04 03 40 0.375179 
2013 06 29 04 03 41 0.381763 
2013 06 29 04 03 42 0.388412 
2013 06 29 04 03 43 0.395042 
2013 06 29 04 03 44 0.904983 
2013 06 29 04 03 45 0.408305 
2013 06 29 04 03 47 0.421649 
2013 06 29 04 03 49 0.183031 
2013 06 29 04 03 50 0.441541 
2013 06 29 04 03 52 0.202923 
2013 06 29 04 03 53 0.209554 
2013 06 29 04 03 54 0.468052 
2013 06 29 04 03 55 0.474653 
2013 06 29 04 03 56 0.481222 
2013 06 29 04 03 57 0.739388 
2013 06 29 04 03 58 0.494486 
2013 06 29 04 03 59 0.249341 
2013 06 29 04 03 59 0.752646 
2013 06 29 04 04 00 0.759277 
2013 06 29 04 04 02 0.269223 
2013 06 29 04 04 03 0.275855 
2013 06 29 04 04 03 0.779170 
2013 06 29 04 04 04 0.785799 
2013 06 29 04 04 05 0.289245 
2013 06 29 04 04 06 0.295752 
2013 06 29 04 04 07 0.302381 
2013 06 29 04 04 08 0.309016 
2013 06 29 04 04 08 0.812328 
2013 06 29 04 04 10 0.070810 
2013 06 29 04 04 11 0.832222 
2013 06 29 04 04 13 0.594024 
2013 06 29 04 04 14 0.348796 
2013 06 29 04 04 16 0.613844 
2013 06 29 04 04 18 0.375336 
2013 06 29 04 04 19 0.633775 
2013 06 29 04 04 20 0.640368 
2013 06 29 04 04 22 0.653624 
2013 06 29 04 04 23 0.660262 
2013 06 29 04 04 24 0.666891 
2013 06 29 04 04 24 0.918439 
2013 06 29 04 04 25 0.421729 
2013 06 29 04 04 26 0.428364 
2013 06 29 04 04 27 0.435021 
2013 06 29 04 04 27 0.938308 
2013 06 29 04 04 28 0.441625 
2013 06 29 04 04 29 0.448267 
2013 06 29 04 04 29 0.951563 
2013 06 29 04 04 30 0.958196 
2013 06 29 04 04 32 0.216638 
2013 06 29 04 04 32 0.468143 
2013 06 29 04 04 33 0.474771 
2013 06 29 04 04 33 0.978086 
2013 06 29 04 04 34 0.984726 
2013 06 29 04 04 36 0.746533 
2013 06 29 04 04 37 0.753157 
2013 06 29 04 04 38 0.759787 
2013 06 29 04 04 40 0.521201 
2013 06 29 04 04 42 0.534451 
2013 06 29 04 04 44 0.044399 
2013 06 29 04 04 45 0.051033 
2013 06 29 04 04 46 0.309471 
2013 06 29 04 04 46 0.812755 
2013 06 29 04 04 47 0.567598 
2013 06 29 04 04 48 0.322742 
2013 06 29 04 04 49 0.329344 
2013 06 29 04 04 50 0.084179 
2013 06 29 04 04 51 0.090804 
2013 06 29 04 04 52 0.097439 
2013 06 29 04 04 53 0.104070 
2013 06 29 04 04 53 0.607382 
2013 06 29 04 04 54 0.110701 
2013 06 29 04 04 55 0.620663 
2013 06 29 04 04 56 0.375845 
2013 06 29 04 04 57 0.633910 
2013 06 29 04 04 58 0.640546 
2013 06 29 04 04 59 0.647175 
2013 06 29 04 05 00 0.905652 
2013 06 29 04 05 02 0.163750 
2013 06 29 04 05 02 0.667062 
2013 06 29 04 05 04 0.177026 
2013 06 29 04 05 05 0.938806 
2013 06 29 04 05 07 0.952061 
2013 06 29 04 05 08 0.958619 
2013 06 29 04 05 09 0.713467 
2013 06 29 04 05 10 0.971892 
2013 06 29 04 05 11 0.726732 
2013 06 29 04 05 12 0.733362 
2013 06 29 04 05 13 0.739997 
2013 06 29 04 05 14 0.998427 
2013 06 29 04 05 15 0.249959 
2013 06 29 04 05 16 0.256573 
2013 06 29 04 05 17 0.263223 
2013 06 29 04 05 17 0.766539 
2013 06 29 04 05 19 0.025015 
2013 06 29 04 05 19 0.779794 
2013 06 29 04 05 20 0.786415 
2013 06 29 04 05 22 0.044876 
2013 06 29 04 05 22 0.799675 
2013 06 29 04 05 23 0.806320 
2013 06 29 04 05 24 0.812937 
2013 06 29 04 05 26 0.574679 
2013 06 29 04 05 28 0.336154 
2013 06 29 04 05 30 0.349393 
2013 06 29 04 05 33 0.621111 
2013 06 29 04 05 34 0.124425 
2013 06 29 04 05 34 0.627720 
2013 06 29 04 05 36 0.641048 
2013 06 29 04 05 38 0.150957 
2013 06 29 04 05 39 0.409076 
2013 06 29 04 05 40 0.164250 
2013 06 29 04 05 41 0.170886 
2013 06 29 04 05 42 0.177493 
2013 06 29 04 05 42 0.680817 
2013 06 29 04 05 43 0.687464 
2013 06 29 04 05 44 0.694057 
2013 06 29 04 05 45 0.448860 
2013 06 29 04 05 46 0.455488 
2013 06 29 04 05 47 0.462115 
2013 06 29 04 05 47 0.713914 
2013 06 29 04 05 48 0.720542 
2013 06 29 04 05 49 0.475375 
2013 06 29 04 05 50 0.482004 
2013 06 29 04 05 51 0.488635 
2013 06 29 04 05 51 0.991973 
2013 06 29 04 05 52 0.998585 
2013 06 29 04 05 53 0.753701 
2013 06 29 04 05 55 0.766948 
2013 06 29 04 05 57 0.528429 
2013 06 29 04 05 59 0.290227 
2013 06 29 04 06 01 0.554952 
2013 06 29 04 06 02 0.813439 
2013 06 29 04 06 04 0.574848 
2013 06 29 04 06 05 0.078168 
2013 06 29 04 06 05 0.581470 
2013 06 29 04 06 07 0.343194 
2013 06 29 04 06 08 0.349832 
2013 06 29 04 06 09 0.607986 
2013 06 29 04 06 10 0.363132 
2013 06 29 04 06 10 0.866416 
2013 06 29 04 06 12 0.124563 
2013 06 29 04 06 12 0.879707 
2013 06 29 04 06 13 0.634532 
2013 06 29 04 06 14 0.641141 
2013 06 29 04 06 15 0.647766 
2013 06 29 04 06 16 0.402961 
2013 06 29 04 06 17 0.157733 
2013 06 29 04 06 18 0.164350 
2013 06 29 04 06 19 0.674295 
2013 06 29 04 06 21 0.436124 
2013 06 29 04 06 23 0.700822 
2013 06 29 04 06 24 0.707463 
2013 06 29 04 06 25 0.714078 
2013 06 29 04 06 27 0.727336 
2013 06 29 04 06 29 0.992435 
2013 06 29 04 06 31 0.502327 
2013 06 29 04 06 32 0.760487 
2013 06 29 04 06 33 0.515594 
2013 06 29 04 06 34 0.270431 
2013 06 29 04 06 35 0.277065 
2013 06 29 04 06 36 0.283694 
2013 06 29 04 06 37 0.038865 
2013 06 29 04 06 38 0.045480 
2013 06 29 04 06 39 0.052121 
2013 06 29 04 06 40 0.058776 
2013 06 29 04 06 40 0.813537 
2013 06 29 04 06 42 0.072028 
2013 06 29 04 06 43 0.330110 
2013 06 29 04 06 44 0.336765 
2013 06 29 04 06 45 0.595215 
2013 06 29 04 06 46 0.098558 
2013 06 29 04 06 47 0.356628 
2013 06 29 04 06 48 0.363259 
2013 06 29 04 06 50 0.124999 
2013 06 29 04 06 51 0.886464 
2013 06 29 04 06 53 0.899726 
2013 06 29 04 06 55 0.661465 
2013 06 29 04 06 57 0.171484 
2013 06 29 04 06 58 0.178115 
2013 06 29 04 06 59 0.184748 
2013 06 29 04 07 00 0.442832 
2013 06 29 04 07 01 0.449463 
2013 06 29 04 07 02 0.456089 
2013 06 29 04 07 02 0.959409 
2013 06 29 04 07 03 0.966046 
2013 06 29 04 07 04 0.469356 
2013 06 29 04 07 05 0.475984 
2013 06 29 04 07 06 0.231148 
2013 06 29 04 07 07 0.237721 
2013 06 29 04 07 08 0.244516 
2013 06 29 04 07 09 0.502501 
2013 06 29 04 07 10 0.509132 
2013 06 29 04 07 11 0.264240 
2013 06 29 04 07 12 0.270883 
2013 06 29 04 07 13 0.025705 
2013 06 29 04 07 13 0.780815 
2013 06 29 04 07 15 0.542285 
2013 06 29 04 07 17 0.052235 
2013 06 29 04 07 18 0.562177 
2013 06 29 04 07 20 0.323957 
2013 06 29 04 07 23 0.343872 
2013 06 29 04 07 23 0.847202 
2013 06 29 04 07 24 0.853792 
2013 06 29 04 07 25 0.860441 
2013 06 29 04 07 27 0.118536 
2013 06 29 04 07 27 0.873647 
2013 06 29 04 07 28 0.880283 
2013 06 29 04 07 29 0.635110 
2013 06 29 04 07 30 0.641737 
2013 06 29 04 07 31 0.900174 
2013 06 29 04 07 32 0.654998 
2013 06 29 04 07 33 0.158316 
2013 06 29 04 07 34 0.164951 
2013 06 29 04 07 34 0.668259 
2013 06 29 04 07 35 0.674891 
2013 06 29 04 07 36 0.933398 
2013 06 29 04 07 37 0.436705 
2013 06 29 04 07 37 0.940022 
2013 06 29 04 07 38 0.946660 
2013 06 29 04 07 40 0.204738 
2013 06 29 04 07 41 0.211367 
2013 06 29 04 07 42 0.973148 
2013 06 29 04 07 44 0.734576 
2013 06 29 04 07 46 0.747824 
2013 06 29 04 07 48 0.509568 
2013 06 29 04 07 49 0.012883 
2013 06 29 04 07 50 0.271034 
2013 06 29 04 07 51 0.277664 
2013 06 29 04 07 52 0.032779 
2013 06 29 04 07 52 0.787607 
2013 06 29 04 07 53 0.794238 
2013 06 29 04 07 54 0.800887 
2013 06 29 04 07 55 0.807499 
2013 06 29 04 07 56 0.562681 
2013 06 29 04 07 58 0.324083 
2013 06 29 04 07 59 0.079241 
2013 06 29 04 07 59 0.834028 
2013 06 29 04 08 00 0.840700 
2013 06 29 04 08 01 0.595806 
2013 06 29 04 08 02 0.602435 
2013 06 29 04 08 03 0.609073 
2013 06 29 04 08 04 0.615738 
2013 06 29 04 08 05 0.622332 
2013 06 29 04 08 07 0.383750 
2013 06 29 04 08 09 0.648803 
2013 06 29 04 08 11 0.913606 
2013 06 29 04 08 14 0.178647 
2013 06 29 04 08 16 0.191902 
2013 06 29 04 08 17 0.450061 
2013 06 29 04 08 18 0.708529 
2013 06 29 04 08 19 0.211877 
2013 06 29 04 08 20 0.469951 
2013 06 29 04 08 20 0.973270 
2013 06 29 04 08 21 0.728418 
2013 06 29 04 08 22 0.735094 
2013 06 29 04 08 23 0.238395 
2013 06 29 04 08 24 0.496471 
2013 06 29 04 08 25 0.251645 
2013 06 29 04 08 26 0.258260 
2013 06 29 04 08 27 0.768153 
2013 06 29 04 08 28 0.271481 
2013 06 29 04 08 29 0.529619 
2013 06 29 04 08 30 0.536249 
2013 06 29 04 08 31 0.542881 
2013 06 29 04 08 32 0.549509 
2013 06 29 04 08 33 0.807979 
2013 06 29 04 08 34 0.814573 
2013 06 29 04 08 36 0.324517 
2013 06 29 04 08 38 0.337833 
2013 06 29 04 08 40 0.854408 
2013 06 29 04 08 42 0.364370 
2013 06 29 04 08 44 0.377614 
2013 06 29 04 08 45 0.635712 
2013 06 29 04 08 46 0.642344 
2013 06 29 04 08 47 0.900754 
2013 06 29 04 08 48 0.907388 
2013 06 29 04 08 50 0.165545 
2013 06 29 04 08 50 0.920656 
2013 06 29 04 08 52 0.178804 
2013 06 29 04 08 53 0.185436 
2013 06 29 04 08 54 0.192065 
2013 06 29 04 08 55 0.198695 
2013 06 29 04 08 55 0.953802 
2013 06 29 04 08 56 0.960493 
2013 06 29 04 08 57 0.967124 
2013 06 29 04 08 58 0.470434 
2013 06 29 04 08 59 0.477049 
2013 06 29 04 08 59 0.980412 
2013 06 29 04 09 01 0.238489 
2013 06 29 04 09 02 0.748431 
2013 06 29 04 09 04 0.510234 
2013 06 29 04 09 06 0.523483 
2013 06 29 04 09 08 0.788210 
2013 06 29 04 09 10 0.298153 
2013 06 29 04 09 11 0.053269 
2013 06 29 04 09 11 0.556569 
2013 06 29 04 09 12 0.563211 
2013 06 29 04 09 13 0.569848 
2013 06 29 04 09 14 0.324674 
2013 06 29 04 09 15 0.331302 
2013 06 29 04 09 16 0.337934 
2013 06 29 04 09 17 0.344569 
2013 06 29 04 09 18 0.099766 
2013 06 29 04 09 19 0.106360 
2013 06 29 04 09 20 0.113014 
2013 06 29 04 09 21 0.119634 
2013 06 29 04 09 21 0.622928 
2013 06 29 04 09 22 0.629574 
2013 06 29 04 09 23 0.636211 
2013 06 29 04 09 25 0.146155 
2013 06 29 04 09 26 0.152772 
2013 06 29 04 09 27 0.410868 
2013 06 29 04 09 29 0.172608 
2013 06 29 04 09 31 0.185872 
2013 06 29 04 09 32 0.947336 
2013 06 29 04 09 35 0.212390 
2013 06 29 04 09 36 0.722389 
2013 06 29 04 09 38 0.232365 
2013 06 29 04 09 39 0.238953 
2013 06 29 04 09 40 0.497074 
2013 06 29 04 09 42 0.007019 
2013 06 29 04 09 43 0.013650 
2013 06 29 04 09 43 0.768816 
2013 06 29 04 09 44 0.775443 
2013 06 29 04 09 45 0.278781 
2013 06 29 04 09 46 0.033539 
2013 06 29 04 09 47 0.040165 
2013 06 29 04 09 48 0.046796 
2013 06 29 04 09 49 0.053426 
2013 06 29 04 09 49 0.305225 
2013 06 29 04 09 50 0.311848 
2013 06 29 04 09 50 0.815157 
2013 06 29 04 09 51 0.821812 
2013 06 29 04 09 53 0.079950 
2013 06 29 04 09 54 0.338373 
2013 06 29 04 09 56 0.351643 
2013 06 29 04 09 58 0.616420 
2013 06 29 04 10 00 0.378218 
2013 06 29 04 10 01 0.888143 
2013 06 29 04 10 02 0.894791 
2013 06 29 04 10 04 0.404732 
2013 06 29 04 10 05 0.159518 
2013 06 29 04 10 06 0.166151 
2013 06 29 04 10 06 0.669464 
2013 06 29 04 10 07 0.172774 
2013 06 29 04 10 08 0.179402 
2013 06 29 04 10 09 0.186033 
2013 06 29 04 10 09 0.941159 
2013 06 29 04 10 10 0.695981 
2013 06 29 04 10 11 0.702610 
2013 06 29 04 10 12 0.205919 
2013 06 29 04 10 13 0.464349 
2013 06 29 04 10 14 0.219182 
2013 06 29 04 10 15 0.477613 
2013 06 29 04 10 16 0.484237 
2013 06 29 04 10 18 0.245716 
2013 06 29 04 10 19 0.252351 
2013 06 29 04 10 19 0.504193 
2013 06 29 04 10 20 0.510823 
2013 06 29 04 10 21 0.768925 
2013 06 29 04 10 23 0.782179 
2013 06 29 04 10 25 0.795439 
2013 06 29 04 10 27 0.305379 
2013 06 29 04 10 29 0.821955 
2013 06 29 04 10 30 0.325271 
2013 06 29 04 10 31 0.331900 
2013 06 29 04 10 32 0.590332 
2013 06 29 04 10 33 0.093653 
2013 06 29 04 10 33 0.848474 
2013 06 29 04 10 34 0.855103 
2013 06 29 04 10 36 0.113537 
2013 06 29 04 10 36 0.365052 
2013 06 29 04 10 36 0.868379 
2013 06 29 04 10 37 0.875009 
2013 06 29 04 10 39 0.636824 
2013 06 29 04 10 40 0.391581 
2013 06 29 04 10 41 0.650061 
2013 06 29 04 10 42 0.153390 
2013 06 29 04 10 43 0.159984 
2013 06 29 04 10 43 0.663335 
2013 06 29 04 10 44 0.669948 
2013 06 29 04 10 45 0.676593 
2013 06 29 04 10 46 0.683177 
2013 06 29 04 10 47 0.186471 
2013 06 29 04 10 49 0.199733 
2013 06 29 04 10 50 0.961192 
2013 06 29 04 10 53 0.729575 
2013 06 29 04 10 55 0.239500 
2013 06 29 04 10 56 0.749549 
2013 06 29 04 10 57 0.756156 
2013 06 29 04 10 59 0.517558 
2013 06 29 04 11 00 0.272724 
2013 06 29 04 11 01 0.279361 
2013 06 29 04 11 02 0.285973 
2013 06 29 04 11 03 0.292622 
2013 06 29 04 11 04 0.299254 
2013 06 29 04 11 05 0.557337 
2013 06 29 04 11 06 0.563972 
2013 06 29 04 11 07 0.319081 
2013 06 29 04 11 08 0.325704 
2013 06 29 04 11 09 0.080542 
