16429.0965763
16429.0965792
16429.0965821
16429.096585
16429.0965879
16429.0965908
16429.0965938
16429.0965967
16429.0965996
16429.0966025
16429.0966054
16429.0966083
16429.0966112
16429.0966141
16429.0966171
16429.09662
16429.0966229
16429.0966258
16429.0966287
16429.0966316
16429.0966345
16429.0966374
16429.0966404
16429.0966433
16429.0966462
16429.0966491
16429.096652
16429.0966549
16429.0966578
16429.0966608
16429.0966637
16429.0966666
16429.0966695
16429.0966724
16429.0966753
16429.0966782
16429.0966811
16429.0966841
16429.096687
16429.0966899
16429.0966928
16429.0966957
16429.0966986
16429.0967015
16429.0967044
16429.0967074
16429.0967103
16429.0967132
16429.0967161
16429.096719
16429.0967219
16429.0967248
16429.0967277
16429.0967307
16429.0967336
16429.0967365
16429.0967394
16429.0967423
16429.0967452
16429.0967481
16429.096751
16429.096754
16429.0967569
16429.0967598
16429.0967627
16429.0967656
16429.0967685
16429.0967714
16429.0967743
16429.0967773
16429.0967802
16429.0967831
16429.096786
16429.0967889
16429.0967918
16429.0967947
16429.0967976
16429.0968006
16429.0968035
16429.0968064
16429.0968093
16429.0968122
16429.0968151
16429.096818
16429.0968209
16429.0968239
16429.0968268
16429.0968297
16429.0968326
16429.0968355
16429.0968384
16429.0968413
16429.0968443
16429.0968472
16429.0968501
16429.096853
16429.0968559
16429.0968588
16429.0968617
16429.0968646
16429.0968676
16429.0968705
16429.0968734
16429.0968763
16429.0968792
16429.0968821
16429.096885
16429.0968879
16429.0968909
16429.0968938
16429.0968967
16429.0968996
16429.0969025
16429.0969054
16429.0969083
16429.0969112
16429.0969142
16429.0969171
16429.09692
16429.0969229
16429.0969258
16429.0969287
16429.0969316
16429.0969345
16429.0969375
16429.0969404
16429.0969433
16429.0969462
16429.0969491
16429.096952
16429.0969549
16429.0969578
16429.0969608
16429.0969637
16429.0969666
16429.0969695
16429.0969724
16429.0969753
16429.0969782
16429.0969811
16429.0969841
16429.096987
16429.0969899
16429.0969928
16429.0969957
16429.0969986
16429.0970015
16429.0970045
16429.0970074
16429.0970103
16429.0970132
16429.0970161
16429.097019
16429.0970219
16429.0970248
16429.0970278
16429.0970307
16429.0970336
16429.0970365
16429.0970394
16429.0970423
16429.0970452
16429.0970481
16429.0970511
16429.097054
16429.0970569
16429.0970598
16429.0970627
16429.0970656
16429.0970685
16429.0970714
16429.0970744
16429.0970773
16429.0970802
16429.0970831
16429.097086
16429.0970889
16429.0970918
16429.0970947
16429.0970977
16429.0971006
16429.0971035
16429.0971064
16429.0971093
16429.0971122
16429.0971151
16429.097118
16429.097121
16429.0971239
16429.0971268
16429.0971297
16429.0971326
16429.0971355
16429.0971384
16429.0971413
16429.0971443
16429.0971472
16429.0971501
16429.097153
16429.0971559
16429.0971588
16429.0971617
16429.0971646
16429.0971676
16429.0971705
16429.0971734
16429.0971763
16429.0971792
16429.0971821
16429.097185
16429.097188
16429.0971909
16429.0971938
16429.0971967
16429.0971996
16429.0972025
16429.0972054
16429.0972083
16429.0972113
16429.0972142
16429.0972171
16429.09722
16429.0972229
16429.0972258
16429.0972287
16429.0972316
16429.0972346
16429.0972375
16429.0972404
16429.0972433
16429.0972462
16429.0972491
16429.097252
16429.0972549
16429.0972579
16429.0972608
16429.0972637
16429.0972666
16429.0972695
16429.0972724
16429.0972753
16429.0972782
16429.0972812
16429.0972841
16429.097287
16429.0972899
16429.0972928
16429.0972957
16429.0972986
16429.0973015
16429.0973045
16429.0973074
16429.0973103
16429.0973132
16429.0973161
16429.097319
16429.0973219
16429.0973248
16429.0973278
16429.0973307
16429.0973336
16429.0973365
16429.0973394
16429.0973423
16429.0973452
16429.0973482
16429.0973511
16429.097354
16429.0973569
16429.0973598
16429.0973627
16429.0973656
16429.0973685
16429.0973715
16429.0973744
16429.0973773
16429.0973802
16429.0973831
16429.097386
16429.0973889
16429.0973918
16429.0973948
16429.0973977
16429.0974006
16429.0974035
16429.0974064
16429.0974093
16429.0974122
16429.0974151
16429.0974181
16429.097421
16429.0974239
16429.0974268
16429.0974297
16429.0974326
16429.0974355
16429.0974384
16429.0974414
16429.0974443
16429.0974472
16429.0974501
16429.097453
16429.0974559
16429.0974588
16429.0974617
16429.0974647
16429.0974676
16429.0974705
16429.0974734
16429.0974763
16429.0974792
16429.0974821
16429.097485
16429.097488
16429.0974909
16429.0974938
16429.0974967
16429.0974996
16429.0975025
16429.0975054
16429.0975083
16429.0975113
16429.0975142
16429.0975171
16429.09752
16429.0975229
16429.0975258
16429.0975287
16429.0975317
16429.0975346
16429.0975375
16429.0975404
16429.0975433
16429.0975462
16429.0975491
16429.097552
16429.097555
16429.0975579
16429.0975608
16429.0975637
16429.0975666
16429.0975695
16429.0975724
16429.0975753
16429.0975783
16429.0975812
16429.0975841
16429.097587
16429.0975899
16429.0975928
16429.0975957
16429.0975986
16429.0976016
16429.0976045
16429.0976074
16429.0976103
16429.0976132
16429.0976161
16429.097619
16429.0976219
16429.0976249
16429.0976278
16429.0976307
16429.0976336
16429.0976365
16429.0976394
16429.0976423
16429.0976452
16429.0976482
16429.0976511
16429.097654
16429.0976569
16429.0976598
16429.0976627
16429.0976656
16429.0976685
16429.0976715
16429.0976744
16429.0976773
16429.0976802
16429.0976831
16429.097686
16429.0976889
16429.0976918
16429.0976948
16429.0976977
16429.0977006
16429.0977035
16429.0977064
16429.0977093
16429.0977122
16429.0977152
16429.0977181
16429.097721
16429.0977239
16429.0977268
16429.0977297
16429.0977326
16429.0977355
16429.0977385
16429.0977414
16429.0977443
16429.0977472
16429.0977501
16429.097753
16429.0977559
16429.0977588
16429.0977618
16429.0977647
16429.0977676
16429.0977705
16429.0977734
16429.0977763
16429.0977792
16429.0977821
16429.0977851
16429.097788
16429.0977909
16429.0977938
16429.0977967
16429.0977996
16429.0978025
16429.0978054
16429.0978084
16429.0978113
16429.0978142
16429.0978171
16429.09782
16429.0978229
16429.0978258
16429.0978287
16429.0978317
16429.0978346
16429.0978375
16429.0978404
16429.0978433
16429.0978462
16429.0978491
16429.097852
16429.097855
16429.0978579
16429.0978608
16429.0978637
16429.0978666
16429.0978695
16429.0978724
16429.0978754
16429.0978783
16429.0978812
16429.0978841
16429.097887
16429.0978899
16429.0978928
16429.0978957
16429.0978987
16429.0979016
16429.0979045
16429.0979074
16429.0979103
16429.0979132
16429.0979161
16429.097919
16429.097922
16429.0979249
16429.0979278
16429.0979307
16429.0979336
16429.0979365
16429.0979394
16429.0979423
16429.0979453
16429.0979482
16429.0979511
16429.097954
16429.0979569
16429.0979598
16429.0979627
16429.0979656
16429.0979686
16429.0979715
16429.0979744
16429.0979773
16429.0979802
16429.0979831
16429.097986
16429.0979889
16429.0979919
16429.0979948
16429.0979977
16429.0980006
16429.0980035
16429.0980064
16429.0980093
16429.0980122
16429.0980152
16429.0980181
16429.098021
16429.0980239
16429.0980268
16429.0980297
16429.0980326
16429.0980355
16429.0980385
16429.0980414
16429.0980443
16429.0980472
16429.0980501
16429.098053
16429.0980559
16429.0980589
16429.0980618
16429.0980647
16429.0980676
16429.0980705
16429.0980734
16429.0980763
16429.0980792
16429.0980822
16429.0980851
16429.098088
16429.0980909
16429.0980938
16429.0980967
16429.0980996
16429.0981025
16429.0981055
16429.0981084
16429.0981113
16429.0981142
16429.0981171
16429.09812
16429.0981229
16429.0981258
16429.0981288
16429.0981317
16429.0981346
16429.0981375
16429.0981404
16429.0981433
16429.0981462
16429.0981491
16429.0981521
16429.098155
16429.0981579
16429.0981608
16429.0981637
16429.0981666
16429.0981695
16429.0981724
16429.0981754
16429.0981783
16429.0981812
16429.0981841
16429.098187
16429.0981899
16429.0981928
16429.0981957
16429.0981987
16429.0982016
16429.0982045
16429.0982074
16429.0982103
16429.0982132
16429.0982161
16429.0982191
16429.098222
16429.0982249
16429.0982278
16429.0982307
16429.0982336
16429.0982365
16429.0982394
16429.0982424
16429.0982453
16429.0982482
16429.0982511
16429.098254
16429.0982569
16429.0982598
16429.0982627
16429.0982657
16429.0982686
16429.0982715
16429.0982744
16429.0982773
16429.0982802
16429.0982831
16429.098286
16429.098289
16429.0982919
16429.0982948
16429.0982977
16429.0983006
16429.0983035
16429.0983064
16429.0983093
16429.0983123
16429.0983152
16429.0983181
16429.098321
16429.0983239
16429.0983268
16429.0983297
16429.0983326
16429.0983356
16429.0983385
16429.0983414
16429.0983443
16429.0983472
16429.0983501
16429.098353
16429.0983559
16429.0983589
16429.0983618
16429.0983647
16429.0983676
16429.0983705
16429.0983734
16429.0983763
16429.0983792
16429.0983822
16429.0983851
16429.098388
16429.0983909
16429.0983938
16429.0983967
16429.0983996
16429.0984026
16429.0984055
16429.0984084
16429.0984113
16429.0984142
16429.0984171
16429.09842
16429.0984229
16429.0984259
16429.0984288
16429.0984317
16429.0984346
16429.0984375
16429.0984404
16429.0984433
16429.0984462
16429.0984492
16429.0984521
16429.098455
16429.0984579
16429.0984608
16429.0984637
16429.0984666
16429.0984695
16429.0984725
16429.0984754
16429.0984783
16429.0984812
16429.0984841
16429.098487
16429.0984899
16429.0984928
16429.0984958
16429.0984987
16429.0985016
16429.0985045
16429.0985074
16429.0985103
16429.0985132
16429.0985161
16429.0985191
16429.098522
16429.0985249
16429.0985278
16429.0985307
16429.0985336
16429.0985365
16429.0985394
16429.0985424
16429.0985453
16429.0985482
16429.0985511
16429.098554
16429.0985569
16429.0985598
16429.0985628
16429.0985657
16429.0985686
16429.0985715
16429.0985744
16429.0985773
16429.0985802
16429.0985831
16429.0985861
16429.098589
16429.0985919
16429.0985948
16429.0985977
16429.0986006
16429.0986035
16429.0986064
16429.0986094
16429.0986123
16429.0986152
16429.0986181
16429.098621
16429.0986239
16429.0986268
16429.0986297
16429.0986327
16429.0986356
16429.0986385
16429.0986414
16429.0986443
16429.0986472
16429.0986501
16429.098653
16429.098656
16429.0986589
16429.0986618
16429.0986647
16429.0986676
16429.0986705
16429.0986734
16429.0986763
16429.0986793
16429.0986822
16429.0986851
16429.098688
16429.0986909
16429.0986938
16429.0986967
16429.0986996
16429.0987026
16429.0987055
16429.0987084
16429.0987113
16429.0987142
16429.0987171
16429.09872
16429.0987229
16429.0987259
16429.0987288
16429.0987317
16429.0987346
16429.0987375
16429.0987404
16429.0987433
16429.0987463
16429.0987492
16429.0987521
16429.098755
16429.0987579
16429.0987608
16429.0987637
16429.0987666
16429.0987696
16429.0987725
16429.0987754
16429.0987783
16429.0987812
16429.0987841
16429.098787
16429.0987899
16429.0987929
16429.0987958
16429.0987987
16429.0988016
16429.0988045
16429.0988074
16429.0988103
16429.0988132
16429.0988162
16429.0988191
16429.098822
16429.0988249
16429.0988278
16429.0988307
16429.0988336
16429.0988365
16429.0988395
16429.0988424
16429.0988453
16429.0988482
16429.0988511
16429.098854
16429.0988569
16429.0988598
16429.0988628
16429.0988657
16429.0988686
16429.0988715
16429.0988744
16429.0988773
16429.0988802
16429.0988831
16429.0988861
16429.098889
16429.0988919
16429.0988948
16429.0988977
16429.0989006
16429.0989035
16429.0989065
16429.0989094
16429.0989123
16429.0989152
16429.0989181
16429.098921
16429.0989239
16429.0989268
16429.0989298
16429.0989327
16429.0989356
16429.0989385
16429.0989414
16429.0989443
16429.0989472
16429.0989501
16429.0989531
16429.098956
16429.0989589
16429.0989618
16429.0989647
16429.0989676
16429.0989705
16429.0989734
16429.0989764
16429.0989793
16429.0989822
16429.0989851
16429.098988
16429.0989909
16429.0989938
16429.0989967
16429.0989997
16429.0990026
16429.0990055
16429.0990084
16429.0990113
16429.0990142
16429.0990171
16429.09902
16429.099023
16429.0990259
16429.0990288
16429.0990317
16429.0990346
16429.0990375
16429.0990404
16429.0990433
16429.0990463
16429.0990492
16429.0990521
16429.099055
16429.0990579
16429.0990608
16429.0990637
16429.0990666
16429.0990696
16429.0990725
16429.0990754
16429.0990783
16429.0990812
16429.0990841
16429.099087
16429.09909
16429.0990929
16429.0990958
16429.0990987
16429.0991016
16429.0991045
16429.0991074
16429.0991103
16429.0991133
16429.0991162
16429.0991191
16429.099122
16429.0991249
16429.0991278
16429.0991307
16429.0991336
16429.0991366
16429.0991395
16429.0991424
16429.0991453
16429.0991482
16429.0991511
16429.099154
16429.0991569
16429.0991599
16429.0991628
16429.0991657
16429.0991686
16429.0991715
16429.0991744
16429.0991773
16429.0991802
16429.0991832
16429.0991861
16429.099189
16429.0991919
16429.0991948
16429.0991977
16429.0992006
16429.0992035
16429.0992065
16429.0992094
16429.0992123
16429.0992152
16429.0992181
16429.099221
16429.0992239
16429.0992268
16429.0992298
16429.0992327
16429.0992356
16429.0992385
16429.0992414
16429.0992443
16429.0992472
16429.0992502
16429.0992531
16429.099256
16429.0992589
16429.0992618
16429.0992647
16429.0992676
16429.0992705
16429.0992735
16429.0992764
16429.0992793
16429.0992822
16429.0992851
16429.099288
16429.0992909
16429.0992938
16429.0992968
16429.0992997
16429.0993026
16429.0993055
16429.0993084
16429.0993113
16429.0993142
16429.0993171
16429.0993201
16429.099323
16429.0993259
16429.0993288
16429.0993317
16429.0993346
16429.0993375
16429.0993404
16429.0993434
16429.0993463
16429.0993492
16429.0993521
16429.099355
16429.0993579
16429.0993608
16429.0993637
16429.0993667
16429.0993696
16429.0993725
16429.0993754
16429.0993783
16429.0993812
16429.0993841
16429.099387
16429.09939
16429.0993929
16429.0993958
16429.0993987
16429.0994016
16429.0994045
16429.0994074
16429.0994103
16429.0994133
16429.0994162
16429.0994191
16429.099422
16429.0994249
16429.0994278
16429.0994307
16429.0994337
16429.0994366
16429.0994395
16429.0994424
16429.0994453
16429.0994482
16429.0994511
16429.099454
16429.099457
16429.0994599
16429.0994628
16429.0994657
16429.0994686
16429.0994715
16429.0994744
16429.0994773
16429.0994803
16429.0994832
16429.0994861
16429.099489
16429.0994919
16429.0994948
16429.0994977
16429.0995006
16429.0995036
16429.0995065
16429.0995094
16429.0995123
16429.0995152
16429.0995181
16429.099521
16429.0995239
16429.0995269
16429.0995298
16429.0995327
16429.0995356
16429.0995385
16429.0995414
16429.0995443
16429.0995472
16429.0995502
16429.0995531
16429.099556
16429.0995589
16429.0995618
16429.0995647
16429.0995676
16429.0995705
16429.0995735
16429.0995764
16429.0995793
16429.0995822
16429.0995851
16429.099588
16429.0995909
16429.0995939
16429.0995968
16429.0995997
16429.0996026
16429.0996055
16429.0996084
16429.0996113
16429.0996142
16429.0996172
16429.0996201
16429.099623
16429.0996259
16429.0996288
16429.0996317
16429.0996346
16429.0996375
16429.0996405
16429.0996434
16429.0996463
16429.0996492
16429.0996521
16429.099655
16429.0996579
16429.0996608
16429.0996638
16429.0996667
16429.0996696
16429.0996725
16429.0996754
16429.0996783
16429.0996812
16429.0996841
16429.0996871
16429.09969
16429.0996929
16429.0996958
16429.0996987
16429.0997016
16429.0997045
16429.0997074
16429.0997104
16429.0997133
16429.0997162
16429.0997191
16429.099722
16429.0997249
16429.0997278
16429.0997307
16429.0997337
16429.0997366
16429.0997395
16429.0997424
16429.0997453
16429.0997482
16429.0997511
16429.099754
16429.099757
16429.0997599
16429.0997628
16429.0997657
16429.0997686
16429.0997715
16429.0997744
16429.0997774
16429.0997803
16429.0997832
16429.0997861
16429.099789
16429.0997919
16429.0997948
16429.0997977
16429.0998007
16429.0998036
16429.0998065
16429.0998094
16429.0998123
16429.0998152
16429.0998181
16429.099821
16429.099824
16429.0998269
16429.0998298
16429.0998327
16429.0998356
16429.0998385
16429.0998414
16429.0998443
16429.0998473
16429.0998502
16429.0998531
16429.099856
16429.0998589
16429.0998618
16429.0998647
16429.0998676
16429.0998706
16429.0998735
16429.0998764
16429.0998793
16429.0998822
16429.0998851
16429.099888
16429.0998909
16429.0998939
16429.0998968
16429.0998997
16429.0999026
16429.0999055
16429.0999084
16429.0999113
16429.0999142
16429.0999172
16429.0999201
16429.099923
16429.0999259
16429.0999288
16429.0999317
16429.0999346
16429.0999376
16429.0999405
16429.0999434
16429.0999463
16429.0999492
16429.0999521
16429.099955
16429.0999579
16429.0999609
16429.0999638
16429.0999667
16429.0999696
16429.0999725
16429.0999754
16429.0999783
16429.0999812
16429.0999842
16429.0999871
16429.09999
16429.0999929
16429.0999958
16429.0999987
16429.1000016
16429.1000045
16429.1000075
16429.1000104
16429.1000133
16429.1000162
16429.1000191
16429.100022
16429.1000249
16429.1000278
16429.1000308
16429.1000337
16429.1000366
16429.1000395
16429.1000424
16429.1000453
16429.1000482
16429.1000511
16429.1000541
16429.100057
