16471.93264653
16471.93264944
16471.93265235
16471.93265527
16471.93265818
16471.93266109
16471.93266400
16471.93266692
16471.93266983
16471.93267274
16471.93267566
16471.93267857
16471.93268148
16471.93268439
16471.93268731
16471.93269022
16471.93269313
16471.93269604
16471.93269896
16471.93270187
16471.93270478
16471.93270770
16471.93271061
16471.93271352
16471.93271643
16471.93271935
16471.93272226
16471.93272517
16471.93272808
16471.93273100
16471.93273391
16471.93273682
16471.93273974
16471.93274265
16471.93274556
16471.93274847
16471.93275139
16471.93275430
16471.93275721
16471.93276012
16471.93276304
16471.93276595
16471.93276886
16471.93277177
16471.93277469
16471.93277760
16471.93278051
16471.93278343
16471.93278634
16471.93278925
16471.93279216
16471.93279508
16471.93279799
16471.93280090
16471.93280381
16471.93280673
16471.93280964
16471.93281255
16471.93281547
16471.93281838
16471.93282129
16471.93282420
16471.93282712
16471.93283003
16471.93283294
16471.93283585
16471.93283877
16471.93284168
16471.93284459
16471.93284751
16471.93285042
16471.93285333
16471.93285624
16471.93285916
16471.93286207
16471.93286498
16471.93286789
16471.93287081
16471.93287372
16471.93287663
16471.93287955
16471.93288246
16471.93288537
16471.93288828
16471.93289120
16471.93289411
16471.93289702
16471.93289993
16471.93290285
16471.93290576
16471.93290867
16471.93291159
16471.93291450
16471.93291741
16471.93292032
16471.93292324
16471.93292615
16471.93292906
16471.93293197
16471.93293489
16471.93293780
16471.93294071
16471.93294362
16471.93294654
16471.93294945
16471.93295236
16471.93295528
16471.93295819
16471.93296110
16471.93296401
16471.93296693
16471.93296984
16471.93297275
16471.93297566
16471.93297858
16471.93298149
16471.93298440
16471.93298732
16471.93299023
16471.93299314
16471.93299605
16471.93299897
16471.93300188
16471.93300479
16471.93300770
16471.93301062
16471.93301353
16471.93301644
16471.93301936
16471.93302227
16471.93302518
16471.93302809
16471.93303101
16471.93303392
16471.93303683
16471.93303974
16471.93304266
16471.93304557
16471.93304848
16471.93305140
16471.93305431
16471.93305722
16471.93306013
16471.93306305
16471.93306596
16471.93306887
16471.93307178
16471.93307470
16471.93307761
16471.93308052
16471.93308344
16471.93308635
16471.93308926
16471.93309217
16471.93309509
16471.93309800
16471.93310091
16471.93310382
16471.93310674
16471.93310965
16471.93311256
16471.93311547
16471.93311839
16471.93312130
16471.93312421
16471.93312713
16471.93313004
16471.93313295
16471.93313586
16471.93313878
16471.93314169
16471.93314460
16471.93314751
16471.93315043
16471.93315334
16471.93315625
16471.93315917
16471.93316208
16471.93316499
16471.93316790
16471.93317082
16471.93317373
16471.93317664
16471.93317955
16471.93318247
16471.93318538
16471.93318829
16471.93319121
16471.93319412
16471.93319703
16471.93319994
16471.93320286
16471.93320577
16471.93320868
16471.93321159
16471.93321451
16471.93321742
16471.93322033
16471.93322325
16471.93322616
16471.93322907
16471.93323198
16471.93323490
16471.93323781
16471.93324072
16471.93324363
16471.93324655
16471.93324946
16471.93325237
16471.93325528
16471.93325820
16471.93326111
16471.93326402
16471.93326694
16471.93326985
16471.93327276
16471.93327567
16471.93327859
16471.93328150
16471.93328441
16471.93328732
16471.93329024
16471.93329315
16471.93329606
16471.93329898
16471.93330189
16471.93330480
16471.93330771
16471.93331063
16471.93331354
16471.93331645
16471.93331936
16471.93332228
16471.93332519
16471.93332810
16471.93333102
16471.93333393
16471.93333684
16471.93333975
16471.93334267
16471.93334558
16471.93334849
16471.93335140
16471.93335432
16471.93335723
16471.93336014
16471.93336306
16471.93336597
16471.93336888
16471.93337179
16471.93337471
16471.93337762
16471.93338053
16471.93338344
16471.93338636
16471.93338927
16471.93339218
16471.93339510
16471.93339801
16471.93340092
16471.93340383
16471.93340675
16471.93340966
16471.93341257
16471.93341548
16471.93341840
16471.93342131
16471.93342422
16471.93342713
16471.93343005
16471.93343296
16471.93343587
16471.93343879
16471.93344170
16471.93344461
16471.93344752
16471.93345044
16471.93345335
16471.93345626
16471.93345917
16471.93346209
16471.93346500
16471.93346791
16471.93347083
16471.93347374
16471.93347665
16471.93347956
16471.93348248
16471.93348539
16471.93348830
16471.93349121
16471.93349413
16471.93349704
16471.93349995
16471.93350287
16471.93350578
16471.93350869
16471.93351160
16471.93351452
16471.93351743
16471.93352034
16471.93352325
16471.93352617
16471.93352908
16471.93353199
16471.93353491
16471.93353782
16471.93354073
16471.93354364
16471.93354656
16471.93354947
16471.93355238
16471.93355529
16471.93355821
16471.93356112
16471.93356403
16471.93356695
16471.93356986
16471.93357277
16471.93357568
16471.93357860
16471.93358151
16471.93358442
16471.93358733
16471.93359025
16471.93359316
16471.93359607
16471.93359898
16471.93360190
16471.93360481
16471.93360772
16471.93361064
16471.93361355
16471.93361646
16471.93361937
16471.93362229
16471.93362520
16471.93362811
16471.93363102
16471.93363394
16471.93363685
16471.93363976
16471.93364268
16471.93364559
16471.93364850
16471.93365141
16471.93365433
16471.93365724
16471.93366015
16471.93366306
16471.93366598
16471.93366889
16471.93367180
16471.93367472
16471.93367763
16471.93368054
16471.93368345
16471.93368637
16471.93368928
16471.93369219
16471.93369510
16471.93369802
16471.93370093
16471.93370384
16471.93370676
16471.93370967
16471.93371258
16471.93371549
16471.93371841
16471.93372132
16471.93372423
16471.93372714
16471.93373006
16471.93373297
16471.93373588
16471.93373880
16471.93374171
16471.93374462
16471.93374753
16471.93375045
16471.93375336
16471.93375627
16471.93375918
16471.93376210
16471.93376501
16471.93376792
16471.93377083
16471.93377375
16471.93377666
16471.93377957
16471.93378249
16471.93378540
16471.93378831
16471.93379122
16471.93379414
16471.93379705
16471.93379996
16471.93380287
16471.93380579
16471.93380870
16471.93381161
16471.93381453
16471.93381744
16471.93382035
16471.93382326
16471.93382618
16471.93382909
16471.93383200
16471.93383491
16471.93383783
16471.93384074
16471.93384365
16471.93384657
16471.93384948
16471.93385239
16471.93385530
16471.93385822
16471.93386113
16471.93386404
16471.93386695
16471.93386987
16471.93387278
16471.93387569
16471.93387861
16471.93388152
16471.93388443
16471.93388734
16471.93389026
16471.93389317
16471.93389608
16471.93389899
16471.93390191
16471.93390482
16471.93390773
16471.93391064
16471.93391356
16471.93391647
16471.93391938
16471.93392230
16471.93392521
16471.93392812
16471.93393103
16471.93393395
16471.93393686
16471.93393977
16471.93394268
16471.93394560
16471.93394851
16471.93395142
16471.93395434
16471.93395725
16471.93396016
16471.93396307
16471.93396599
16471.93396890
16471.93397181
16471.93397472
16471.93397764
16471.93398055
16471.93398346
16471.93398638
16471.93398929
16471.93399220
16471.93399511
16471.93399803
16471.93400094
16471.93400385
16471.93400676
16471.93400968
16471.93401259
16471.93401550
16471.93401842
16471.93402133
16471.93402424
16471.93402715
16471.93403007
16471.93403298
16471.93403589
16471.93403880
16471.93404172
16471.93404463
16471.93404754
16471.93405046
16471.93405337
16471.93405628
16471.93405919
16471.93406211
16471.93406502
16471.93406793
16471.93407084
16471.93407376
16471.93407667
16471.93407958
16471.93408249
16471.93408541
16471.93408832
16471.93409123
16471.93409415
16471.93409706
16471.93409997
16471.93410288
16471.93410580
16471.93410871
16471.93411162
16471.93411453
16471.93411745
16471.93412036
16471.93412327
16471.93412619
16471.93412910
16471.93413201
16471.93413492
16471.93413784
16471.93414075
16471.93414366
16471.93414657
16471.93414949
16471.93415240
16471.93415531
16471.93415823
16471.93416114
16471.93416405
16471.93416696
16471.93416988
16471.93417279
16471.93417570
16471.93417861
16471.93418153
16471.93418444
16471.93418735
16471.93419027
16471.93419318
16471.93419609
16471.93419900
16471.93420192
16471.93420483
16471.93420774
16471.93421065
16471.93421357
16471.93421648
16471.93421939
16471.93422231
16471.93422522
16471.93422813
16471.93423104
16471.93423396
16471.93423687
16471.93423978
16471.93424269
16471.93424561
16471.93424852
16471.93425143
16471.93425434
16471.93425726
16471.93426017
16471.93426308
16471.93426600
16471.93426891
16471.93427182
16471.93427473
16471.93427765
16471.93428056
16471.93428347
16471.93428638
16471.93428930
16471.93429221
16471.93429512
16471.93429804
16471.93430095
16471.93430386
16471.93430677
16471.93430969
16471.93431260
16471.93431551
16471.93431842
16471.93432134
16471.93432425
16471.93432716
16471.93433008
16471.93433299
16471.93433590
16471.93433881
16471.93434173
16471.93434464
16471.93434755
16471.93435046
16471.93435338
16471.93435629
16471.93435920
16471.93436212
16471.93436503
16471.93436794
16471.93437085
16471.93437377
16471.93437668
16471.93437959
16471.93438250
16471.93438542
16471.93438833
16471.93439124
16471.93439416
16471.93439707
16471.93439998
16471.93440289
16471.93440581
16471.93440872
16471.93441163
16471.93441454
16471.93441746
16471.93442037
16471.93442328
16471.93442619
16471.93442911
16471.93443202
16471.93443493
16471.93443785
16471.93444076
16471.93444367
16471.93444658
16471.93444950
16471.93445241
16471.93445532
16471.93445823
16471.93446115
16471.93446406
16471.93446697
16471.93446989
16471.93447280
16471.93447571
16471.93447862
16471.93448154
16471.93448445
16471.93448736
16471.93449027
16471.93449319
16471.93449610
16471.93449901
16471.93450193
16471.93450484
16471.93450775
16471.93451066
16471.93451358
16471.93451649
16471.93451940
16471.93452231
16471.93452523
16471.93452814
16471.93453105
16471.93453397
16471.93453688
16471.93453979
16471.93454270
16471.93454562
16471.93454853
16471.93455144
16471.93455435
16471.93455727
16471.93456018
16471.93456309
16471.93456600
16471.93456892
16471.93457183
16471.93457474
16471.93457766
16471.93458057
16471.93458348
16471.93458639
16471.93458931
16471.93459222
16471.93459513
16471.93459804
16471.93460096
16471.93460387
16471.93460678
16471.93460970
16471.93461261
16471.93461552
16471.93461843
16471.93462135
16471.93462426
16471.93462717
16471.93463008
16471.93463300
16471.93463591
16471.93463882
16471.93464174
16471.93464465
16471.93464756
16471.93465047
16471.93465339
16471.93465630
16471.93465921
16471.93466212
16471.93466504
16471.93466795
16471.93467086
16471.93467378
16471.93467669
16471.93467960
16471.93468251
16471.93468543
16471.93468834
16471.93469125
16471.93469416
16471.93469708
16471.93469999
16471.93470290
16471.93470582
16471.93470873
16471.93471164
16471.93471455
16471.93471747
16471.93472038
16471.93472329
16471.93472620
16471.93472912
16471.93473203
16471.93473494
16471.93473785
16471.93474077
16471.93474368
16471.93474659
16471.93474951
16471.93475242
16471.93475533
16471.93475824
16471.93476116
16471.93476407
16471.93476698
16471.93476989
16471.93477281
16471.93477572
16471.93477863
16471.93478155
16471.93478446
16471.93478737
16471.93479028
16471.93479320
16471.93479611
16471.93479902
16471.93480193
16471.93480485
16471.93480776
16471.93481067
16471.93481359
16471.93481650
16471.93481941
16471.93482232
16471.93482524
16471.93482815
16471.93483106
16471.93483397
16471.93483689
16471.93483980
16471.93484271
16471.93484563
16471.93484854
16471.93485145
16471.93485436
16471.93485728
16471.93486019
16471.93486310
16471.93486601
16471.93486893
16471.93487184
16471.93487475
16471.93487767
16471.93488058
16471.93488349
16471.93488640
16471.93488932
16471.93489223
16471.93489514
16471.93489805
16471.93490097
16471.93490388
16471.93490679
16471.93490970
16471.93491262
16471.93491553
16471.93491844
16471.93492136
16471.93492427
16471.93492718
16471.93493009
16471.93493301
16471.93493592
16471.93493883
16471.93494174
16471.93494466
16471.93494757
16471.93495048
16471.93495340
16471.93495631
16471.93495922
16471.93496213
16471.93496505
16471.93496796
16471.93497087
16471.93497378
16471.93497670
16471.93497961
16471.93498252
16471.93498544
16471.93498835
16471.93499126
16471.93499417
16471.93499709
16471.93500000
16471.93500291
16471.93500582
16471.93500874
16471.93501165
16471.93501456
16471.93501748
16471.93502039
16471.93502330
16471.93502621
16471.93502913
16471.93503204
16471.93503495
16471.93503786
16471.93504078
16471.93504369
16471.93504660
16471.93504952
16471.93505243
16471.93505534
16471.93505825
16471.93506117
16471.93506408
16471.93506699
16471.93506990
16471.93507282
16471.93507573
16471.93507864
16471.93508155
16471.93508447
16471.93508738
16471.93509029
16471.93509321
16471.93509612
16471.93509903
16471.93510194
16471.93510486
16471.93510777
16471.93511068
16471.93511359
16471.93511651
16471.93511942
16471.93512233
16471.93512525
16471.93512816
16471.93513107
16471.93513398
16471.93513690
16471.93513981
16471.93514272
16471.93514563
16471.93514855
16471.93515146
16471.93515437
16471.93515729
16471.93516020
16471.93516311
16471.93516602
16471.93516894
16471.93517185
16471.93517476
16471.93517767
16471.93518059
16471.93518350
16471.93518641
16471.93518933
16471.93519224
16471.93519515
16471.93519806
16471.93520098
16471.93520389
16471.93520680
16471.93520971
16471.93521263
16471.93521554
16471.93521845
16471.93522136
16471.93522428
16471.93522719
16471.93523010
16471.93523302
16471.93523593
16471.93523884
16471.93524175
16471.93524467
16471.93524758
16471.93525049
16471.93525340
16471.93525632
16471.93525923
16471.93526214
16471.93526506
16471.93526797
16471.93527088
16471.93527379
16471.93527671
16471.93527962
16471.93528253
16471.93528544
16471.93528836
16471.93529127
16471.93529418
16471.93529710
16471.93530001
16471.93530292
16471.93530583
16471.93530875
16471.93531166
16471.93531457
16471.93531748
16471.93532040
16471.93532331
16471.93532622
16471.93532914
16471.93533205
16471.93533496
16471.93533787
16471.93534079
16471.93534370
16471.93534661
16471.93534952
16471.93535244
16471.93535535
16471.93535826
16471.93536118
16471.93536409
16471.93536700
16471.93536991
16471.93537283
16471.93537574
16471.93537865
16471.93538156
16471.93538448
16471.93538739
16471.93539030
16471.93539321
16471.93539613
16471.93539904
16471.93540195
16471.93540487
16471.93540778
16471.93541069
16471.93541360
16471.93541652
16471.93541943
16471.93542234
16471.93542525
16471.93542817
16471.93543108
16471.93543399
16471.93543691
16471.93543982
16471.93544273
16471.93544564
16471.93544856
16471.93545147
16471.93545438
16471.93545729
16471.93546021
16471.93546312
16471.93546603
16471.93546895
16471.93547186
16471.93547477
16471.93547768
16471.93548060
16471.93548351
16471.93548642
16471.93548933
16471.93549225
16471.93549516
16471.93549807
16471.93550099
16471.93550390
16471.93550681
16471.93550972
16471.93551264
16471.93551555
16471.93551846
16471.93552137
16471.93552429
16471.93552720
16471.93553011
16471.93553303
16471.93553594
16471.93553885
16471.93554176
16471.93554468
16471.93554759
16471.93555050
16471.93555341
16471.93555633
16471.93555924
16471.93556215
16471.93556506
16471.93556798
16471.93557089
16471.93557380
16471.93557672
16471.93557963
16471.93558254
16471.93558545
16471.93558837
16471.93559128
16471.93559419
16471.93559710
16471.93560002
16471.93560293
16471.93560584
16471.93560876
16471.93561167
16471.93561458
16471.93561749
16471.93562041
16471.93562332
16471.93562623
16471.93562914
16471.93563206
16471.93563497
16471.93563788
16471.93564080
16471.93564371
16471.93564662
16471.93564953
16471.93565245
16471.93565536
16471.93565827
16471.93566118
16471.93566410
16471.93566701
16471.93566992
16471.93567284
16471.93567575
16471.93567866
16471.93568157
16471.93568449
16471.93568740
16471.93569031
16471.93569322
16471.93569614
16471.93569905
16471.93570196
16471.93570488
16471.93570779
16471.93571070
16471.93571361
16471.93571653
16471.93571944
16471.93572235
16471.93572526
16471.93572818
16471.93573109
16471.93573400
16471.93573691
16471.93573983
16471.93574274
16471.93574565
16471.93574857
16471.93575148
16471.93575439
16471.93575730
16471.93576022
16471.93576313
16471.93576604
16471.93576895
16471.93577187
16471.93577478
16471.93577769
16471.93578061
16471.93578352
16471.93578643
16471.93578934
16471.93579226
16471.93579517
16471.93579808
16471.93580099
16471.93580391
16471.93580682
16471.93580973
16471.93581265
16471.93581556
16471.93581847
16471.93582138
16471.93582430
16471.93582721
16471.93583012
16471.93583303
16471.93583595
16471.93583886
16471.93584177
16471.93584469
16471.93584760
16471.93585051
16471.93585342
16471.93585634
16471.93585925
16471.93586216
16471.93586507
16471.93586799
16471.93587090
16471.93587381
16471.93587672
16471.93587964
16471.93588255
16471.93588546
16471.93588838
16471.93589129
16471.93589420
16471.93589711
16471.93590003
16471.93590294
16471.93590585
16471.93590876
16471.93591168
16471.93591459
16471.93591750
16471.93592042
16471.93592333
16471.93592624
16471.93592915
16471.93593207
16471.93593498
16471.93593789
16471.93594080
16471.93594372
16471.93594663
16471.93594954
16471.93595246
16471.93595537
16471.93595828
16471.93596119
16471.93596411
16471.93596702
16471.93596993
16471.93597284
16471.93597576
16471.93597867
16471.93598158
16471.93598450
16471.93598741
16471.93599032
16471.93599323
16471.93599615
16471.93599906
16471.93600197
16471.93600488
16471.93600780
16471.93601071
16471.93601362
16471.93601654
16471.93601945
16471.93602236
16471.93602527
16471.93602819
16471.93603110
16471.93603401
16471.93603692
16471.93603984
16471.93604275
16471.93604566
16471.93604857
16471.93605149
16471.93605440
16471.93605731
16471.93606023
16471.93606314
16471.93606605
16471.93606896
16471.93607188
16471.93607479
16471.93607770
16471.93608061
16471.93608353
16471.93608644
16471.93608935
16471.93609227
16471.93609518
16471.93609809
16471.93610100
16471.93610392
16471.93610683
16471.93610974
16471.93611265
16471.93611557
16471.93611848
16471.93612139
16471.93612431
16471.93612722
16471.93613013
16471.93613304
16471.93613596
16471.93613887
16471.93614178
16471.93614469
16471.93614761
16471.93615052
16471.93615343
16471.93615635
16471.93615926
16471.93616217
16471.93616508
16471.93616800
16471.93617091
16471.93617382
16471.93617673
16471.93617965
16471.93618256
16471.93618547
16471.93618839
16471.93619130
16471.93619421
16471.93619712
16471.93620004
16471.93620295
16471.93620586
16471.93620877
16471.93621169
16471.93621460
16471.93621751
16471.93622042
16471.93622334
16471.93622625
16471.93622916
16471.93623208
16471.93623499
16471.93623790
16471.93624081
16471.93624373
16471.93624664
16471.93624955
16471.93625246
16471.93625538
16471.93625829
16471.93626120
16471.93626412
16471.93626703
16471.93626994
16471.93627285
16471.93627577
16471.93627868
16471.93628159
16471.93628450
16471.93628742
16471.93629033
16471.93629324
16471.93629616
16471.93629907
16471.93630198
16471.93630489
16471.93630781
16471.93631072
16471.93631363
16471.93631654
16471.93631946
16471.93632237
16471.93632528
16471.93632820
16471.93633111
16471.93633402
16471.93633693
16471.93633985
16471.93634276
16471.93634567
16471.93634858
16471.93635150
16471.93635441
16471.93635732
16471.93636024
16471.93636315
16471.93636606
16471.93636897
16471.93637189
16471.93637480
16471.93637771
16471.93638062
16471.93638354
16471.93638645
16471.93638936
16471.93639227
16471.93639519
16471.93639810
16471.93640101
16471.93640393
16471.93640684
16471.93640975
16471.93641266
16471.93641558
16471.93641849
16471.93642140
16471.93642431
16471.93642723
16471.93643014
16471.93643305
16471.93643597
16471.93643888
16471.93644179
16471.93644470
16471.93644762
16471.93645053
16471.93645344
16471.93645635
16471.93645927
16471.93646218
16471.93646509
16471.93646801
16471.93647092
16471.93647383
16471.93647674
16471.93647966
16471.93648257
16471.93648548
16471.93648839
16471.93649131
16471.93649422
16471.93649713
16471.93650005
16471.93650296
16471.93650587
16471.93650878
16471.93651170
16471.93651461
16471.93651752
16471.93652043
16471.93652335
16471.93652626
16471.93652917
16471.93653208
16471.93653500
16471.93653791
16471.93654082
16471.93654374
16471.93654665
16471.93654956
16471.93655247
16471.93655539
16471.93655830
16471.93656121
16471.93656412
16471.93656704
16471.93656995
16471.93657286
16471.93657578
16471.93657869
16471.93658160
16471.93658451
16471.93658743
16471.93659034
16471.93659325
16471.93659616
16471.93659908
16471.93660199
16471.93660490
16471.93660782
16471.93661073
16471.93661364
16471.93661655
16471.93661947
16471.93662238
16471.93662529
16471.93662820
16471.93663112
16471.93663403
16471.93663694
16471.93663986
16471.93664277
16471.93664568
16471.93664859
16471.93665151
16471.93665442
16471.93665733
16471.93666024
16471.93666316
16471.93666607
16471.93666898
16471.93667190
16471.93667481
16471.93667772
16471.93668063
16471.93668355
16471.93668646
16471.93668937
16471.93669228
16471.93669520
16471.93669811
16471.93670102
16471.93670393
16471.93670685
16471.93670976
16471.93671267
16471.93671559
16471.93671850
16471.93672141
16471.93672432
16471.93672724
16471.93673015
16471.93673306
16471.93673597
16471.93673889
16471.93674180
16471.93674471
16471.93674763
16471.93675054
16471.93675345
16471.93675636
16471.93675928
16471.93676219
16471.93676510
16471.93676801
16471.93677093
16471.93677384
16471.93677675
16471.93677967
16471.93678258
16471.93678549
16471.93678840
16471.93679132
16471.93679423
16471.93679714
16471.93680005
16471.93680297
16471.93680588
16471.93680879
16471.93681171
16471.93681462
16471.93681753
16471.93682044
16471.93682336
16471.93682627
16471.93682918
16471.93683209
16471.93683501
16471.93683792
16471.93684083
16471.93684375
16471.93684666
16471.93684957
16471.93685248
16471.93685540
16471.93685831
16471.93686122
16471.93686413
16471.93686705
16471.93686996
16471.93687287
16471.93687578
16471.93687870
16471.93688161
16471.93688452
16471.93688744
16471.93689035
16471.93689326
16471.93689617
16471.93689909
16471.93690200
16471.93690491
16471.93690782
16471.93691074
16471.93691365
16471.93691656
16471.93691948
16471.93692239
16471.93692530
16471.93692821
16471.93693113
16471.93693404
16471.93693695
16471.93693986
16471.93694278
16471.93694569
16471.93694860
16471.93695152
16471.93695443
16471.93695734
16471.93696025
16471.93696317
16471.93696608
16471.93696899
16471.93697190
16471.93697482
16471.93697773
16471.93698064
16471.93698356
16471.93698647
16471.93698938
16471.93699229
16471.93699521
16471.93699812
16471.93700103
16471.93700394
16471.93700686
16471.93700977
16471.93701268
16471.93701560
16471.93701851
16471.93702142
16471.93702433
16471.93702725
16471.93703016
16471.93703307
16471.93703598
16471.93703890
16471.93704181
16471.93704472
16471.93704763
16471.93705055
16471.93705346
16471.93705637
16471.93705929
16471.93706220
16471.93706511
16471.93706802
16471.93707094
16471.93707385
16471.93707676
16471.93707967
16471.93708259
16471.93708550
16471.93708841
16471.93709133
16471.93709424
16471.93709715
16471.93710006
16471.93710298
16471.93710589
16471.93710880
16471.93711171
16471.93711463
16471.93711754
16471.93712045
16471.93712337
16471.93712628
16471.93712919
16471.93713210
16471.93713502
16471.93713793
16471.93714084
16471.93714375
16471.93714667
16471.93714958
16471.93715249
16471.93715541
16471.93715832
16471.93716123
16471.93716414
16471.93716706
16471.93716997
16471.93717288
16471.93717579
16471.93717871
16471.93718162
16471.93718453
16471.93718744
16471.93719036
16471.93719327
16471.93719618
16471.93719910
16471.93720201
16471.93720492
16471.93720783
16471.93721075
16471.93721366
16471.93721657
16471.93721948
16471.93722240
16471.93722531
16471.93722822
16471.93723114
16471.93723405
16471.93723696
16471.93723987
16471.93724279
16471.93724570
16471.93724861
16471.93725152
16471.93725444
16471.93725735
16471.93726026
16471.93726318
16471.93726609
16471.93726900
16471.93727191
16471.93727483
16471.93727774
16471.93728065
16471.93728356
16471.93728648
16471.93728939
16471.93729230
16471.93729522
16471.93729813
16471.93730104
16471.93730395
16471.93730687
16471.93730978
16471.93731269
16471.93731560
16471.93731852
16471.93732143
16471.93732434
16471.93732726
16471.93733017
16471.93733308
16471.93733599
16471.93733891
16471.93734182
16471.93734473
16471.93734764
16471.93735056
16471.93735347
16471.93735638
16471.93735929
16471.93736221
16471.93736512
16471.93736803
16471.93737095
16471.93737386
16471.93737677
16471.93737968
16471.93738260
16471.93738551
16471.93738842
16471.93739133
16471.93739425
16471.93739716
16471.93740007
16471.93740299
16471.93740590
16471.93740881
16471.93741172
16471.93741464
16471.93741755
16471.93742046
16471.93742337
16471.93742629
16471.93742920
16471.93743211
16471.93743503
16471.93743794
16471.93744085
16471.93744376
16471.93744668
16471.93744959
16471.93745250
16471.93745541
16471.93745833
16471.93746124
16471.93746415
16471.93746707
16471.93746998
16471.93747289
16471.93747580
16471.93747872
16471.93748163
16471.93748454
16471.93748745
16471.93749037
16471.93749328
16471.93749619
16471.93749911
16471.93750202
16471.93750493
16471.93750784
16471.93751076
16471.93751367
16471.93751658
16471.93751949
16471.93752241
16471.93752532
16471.93752823
16471.93753114
16471.93753406
16471.93753697
16471.93753988
16471.93754280
16471.93754571
16471.93754862
16471.93755153
16471.93755445
16471.93755736
16471.93756027
16471.93756318
16471.93756610
16471.93756901
16471.93757192
16471.93757484
16471.93757775
16471.93758066
16471.93758357
16471.93758649
16471.93758940
16471.93759231
16471.93759522
16471.93759814
16471.93760105
16471.93760396
16471.93760688
16471.93760979
16471.93761270
16471.93761561
16471.93761853
16471.93762144
16471.93762435
16471.93762726
16471.93763018
16471.93763309
16471.93763600
16471.93763892
16471.93764183
16471.93764474
16471.93764765
16471.93765057
16471.93765348
16471.93765639
16471.93765930
16471.93766222
16471.93766513
16471.93766804
16471.93767096
16471.93767387
16471.93767678
16471.93767969
16471.93768261
16471.93768552
16471.93768843
16471.93769134
16471.93769426
16471.93769717
16471.93770008
16471.93770299
16471.93770591
16471.93770882
16471.93771173
16471.93771465
16471.93771756
16471.93772047
16471.93772338
16471.93772630
16471.93772921
16471.93773212
16471.93773503
16471.93773795
16471.93774086
16471.93774377
16471.93774669
16471.93774960
16471.93775251
16471.93775542
16471.93775834
16471.93776125
16471.93776416
16471.93776707
16471.93776999
16471.93777290
16471.93777581
16471.93777873
16471.93778164
16471.93778455
16471.93778746
16471.93779038
16471.93779329
16471.93779620
16471.93779911
16471.93780203
16471.93780494
16471.93780785
16471.93781077
16471.93781368
16471.93781659
16471.93781950
16471.93782242
16471.93782533
16471.93782824
16471.93783115
16471.93783407
16471.93783698
16471.93783989
16471.93784280
16471.93784572
16471.93784863
16471.93785154
16471.93785446
16471.93785737
16471.93786028
16471.93786319
16471.93786611
16471.93786902
16471.93787193
16471.93787484
16471.93787776
16471.93788067
16471.93788358
16471.93788650
16471.93788941
16471.93789232
16471.93789523
16471.93789815
16471.93790106
16471.93790397
16471.93790688
16471.93790980
16471.93791271
16471.93791562
16471.93791854
16471.93792145
16471.93792436
16471.93792727
16471.93793019
16471.93793310
16471.93793601
16471.93793892
16471.93794184
16471.93794475
16471.93794766
16471.93795058
16471.93795349
16471.93795640
16471.93795931
16471.93796223
16471.93796514
16471.93796805
16471.93797096
16471.93797388
16471.93797679
16471.93797970
16471.93798262
16471.93798553
16471.93798844
16471.93799135
16471.93799427
16471.93799718
16471.93800009
16471.93800300
16471.93800592
16471.93800883
16471.93801174
16471.93801465
16471.93801757
16471.93802048
16471.93802339
16471.93802631
16471.93802922
16471.93803213
16471.93803504
16471.93803796
16471.93804087
16471.93804378
16471.93804669
16471.93804961
16471.93805252
16471.93805543
16471.93805835
16471.93806126
16471.93806417
16471.93806708
16471.93807000
16471.93807291
16471.93807582
16471.93807873
16471.93808165
16471.93808456
16471.93808747
16471.93809039
16471.93809330
16471.93809621
16471.93809912
16471.93810204
16471.93810495
16471.93810786
16471.93811077
16471.93811369
16471.93811660
16471.93811951
16471.93812243
16471.93812534
16471.93812825
16471.93813116
16471.93813408
16471.93813699
16471.93813990
16471.93814281
16471.93814573
16471.93814864
16471.93815155
16471.93815447
16471.93815738
16471.93816029
16471.93816320
16471.93816612
16471.93816903
16471.93817194
16471.93817485
16471.93817777
16471.93818068
16471.93818359
16471.93818650
16471.93818942
16471.93819233
16471.93819524
16471.93819816
16471.93820107
16471.93820398
16471.93820689
16471.93820981
16471.93821272
16471.93821563
16471.93821854
16471.93822146
16471.93822437
16471.93822728
16471.93823020
16471.93823311
16471.93823602
16471.93823893
16471.93824185
16471.93824476
16471.93824767
16471.93825058
16471.93825350
16471.93825641
16471.93825932
16471.93826224
16471.93826515
16471.93826806
16471.93827097
16471.93827389
16471.93827680
16471.93827971
16471.93828262
16471.93828554
16471.93828845
16471.93829136
16471.93829428
16471.93829719
16471.93830010
16471.93830301
16471.93830593
16471.93830884
16471.93831175
16471.93831466
16471.93831758
16471.93832049
16471.93832340
16471.93832632
16471.93832923
16471.93833214
16471.93833505
16471.93833797
16471.93834088
16471.93834379
16471.93834670
16471.93834962
16471.93835253
16471.93835544
16471.93835835
16471.93836127
16471.93836418
16471.93836709
16471.93837001
16471.93837292
16471.93837583
16471.93837874
16471.93838166
16471.93838457
16471.93838748
16471.93839039
16471.93839331
16471.93839622
16471.93839913
16471.93840205
16471.93840496
16471.93840787
16471.93841078
16471.93841370
16471.93841661
16471.93841952
16471.93842243
16471.93842535
16471.93842826
16471.93843117
16471.93843409
16471.93843700
16471.93843991
16471.93844282
16471.93844574
16471.93844865
16471.93845156
16471.93845447
16471.93845739
16471.93846030
16471.93846321
16471.93846613
16471.93846904
16471.93847195
16471.93847486
16471.93847778
16471.93848069
16471.93848360
16471.93848651
16471.93848943
16471.93849234
16471.93849525
16471.93849816
16471.93850108
16471.93850399
16471.93850690
16471.93850982
16471.93851273
16471.93851564
16471.93851855
16471.93852147
16471.93852438
16471.93852729
16471.93853020
16471.93853312
16471.93853603
16471.93853894
16471.93854186
16471.93854477
16471.93854768
16471.93855059
16471.93855351
16471.93855642
16471.93855933
16471.93856224
16471.93856516
16471.93856807
16471.93857098
16471.93857390
16471.93857681
16471.93857972
16471.93858263
16471.93858555
16471.93858846
16471.93859137
16471.93859428
16471.93859720
16471.93860011
16471.93860302
16471.93860594
16471.93860885
16471.93861176
16471.93861467
16471.93861759
16471.93862050
16471.93862341
16471.93862632
16471.93862924
16471.93863215
16471.93863506
16471.93863798
16471.93864089
16471.93864380
16471.93864671
16471.93864963
16471.93865254
16471.93865545
16471.93865836
16471.93866128
16471.93866419
16471.93866710
16471.93867001
16471.93867293
16471.93867584
16471.93867875
16471.93868167
16471.93868458
16471.93868749
16471.93869040
16471.93869332
16471.93869623
16471.93869914
16471.93870205
16471.93870497
16471.93870788
16471.93871079
16471.93871371
16471.93871662
16471.93871953
16471.93872244
16471.93872536
16471.93872827
16471.93873118
16471.93873409
16471.93873701
16471.93873992
16471.93874283
16471.93874575
16471.93874866
16471.93875157
16471.93875448
16471.93875740
16471.93876031
16471.93876322
16471.93876613
16471.93876905
16471.93877196
16471.93877487
16471.93877779
16471.93878070
16471.93878361
16471.93878652
16471.93878944
16471.93879235
16471.93879526
16471.93879817
16471.93880109
16471.93880400
16471.93880691
16471.93880983
16471.93881274
16471.93881565
16471.93881856
16471.93882148
16471.93882439
16471.93882730
16471.93883021
16471.93883313
16471.93883604
16471.93883895
16471.93884186
16471.93884478
16471.93884769
16471.93885060
16471.93885352
16471.93885643
16471.93885934
16471.93886225
16471.93886517
16471.93886808
16471.93887099
16471.93887390
16471.93887682
16471.93887973
16471.93888264
16471.93888556
16471.93888847
16471.93889138
16471.93889429
16471.93889721
16471.93890012
16471.93890303
16471.93890594
16471.93890886
16471.93891177
16471.93891468
16471.93891760
16471.93892051
16471.93892342
16471.93892633
16471.93892925
16471.93893216
16471.93893507
16471.93893798
16471.93894090
16471.93894381
16471.93894672
16471.93894964
16471.93895255
16471.93895546
16471.93895837
16471.93896129
16471.93896420
16471.93896711
16471.93897002
16471.93897294
16471.93897585
16471.93897876
16471.93898168
16471.93898459
16471.93898750
16471.93899041
16471.93899333
16471.93899624
16471.93899915
16471.93900206
16471.93900498
16471.93900789
16471.93901080
16471.93901371
16471.93901663
16471.93901954
16471.93902245
16471.93902537
16471.93902828
16471.93903119
16471.93903410
16471.93903702
16471.93903993
16471.93904284
16471.93904575
16471.93904867
16471.93905158
16471.93905449
16471.93905741
16471.93906032
16471.93906323
16471.93906614
16471.93906906
16471.93907197
16471.93907488
16471.93907779
16471.93908071
16471.93908362
16471.93908653
16471.93908945
16471.93909236
16471.93909527
16471.93909818
16471.93910110
16471.93910401
16471.93910692
16471.93910983
16471.93911275
16471.93911566
16471.93911857
16471.93912149
16471.93912440
16471.93912731
16471.93913022
16471.93913314
16471.93913605
16471.93913896
16471.93914187
16471.93914479
16471.93914770
16471.93915061
16471.93915352
16471.93915644
16471.93915935
16471.93916226
16471.93916518
16471.93916809
16471.93917100
16471.93917391
16471.93917683
16471.93917974
16471.93918265
16471.93918556
16471.93918848
16471.93919139
16471.93919430
16471.93919722
16471.93920013
16471.93920304
16471.93920595
16471.93920887
16471.93921178
16471.93921469
16471.93921760
16471.93922052
16471.93922343
16471.93922634
16471.93922926
16471.93923217
16471.93923508
16471.93923799
16471.93924091
16471.93924382
16471.93924673
16471.93924964
16471.93925256
16471.93925547
16471.93925838
16471.93926130
16471.93926421
16471.93926712
16471.93927003
16471.93927295
16471.93927586
16471.93927877
16471.93928168
16471.93928460
16471.93928751
16471.93929042
16471.93929334
16471.93929625
16471.93929916
16471.93930207
16471.93930499
16471.93930790
16471.93931081
16471.93931372
16471.93931664
16471.93931955
16471.93932246
16471.93932537
16471.93932829
16471.93933120
16471.93933411
16471.93933703
16471.93933994
16471.93934285
16471.93934576
16471.93934868
16471.93935159
16471.93935450
16471.93935741
16471.93936033
16471.93936324
16471.93936615
16471.93936907
16471.93937198
16471.93937489
16471.93937780
16471.93938072
16471.93938363
16471.93938654
16471.93938945
16471.93939237
16471.93939528
16471.93939819
16471.93940111
16471.93940402
16471.93940693
16471.93940984
16471.93941276
16471.93941567
16471.93941858
16471.93942149
16471.93942441
16471.93942732
16471.93943023
16471.93943315
16471.93943606
16471.93943897
16471.93944188
16471.93944480
16471.93944771
16471.93945062
16471.93945353
16471.93945645
16471.93945936
16471.93946227
16471.93946519
16471.93946810
16471.93947101
16471.93947392
16471.93947684
16471.93947975
16471.93948266
16471.93948557
16471.93948849
16471.93949140
16471.93949431
16471.93949722
16471.93950014
16471.93950305
16471.93950596
16471.93950888
16471.93951179
16471.93951470
16471.93951761
16471.93952053
16471.93952344
16471.93952635
16471.93952926
16471.93953218
16471.93953509
16471.93953800
16471.93954092
16471.93954383
16471.93954674
16471.93954965
16471.93955257
16471.93955548
16471.93955839
16471.93956130
16471.93956422
16471.93956713
16471.93957004
16471.93957296
16471.93957587
16471.93957878
16471.93958169
16471.93958461
16471.93958752
16471.93959043
16471.93959334
16471.93959626
16471.93959917
16471.93960208
16471.93960500
16471.93960791
16471.93961082
16471.93961373
16471.93961665
16471.93961956
16471.93962247
16471.93962538
16471.93962830
16471.93963121
16471.93963412
16471.93963704
16471.93963995
16471.93964286
16471.93964577
16471.93964869
16471.93965160
16471.93965451
16471.93965742
16471.93966034
16471.93966325
16471.93966616
16471.93966907
16471.93967199
16471.93967490
16471.93967781
16471.93968073
16471.93968364
16471.93968655
16471.93968946
16471.93969238
16471.93969529
16471.93969820
16471.93970111
16471.93970403
16471.93970694
16471.93970985
16471.93971277
16471.93971568
16471.93971859
16471.93972150
16471.93972442
16471.93972733
16471.93973024
16471.93973315
16471.93973607
16471.93973898
16471.93974189
16471.93974481
16471.93974772
16471.93975063
16471.93975354
16471.93975646
16471.93975937
16471.93976228
16471.93976519
16471.93976811
16471.93977102
16471.93977393
16471.93977685
16471.93977976
16471.93978267
16471.93978558
16471.93978850
16471.93979141
16471.93979432
16471.93979723
16471.93980015
16471.93980306
16471.93980597
16471.93980888
16471.93981180
16471.93981471
16471.93981762
16471.93982054
16471.93982345
16471.93982636
16471.93982927
16471.93983219
16471.93983510
16471.93983801
16471.93984092
16471.93984384
16471.93984675
16471.93984966
16471.93985258
16471.93985549
16471.93985840
16471.93986131
16471.93986423
16471.93986714
16471.93987005
16471.93987296
16471.93987588
16471.93987879
16471.93988170
16471.93988462
16471.93988753
16471.93989044
16471.93989335
16471.93989627
16471.93989918
16471.93990209
16471.93990500
16471.93990792
16471.93991083
16471.93991374
16471.93991666
16471.93991957
16471.93992248
16471.93992539
16471.93992831
16471.93993122
16471.93993413
16471.93993704
16471.93993996
16471.93994287
16471.93994578
16471.93994870
16471.93995161
16471.93995452
16471.93995743
16471.93996035
16471.93996326
16471.93996617
16471.93996908
16471.93997200
16471.93997491
16471.93997782
16471.93998073
16471.93998365
16471.93998656
16471.93998947
16471.93999239
16471.93999530
16471.93999821
16471.94000112
16471.94000404
16471.94000695
16471.94000986
16471.94001277
16471.94001569
16471.94001860
16471.94002151
16471.94002443
16471.94002734
16471.94003025
16471.94003316
16471.94003608
16471.94003899
16471.94004190
16471.94004481
16471.94004773
16471.94005064
16471.94005355
16471.94005647
16471.94005938
16471.94006229
16471.94006520
16471.94006812
16471.94007103
16471.94007394
16471.94007685
16471.94007977
16471.94008268
16471.94008559
16471.94008851
16471.94009142
16471.94009433
16471.94009724
16471.94010016
16471.94010307
16471.94010598
16471.94010889
16471.94011181
16471.94011472
16471.94011763
16471.94012055
16471.94012346
16471.94012637
16471.94012928
16471.94013220
16471.94013511
16471.94013802
16471.94014093
16471.94014385
16471.94014676
16471.94014967
16471.94015258
16471.94015550
16471.94015841
16471.94016132
16471.94016424
16471.94016715
16471.94017006
16471.94017297
16471.94017589
16471.94017880
16471.94018171
16471.94018462
16471.94018754
16471.94019045
16471.94019336
16471.94019628
16471.94019919
16471.94020210
16471.94020501
16471.94020793
16471.94021084
16471.94021375
16471.94021666
16471.94021958
16471.94022249
16471.94022540
16471.94022832
16471.94023123
16471.94023414
16471.94023705
16471.94023997
16471.94024288
16471.94024579
16471.94024870
16471.94025162
16471.94025453
16471.94025744
16471.94026036
16471.94026327
16471.94026618
16471.94026909
16471.94027201
16471.94027492
16471.94027783
16471.94028074
16471.94028366
16471.94028657
16471.94028948
16471.94029240
16471.94029531
16471.94029822
16471.94030113
16471.94030405
16471.94030696
16471.94030987
16471.94031278
16471.94031570
16471.94031861
16471.94032152
16471.94032443
16471.94032735
16471.94033026
16471.94033317
16471.94033609
16471.94033900
16471.94034191
16471.94034482
16471.94034774
16471.94035065
16471.94035356
16471.94035647
16471.94035939
16471.94036230
16471.94036521
16471.94036813
16471.94037104
16471.94037395
16471.94037686
16471.94037978
16471.94038269
16471.94038560
16471.94038851
16471.94039143
16471.94039434
16471.94039725
16471.94040017
16471.94040308
16471.94040599
16471.94040890
16471.94041182
16471.94041473
16471.94041764
16471.94042055
16471.94042347
16471.94042638
16471.94042929
16471.94043221
16471.94043512
16471.94043803
16471.94044094
16471.94044386
16471.94044677
16471.94044968
16471.94045259
16471.94045551
16471.94045842
16471.94046133
16471.94046424
16471.94046716
16471.94047007
16471.94047298
16471.94047590
16471.94047881
16471.94048172
16471.94048463
16471.94048755
16471.94049046
16471.94049337
16471.94049628
16471.94049920
16471.94050211
16471.94050502
16471.94050794
16471.94051085
16471.94051376
16471.94051667
16471.94051959
16471.94052250
16471.94052541
16471.94052832
16471.94053124
16471.94053415
16471.94053706
16471.94053998
16471.94054289
16471.94054580
16471.94054871
16471.94055163
16471.94055454
16471.94055745
16471.94056036
16471.94056328
16471.94056619
16471.94056910
16471.94057202
16471.94057493
16471.94057784
16471.94058075
16471.94058367
16471.94058658
16471.94058949
16471.94059240
16471.94059532
16471.94059823
16471.94060114
16471.94060406
16471.94060697
16471.94060988
16471.94061279
16471.94061571
16471.94061862
16471.94062153
16471.94062444
16471.94062736
16471.94063027
16471.94063318
16471.94063609
16471.94063901
16471.94064192
16471.94064483
16471.94064775
16471.94065066
16471.94065357
16471.94065648
16471.94065940
16471.94066231
16471.94066522
16471.94066813
16471.94067105
16471.94067396
16471.94067687
16471.94067979
16471.94068270
16471.94068561
16471.94068852
16471.94069144
16471.94069435
16471.94069726
16471.94070017
16471.94070309
16471.94070600
16471.94070891
16471.94071183
16471.94071474
16471.94071765
16471.94072056
16471.94072348
16471.94072639
16471.94072930
16471.94073221
16471.94073513
16471.94073804
16471.94074095
16471.94074387
16471.94074678
16471.94074969
16471.94075260
16471.94075552
16471.94075843
16471.94076134
16471.94076425
16471.94076717
16471.94077008
16471.94077299
16471.94077591
16471.94077882
16471.94078173
16471.94078464
16471.94078756
16471.94079047
16471.94079338
16471.94079629
16471.94079921
16471.94080212
16471.94080503
16471.94080794
16471.94081086
16471.94081377
16471.94081668
16471.94081960
16471.94082251
16471.94082542
16471.94082833
16471.94083125
16471.94083416
16471.94083707
16471.94083998
16471.94084290
16471.94084581
16471.94084872
16471.94085164
16471.94085455
16471.94085746
16471.94086037
16471.94086329
16471.94086620
16471.94086911
16471.94087202
16471.94087494
16471.94087785
16471.94088076
16471.94088368
16471.94088659
16471.94088950
16471.94089241
16471.94089533
16471.94089824
16471.94090115
16471.94090406
16471.94090698
16471.94090989
16471.94091280
16471.94091572
16471.94091863
16471.94092154
16471.94092445
16471.94092737
16471.94093028
16471.94093319
16471.94093610
16471.94093902
16471.94094193
16471.94094484
16471.94094776
16471.94095067
16471.94095358
16471.94095649
16471.94095941
16471.94096232
16471.94096523
16471.94096814
16471.94097106
16471.94097397
16471.94097688
16471.94097979
16471.94098271
16471.94098562
16471.94098853
16471.94099145
16471.94099436
16471.94099727
16471.94100018
16471.94100310
16471.94100601
16471.94100892
16471.94101183
16471.94101475
16471.94101766
16471.94102057
16471.94102349
16471.94102640
16471.94102931
16471.94103222
16471.94103514
16471.94103805
16471.94104096
16471.94104387
16471.94104679
16471.94104970
16471.94105261
16471.94105553
16471.94105844
16471.94106135
16471.94106426
16471.94106718
16471.94107009
16471.94107300
16471.94107591
16471.94107883
16471.94108174
16471.94108465
16471.94108757
16471.94109048
16471.94109339
16471.94109630
16471.94109922
16471.94110213
16471.94110504
16471.94110795
16471.94111087
16471.94111378
16471.94111669
16471.94111960
16471.94112252
16471.94112543
16471.94112834
16471.94113126
16471.94113417
16471.94113708
16471.94113999
16471.94114291
16471.94114582
16471.94114873
16471.94115164
16471.94115456
16471.94115747
16471.94116038
16471.94116330
16471.94116621
16471.94116912
16471.94117203
16471.94117495
16471.94117786
16471.94118077
16471.94118368
16471.94118660
16471.94118951
16471.94119242
16471.94119534
16471.94119825
16471.94120116
16471.94120407
16471.94120699
16471.94120990
16471.94121281
16471.94121572
16471.94121864
16471.94122155
16471.94122446
16471.94122738
16471.94123029
16471.94123320
16471.94123611
16471.94123903
16471.94124194
16471.94124485
16471.94124776
16471.94125068
16471.94125359
16471.94125650
16471.94125942
16471.94126233
16471.94126524
16471.94126815
16471.94127107
16471.94127398
16471.94127689
16471.94127980
16471.94128272
16471.94128563
16471.94128854
16471.94129145
16471.94129437
16471.94129728
16471.94130019
16471.94130311
16471.94130602
16471.94130893
16471.94131184
16471.94131476
16471.94131767
16471.94132058
16471.94132349
16471.94132641
16471.94132932
16471.94133223
16471.94133515
16471.94133806
16471.94134097
16471.94134388
16471.94134680
16471.94134971
16471.94135262
16471.94135553
16471.94135845
16471.94136136
16471.94136427
16471.94136719
16471.94137010
16471.94137301
16471.94137592
16471.94137884
16471.94138175
16471.94138466
16471.94138757
16471.94139049
16471.94139340
16471.94139631
16471.94139923
16471.94140214
16471.94140505
16471.94140796
16471.94141088
16471.94141379
16471.94141670
16471.94141961
16471.94142253
16471.94142544
16471.94142835
16471.94143127
16471.94143418
16471.94143709
16471.94144000
16471.94144292
16471.94144583
16471.94144874
16471.94145165
16471.94145457
16471.94145748
16471.94146039
16471.94146330
16471.94146622
16471.94146913
16471.94147204
16471.94147496
16471.94147787
16471.94148078
16471.94148369
16471.94148661
16471.94148952
16471.94149243
16471.94149534
16471.94149826
16471.94150117
16471.94150408
16471.94150700
16471.94150991
16471.94151282
16471.94151573
16471.94151865
16471.94152156
16471.94152447
16471.94152738
16471.94153030
16471.94153321
16471.94153612
16471.94153904
16471.94154195
16471.94154486
16471.94154777
16471.94155069
16471.94155360
16471.94155651
16471.94155942
16471.94156234
16471.94156525
16471.94156816
16471.94157108
16471.94157399
16471.94157690
16471.94157981
16471.94158273
16471.94158564
16471.94158855
16471.94159146
16471.94159438
16471.94159729
16471.94160020
16471.94160312
16471.94160603
16471.94160894
16471.94161185
16471.94161477
16471.94161768
16471.94162059
16471.94162350
16471.94162642
16471.94162933
16471.94163224
16471.94163515
16471.94163807
16471.94164098
16471.94164389
16471.94164681
16471.94164972
16471.94165263
16471.94165554
16471.94165846
16471.94166137
16471.94166428
16471.94166719
16471.94167011
16471.94167302
16471.94167593
16471.94167885
16471.94168176
16471.94168467
16471.94168758
16471.94169050
16471.94169341
16471.94169632
16471.94169923
16471.94170215
16471.94170506
16471.94170797
16471.94171089
16471.94171380
16471.94171671
16471.94171962
16471.94172254
16471.94172545
16471.94172836
16471.94173127
16471.94173419
16471.94173710
16471.94174001
16471.94174293
16471.94174584
16471.94174875
16471.94175166
16471.94175458
16471.94175749
16471.94176040
16471.94176331
16471.94176623
16471.94176914
16471.94177205
16471.94177496
16471.94177788
16471.94178079
16471.94178370
16471.94178662
16471.94178953
16471.94179244
16471.94179535
16471.94179827
16471.94180118
16471.94180409
16471.94180700
16471.94180992
16471.94181283
16471.94181574
16471.94181866
16471.94182157
16471.94182448
16471.94182739
16471.94183031
16471.94183322
16471.94183613
16471.94183904
16471.94184196
16471.94184487
16471.94184778
16471.94185070
16471.94185361
16471.94185652
16471.94185943
16471.94186235
16471.94186526
16471.94186817
16471.94187108
16471.94187400
16471.94187691
16471.94187982
16471.94188274
16471.94188565
16471.94188856
16471.94189147
16471.94189439
16471.94189730
16471.94190021
16471.94190312
16471.94190604
16471.94190895
16471.94191186
16471.94191478
16471.94191769
16471.94192060
16471.94192351
16471.94192643
16471.94192934
16471.94193225
16471.94193516
16471.94193808
16471.94194099
16471.94194390
16471.94194681
16471.94194973
16471.94195264
16471.94195555
16471.94195847
16471.94196138
16471.94196429
16471.94196720
16471.94197012
16471.94197303
16471.94197594
16471.94197885
16471.94198177
16471.94198468
16471.94198759
16471.94199051
16471.94199342
16471.94199633
16471.94199924
16471.94200216
16471.94200507
16471.94200798
16471.94201089
16471.94201381
16471.94201672
16471.94201963
16471.94202255
16471.94202546
16471.94202837
16471.94203128
16471.94203420
16471.94203711
16471.94204002
16471.94204293
16471.94204585
16471.94204876
16471.94205167
16471.94205459
16471.94205750
16471.94206041
16471.94206332
16471.94206624
16471.94206915
16471.94207206
16471.94207497
16471.94207789
16471.94208080
16471.94208371
16471.94208663
16471.94208954
16471.94209245
16471.94209536
16471.94209828
16471.94210119
16471.94210410
16471.94210701
16471.94210993
16471.94211284
16471.94211575
16471.94211866
16471.94212158
16471.94212449
16471.94212740
16471.94213032
16471.94213323
16471.94213614
16471.94213905
16471.94214197
16471.94214488
16471.94214779
16471.94215070
16471.94215362
16471.94215653
16471.94215944
16471.94216236
16471.94216527
16471.94216818
16471.94217109
16471.94217401
16471.94217692
16471.94217983
16471.94218274
16471.94218566
16471.94218857
16471.94219148
16471.94219440
16471.94219731
16471.94220022
16471.94220313
16471.94220605
16471.94220896
16471.94221187
16471.94221478
16471.94221770
16471.94222061
16471.94222352
16471.94222644
16471.94222935
16471.94223226
16471.94223517
16471.94223809
16471.94224100
16471.94224391
16471.94224682
16471.94224974
16471.94225265
16471.94225556
16471.94225848
16471.94226139
16471.94226430
16471.94226721
16471.94227013
16471.94227304
16471.94227595
16471.94227886
16471.94228178
16471.94228469
16471.94228760
16471.94229051
16471.94229343
16471.94229634
16471.94229925
16471.94230217
16471.94230508
16471.94230799
16471.94231090
16471.94231382
16471.94231673
16471.94231964
16471.94232255
16471.94232547
16471.94232838
16471.94233129
16471.94233421
16471.94233712
16471.94234003
16471.94234294
16471.94234586
16471.94234877
16471.94235168
16471.94235459
16471.94235751
16471.94236042
16471.94236333
16471.94236625
16471.94236916
16471.94237207
16471.94237498
16471.94237790
16471.94238081
16471.94238372
16471.94238663
16471.94238955
16471.94239246
16471.94239537
16471.94239829
16471.94240120
16471.94240411
16471.94240702
16471.94240994
16471.94241285
16471.94241576
16471.94241867
16471.94242159
16471.94242450
16471.94242741
16471.94243032
16471.94243324
16471.94243615
16471.94243906
16471.94244198
16471.94244489
16471.94244780
16471.94245071
16471.94245363
16471.94245654
16471.94245945
16471.94246236
16471.94246528
16471.94246819
16471.94247110
16471.94247402
16471.94247693
16471.94247984
16471.94248275
16471.94248567
16471.94248858
16471.94249149
16471.94249440
16471.94249732
16471.94250023
16471.94250314
16471.94250606
16471.94250897
16471.94251188
16471.94251479
16471.94251771
16471.94252062
16471.94252353
16471.94252644
16471.94252936
16471.94253227
16471.94253518
16471.94253810
16471.94254101
16471.94254392
16471.94254683
16471.94254975
16471.94255266
16471.94255557
16471.94255848
16471.94256140
16471.94256431
16471.94256722
16471.94257014
16471.94257305
16471.94257596
16471.94257887
16471.94258179
16471.94258470
16471.94258761
16471.94259052
16471.94259344
16471.94259635
16471.94259926
16471.94260217
16471.94260509
16471.94260800
16471.94261091
16471.94261383
16471.94261674
16471.94261965
16471.94262256
16471.94262548
16471.94262839
16471.94263130
16471.94263421
16471.94263713
16471.94264004
16471.94264295
16471.94264587
16471.94264878
16471.94265169
16471.94265460
16471.94265752
16471.94266043
16471.94266334
16471.94266625
16471.94266917
16471.94267208
16471.94267499
16471.94267791
16471.94268082
16471.94268373
16471.94268664
16471.94268956
16471.94269247
16471.94269538
16471.94269829
16471.94270121
16471.94270412
16471.94270703
16471.94270995
16471.94271286
16471.94271577
16471.94271868
16471.94272160
16471.94272451
16471.94272742
16471.94273033
16471.94273325
16471.94273616
16471.94273907
16471.94274199
16471.94274490
16471.94274781
16471.94275072
16471.94275364
16471.94275655
16471.94275946
16471.94276237
16471.94276529
16471.94276820
16471.94277111
16471.94277402
16471.94277694
16471.94277985
16471.94278276
16471.94278568
16471.94278859
16471.94279150
16471.94279441
16471.94279733
16471.94280024
16471.94280315
16471.94280606
16471.94280898
16471.94281189
16471.94281480
16471.94281772
16471.94282063
16471.94282354
16471.94282645
16471.94282937
16471.94283228
16471.94283519
16471.94283810
16471.94284102
16471.94284393
16471.94284684
16471.94284976
16471.94285267
16471.94285558
16471.94285849
16471.94286141
16471.94286432
16471.94286723
16471.94287014
16471.94287306
16471.94287597
16471.94287888
16471.94288180
16471.94288471
16471.94288762
16471.94289053
16471.94289345
16471.94289636
16471.94289927
16471.94290218
16471.94290510
16471.94290801
16471.94291092
16471.94291384
16471.94291675
16471.94291966
16471.94292257
16471.94292549
16471.94292840
16471.94293131
16471.94293422
16471.94293714
16471.94294005
16471.94294296
16471.94294587
16471.94294879
16471.94295170
16471.94295461
16471.94295753
16471.94296044
16471.94296335
16471.94296626
16471.94296918
16471.94297209
16471.94297500
16471.94297791
16471.94298083
16471.94298374
16471.94298665
16471.94298957
16471.94299248
16471.94299539
16471.94299830
16471.94300122
16471.94300413
16471.94300704
16471.94300995
16471.94301287
16471.94301578
16471.94301869
16471.94302161
16471.94302452
16471.94302743
16471.94303034
16471.94303326
16471.94303617
16471.94303908
16471.94304199
16471.94304491
16471.94304782
16471.94305073
16471.94305365
16471.94305656
16471.94305947
16471.94306238
16471.94306530
16471.94306821
16471.94307112
16471.94307403
16471.94307695
16471.94307986
16471.94308277
16471.94308568
16471.94308860
16471.94309151
16471.94309442
16471.94309734
16471.94310025
16471.94310316
16471.94310607
16471.94310899
16471.94311190
16471.94311481
16471.94311772
16471.94312064
16471.94312355
16471.94312646
16471.94312938
16471.94313229
16471.94313520
16471.94313811
16471.94314103
16471.94314394
16471.94314685
16471.94314976
16471.94315268
16471.94315559
16471.94315850
16471.94316142
16471.94316433
16471.94316724
16471.94317015
16471.94317307
16471.94317598
16471.94317889
16471.94318180
16471.94318472
16471.94318763
16471.94319054
16471.94319346
16471.94319637
16471.94319928
16471.94320219
16471.94320511
16471.94320802
16471.94321093
16471.94321384
16471.94321676
16471.94321967
16471.94322258
16471.94322550
16471.94322841
16471.94323132
16471.94323423
16471.94323715
16471.94324006
16471.94324297
16471.94324588
16471.94324880
16471.94325171
16471.94325462
16471.94325753
16471.94326045
16471.94326336
16471.94326627
16471.94326919
16471.94327210
16471.94327501
16471.94327792
16471.94328084
16471.94328375
16471.94328666
16471.94328957
16471.94329249
16471.94329540
16471.94329831
16471.94330123
16471.94330414
16471.94330705
16471.94330996
16471.94331288
16471.94331579
16471.94331870
16471.94332161
16471.94332453
16471.94332744
16471.94333035
16471.94333327
16471.94333618
16471.94333909
16471.94334200
16471.94334492
16471.94334783
16471.94335074
16471.94335365
16471.94335657
16471.94335948
16471.94336239
16471.94336531
16471.94336822
16471.94337113
16471.94337404
16471.94337696
16471.94337987
16471.94338278
16471.94338569
16471.94338861
16471.94339152
16471.94339443
16471.94339735
16471.94340026
16471.94340317
16471.94340608
16471.94340900
16471.94341191
16471.94341482
16471.94341773
16471.94342065
16471.94342356
16471.94342647
16471.94342938
16471.94343230
16471.94343521
16471.94343812
16471.94344104
16471.94344395
16471.94344686
16471.94344977
16471.94345269
16471.94345560
16471.94345851
16471.94346142
16471.94346434
16471.94346725
16471.94347016
16471.94347308
16471.94347599
16471.94347890
16471.94348181
16471.94348473
16471.94348764
16471.94349055
16471.94349346
16471.94349638
16471.94349929
16471.94350220
16471.94350512
16471.94350803
16471.94351094
16471.94351385
16471.94351677
16471.94351968
16471.94352259
16471.94352550
16471.94352842
16471.94353133
16471.94353424
16471.94353716
16471.94354007
16471.94354298
16471.94354589
16471.94354881
16471.94355172
16471.94355463
16471.94355754
16471.94356046
16471.94356337
16471.94356628
16471.94356920
16471.94357211
16471.94357502
16471.94357793
16471.94358085
16471.94358376
16471.94358667
16471.94358958
16471.94359250
16471.94359541
16471.94359832
16471.94360123
16471.94360415
16471.94360706
16471.94360997
16471.94361289
16471.94361580
16471.94361871
16471.94362162
16471.94362454
16471.94362745
16471.94363036
16471.94363327
16471.94363619
16471.94363910
16471.94364201
16471.94364493
16471.94364784
16471.94365075
16471.94365366
16471.94365658
16471.94365949
16471.94366240
16471.94366531
16471.94366823
16471.94367114
16471.94367405
16471.94367697
16471.94367988
16471.94368279
16471.94368570
16471.94368862
16471.94369153
16471.94369444
16471.94369735
16471.94370027
16471.94370318
16471.94370609
16471.94370901
16471.94371192
16471.94371483
16471.94371774
16471.94372066
16471.94372357
16471.94372648
16471.94372939
16471.94373231
16471.94373522
16471.94373813
16471.94374104
16471.94374396
16471.94374687
16471.94374978
16471.94375270
16471.94375561
16471.94375852
16471.94376143
16471.94376435
16471.94376726
16471.94377017
16471.94377308
16471.94377600
16471.94377891
16471.94378182
16471.94378474
16471.94378765
16471.94379056
16471.94379347
16471.94379639
16471.94379930
16471.94380221
16471.94380512
16471.94380804
16471.94381095
16471.94381386
16471.94381678
16471.94381969
16471.94382260
16471.94382551
16471.94382843
16471.94383134
16471.94383425
16471.94383716
16471.94384008
16471.94384299
16471.94384590
16471.94384882
16471.94385173
16471.94385464
16471.94385755
16471.94386047
16471.94386338
16471.94386629
16471.94386920
16471.94387212
16471.94387503
16471.94387794
16471.94388086
16471.94388377
16471.94388668
16471.94388959
16471.94389251
16471.94389542
16471.94389833
16471.94390124
16471.94390416
16471.94390707
16471.94390998
16471.94391289
16471.94391581
16471.94391872
16471.94392163
16471.94392455
16471.94392746
16471.94393037
16471.94393328
16471.94393620
16471.94393911
16471.94394202
16471.94394493
16471.94394785
16471.94395076
16471.94395367
16471.94395659
16471.94395950
16471.94396241
16471.94396532
16471.94396824
16471.94397115
16471.94397406
16471.94397697
16471.94397989
16471.94398280
16471.94398571
16471.94398863
16471.94399154
16471.94399445
16471.94399736
16471.94400028
16471.94400319
16471.94400610
16471.94400901
16471.94401193
16471.94401484
16471.94401775
16471.94402067
16471.94402358
16471.94402649
16471.94402940
16471.94403232
16471.94403523
16471.94403814
16471.94404105
16471.94404397
16471.94404688
16471.94404979
16471.94405271
16471.94405562
16471.94405853
16471.94406144
16471.94406436
16471.94406727
16471.94407018
16471.94407309
16471.94407601
16471.94407892
16471.94408183
16471.94408474
16471.94408766
16471.94409057
16471.94409348
16471.94409640
16471.94409931
16471.94410222
16471.94410513
16471.94410805
16471.94411096
16471.94411387
16471.94411678
16471.94411970
16471.94412261
16471.94412552
16471.94412844
16471.94413135
16471.94413426
16471.94413717
16471.94414009
16471.94414300
16471.94414591
16471.94414882
16471.94415174
16471.94415465
16471.94415756
16471.94416048
16471.94416339
16471.94416630
16471.94416921
16471.94417213
16471.94417504
16471.94417795
16471.94418086
16471.94418378
16471.94418669
16471.94418960
16471.94419252
16471.94419543
16471.94419834
16471.94420125
16471.94420417
16471.94420708
16471.94420999
16471.94421290
16471.94421582
16471.94421873
16471.94422164
16471.94422456
16471.94422747
16471.94423038
16471.94423329
16471.94423621
16471.94423912
16471.94424203
16471.94424494
16471.94424786
16471.94425077
16471.94425368
16471.94425659
16471.94425951
16471.94426242
16471.94426533
16471.94426825
16471.94427116
16471.94427407
16471.94427698
16471.94427990
16471.94428281
16471.94428572
16471.94428863
16471.94429155
16471.94429446
16471.94429737
16471.94430029
16471.94430320
16471.94430611
16471.94430902
16471.94431194
16471.94431485
16471.94431776
16471.94432067
16471.94432359
16471.94432650
16471.94432941
16471.94433233
16471.94433524
16471.94433815
16471.94434106
16471.94434398
16471.94434689
16471.94434980
16471.94435271
16471.94435563
16471.94435854
16471.94436145
16471.94436437
16471.94436728
16471.94437019
16471.94437310
16471.94437602
16471.94437893
16471.94438184
16471.94438475
16471.94438767
16471.94439058
16471.94439349
16471.94439640
16471.94439932
16471.94440223
16471.94440514
16471.94440806
16471.94441097
16471.94441388
16471.94441679
16471.94441971
16471.94442262
16471.94442553
16471.94442844
16471.94443136
16471.94443427
16471.94443718
16471.94444010
16471.94444301
16471.94444592
16471.94444883
16471.94445175
16471.94445466
16471.94445757
16471.94446048
16471.94446340
16471.94446631
16471.94446922
16471.94447214
16471.94447505
16471.94447796
16471.94448087
16471.94448379
16471.94448670
16471.94448961
16471.94449252
16471.94449544
16471.94449835
16471.94450126
16471.94450418
16471.94450709
16471.94451000
16471.94451291
16471.94451583
16471.94451874
16471.94452165
16471.94452456
16471.94452748
16471.94453039
16471.94453330
16471.94453622
16471.94453913
16471.94454204
16471.94454495
16471.94454787
16471.94455078
16471.94455369
16471.94455660
16471.94455952
16471.94456243
16471.94456534
16471.94456825
16471.94457117
16471.94457408
16471.94457699
16471.94457991
16471.94458282
16471.94458573
16471.94458864
16471.94459156
16471.94459447
16471.94459738
16471.94460029
16471.94460321
16471.94460612
16471.94460903
16471.94461195
16471.94461486
16471.94461777
16471.94462068
16471.94462360
16471.94462651
16471.94462942
16471.94463233
16471.94463525
16471.94463816
16471.94464107
16471.94464399
16471.94464690
16471.94464981
16471.94465272
16471.94465564
16471.94465855
16471.94466146
16471.94466437
16471.94466729
16471.94467020
16471.94467311
16471.94467603
16471.94467894
16471.94468185
16471.94468476
16471.94468768
16471.94469059
16471.94469350
16471.94469641
16471.94469933
16471.94470224
16471.94470515
16471.94470807
16471.94471098
16471.94471389
16471.94471680
16471.94471972
16471.94472263
16471.94472554
16471.94472845
16471.94473137
16471.94473428
16471.94473719
16471.94474010
16471.94474302
16471.94474593
16471.94474884
16471.94475176
16471.94475467
16471.94475758
16471.94476049
16471.94476341
16471.94476632
16471.94476923
16471.94477214
16471.94477506
16471.94477797
16471.94478088
16471.94478380
16471.94478671
16471.94478962
16471.94479253
16471.94479545
16471.94479836
16471.94480127
16471.94480418
16471.94480710
16471.94481001
16471.94481292
16471.94481584
16471.94481875
16471.94482166
16471.94482457
16471.94482749
16471.94483040
16471.94483331
16471.94483622
16471.94483914
16471.94484205
16471.94484496
16471.94484788
16471.94485079
16471.94485370
16471.94485661
16471.94485953
16471.94486244
16471.94486535
16471.94486826
16471.94487118
16471.94487409
16471.94487700
16471.94487992
16471.94488283
16471.94488574
16471.94488865
16471.94489157
16471.94489448
16471.94489739
16471.94490030
16471.94490322
16471.94490613
16471.94490904
16471.94491195
16471.94491487
16471.94491778
16471.94492069
16471.94492361
16471.94492652
16471.94492943
16471.94493234
16471.94493526
16471.94493817
16471.94494108
16471.94494399
16471.94494691
16471.94494982
16471.94495273
16471.94495565
16471.94495856
16471.94496147
16471.94496438
16471.94496730
16471.94497021
16471.94497312
16471.94497603
16471.94497895
16471.94498186
16471.94498477
16471.94498769
16471.94499060
16471.94499351
16471.94499642
16471.94499934
16471.94500225
16471.94500516
16471.94500807
16471.94501099
16471.94501390
16471.94501681
16471.94501973
16471.94502264
16471.94502555
16471.94502846
16471.94503138
16471.94503429
16471.94503720
16471.94504011
16471.94504303
16471.94504594
16471.94504885
16471.94505176
16471.94505468
16471.94505759
16471.94506050
16471.94506342
16471.94506633
16471.94506924
16471.94507215
16471.94507507
16471.94507798
16471.94508089
16471.94508380
16471.94508672
16471.94508963
16471.94509254
16471.94509546
16471.94509837
16471.94510128
16471.94510419
16471.94510711
16471.94511002
16471.94511293
16471.94511584
16471.94511876
16471.94512167
16471.94512458
16471.94512750
16471.94513041
16471.94513332
16471.94513623
16471.94513915
16471.94514206
16471.94514497
16471.94514788
16471.94515080
16471.94515371
16471.94515662
16471.94515954
16471.94516245
16471.94516536
16471.94516827
16471.94517119
16471.94517410
16471.94517701
16471.94517992
16471.94518284
