2013 07 02 04 30 00 0.700928
2013 07 02 04 30 01 0.707584
2013 07 02 04 30 02 0.714496
2013 07 02 04 30 03 0.720896
2013 07 02 04 30 04 0.727552
2013 07 02 04 30 05 0.734208
2013 07 02 04 30 06 0.740864
2013 07 02 04 30 07 0.747520
2013 07 02 04 30 08 0.754176
2013 07 02 04 30 09 0.760832
2013 07 02 04 30 10 0.767488
2013 07 02 04 30 11 0.774144
2013 07 02 04 30 12 0.780800
2013 07 02 04 30 13 0.787456
2013 07 02 04 30 14 0.793856
2013 07 02 04 30 15 0.800512
2013 07 02 04 30 16 0.807168
2013 07 02 04 30 17 0.813824
2013 07 02 04 30 18 0.820480
2013 07 02 04 30 19 0.827136
2013 07 02 04 30 20 0.833792
2013 07 02 04 30 21 0.840448
2013 07 02 04 30 22 0.847104
2013 07 02 04 30 23 0.853760
2013 07 02 04 30 24 0.860416
2013 07 02 04 30 25 0.866816
2013 07 02 04 30 26 0.873472
2013 07 02 04 30 27 0.880128
2013 07 02 04 30 28 0.886784
2013 07 02 04 30 29 0.893440
2013 07 02 04 30 30 0.900096
2013 07 02 04 30 31 0.906752
2013 07 02 04 30 32 0.913408
2013 07 02 04 30 33 0.920064
2013 07 02 04 30 34 0.926720
2013 07 02 04 30 35 0.933120
2013 07 02 04 30 36 0.939776
2013 07 02 04 30 37 0.946432
2013 07 02 04 30 38 0.953088
2013 07 02 04 30 39 0.959744
2013 07 02 04 30 40 0.966400
2013 07 02 04 30 41 0.973056
2013 07 02 04 30 42 0.979712
2013 07 02 04 30 43 0.986368
2013 07 02 04 30 44 0.993024
2013 07 02 04 30 45 0.999680
2013 07 02 04 30 47 0.006144
2013 07 02 04 30 48 0.012800
2013 07 02 04 30 49 0.019456
2013 07 02 04 30 50 0.026112
2013 07 02 04 30 51 0.032768
2013 07 02 04 30 52 0.039424
2013 07 02 04 30 53 0.046080
2013 07 02 04 30 54 0.052480
2013 07 02 04 30 55 0.059136
2013 07 02 04 30 56 0.065792
2013 07 02 04 30 57 0.072448
2013 07 02 04 30 58 0.079104
2013 07 02 04 30 59 0.085760
2013 07 02 04 31 00 0.092416
2013 07 02 04 31 01 0.099072
2013 07 02 04 31 02 0.105728
2013 07 02 04 31 03 0.112384
2013 07 02 04 31 04 0.119040
2013 07 02 04 31 05 0.125696
2013 07 02 04 31 06 0.132352
2013 07 02 04 31 07 0.139008
2013 07 02 04 31 08 0.145664
2013 07 02 04 31 09 0.152064
2013 07 02 04 31 10 0.158720
2013 07 02 04 31 11 0.165376
2013 07 02 04 31 12 0.172032
2013 07 02 04 31 13 0.178688
2013 07 02 04 31 14 0.185344
2013 07 02 04 31 15 0.192000
2013 07 02 04 31 16 0.198656
2013 07 02 04 31 17 0.205056
2013 07 02 04 31 18 0.211712
2013 07 02 04 31 19 0.218368
2013 07 02 04 31 20 0.225024
2013 07 02 04 31 21 0.231680
2013 07 02 04 31 22 0.238336
2013 07 02 04 31 23 0.244992
2013 07 02 04 31 24 0.251648
2013 07 02 04 31 25 0.258304
2013 07 02 04 31 26 0.264960
2013 07 02 04 31 27 0.271616
2013 07 02 04 31 28 0.278272
2013 07 02 04 31 29 0.284672
2013 07 02 04 31 30 0.291328
2013 07 02 04 31 31 0.297984
2013 07 02 04 31 32 0.304640
2013 07 02 04 31 33 0.311296
2013 07 02 04 31 34 0.317952
2013 07 02 04 31 35 0.324608
2013 07 02 04 31 36 0.331264
2013 07 02 04 31 37 0.337920
2013 07 02 04 31 38 0.344576
2013 07 02 04 31 39 0.350976
2013 07 02 04 31 40 0.357632
2013 07 02 04 31 41 0.364288
2013 07 02 04 31 42 0.370944
2013 07 02 04 31 43 0.377600
2013 07 02 04 31 44 0.384256
2013 07 02 04 31 45 0.390912
2013 07 02 04 31 46 0.397568
2013 07 02 04 31 47 0.404224
2013 07 02 04 31 48 0.410880
2013 07 02 04 31 49 0.417536
2013 07 02 04 31 50 0.424192
2013 07 02 04 31 51 0.430848
2013 07 02 04 31 52 0.437248
2013 07 02 04 31 53 0.443904
2013 07 02 04 31 54 0.450560
2013 07 02 04 31 55 0.457216
2013 07 02 04 31 56 0.463872
2013 07 02 04 31 57 0.470528
2013 07 02 04 31 58 0.477184
2013 07 02 04 31 59 0.483840
2013 07 02 04 32 00 0.490496
2013 07 02 04 32 01 0.496896
2013 07 02 04 32 02 0.503808
2013 07 02 04 32 03 0.510464
2013 07 02 04 32 04 0.516864
2013 07 02 04 32 05 0.523520
2013 07 02 04 32 06 0.530176
2013 07 02 04 32 07 0.536832
2013 07 02 04 32 08 0.543488
2013 07 02 04 32 09 0.550144
2013 07 02 04 32 10 0.556800
2013 07 02 04 32 11 0.563456
2013 07 02 04 32 12 0.570112
2013 07 02 04 32 13 0.576512
2013 07 02 04 32 14 0.583168
2013 07 02 04 32 15 0.589824
2013 07 02 04 32 16 0.596480
2013 07 02 04 32 17 0.603136
2013 07 02 04 32 18 0.609792
2013 07 02 04 32 19 0.616448
2013 07 02 04 32 20 0.623104
2013 07 02 04 32 21 0.629760
2013 07 02 04 32 22 0.636416
2013 07 02 04 32 23 0.643072
2013 07 02 04 32 24 0.649728
2013 07 02 04 32 25 0.656384
2013 07 02 04 32 26 0.662784
2013 07 02 04 32 27 0.669440
2013 07 02 04 32 28 0.676096
2013 07 02 04 32 29 0.682752
2013 07 02 04 32 30 0.689408
2013 07 02 04 32 31 0.696064
2013 07 02 04 32 32 0.702720
2013 07 02 04 32 33 0.709376
2013 07 02 04 32 34 0.716032
2013 07 02 04 32 35 0.722432
2013 07 02 04 32 36 0.729088
2013 07 02 04 32 37 0.735744
2013 07 02 04 32 38 0.742400
2013 07 02 04 32 39 0.749056
2013 07 02 04 32 40 0.755712
2013 07 02 04 32 41 0.762368
2013 07 02 04 32 42 0.769024
2013 07 02 04 32 43 0.775680
2013 07 02 04 32 44 0.782336
2013 07 02 04 32 45 0.788992
2013 07 02 04 32 46 0.795648
2013 07 02 04 32 47 0.802304
2013 07 02 04 32 48 0.808704
2013 07 02 04 32 49 0.815360
2013 07 02 04 32 50 0.822016
2013 07 02 04 32 51 0.828672
2013 07 02 04 32 52 0.835328
2013 07 02 04 32 53 0.841984
2013 07 02 04 32 54 0.848640
2013 07 02 04 32 55 0.855296
2013 07 02 04 32 56 0.861696
2013 07 02 04 32 57 0.868352
2013 07 02 04 32 58 0.875008
2013 07 02 04 32 59 0.881664
2013 07 02 04 33 00 0.888320
2013 07 02 04 33 01 0.894976
2013 07 02 04 33 02 0.901632
2013 07 02 04 33 03 0.908288
2013 07 02 04 33 04 0.914944
2013 07 02 04 33 05 0.921600
2013 07 02 04 33 06 0.928256
2013 07 02 04 33 07 0.934912
2013 07 02 04 33 08 0.941568
2013 07 02 04 33 09 0.948224
2013 07 02 04 33 10 0.954624
2013 07 02 04 33 11 0.961280
2013 07 02 04 33 12 0.967936
2013 07 02 04 33 13 0.974592
2013 07 02 04 33 14 0.981248
2013 07 02 04 33 15 0.987904
2013 07 02 04 33 16 0.994560
2013 07 02 04 33 18 0.001024
2013 07 02 04 33 19 0.007680
2013 07 02 04 33 20 0.014336
2013 07 02 04 33 21 0.020992
2013 07 02 04 33 22 0.027648
2013 07 02 04 33 23 0.034304
2013 07 02 04 33 24 0.040960
2013 07 02 04 33 25 0.047616
2013 07 02 04 33 26 0.054272
2013 07 02 04 33 27 0.060928
2013 07 02 04 33 28 0.067584
2013 07 02 04 33 29 0.074240
2013 07 02 04 33 30 0.080640
2013 07 02 04 33 31 0.087296
2013 07 02 04 33 32 0.093952
2013 07 02 04 33 33 0.100608
2013 07 02 04 33 34 0.107264
2013 07 02 04 33 35 0.113920
2013 07 02 04 33 36 0.120576
2013 07 02 04 33 37 0.127232
2013 07 02 04 33 38 0.133888
2013 07 02 04 33 39 0.140288
2013 07 02 04 33 40 0.146944
2013 07 02 04 33 41 0.153600
2013 07 02 04 33 42 0.160256
2013 07 02 04 33 43 0.166912
2013 07 02 04 33 44 0.173568
2013 07 02 04 33 45 0.180224
2013 07 02 04 33 46 0.186880
2013 07 02 04 33 47 0.193536
2013 07 02 04 33 48 0.200192
2013 07 02 04 33 49 0.206848
2013 07 02 04 33 50 0.213504
2013 07 02 04 33 51 0.220160
2013 07 02 04 33 52 0.226816
2013 07 02 04 33 53 0.233216
2013 07 02 04 33 54 0.239872
2013 07 02 04 33 55 0.246528
2013 07 02 04 33 56 0.253184
2013 07 02 04 33 57 0.259840
2013 07 02 04 33 58 0.266496
2013 07 02 04 33 59 0.273152
2013 07 02 04 34 00 0.279808
2013 07 02 04 34 01 0.286464
2013 07 02 04 34 02 0.292864
2013 07 02 04 34 03 0.299776
2013 07 02 04 34 04 0.306176
2013 07 02 04 34 05 0.312832
2013 07 02 04 34 06 0.319488
2013 07 02 04 34 07 0.326144
2013 07 02 04 34 08 0.332800
2013 07 02 04 34 09 0.339456
2013 07 02 04 34 10 0.346112
2013 07 02 04 34 11 0.352768
2013 07 02 04 34 12 0.359424
2013 07 02 04 34 13 0.365824
2013 07 02 04 34 14 0.372480
2013 07 02 04 34 15 0.379136
2013 07 02 04 34 16 0.385792
2013 07 02 04 34 17 0.392448
2013 07 02 04 34 18 0.399104
2013 07 02 04 34 19 0.405760
2013 07 02 04 34 20 0.412416
2013 07 02 04 34 21 0.419072
2013 07 02 04 34 22 0.425728
2013 07 02 04 34 23 0.432384
2013 07 02 04 34 24 0.439040
2013 07 02 04 34 25 0.445440
2013 07 02 04 34 26 0.452096
2013 07 02 04 34 27 0.458752
2013 07 02 04 34 28 0.465408
2013 07 02 04 34 29 0.472064
2013 07 02 04 34 30 0.478720
2013 07 02 04 34 31 0.485376
2013 07 02 04 34 32 0.492032
2013 07 02 04 34 33 0.498688
2013 07 02 04 34 34 0.505088
2013 07 02 04 34 35 0.511744
2013 07 02 04 34 36 0.518400
2013 07 02 04 34 37 0.525056
2013 07 02 04 34 38 0.531712
2013 07 02 04 34 39 0.538368
2013 07 02 04 34 40 0.545024
2013 07 02 04 34 41 0.551680
2013 07 02 04 34 42 0.558336
2013 07 02 04 34 43 0.564992
2013 07 02 04 34 44 0.571648
2013 07 02 04 34 45 0.578304
2013 07 02 04 34 46 0.584960
2013 07 02 04 34 47 0.591360
2013 07 02 04 34 48 0.598016
2013 07 02 04 34 49 0.604672
2013 07 02 04 34 50 0.611328
2013 07 02 04 34 51 0.366080
2013 07 02 04 34 52 0.372736
2013 07 02 04 34 53 0.379392
2013 07 02 04 34 54 0.386048
2013 07 02 04 34 55 0.392704
2013 07 02 04 34 56 0.399360
2013 07 02 04 34 57 0.406016
2013 07 02 04 34 58 0.412672
2013 07 02 04 34 59 0.419328
2013 07 02 04 35 00 0.425728
2013 07 02 04 35 01 0.432384
2013 07 02 04 35 02 0.439040
2013 07 02 04 35 03 0.445696
2013 07 02 04 35 04 0.452352
2013 07 02 04 35 05 0.459008
2013 07 02 04 35 06 0.465664
2013 07 02 04 35 07 0.472320
2013 07 02 04 35 08 0.478976
2013 07 02 04 35 09 0.485632
2013 07 02 04 35 10 0.492288
2013 07 02 04 35 11 0.498944
2013 07 02 04 35 12 0.505344
2013 07 02 04 35 13 0.512000
2013 07 02 04 35 14 0.518656
2013 07 02 04 35 15 0.525312
2013 07 02 04 35 16 0.531968
2013 07 02 04 35 17 0.538624
2013 07 02 04 35 18 0.545280
2013 07 02 04 35 19 0.551936
2013 07 02 04 35 20 0.558592
2013 07 02 04 35 21 0.565248
2013 07 02 04 35 22 0.571904
2013 07 02 04 35 23 0.578304
2013 07 02 04 35 24 0.584960
2013 07 02 04 35 25 0.591616
2013 07 02 04 35 26 0.598272
2013 07 02 04 35 27 0.604928
2013 07 02 04 35 28 0.611584
2013 07 02 04 35 29 0.618240
2013 07 02 04 35 30 0.624896
2013 07 02 04 35 31 0.631552
2013 07 02 04 35 32 0.638208
2013 07 02 04 35 33 0.644608
2013 07 02 04 35 34 0.651264
2013 07 02 04 35 35 0.657920
2013 07 02 04 35 36 0.664576
2013 07 02 04 35 37 0.671232
2013 07 02 04 35 38 0.677888
2013 07 02 04 35 39 0.684544
2013 07 02 04 35 40 0.691200
2013 07 02 04 35 41 0.697856
2013 07 02 04 35 42 0.704512
2013 07 02 04 35 43 0.711168
2013 07 02 04 35 44 0.717568
2013 07 02 04 35 45 0.724224
2013 07 02 04 35 46 0.730880
2013 07 02 04 35 47 0.737536
2013 07 02 04 35 48 0.744192
2013 07 02 04 35 49 0.750848
2013 07 02 04 35 50 0.757504
2013 07 02 04 35 51 0.764160
2013 07 02 04 35 52 0.770816
2013 07 02 04 35 53 0.777472
2013 07 02 04 35 54 0.783872
2013 07 02 04 35 55 0.539136
2013 07 02 04 35 56 0.545792
2013 07 02 04 35 57 0.552448
2013 07 02 04 35 58 0.559104
2013 07 02 04 35 59 0.565760
2013 07 02 04 36 00 0.572416
2013 07 02 04 36 01 0.578816
2013 07 02 04 36 02 0.585728
2013 07 02 04 36 03 0.592128
2013 07 02 04 36 04 0.598784
2013 07 02 04 36 05 0.605440
2013 07 02 04 36 06 0.612096
2013 07 02 04 36 07 0.618752
2013 07 02 04 36 08 0.625408
2013 07 02 04 36 09 0.380160
2013 07 02 04 36 10 0.386816
2013 07 02 04 36 11 0.393472
2013 07 02 04 36 12 0.400128
2013 07 02 04 36 13 0.406784
2013 07 02 04 36 14 0.413440
2013 07 02 04 36 15 0.419840
2013 07 02 04 36 16 0.426496
2013 07 02 04 36 17 0.433152
2013 07 02 04 36 18 0.439808
2013 07 02 04 36 19 0.446464
2013 07 02 04 36 20 0.453120
2013 07 02 04 36 21 0.459776
2013 07 02 04 36 22 0.466432
2013 07 02 04 36 23 0.473088
2013 07 02 04 36 24 0.479744
2013 07 02 04 36 25 0.486400
2013 07 02 04 36 26 0.492800
2013 07 02 04 36 27 0.499456
2013 07 02 04 36 28 0.506112
2013 07 02 04 36 29 0.512768
2013 07 02 04 36 30 0.519424
2013 07 02 04 36 31 0.526080
2013 07 02 04 36 32 0.532736
2013 07 02 04 36 33 0.539392
2013 07 02 04 36 34 0.546048
2013 07 02 04 36 35 0.552704
2013 07 02 04 36 36 0.559104
2013 07 02 04 36 37 0.565760
2013 07 02 04 36 38 0.572416
2013 07 02 04 36 39 0.579072
2013 07 02 04 36 40 0.585728
2013 07 02 04 36 41 0.592384
2013 07 02 04 36 42 0.599040
2013 07 02 04 36 43 0.605696
2013 07 02 04 36 44 0.612352
2013 07 02 04 36 45 0.619008
2013 07 02 04 36 46 0.625664
2013 07 02 04 36 47 0.632320
2013 07 02 04 36 48 0.638720
2013 07 02 04 36 49 0.645376
2013 07 02 04 36 50 0.652032
2013 07 02 04 36 51 0.658688
2013 07 02 04 36 52 0.665344
2013 07 02 04 36 53 0.672000
2013 07 02 04 36 54 0.678656
2013 07 02 04 36 55 0.685312
2013 07 02 04 36 56 0.691968
2013 07 02 04 36 57 0.698368
2013 07 02 04 36 58 0.705024
2013 07 02 04 36 59 0.711680
2013 07 02 04 37 00 0.718336
2013 07 02 04 37 01 0.724992
2013 07 02 04 37 02 0.731648
2013 07 02 04 37 03 0.738304
2013 07 02 04 37 04 0.744960
2013 07 02 04 37 05 0.751616
2013 07 02 04 37 06 0.758272
2013 07 02 04 37 07 0.513280
2013 07 02 04 37 08 0.519936
2013 07 02 04 37 09 0.526592
2013 07 02 04 37 10 0.533248
2013 07 02 04 37 11 0.539904
2013 07 02 04 37 12 0.546560
2013 07 02 04 37 13 0.552960
2013 07 02 04 37 14 0.559616
2013 07 02 04 37 15 0.566528
2013 07 02 04 37 16 0.572928
2013 07 02 04 37 17 0.579584
2013 07 02 04 37 18 0.586240
2013 07 02 04 37 19 0.592896
2013 07 02 04 37 20 0.599552
2013 07 02 04 37 21 0.606208
2013 07 02 04 37 22 0.612864
2013 07 02 04 37 23 0.619520
2013 07 02 04 37 24 0.625920
2013 07 02 04 37 25 0.632576
2013 07 02 04 37 26 0.639232
2013 07 02 04 37 27 0.394240
2013 07 02 04 37 28 0.400640
2013 07 02 04 37 29 0.407296
2013 07 02 04 37 30 0.413952
2013 07 02 04 37 31 0.420608
2013 07 02 04 37 32 0.427264
2013 07 02 04 37 33 0.433920
2013 07 02 04 37 34 0.440576
2013 07 02 04 37 35 0.447232
2013 07 02 04 37 36 0.453888
2013 07 02 04 37 37 0.460544
2013 07 02 04 37 38 0.467200
2013 07 02 04 37 39 0.473600
2013 07 02 04 37 40 0.228864
2013 07 02 04 37 41 0.235520
2013 07 02 04 37 42 0.242176
2013 07 02 04 37 43 0.248832
2013 07 02 04 37 44 0.255488
2013 07 02 04 37 45 0.261888
2013 07 02 04 37 46 0.268544
2013 07 02 04 37 47 0.275200
2013 07 02 04 37 48 0.281856
2013 07 02 04 37 49 0.288512
2013 07 02 04 37 50 0.295168
2013 07 02 04 37 51 0.301824
2013 07 02 04 37 52 0.308480
2013 07 02 04 37 53 0.315136
2013 07 02 04 37 54 0.321792
2013 07 02 04 37 55 0.328448
2013 07 02 04 37 56 0.335104
2013 07 02 04 37 57 0.341504
2013 07 02 04 37 58 0.348160
2013 07 02 04 37 59 0.354816
2013 07 02 04 38 00 0.361472
2013 07 02 04 38 01 0.368128
2013 07 02 04 38 02 0.374784
2013 07 02 04 38 03 0.381440
2013 07 02 04 38 04 0.388096
2013 07 02 04 38 05 0.394496
2013 07 02 04 38 06 0.401152
2013 07 02 04 38 07 0.407808
2013 07 02 04 38 08 0.414464
2013 07 02 04 38 09 0.421120
2013 07 02 04 38 10 0.427776
2013 07 02 04 38 11 0.434432
2013 07 02 04 38 12 0.189184
2013 07 02 04 38 12 0.944384
2013 07 02 04 38 13 0.951040
2013 07 02 04 38 14 0.957696
2013 07 02 04 38 15 0.964352
2013 07 02 04 38 16 0.971008
2013 07 02 04 38 17 0.977664
2013 07 02 04 38 18 0.984320
2013 07 02 04 38 19 0.990720
2013 07 02 04 38 20 0.997376
2013 07 02 04 38 22 0.004096
2013 07 02 04 38 23 0.010752
2013 07 02 04 38 24 0.017408
2013 07 02 04 38 25 0.023808
2013 07 02 04 38 26 0.030464
2013 07 02 04 38 27 0.037120
2013 07 02 04 38 28 0.043776
2013 07 02 04 38 29 0.050432
2013 07 02 04 38 30 0.057088
2013 07 02 04 38 31 0.063744
2013 07 02 04 38 32 0.070400
2013 07 02 04 38 33 0.077056
2013 07 02 04 38 34 0.083712
2013 07 02 04 38 35 0.090368
2013 07 02 04 38 36 0.097024
2013 07 02 04 38 37 0.103680
2013 07 02 04 38 38 0.110336
2013 07 02 04 38 39 0.116736
2013 07 02 04 38 40 0.123392
2013 07 02 04 38 41 0.130048
2013 07 02 04 38 42 0.136704
2013 07 02 04 38 43 0.143360
2013 07 02 04 38 44 0.150016
2013 07 02 04 38 45 0.156672
2013 07 02 04 38 46 0.163328
2013 07 02 04 38 47 0.169984
2013 07 02 04 38 47 0.924672
2013 07 02 04 38 48 0.931328
2013 07 02 04 38 49 0.937984
2013 07 02 04 38 50 0.944640
2013 07 02 04 38 51 0.951296
2013 07 02 04 38 52 0.957952
2013 07 02 04 38 53 0.964352
2013 07 02 04 38 54 0.971008
2013 07 02 04 38 55 0.977664
2013 07 02 04 38 56 0.984320
2013 07 02 04 38 57 0.990976
2013 07 02 04 38 58 0.997632
2013 07 02 04 39 00 0.004352
2013 07 02 04 39 01 0.010752
2013 07 02 04 39 02 0.017408
2013 07 02 04 39 03 0.024064
2013 07 02 04 39 04 0.030720
2013 07 02 04 39 05 0.037376
2013 07 02 04 39 06 0.044032
2013 07 02 04 39 07 0.050688
2013 07 02 04 39 08 0.057344
2013 07 02 04 39 09 0.064000
2013 07 02 04 39 10 0.070656
2013 07 02 04 39 11 0.077312
2013 07 02 04 39 12 0.083712
2013 07 02 04 39 13 0.090368
2013 07 02 04 39 14 0.097024
2013 07 02 04 39 15 0.103680
2013 07 02 04 39 16 0.110336
2013 07 02 04 39 17 0.116992
2013 07 02 04 39 18 0.123648
2013 07 02 04 39 19 0.130304
2013 07 02 04 39 20 0.136960
2013 07 02 04 39 21 0.143616
2013 07 02 04 39 21 0.898560
2013 07 02 04 39 22 0.905216
2013 07 02 04 39 23 0.911872
2013 07 02 04 39 24 0.918528
2013 07 02 04 39 25 0.925184
2013 07 02 04 39 26 0.931840
2013 07 02 04 39 27 0.938496
2013 07 02 04 39 28 0.945152
2013 07 02 04 39 29 0.951808
2013 07 02 04 39 30 0.958464
2013 07 02 04 39 31 0.965120
2013 07 02 04 39 32 0.971520
2013 07 02 04 39 33 0.978176
2013 07 02 04 39 34 0.984832
2013 07 02 04 39 35 0.991488
2013 07 02 04 39 36 0.998144
2013 07 02 04 39 38 0.004608
2013 07 02 04 39 39 0.011264
2013 07 02 04 39 40 0.017920
2013 07 02 04 39 41 0.024576
2013 07 02 04 39 42 0.031232
2013 07 02 04 39 43 0.037888
2013 07 02 04 39 44 0.044544
2013 07 02 04 39 45 0.051200
2013 07 02 04 39 46 0.057856
2013 07 02 04 39 47 0.064512
2013 07 02 04 39 48 0.071168
2013 07 02 04 39 49 0.077824
2013 07 02 04 39 50 0.084480
2013 07 02 04 39 51 0.090880
2013 07 02 04 39 52 0.097536
2013 07 02 04 39 53 0.104192
2013 07 02 04 39 54 0.110848
2013 07 02 04 39 55 0.117504
2013 07 02 04 39 56 0.124160
2013 07 02 04 39 57 0.130816
2013 07 02 04 39 58 0.137472
2013 07 02 04 39 59 0.144128
2013 07 02 04 40 00 0.150784
2013 07 02 04 40 01 0.157184
2013 07 02 04 40 02 0.163840
2013 07 02 04 40 03 0.170752
2013 07 02 04 40 04 0.177152
2013 07 02 04 40 05 0.183808
2013 07 02 04 40 06 0.190464
2013 07 02 04 40 07 0.197120
2013 07 02 04 40 08 0.203776
2013 07 02 04 40 09 0.210432
2013 07 02 04 40 10 0.217088
2013 07 02 04 40 11 0.223744
2013 07 02 04 40 12 0.230400
2013 07 02 04 40 13 0.236800
2013 07 02 04 40 14 0.243456
2013 07 02 04 40 15 0.250112
2013 07 02 04 40 16 0.256768
2013 07 02 04 40 17 0.263424
2013 07 02 04 40 18 0.270080
2013 07 02 04 40 19 0.276736
2013 07 02 04 40 20 0.283392
2013 07 02 04 40 21 0.289792
2013 07 02 04 40 22 0.296448
2013 07 02 04 40 23 0.303360
2013 07 02 04 40 24 0.309760
2013 07 02 04 40 25 0.316416
2013 07 02 04 40 26 0.323072
2013 07 02 04 40 27 0.329728
2013 07 02 04 40 28 0.336384
2013 07 02 04 40 29 0.343040
2013 07 02 04 40 30 0.349696
2013 07 02 04 40 31 0.356352
2013 07 02 04 40 32 0.363008
2013 07 02 04 40 33 0.369408
2013 07 02 04 40 34 0.376064
2013 07 02 04 40 35 0.382720
2013 07 02 04 40 36 0.640768
2013 07 02 04 40 37 0.647424
2013 07 02 04 40 38 0.654080
2013 07 02 04 40 39 0.660736
2013 07 02 04 40 40 0.667392
2013 07 02 04 40 41 0.674048
2013 07 02 04 40 42 0.680704
2013 07 02 04 40 43 0.687360
2013 07 02 04 40 44 0.694016
2013 07 02 04 40 45 0.700672
2013 07 02 04 40 46 0.707328
2013 07 02 04 40 47 0.713728
2013 07 02 04 40 48 0.720384
2013 07 02 04 40 49 0.727040
2013 07 02 04 40 50 0.733696
2013 07 02 04 40 51 0.740352
2013 07 02 04 40 52 0.747008
2013 07 02 04 40 53 0.753664
2013 07 02 04 40 54 0.760320
2013 07 02 04 40 55 0.766976
2013 07 02 04 40 56 0.773632
2013 07 02 04 40 57 0.780288
2013 07 02 04 40 58 0.786688
2013 07 02 04 40 59 0.793344
2013 07 02 04 41 00 0.800000
2013 07 02 04 41 01 0.806656
2013 07 02 04 41 02 0.813312
2013 07 02 04 41 03 0.568320
2013 07 02 04 41 04 0.574976
2013 07 02 04 41 05 0.581632
2013 07 02 04 41 06 0.588288
2013 07 02 04 41 07 0.594944
2013 07 02 04 41 08 0.349696
2013 07 02 04 41 09 0.356352
2013 07 02 04 41 10 0.363008
2013 07 02 04 41 11 0.369664
2013 07 02 04 41 12 0.376320
2013 07 02 04 41 13 0.382976
2013 07 02 04 41 14 0.138240
2013 07 02 04 41 15 0.144640
2013 07 02 04 41 16 0.151296
2013 07 02 04 41 17 0.157952
2013 07 02 04 41 18 0.164608
2013 07 02 04 41 18 0.919552
2013 07 02 04 41 19 0.674560
2013 07 02 04 41 20 0.681216
2013 07 02 04 41 21 0.687872
2013 07 02 04 41 22 0.694528
2013 07 02 04 41 23 0.700928
2013 07 02 04 41 24 0.707840
2013 07 02 04 41 25 0.714240
2013 07 02 04 41 26 0.469248
2013 07 02 04 41 27 0.475904
2013 07 02 04 41 28 0.482304
2013 07 02 04 41 29 0.488960
2013 07 02 04 41 30 0.495616
2013 07 02 04 41 31 0.502272
2013 07 02 04 41 32 0.508928
2013 07 02 04 41 33 0.515584
2013 07 02 04 41 34 0.522240
2013 07 02 04 41 35 0.528896
2013 07 02 04 41 36 0.535552
2013 07 02 04 41 37 0.542208
2013 07 02 04 41 38 0.548864
2013 07 02 04 41 39 0.555264
2013 07 02 04 41 40 0.561920
2013 07 02 04 41 41 0.568576
2013 07 02 04 41 42 0.575232
2013 07 02 04 41 43 0.581888
2013 07 02 04 41 44 0.588544
2013 07 02 04 41 45 0.595200
2013 07 02 04 41 46 0.601856
2013 07 02 04 41 47 0.608512
2013 07 02 04 41 48 0.615168
2013 07 02 04 41 49 0.621824
2013 07 02 04 41 50 0.628224
2013 07 02 04 41 51 0.383488
2013 07 02 04 41 52 0.390144
2013 07 02 04 41 53 0.396800
2013 07 02 04 41 54 0.403456
2013 07 02 04 41 55 0.410112
2013 07 02 04 41 56 0.416512
2013 07 02 04 41 57 0.423168
2013 07 02 04 41 58 0.429824
2013 07 02 04 41 59 0.436480
2013 07 02 04 42 00 0.443136
2013 07 02 04 42 01 0.449792
2013 07 02 04 42 02 0.456448
2013 07 02 04 42 03 0.463104
2013 07 02 04 42 04 0.469760
2013 07 02 04 42 05 0.476160
2013 07 02 04 42 06 0.482816
2013 07 02 04 42 07 0.237824
2013 07 02 04 42 08 0.244480
2013 07 02 04 42 09 0.250880
2013 07 02 04 42 10 0.257536
2013 07 02 04 42 11 0.264192
2013 07 02 04 42 12 0.270848
2013 07 02 04 42 13 0.277504
2013 07 02 04 42 14 0.284160
2013 07 02 04 42 15 0.039424
2013 07 02 04 42 16 0.046080
2013 07 02 04 42 17 0.052480
2013 07 02 04 42 18 0.059136
2013 07 02 04 42 19 0.065792
2013 07 02 04 42 20 0.072448
2013 07 02 04 42 21 0.079104
2013 07 02 04 42 22 0.085760
2013 07 02 04 42 23 0.092416
2013 07 02 04 42 24 0.099072
2013 07 02 04 42 25 0.105472
2013 07 02 04 42 26 0.112128
2013 07 02 04 42 27 0.118784
2013 07 02 04 42 28 0.125440
2013 07 02 04 42 29 0.132096
2013 07 02 04 42 30 0.138752
2013 07 02 04 42 31 0.145408
2013 07 02 04 42 32 0.152064
2013 07 02 04 42 33 0.158720
2013 07 02 04 42 34 0.165376
2013 07 02 04 42 35 0.172032
2013 07 02 04 42 36 0.178688
2013 07 02 04 42 36 0.933376
2013 07 02 04 42 37 0.940032
2013 07 02 04 42 38 0.946688
2013 07 02 04 42 39 0.953344
2013 07 02 04 42 40 0.960000
2013 07 02 04 42 41 0.966656
2013 07 02 04 42 42 0.973056
2013 07 02 04 42 43 0.979712
2013 07 02 04 42 44 0.986368
2013 07 02 04 42 45 0.993024
2013 07 02 04 42 46 0.999680
2013 07 02 04 42 48 0.006400
2013 07 02 04 42 49 0.013056
2013 07 02 04 42 50 0.019456
2013 07 02 04 42 51 0.026112
2013 07 02 04 42 52 0.032768
2013 07 02 04 42 53 0.039424
2013 07 02 04 42 54 0.046080
2013 07 02 04 42 55 0.052736
2013 07 02 04 42 56 0.059392
2013 07 02 04 42 57 0.066048
2013 07 02 04 42 58 0.072704
2013 07 02 04 42 59 0.079360
2013 07 02 04 42 59 0.834560
2013 07 02 04 43 00 0.841216
2013 07 02 04 43 01 0.847616
2013 07 02 04 43 02 0.854272
2013 07 02 04 43 03 0.860928
2013 07 02 04 43 04 0.867584
2013 07 02 04 43 05 0.874240
2013 07 02 04 43 06 0.880896
2013 07 02 04 43 07 0.887296
2013 07 02 04 43 08 0.893952
2013 07 02 04 43 09 0.900608
2013 07 02 04 43 10 0.907264
2013 07 02 04 43 11 0.913920
2013 07 02 04 43 12 0.920576
2013 07 02 04 43 13 0.927232
2013 07 02 04 43 14 0.933888
2013 07 02 04 43 15 0.940544
2013 07 02 04 43 16 0.947200
2013 07 02 04 43 17 0.953856
2013 07 02 04 43 18 0.960256
2013 07 02 04 43 19 0.966912
2013 07 02 04 43 20 0.973568
2013 07 02 04 43 21 0.980224
2013 07 02 04 43 22 0.986880
2013 07 02 04 43 23 0.993536
2013 07 02 04 43 25 0.000256
2013 07 02 04 43 25 0.754944
2013 07 02 04 43 26 0.761600
2013 07 02 04 43 27 0.516864
2013 07 02 04 43 28 0.523264
2013 07 02 04 43 29 0.529920
2013 07 02 04 43 30 0.536576
2013 07 02 04 43 31 0.543232
2013 07 02 04 43 32 0.549888
2013 07 02 04 43 33 0.556544
2013 07 02 04 43 34 0.563200
2013 07 02 04 43 35 0.569856
2013 07 02 04 43 36 0.576512
2013 07 02 04 43 37 0.583168
2013 07 02 04 43 38 0.589824
2013 07 02 04 43 39 0.596480
2013 07 02 04 43 40 0.603136
2013 07 02 04 43 41 0.609536
2013 07 02 04 43 42 0.616192
2013 07 02 04 43 43 0.622848
2013 07 02 04 43 44 0.629504
2013 07 02 04 43 45 0.636160
2013 07 02 04 43 46 0.642816
2013 07 02 04 43 47 0.649472
2013 07 02 04 43 48 0.656128
2013 07 02 04 43 49 0.662784
2013 07 02 04 43 50 0.669440
2013 07 02 04 43 51 0.675840
2013 07 02 04 43 52 0.682496
2013 07 02 04 43 53 0.689152
2013 07 02 04 43 54 0.695808
2013 07 02 04 43 55 0.702464
2013 07 02 04 43 56 0.709120
2013 07 02 04 43 57 0.715776
2013 07 02 04 43 58 0.722432
2013 07 02 04 43 59 0.728832
2013 07 02 04 44 00 0.735488
2013 07 02 04 44 01 0.742144
2013 07 02 04 44 02 0.748800
2013 07 02 04 44 03 0.755456
2013 07 02 04 44 04 0.762112
2013 07 02 04 44 05 0.768768
2013 07 02 04 44 06 0.775424
2013 07 02 04 44 07 0.782080
2013 07 02 04 44 08 0.788736
2013 07 02 04 44 09 0.795392
2013 07 02 04 44 10 0.802048
2013 07 02 04 44 11 0.808704
2013 07 02 04 44 12 0.815104
2013 07 02 04 44 13 0.821760
2013 07 02 04 44 14 0.576512
2013 07 02 04 44 15 0.583168
2013 07 02 04 44 16 0.589824
2013 07 02 04 44 17 0.596480
2013 07 02 04 44 18 0.603136
2013 07 02 04 44 19 0.609792
2013 07 02 04 44 20 0.616448
2013 07 02 04 44 21 0.623104
2013 07 02 04 44 22 0.629760
2013 07 02 04 44 23 0.636416
2013 07 02 04 44 24 0.643072
2013 07 02 04 44 25 0.649472
2013 07 02 04 44 26 0.656128
2013 07 02 04 44 27 0.662784
2013 07 02 04 44 28 0.669440
2013 07 02 04 44 29 0.676096
2013 07 02 04 44 30 0.682752
2013 07 02 04 44 31 0.689408
2013 07 02 04 44 32 0.696064
2013 07 02 04 44 33 0.702720
2013 07 02 04 44 34 0.709376
2013 07 02 04 44 35 0.715776
2013 07 02 04 44 36 0.722432
2013 07 02 04 44 37 0.729088
2013 07 02 04 44 38 0.735744
2013 07 02 04 44 39 0.742400
2013 07 02 04 44 40 0.749056
2013 07 02 04 44 41 0.755712
2013 07 02 04 44 42 0.762368
2013 07 02 04 44 43 0.769024
2013 07 02 04 44 44 0.775680
2013 07 02 04 44 45 0.782336
2013 07 02 04 44 46 0.788736
2013 07 02 04 44 47 0.795392
2013 07 02 04 44 48 0.802048
2013 07 02 04 44 49 0.808704
2013 07 02 04 44 50 0.815360
2013 07 02 04 44 51 0.822016
2013 07 02 04 44 52 0.828672
2013 07 02 04 44 53 0.835328
2013 07 02 04 44 54 0.841984
2013 07 02 04 44 55 0.848640
2013 07 02 04 44 56 0.855040
2013 07 02 04 44 57 0.861696
2013 07 02 04 44 58 0.868352
2013 07 02 04 44 59 0.875008
2013 07 02 04 45 00 0.881664
2013 07 02 04 45 01 0.888320
2013 07 02 04 45 02 0.894976
2013 07 02 04 45 03 0.901632
2013 07 02 04 45 04 0.908288
2013 07 02 04 45 05 0.914944
2013 07 02 04 45 06 0.921600
2013 07 02 04 45 07 0.928000
2013 07 02 04 45 08 0.934656
2013 07 02 04 45 09 0.941312
2013 07 02 04 45 10 0.947968
2013 07 02 04 45 11 0.954624
2013 07 02 04 45 12 0.961280
2013 07 02 04 45 13 0.967936
2013 07 02 04 45 14 0.974592
2013 07 02 04 45 15 0.981248
2013 07 02 04 45 16 0.987904
2013 07 02 04 45 17 0.994304
2013 07 02 04 45 19 0.001024
2013 07 02 04 45 20 0.007680
2013 07 02 04 45 21 0.014336
2013 07 02 04 45 22 0.020992
2013 07 02 04 45 23 0.027648
2013 07 02 04 45 24 0.034304
2013 07 02 04 45 24 0.789504
2013 07 02 04 45 25 0.796160
2013 07 02 04 45 26 0.802560
2013 07 02 04 45 27 0.809216
2013 07 02 04 45 28 0.815872
2013 07 02 04 45 29 0.822528
2013 07 02 04 45 30 0.829184
2013 07 02 04 45 31 0.835840
2013 07 02 04 45 32 0.842496
2013 07 02 04 45 33 0.848896
2013 07 02 04 45 34 0.855552
2013 07 02 04 45 35 0.862208
2013 07 02 04 45 36 0.868864
2013 07 02 04 45 37 0.875520
2013 07 02 04 45 38 0.882176
2013 07 02 04 45 39 0.888832
2013 07 02 04 45 40 0.895488
2013 07 02 04 45 41 0.902144
2013 07 02 04 45 42 0.908800
2013 07 02 04 45 43 0.915456
2013 07 02 04 45 44 0.922112
2013 07 02 04 45 45 0.676864
2013 07 02 04 45 46 0.683520
2013 07 02 04 45 47 0.690176
2013 07 02 04 45 48 0.696576
2013 07 02 04 45 49 0.703232
2013 07 02 04 45 50 0.709888
2013 07 02 04 45 51 0.716544
2013 07 02 04 45 52 0.723200
2013 07 02 04 45 53 0.729856
2013 07 02 04 45 54 0.736512
2013 07 02 04 45 55 0.743168
2013 07 02 04 45 56 0.749824
2013 07 02 04 45 57 0.756480
2013 07 02 04 45 58 0.762880
2013 07 02 04 45 59 0.769536
2013 07 02 04 46 00 0.776192
2013 07 02 04 46 01 0.782848
2013 07 02 04 46 02 0.789504
2013 07 02 04 46 03 0.796160
2013 07 02 04 46 04 0.802816
2013 07 02 04 46 05 0.809472
2013 07 02 04 46 06 0.816128
2013 07 02 04 46 07 0.822784
2013 07 02 04 46 08 0.829440
2013 07 02 04 46 09 0.835840
2013 07 02 04 46 10 0.842496
2013 07 02 04 46 11 0.849152
2013 07 02 04 46 12 0.855808
2013 07 02 04 46 13 0.862464
2013 07 02 04 46 14 0.869120
2013 07 02 04 46 15 0.875776
2013 07 02 04 46 16 0.882432
2013 07 02 04 46 17 0.889088
2013 07 02 04 46 18 0.895744
2013 07 02 04 46 19 0.902144
2013 07 02 04 46 20 0.908800
2013 07 02 04 46 21 0.915456
2013 07 02 04 46 22 0.922112
2013 07 02 04 46 23 0.928768
2013 07 02 04 46 24 0.935424
2013 07 02 04 46 25 0.942080
2013 07 02 04 46 26 0.948736
2013 07 02 04 46 27 0.955392
2013 07 02 04 46 28 0.962048
2013 07 02 04 46 29 0.968704
2013 07 02 04 46 30 0.975104
2013 07 02 04 46 31 0.981760
2013 07 02 04 46 32 0.988416
2013 07 02 04 46 33 0.995072
2013 07 02 04 46 35 0.001792
2013 07 02 04 46 36 0.008448
2013 07 02 04 46 37 0.015104
2013 07 02 04 46 38 0.021760
2013 07 02 04 46 39 0.028160
2013 07 02 04 46 40 0.034816
2013 07 02 04 46 41 0.041472
2013 07 02 04 46 42 0.048128
2013 07 02 04 46 43 0.054784
2013 07 02 04 46 44 0.061440
2013 07 02 04 46 45 0.068096
2013 07 02 04 46 46 0.074752
2013 07 02 04 46 47 0.081408
2013 07 02 04 46 48 0.088064
2013 07 02 04 46 49 0.094720
2013 07 02 04 46 50 0.101120
2013 07 02 04 46 51 0.107776
2013 07 02 04 46 52 0.114432
2013 07 02 04 46 53 0.121088
2013 07 02 04 46 54 0.127744
2013 07 02 04 46 55 0.134400
2013 07 02 04 46 56 0.141056
2013 07 02 04 46 57 0.147712
2013 07 02 04 46 58 0.154368
2013 07 02 04 46 59 0.161024
2013 07 02 04 47 00 0.167680
2013 07 02 04 47 01 0.174080
2013 07 02 04 47 02 0.180736
2013 07 02 04 47 03 0.187392
2013 07 02 04 47 04 0.194048
2013 07 02 04 47 05 0.200704
2013 07 02 04 47 06 0.207360
2013 07 02 04 47 07 0.214016
2013 07 02 04 47 08 0.220672
2013 07 02 04 47 09 0.227328
2013 07 02 04 47 10 0.233984
2013 07 02 04 47 11 0.240384
2013 07 02 04 47 12 0.247040
2013 07 02 04 47 13 0.253696
2013 07 02 04 47 14 0.260352
2013 07 02 04 47 15 0.267008
2013 07 02 04 47 16 0.273664
2013 07 02 04 47 17 0.280320
2013 07 02 04 47 18 0.286976
2013 07 02 04 47 19 0.293632
2013 07 02 04 47 20 0.300288
2013 07 02 04 47 21 0.306688
2013 07 02 04 47 22 0.313344
2013 07 02 04 47 23 0.320000
2013 07 02 04 47 24 0.326656
2013 07 02 04 47 25 0.333312
2013 07 02 04 47 26 0.339968
2013 07 02 04 47 27 0.346624
2013 07 02 04 47 28 0.353280
2013 07 02 04 47 29 0.108544
2013 07 02 04 47 30 0.114944
2013 07 02 04 47 31 0.121600
2013 07 02 04 47 32 0.128256
2013 07 02 04 47 33 0.134912
2013 07 02 04 47 34 0.141568
2013 07 02 04 47 35 0.148224
2013 07 02 04 47 36 0.154880
2013 07 02 04 47 37 0.161536
2013 07 02 04 47 38 0.168192
2013 07 02 04 47 39 0.174592
2013 07 02 04 47 39 0.929536
2013 07 02 04 47 40 0.936192
2013 07 02 04 47 41 0.942848
2013 07 02 04 47 42 0.949504
2013 07 02 04 47 43 0.955904
2013 07 02 04 47 44 0.962560
2013 07 02 04 47 45 0.969216
2013 07 02 04 47 46 0.975872
2013 07 02 04 47 47 0.982528
2013 07 02 04 47 48 0.989184
2013 07 02 04 47 49 0.995840
2013 07 02 04 47 51 0.002560
2013 07 02 04 47 52 0.008960
2013 07 02 04 47 52 0.764160
2013 07 02 04 47 53 0.770816
2013 07 02 04 47 54 0.777472
2013 07 02 04 47 55 0.784128
2013 07 02 04 47 56 0.790784
2013 07 02 04 47 57 0.797440
2013 07 02 04 47 58 0.552192
2013 07 02 04 47 59 0.558848
2013 07 02 04 48 00 0.565504
2013 07 02 04 48 01 0.572160
2013 07 02 04 48 02 0.578816
2013 07 02 04 48 03 0.585216
2013 07 02 04 48 04 0.591872
2013 07 02 04 48 05 0.598528
2013 07 02 04 48 06 0.605184
2013 07 02 04 48 07 0.611840
2013 07 02 04 48 08 0.618496
2013 07 02 04 48 09 0.625152
2013 07 02 04 48 10 0.631808
2013 07 02 04 48 11 0.638464
2013 07 02 04 48 12 0.645120
2013 07 02 04 48 13 0.651776
2013 07 02 04 48 14 0.658176
2013 07 02 04 48 15 0.413440
2013 07 02 04 48 16 0.420096
2013 07 02 04 48 17 0.426752
2013 07 02 04 48 18 0.433408
2013 07 02 04 48 19 0.440064
2013 07 02 04 48 20 0.446720
2013 07 02 04 48 21 0.453120
2013 07 02 04 48 22 0.459776
2013 07 02 04 48 23 0.466432
2013 07 02 04 48 24 0.473088
2013 07 02 04 48 25 0.479744
2013 07 02 04 48 26 0.486400
2013 07 02 04 48 27 0.493056
2013 07 02 04 48 28 0.499712
2013 07 02 04 48 29 0.254464
2013 07 02 04 48 30 0.261120
2013 07 02 04 48 31 0.267776
2013 07 02 04 48 32 0.274432
2013 07 02 04 48 33 0.281088
2013 07 02 04 48 34 0.287488
2013 07 02 04 48 35 0.294144
2013 07 02 04 48 36 0.300800
2013 07 02 04 48 37 0.307456
2013 07 02 04 48 38 0.062720
2013 07 02 04 48 39 0.069376
2013 07 02 04 48 40 0.075776
2013 07 02 04 48 41 0.082688
2013 07 02 04 48 42 0.089088
2013 07 02 04 48 43 0.095744
2013 07 02 04 48 43 0.850688
2013 07 02 04 48 44 0.857344
2013 07 02 04 48 45 0.863744
2013 07 02 04 48 46 0.870400
2013 07 02 04 48 47 0.877056
2013 07 02 04 48 48 0.883712
2013 07 02 04 48 49 0.890368
2013 07 02 04 48 50 0.897024
2013 07 02 04 48 51 0.903680
2013 07 02 04 48 52 0.910336
2013 07 02 04 48 53 0.916992
2013 07 02 04 48 54 0.923648
2013 07 02 04 48 55 0.930304
2013 07 02 04 48 56 0.936704
2013 07 02 04 48 57 0.943360
2013 07 02 04 48 58 0.950016
2013 07 02 04 48 59 0.956672
2013 07 02 04 49 00 0.963328
2013 07 02 04 49 01 0.969984
2013 07 02 04 49 02 0.976640
2013 07 02 04 49 03 0.983296
2013 07 02 04 49 04 0.989952
2013 07 02 04 49 05 0.996608
2013 07 02 04 49 07 0.003072
2013 07 02 04 49 08 0.009728
2013 07 02 04 49 09 0.016384
2013 07 02 04 49 10 0.023040
2013 07 02 04 49 10 0.778240
2013 07 02 04 49 11 0.784640
2013 07 02 04 49 12 0.791296
2013 07 02 04 49 13 0.798208
2013 07 02 04 49 14 0.804608
2013 07 02 04 49 15 0.811264
2013 07 02 04 49 16 0.817920
2013 07 02 04 49 17 0.824576
2013 07 02 04 49 18 0.831232
2013 07 02 04 49 19 0.837888
2013 07 02 04 49 20 0.844544
2013 07 02 04 49 21 0.851200
2013 07 02 04 49 22 0.605952
2013 07 02 04 49 23 0.612608
2013 07 02 04 49 24 0.619264
2013 07 02 04 49 25 0.625920
2013 07 02 04 49 26 0.632320
2013 07 02 04 49 27 0.638976
2013 07 02 04 49 28 0.645632
2013 07 02 04 49 29 0.652288
2013 07 02 04 49 30 0.658944
2013 07 02 04 49 31 0.665600
2013 07 02 04 49 32 0.672256
2013 07 02 04 49 33 0.678912
2013 07 02 04 49 34 0.685568
2013 07 02 04 49 35 0.692224
2013 07 02 04 49 36 0.698880
2013 07 02 04 49 37 0.705280
2013 07 02 04 49 38 0.711936
2013 07 02 04 49 39 0.718592
2013 07 02 04 49 40 0.725248
2013 07 02 04 49 41 0.480512
2013 07 02 04 49 42 0.487168
2013 07 02 04 49 43 0.493568
2013 07 02 04 49 44 0.500224
2013 07 02 04 49 45 0.255232
2013 07 02 04 49 46 0.261888
2013 07 02 04 49 47 0.268288
2013 07 02 04 49 48 0.274944
2013 07 02 04 49 49 0.281600
2013 07 02 04 49 50 0.288256
2013 07 02 04 49 51 0.294912
2013 07 02 04 49 52 0.301568
2013 07 02 04 49 53 0.308224
2013 07 02 04 49 54 0.314880
2013 07 02 04 49 55 0.321536
2013 07 02 04 49 56 0.076544
2013 07 02 04 49 57 0.083200
2013 07 02 04 49 58 0.089856
2013 07 02 04 49 59 0.096512
2013 07 02 04 50 00 0.103168
2013 07 02 04 50 01 0.109824
2013 07 02 04 50 02 0.116480
2013 07 02 04 50 02 0.871168
2013 07 02 04 50 03 0.626176
2013 07 02 04 50 04 0.632832
2013 07 02 04 50 05 0.639488
2013 07 02 04 50 06 0.646144
2013 07 02 04 50 07 0.652800
2013 07 02 04 50 08 0.659456
2013 07 02 04 50 09 0.666112
2013 07 02 04 50 10 0.672768
2013 07 02 04 50 11 0.679424
2013 07 02 04 50 12 0.686080
2013 07 02 04 50 13 0.692736
2013 07 02 04 50 14 0.699392
2013 07 02 04 50 15 0.454144
2013 07 02 04 50 16 0.460800
2013 07 02 04 50 17 0.467456
2013 07 02 04 50 18 0.473856
2013 07 02 04 50 19 0.480512
2013 07 02 04 50 20 0.487168
2013 07 02 04 50 21 0.493824
2013 07 02 04 50 22 0.500480
2013 07 02 04 50 23 0.507136
2013 07 02 04 50 24 0.513792
2013 07 02 04 50 25 0.520448
2013 07 02 04 50 26 0.527104
2013 07 02 04 50 27 0.533760
2013 07 02 04 50 28 0.540416
2013 07 02 04 50 29 0.546816
2013 07 02 04 50 30 0.553472
2013 07 02 04 50 31 0.560128
2013 07 02 04 50 32 0.566784
2013 07 02 04 50 33 0.573440
2013 07 02 04 50 34 0.580096
2013 07 02 04 50 35 0.586752
2013 07 02 04 50 36 0.593408
2013 07 02 04 50 37 0.600064
2013 07 02 04 50 38 0.606720
2013 07 02 04 50 39 0.613120
2013 07 02 04 50 40 0.619776
2013 07 02 04 50 41 0.626432
2013 07 02 04 50 42 0.633088
2013 07 02 04 50 43 0.639744
2013 07 02 04 50 44 0.646400
2013 07 02 04 50 45 0.653056
2013 07 02 04 50 46 0.659712
2013 07 02 04 50 47 0.666368
2013 07 02 04 50 48 0.673024
2013 07 02 04 50 49 0.679680
2013 07 02 04 50 50 0.686080
2013 07 02 04 50 51 0.692736
2013 07 02 04 50 52 0.699392
2013 07 02 04 50 53 0.706048
2013 07 02 04 50 54 0.461312
2013 07 02 04 50 55 0.467968
2013 07 02 04 50 56 0.474624
2013 07 02 04 50 57 0.481280
2013 07 02 04 50 58 0.487680
2013 07 02 04 50 59 0.494336
2013 07 02 04 51 00 0.500992
2013 07 02 04 51 01 0.507648
2013 07 02 04 51 02 0.514304
2013 07 02 04 51 03 0.520960
2013 07 02 04 51 04 0.527616
2013 07 02 04 51 05 0.534272
2013 07 02 04 51 06 0.540672
2013 07 02 04 51 07 0.547328
2013 07 02 04 51 08 0.553984
2013 07 02 04 51 09 0.560640
2013 07 02 04 51 10 0.567296
2013 07 02 04 51 11 0.573952
2013 07 02 04 51 12 0.580608
2013 07 02 04 51 13 0.587264
2013 07 02 04 51 14 0.342016
2013 07 02 04 51 15 0.348672
2013 07 02 04 51 16 0.355328
2013 07 02 04 51 17 0.361984
2013 07 02 04 51 18 0.368640
2013 07 02 04 51 19 0.375296
2013 07 02 04 51 20 0.381696
2013 07 02 04 51 21 0.388352
2013 07 02 04 51 22 0.395008
2013 07 02 04 51 23 0.401664
2013 07 02 04 51 24 0.408320
2013 07 02 04 51 25 0.414976
2013 07 02 04 51 26 0.421632
2013 07 02 04 51 27 0.428288
2013 07 02 04 51 28 0.434944
2013 07 02 04 51 29 0.441600
2013 07 02 04 51 30 0.448256
2013 07 02 04 51 31 0.454656
2013 07 02 04 51 32 0.461312
2013 07 02 04 51 33 0.467968
2013 07 02 04 51 34 0.474624
2013 07 02 04 51 35 0.481280
2013 07 02 04 51 36 0.487936
2013 07 02 04 51 37 0.494592
2013 07 02 04 51 38 0.501248
2013 07 02 04 51 39 0.507904
2013 07 02 04 51 40 0.514560
2013 07 02 04 51 41 0.520960
2013 07 02 04 51 42 0.527616
2013 07 02 04 51 43 0.534272
2013 07 02 04 51 44 0.792832
2013 07 02 04 51 45 0.799488
2013 07 02 04 51 46 0.806144
2013 07 02 04 51 47 0.812800
2013 07 02 04 51 48 0.819456
2013 07 02 04 51 50 0.077568
2013 07 02 04 51 51 0.083968
2013 07 02 04 51 52 0.090624
2013 07 02 04 51 53 0.097280
2013 07 02 04 51 54 0.103936
2013 07 02 04 51 55 0.110592
2013 07 02 04 51 56 0.117248
2013 07 02 04 51 57 0.123904
2013 07 02 04 51 58 0.130560
2013 07 02 04 51 59 0.137216
2013 07 02 04 52 00 0.143872
2013 07 02 04 52 01 0.150528
2013 07 02 04 52 02 0.156928
2013 07 02 04 52 03 0.163584
2013 07 02 04 52 04 0.170240
2013 07 02 04 52 05 0.176896
2013 07 02 04 52 06 0.183552
2013 07 02 04 52 07 0.190208
2013 07 02 04 52 08 0.196864
2013 07 02 04 52 09 0.203520
2013 07 02 04 52 10 0.210176
2013 07 02 04 52 11 0.216832
2013 07 02 04 52 12 0.223488
2013 07 02 04 52 13 0.229888
2013 07 02 04 52 14 0.236544
2013 07 02 04 52 15 0.243200
2013 07 02 04 52 16 0.249856
2013 07 02 04 52 17 0.256512
2013 07 02 04 52 18 0.263168
2013 07 02 04 52 19 0.269824
2013 07 02 04 52 20 0.276480
2013 07 02 04 52 21 0.283136
2013 07 02 04 52 22 0.289792
2013 07 02 04 52 23 0.296192
2013 07 02 04 52 24 0.302848
2013 07 02 04 52 25 0.309504
2013 07 02 04 52 26 0.316160
2013 07 02 04 52 27 0.322816
2013 07 02 04 52 28 0.329472
2013 07 02 04 52 29 0.336128
2013 07 02 04 52 30 0.342784
2013 07 02 04 52 31 0.349440
2013 07 02 04 52 32 0.356096
2013 07 02 04 52 33 0.362496
2013 07 02 04 52 34 0.369152
2013 07 02 04 52 35 0.375808
2013 07 02 04 52 36 0.382464
2013 07 02 04 52 37 0.389120
2013 07 02 04 52 38 0.395776
2013 07 02 04 52 39 0.402432
2013 07 02 04 52 40 0.409088
2013 07 02 04 52 41 0.415744
2013 07 02 04 52 42 0.422144
2013 07 02 04 52 43 0.428800
2013 07 02 04 52 44 0.435456
2013 07 02 04 52 45 0.442112
2013 07 02 04 52 46 0.448768
2013 07 02 04 52 47 0.455424
2013 07 02 04 52 48 0.462080
2013 07 02 04 52 49 0.468736
2013 07 02 04 52 50 0.475392
2013 07 02 04 52 51 0.481792
2013 07 02 04 52 52 0.488448
2013 07 02 04 52 53 0.495104
2013 07 02 04 52 54 0.501760
2013 07 02 04 52 55 0.508416
2013 07 02 04 52 56 0.515072
2013 07 02 04 52 57 0.521728
2013 07 02 04 52 58 0.528384
2013 07 02 04 52 59 0.535040
2013 07 02 04 53 00 0.541696
2013 07 02 04 53 01 0.548096
2013 07 02 04 53 02 0.554752
2013 07 02 04 53 03 0.561408
2013 07 02 04 53 04 0.568064
2013 07 02 04 53 05 0.574720
2013 07 02 04 53 06 0.581376
2013 07 02 04 53 07 0.588032
2013 07 02 04 53 08 0.594688
2013 07 02 04 53 09 0.601088
2013 07 02 04 53 10 0.607744
2013 07 02 04 53 11 0.614400
2013 07 02 04 53 12 0.621056
2013 07 02 04 53 13 0.627712
2013 07 02 04 53 14 0.634368
2013 07 02 04 53 15 0.641024
2013 07 02 04 53 16 0.647680
2013 07 02 04 53 17 0.654336
2013 07 02 04 53 18 0.660736
2013 07 02 04 53 19 0.667392
2013 07 02 04 53 20 0.674048
2013 07 02 04 53 21 0.680704
2013 07 02 04 53 22 0.687360
2013 07 02 04 53 23 0.694016
2013 07 02 04 53 24 0.449280
2013 07 02 04 53 25 0.455680
2013 07 02 04 53 26 0.462336
2013 07 02 04 53 27 0.468992
2013 07 02 04 53 28 0.475648
2013 07 02 04 53 29 0.482304
2013 07 02 04 53 30 0.488960
2013 07 02 04 53 31 0.495616
2013 07 02 04 53 32 0.502272
2013 07 02 04 53 33 0.508928
2013 07 02 04 53 34 0.515328
2013 07 02 04 53 35 0.521984
2013 07 02 04 53 36 0.528640
2013 07 02 04 53 37 0.535296
2013 07 02 04 53 38 0.541952
2013 07 02 04 53 39 0.548608
2013 07 02 04 53 40 0.555008
2013 07 02 04 53 41 0.561664
2013 07 02 04 53 42 0.568320
2013 07 02 04 53 43 0.574976
2013 07 02 04 53 44 0.581632
2013 07 02 04 53 45 0.588288
2013 07 02 04 53 46 0.594944
2013 07 02 04 53 47 0.601600
2013 07 02 04 53 48 0.608256
2013 07 02 04 53 49 0.614912
2013 07 02 04 53 50 0.621568
2013 07 02 04 53 51 0.627968
2013 07 02 04 53 52 0.634880
2013 07 02 04 53 53 0.641280
2013 07 02 04 53 54 0.647936
2013 07 02 04 53 55 0.654592
2013 07 02 04 53 56 0.661248
2013 07 02 04 53 57 0.667904
2013 07 02 04 53 58 0.674304
2013 07 02 04 53 59 0.680960
2013 07 02 04 54 00 0.687616
2013 07 02 04 54 01 0.694272
2013 07 02 04 54 02 0.700928
2013 07 02 04 54 03 0.707584
2013 07 02 04 54 04 0.714240
2013 07 02 04 54 05 0.720896
2013 07 02 04 54 06 0.727552
2013 07 02 04 54 07 0.734208
2013 07 02 04 54 08 0.740864
2013 07 02 04 54 09 0.747520
2013 07 02 04 54 10 0.753920
2013 07 02 04 54 11 0.760576
2013 07 02 04 54 12 0.767232
2013 07 02 04 54 13 0.773888
2013 07 02 04 54 14 0.780544
2013 07 02 04 54 15 0.787200
2013 07 02 04 54 16 0.793856
2013 07 02 04 54 17 0.800256
2013 07 02 04 54 18 0.806912
2013 07 02 04 54 19 0.813568
2013 07 02 04 54 20 0.820224
2013 07 02 04 54 21 0.826880
2013 07 02 04 54 22 0.833536
2013 07 02 04 54 23 0.840192
2013 07 02 04 54 24 0.846848
2013 07 02 04 54 25 0.853504
2013 07 02 04 54 26 0.608256
2013 07 02 04 54 27 0.614912
2013 07 02 04 54 28 0.621568
2013 07 02 04 54 29 0.628224
2013 07 02 04 54 30 0.634624
2013 07 02 04 54 31 0.641280
2013 07 02 04 54 32 0.647936
2013 07 02 04 54 33 0.654592
2013 07 02 04 54 34 0.661248
2013 07 02 04 54 35 0.667904
2013 07 02 04 54 36 0.674560
2013 07 02 04 54 37 0.681216
2013 07 02 04 54 38 0.687872
2013 07 02 04 54 39 0.694272
2013 07 02 04 54 40 0.700928
2013 07 02 04 54 41 0.707584
2013 07 02 04 54 42 0.714240
2013 07 02 04 54 43 0.720896
2013 07 02 04 54 44 0.727552
2013 07 02 04 54 45 0.734208
2013 07 02 04 54 46 0.740864
2013 07 02 04 54 47 0.747520
2013 07 02 04 54 48 0.753920
2013 07 02 04 54 49 0.760576
2013 07 02 04 54 50 0.767232
2013 07 02 04 54 51 0.773888
2013 07 02 04 54 52 0.780544
2013 07 02 04 54 53 0.787200
2013 07 02 04 54 54 0.793856
2013 07 02 04 54 55 0.800512
2013 07 02 04 54 56 0.807168
2013 07 02 04 54 57 0.813568
2013 07 02 04 54 58 0.820224
2013 07 02 04 54 59 0.826880
2013 07 02 04 55 00 0.833536
2013 07 02 04 55 01 0.840192
2013 07 02 04 55 02 0.846848
2013 07 02 04 55 03 0.853504
2013 07 02 04 55 04 0.860160
2013 07 02 04 55 05 0.866816
2013 07 02 04 55 06 0.873216
2013 07 02 04 55 07 0.879872
2013 07 02 04 55 08 0.886528
2013 07 02 04 55 09 0.893184
2013 07 02 04 55 10 0.899840
2013 07 02 04 55 11 0.906496
2013 07 02 04 55 12 0.913152
2013 07 02 04 55 13 0.919808
2013 07 02 04 55 14 0.926464
2013 07 02 04 55 15 0.932864
2013 07 02 04 55 16 0.939520
2013 07 02 04 55 17 0.946176
2013 07 02 04 55 18 0.701440
2013 07 02 04 55 19 0.708096
2013 07 02 04 55 20 0.714496
2013 07 02 04 55 21 0.721152
2013 07 02 04 55 22 0.727808
2013 07 02 04 55 23 0.734464
2013 07 02 04 55 24 0.741120
2013 07 02 04 55 25 0.747776
2013 07 02 04 55 26 0.754432
2013 07 02 04 55 27 0.761088
2013 07 02 04 55 28 0.767744
2013 07 02 04 55 29 0.774400
2013 07 02 04 55 30 0.781056
2013 07 02 04 55 31 0.787456
2013 07 02 04 55 32 0.794112
2013 07 02 04 55 33 0.800768
2013 07 02 04 55 34 0.807424
2013 07 02 04 55 35 0.814080
2013 07 02 04 55 36 0.820736
2013 07 02 04 55 37 0.827392
2013 07 02 04 55 38 0.833792
2013 07 02 04 55 39 0.840448
2013 07 02 04 55 40 0.847104
2013 07 02 04 55 41 0.853760
2013 07 02 04 55 42 0.860416
2013 07 02 04 55 43 0.867072
2013 07 02 04 55 44 0.873728
2013 07 02 04 55 45 0.880384
2013 07 02 04 55 46 0.887040
2013 07 02 04 55 47 0.893696
2013 07 02 04 55 48 0.900352
2013 07 02 04 55 49 0.906752
2013 07 02 04 55 50 0.913408
2013 07 02 04 55 51 0.920064
2013 07 02 04 55 52 0.926720
2013 07 02 04 55 53 0.933376
2013 07 02 04 55 54 0.940032
2013 07 02 04 55 55 0.946688
2013 07 02 04 55 56 0.953088
2013 07 02 04 55 57 0.959744
2013 07 02 04 55 58 0.966400
2013 07 02 04 55 59 0.973056
2013 07 02 04 56 00 0.979712
2013 07 02 04 56 01 0.986368
2013 07 02 04 56 02 0.993024
2013 07 02 04 56 03 0.999680
2013 07 02 04 56 05 0.006400
2013 07 02 04 56 06 0.012800
2013 07 02 04 56 07 0.019456
2013 07 02 04 56 08 0.026112
2013 07 02 04 56 09 0.032768
2013 07 02 04 56 10 0.039424
2013 07 02 04 56 11 0.046080
2013 07 02 04 56 12 0.052736
2013 07 02 04 56 13 0.059392
2013 07 02 04 56 14 0.065792
2013 07 02 04 56 14 0.820736
2013 07 02 04 56 15 0.576000
2013 07 02 04 56 16 0.582400
2013 07 02 04 56 17 0.589056
2013 07 02 04 56 18 0.595712
2013 07 02 04 56 19 0.602368
2013 07 02 04 56 20 0.609024
2013 07 02 04 56 21 0.615680
2013 07 02 04 56 22 0.622080
2013 07 02 04 56 23 0.628736
2013 07 02 04 56 24 0.635648
2013 07 02 04 56 25 0.642048
2013 07 02 04 56 26 0.648704
2013 07 02 04 56 27 0.655360
2013 07 02 04 56 28 0.662016
2013 07 02 04 56 29 0.668672
2013 07 02 04 56 30 0.675328
2013 07 02 04 56 31 0.681984
2013 07 02 04 56 32 0.688640
2013 07 02 04 56 33 0.695040
2013 07 02 04 56 34 0.701696
2013 07 02 04 56 35 0.708352
2013 07 02 04 56 36 0.715008
2013 07 02 04 56 37 0.721664
2013 07 02 04 56 38 0.728320
2013 07 02 04 56 39 0.734976
2013 07 02 04 56 40 0.741632
2013 07 02 04 56 41 0.748032
2013 07 02 04 56 42 0.754688
2013 07 02 04 56 43 0.509696
2013 07 02 04 56 44 0.516352
2013 07 02 04 56 45 0.523008
2013 07 02 04 56 46 0.529408
2013 07 02 04 56 47 0.536064
2013 07 02 04 56 48 0.291328
2013 07 02 04 56 49 0.297984
2013 07 02 04 56 50 0.304640
2013 07 02 04 56 51 0.311296
2013 07 02 04 56 52 0.317696
2013 07 02 04 56 53 0.324352
2013 07 02 04 56 54 0.331008
2013 07 02 04 56 55 0.337664
2013 07 02 04 56 56 0.344320
2013 07 02 04 56 57 0.350976
2013 07 02 04 56 58 0.357632
2013 07 02 04 56 59 0.364032
2013 07 02 04 57 00 0.370688
2013 07 02 04 57 01 0.377344
2013 07 02 04 57 02 0.384000
2013 07 02 04 57 03 0.390656
2013 07 02 04 57 04 0.397312
2013 07 02 04 57 05 0.403968
2013 07 02 04 57 06 0.410624
2013 07 02 04 57 07 0.417280
2013 07 02 04 57 08 0.423936
2013 07 02 04 57 09 0.430336
2013 07 02 04 57 10 0.436992
2013 07 02 04 57 11 0.443648
2013 07 02 04 57 12 0.450304
2013 07 02 04 57 13 0.456960
2013 07 02 04 57 14 0.463616
2013 07 02 04 57 15 0.470272
2013 07 02 04 57 16 0.476928
2013 07 02 04 57 17 0.483328
2013 07 02 04 57 18 0.489984
2013 07 02 04 57 19 0.496640
2013 07 02 04 57 20 0.503296
2013 07 02 04 57 21 0.509952
2013 07 02 04 57 22 0.516608
2013 07 02 04 57 23 0.523264
2013 07 02 04 57 24 0.529920
2013 07 02 04 57 25 0.536576
2013 07 02 04 57 26 0.543232
2013 07 02 04 57 27 0.549632
2013 07 02 04 57 28 0.556288
2013 07 02 04 57 29 0.562944
2013 07 02 04 57 30 0.569600
2013 07 02 04 57 31 0.576256
2013 07 02 04 57 32 0.582912
2013 07 02 04 57 33 0.589568
2013 07 02 04 57 34 0.596224
2013 07 02 04 57 35 0.602624
2013 07 02 04 57 36 0.609280
2013 07 02 04 57 37 0.615936
2013 07 02 04 57 38 0.622592
2013 07 02 04 57 39 0.629248
2013 07 02 04 57 40 0.635904
2013 07 02 04 57 41 0.642560
2013 07 02 04 57 42 0.649216
2013 07 02 04 57 43 0.655872
2013 07 02 04 57 44 0.662528
2013 07 02 04 57 45 0.669184
2013 07 02 04 57 46 0.675840
2013 07 02 04 57 47 0.682240
2013 07 02 04 57 48 0.688896
2013 07 02 04 57 49 0.695552
2013 07 02 04 57 50 0.702208
2013 07 02 04 57 51 0.708864
2013 07 02 04 57 52 0.715520
2013 07 02 04 57 53 0.722176
2013 07 02 04 57 54 0.728576
2013 07 02 04 57 55 0.735232
2013 07 02 04 57 56 0.741888
2013 07 02 04 57 57 0.748544
2013 07 02 04 57 58 0.755200
2013 07 02 04 57 59 0.761856
2013 07 02 04 58 00 0.768512
2013 07 02 04 58 01 0.775168
2013 07 02 04 58 02 0.781824
2013 07 02 04 58 03 0.788224
2013 07 02 04 58 04 0.795136
2013 07 02 04 58 05 0.801536
2013 07 02 04 58 06 0.808192
2013 07 02 04 58 07 0.814848
2013 07 02 04 58 08 0.821504
2013 07 02 04 58 09 0.828160
2013 07 02 04 58 10 0.834816
2013 07 02 04 58 11 0.841472
2013 07 02 04 58 12 0.848128
2013 07 02 04 58 13 0.854784
2013 07 02 04 58 14 0.861184
2013 07 02 04 58 15 0.867840
2013 07 02 04 58 16 0.874496
2013 07 02 04 58 17 0.881152
2013 07 02 04 58 18 0.887808
2013 07 02 04 58 19 0.894464
2013 07 02 04 58 20 0.901120
2013 07 02 04 58 21 0.907520
2013 07 02 04 58 22 0.914176
2013 07 02 04 58 23 0.920832
2013 07 02 04 58 24 0.927488
2013 07 02 04 58 25 0.934144
2013 07 02 04 58 26 0.940800
2013 07 02 04 58 27 0.947456
2013 07 02 04 58 28 0.954112
2013 07 02 04 58 29 0.960768
2013 07 02 04 58 30 0.967424
2013 07 02 04 58 31 0.974080
2013 07 02 04 58 32 0.980480
2013 07 02 04 58 33 0.987136
2013 07 02 04 58 34 0.993792
2013 07 02 04 58 36 0.000512
2013 07 02 04 58 37 0.007168
2013 07 02 04 58 38 0.013824
2013 07 02 04 58 39 0.020224
2013 07 02 04 58 40 0.026880
2013 07 02 04 58 41 0.033536
2013 07 02 04 58 42 0.040192
2013 07 02 04 58 43 0.046848
2013 07 02 04 58 44 0.053504
2013 07 02 04 58 45 0.060160
2013 07 02 04 58 46 0.066816
2013 07 02 04 58 47 0.073472
2013 07 02 04 58 48 0.080128
2013 07 02 04 58 49 0.086784
2013 07 02 04 58 50 0.093184
2013 07 02 04 58 51 0.099840
2013 07 02 04 58 52 0.106496
2013 07 02 04 58 52 0.861440
2013 07 02 04 58 53 0.867840
2013 07 02 04 58 54 0.874496
2013 07 02 04 58 55 0.881152
2013 07 02 04 58 56 0.887808
2013 07 02 04 58 57 0.894464
2013 07 02 04 58 58 0.901120
2013 07 02 04 58 59 0.907776
2013 07 02 04 59 00 0.914432
2013 07 02 04 59 01 0.669440
2013 07 02 04 59 02 0.676096
2013 07 02 04 59 03 0.682752
2013 07 02 04 59 04 0.689408
2013 07 02 04 59 05 0.696064
2013 07 02 04 59 06 0.702720
2013 07 02 04 59 07 0.709376
2013 07 02 04 59 08 0.715776
2013 07 02 04 59 09 0.722432
2013 07 02 04 59 10 0.729088
2013 07 02 04 59 11 0.735744
2013 07 02 04 59 12 0.742400
2013 07 02 04 59 13 0.749056
2013 07 02 04 59 14 0.755712
2013 07 02 04 59 15 0.762368
2013 07 02 04 59 16 0.768768
2013 07 02 04 59 17 0.775424
2013 07 02 04 59 18 0.782080
2013 07 02 04 59 19 0.788736
2013 07 02 04 59 20 0.795392
2013 07 02 04 59 21 0.802048
2013 07 02 04 59 22 0.808704
2013 07 02 04 59 23 0.815360
2013 07 02 04 59 24 0.822016
2013 07 02 04 59 25 0.828672
2013 07 02 04 59 26 0.835328
2013 07 02 04 59 27 0.841728
2013 07 02 04 59 28 0.848384
2013 07 02 04 59 29 0.855040
2013 07 02 04 59 30 0.861696
2013 07 02 04 59 31 0.868352
2013 07 02 04 59 32 0.875008
2013 07 02 04 59 33 0.881664
2013 07 02 04 59 34 0.888064
2013 07 02 04 59 35 0.894720
2013 07 02 04 59 36 0.901376
2013 07 02 04 59 37 0.908032
2013 07 02 04 59 38 0.914688
2013 07 02 04 59 39 0.921344
2013 07 02 04 59 40 0.928000
2013 07 02 04 59 41 0.934656
2013 07 02 04 59 42 0.941312
2013 07 02 04 59 43 0.947968
2013 07 02 04 59 44 0.954624
2013 07 02 04 59 45 0.961024
2013 07 02 04 59 46 0.967680
2013 07 02 04 59 47 0.974336
2013 07 02 04 59 48 0.980992
2013 07 02 04 59 49 0.987648
2013 07 02 04 59 50 0.994304
2013 07 02 04 59 52 0.001024
2013 07 02 04 59 53 0.007680
2013 07 02 04 59 54 0.014080
2013 07 02 04 59 55 0.020736
2013 07 02 04 59 56 0.027392
2013 07 02 04 59 57 0.034048
2013 07 02 04 59 58 0.040704
2013 07 02 04 59 59 0.047360
2013 07 02 05 00 00 0.054016
2013 07 02 05 00 01 0.060416
2013 07 02 05 00 01 0.815360
2013 07 02 05 00 02 0.822016
2013 07 02 05 00 03 0.828672
2013 07 02 05 00 04 0.835328
2013 07 02 05 00 05 0.841984
2013 07 02 05 00 06 0.848384
2013 07 02 05 00 07 0.855040
2013 07 02 05 00 08 0.861696
2013 07 02 05 00 09 0.868352
2013 07 02 05 00 10 0.875008
2013 07 02 05 00 11 0.881664
2013 07 02 05 00 12 0.888320
2013 07 02 05 00 13 0.894976
2013 07 02 05 00 15 0.153344
2013 07 02 05 00 16 0.160000
2013 07 02 05 00 17 0.166656
2013 07 02 05 00 18 0.424704
2013 07 02 05 00 19 0.431360
2013 07 02 05 00 20 0.438016
2013 07 02 05 00 21 0.444672
2013 07 02 05 00 22 0.451328
2013 07 02 05 00 23 0.709632
2013 07 02 05 00 24 0.716288
2013 07 02 05 00 25 0.722944
2013 07 02 05 00 26 0.729600
2013 07 02 05 00 27 0.736256
2013 07 02 05 00 28 0.742912
2013 07 02 05 00 29 0.749568
2013 07 02 05 00 30 0.756224
2013 07 02 05 00 31 0.762624
2013 07 02 05 00 32 0.769280
2013 07 02 05 00 33 0.775936
2013 07 02 05 00 34 0.782592
2013 07 02 05 00 35 0.789248
2013 07 02 05 00 36 0.795904
2013 07 02 05 00 37 0.802560
2013 07 02 05 00 38 0.809216
2013 07 02 05 00 39 0.815616
2013 07 02 05 00 40 0.822272
2013 07 02 05 00 41 0.828928
2013 07 02 05 00 42 0.835584
2013 07 02 05 00 43 0.842240
2013 07 02 05 00 44 0.848896
2013 07 02 05 00 45 0.855552
2013 07 02 05 00 46 0.862208
2013 07 02 05 00 47 0.868864
2013 07 02 05 00 48 0.875520
2013 07 02 05 00 49 0.630272
2013 07 02 05 00 50 0.636928
2013 07 02 05 00 51 0.643584
2013 07 02 05 00 52 0.649984
2013 07 02 05 00 53 0.656640
2013 07 02 05 00 54 0.663296
2013 07 02 05 00 55 0.669952
2013 07 02 05 00 56 0.676608
2013 07 02 05 00 57 0.683264
2013 07 02 05 00 58 0.689920
2013 07 02 05 00 59 0.696576
2013 07 02 05 01 00 0.703232
2013 07 02 05 01 01 0.709632
2013 07 02 05 01 02 0.716288
2013 07 02 05 01 03 0.722944
2013 07 02 05 01 04 0.729600
2013 07 02 05 01 05 0.736256
2013 07 02 05 01 06 0.742912
2013 07 02 05 01 07 0.749568
2013 07 02 05 01 08 0.756224
2013 07 02 05 01 09 0.762880
2013 07 02 05 01 10 0.769280
2013 07 02 05 01 11 0.775936
2013 07 02 05 01 12 0.782592
2013 07 02 05 01 13 0.789248
2013 07 02 05 01 14 0.795904
2013 07 02 05 01 15 0.802560
2013 07 02 05 01 16 0.809216
2013 07 02 05 01 17 0.815872
2013 07 02 05 01 18 0.822528
2013 07 02 05 01 19 0.828928
2013 07 02 05 01 20 0.835584
2013 07 02 05 01 21 0.842240
2013 07 02 05 01 22 0.848896
2013 07 02 05 01 23 0.855552
2013 07 02 05 01 24 0.862208
2013 07 02 05 01 25 0.868864
2013 07 02 05 01 26 0.875520
2013 07 02 05 01 27 0.882176
2013 07 02 05 01 28 0.888576
2013 07 02 05 01 29 0.895232
2013 07 02 05 01 30 0.901888
2013 07 02 05 01 31 0.908544
2013 07 02 05 01 32 0.915200
2013 07 02 05 01 33 0.921856
2013 07 02 05 01 34 0.928512
2013 07 02 05 01 35 0.935168
2013 07 02 05 01 36 0.941824
2013 07 02 05 01 37 0.948224
2013 07 02 05 01 38 0.954880
2013 07 02 05 01 39 0.961536
2013 07 02 05 01 40 0.968192
2013 07 02 05 01 41 0.974848
2013 07 02 05 01 42 0.981504
2013 07 02 05 01 43 0.988160
2013 07 02 05 01 44 0.994816
2013 07 02 05 01 46 0.001280
2013 07 02 05 01 47 0.007936
2013 07 02 05 01 48 0.014592
2013 07 02 05 01 49 0.021248
2013 07 02 05 01 50 0.027904
2013 07 02 05 01 51 0.034560
2013 07 02 05 01 52 0.041216
2013 07 02 05 01 53 0.047616
2013 07 02 05 01 54 0.054272
2013 07 02 05 01 55 0.060928
2013 07 02 05 01 56 0.067584
2013 07 02 05 01 57 0.074240
2013 07 02 05 01 58 0.080896
2013 07 02 05 01 59 0.087552
2013 07 02 05 02 00 0.094208
2013 07 02 05 02 01 0.100864
2013 07 02 05 02 02 0.107520
2013 07 02 05 02 03 0.113920
2013 07 02 05 02 04 0.120576
2013 07 02 05 02 05 0.127232
2013 07 02 05 02 06 0.133888
2013 07 02 05 02 07 0.140544
2013 07 02 05 02 08 0.147200
2013 07 02 05 02 09 0.153856
2013 07 02 05 02 10 0.160512
2013 07 02 05 02 11 0.166912
2013 07 02 05 02 12 0.173568
2013 07 02 05 02 13 0.180224
2013 07 02 05 02 14 0.186880
2013 07 02 05 02 15 0.193536
2013 07 02 05 02 16 0.200192
2013 07 02 05 02 17 0.206848
2013 07 02 05 02 18 0.213504
2013 07 02 05 02 19 0.220160
2013 07 02 05 02 20 0.226560
2013 07 02 05 02 21 0.233216
2013 07 02 05 02 22 0.239872
2013 07 02 05 02 23 0.246528
2013 07 02 05 02 24 0.253184
2013 07 02 05 02 25 0.259840
2013 07 02 05 02 26 0.266496
2013 07 02 05 02 27 0.273152
2013 07 02 05 02 28 0.279808
2013 07 02 05 02 29 0.286208
2013 07 02 05 02 30 0.292864
2013 07 02 05 02 31 0.299520
2013 07 02 05 02 32 0.306176
2013 07 02 05 02 33 0.312832
2013 07 02 05 02 34 0.319488
2013 07 02 05 02 35 0.326144
2013 07 02 05 02 36 0.332800
2013 07 02 05 02 37 0.339456
2013 07 02 05 02 38 0.345856
2013 07 02 05 02 39 0.352512
2013 07 02 05 02 40 0.359168
2013 07 02 05 02 41 0.365824
2013 07 02 05 02 42 0.372480
2013 07 02 05 02 43 0.379136
2013 07 02 05 02 44 0.385792
2013 07 02 05 02 45 0.392448
2013 07 02 05 02 46 0.399104
2013 07 02 05 02 47 0.405504
2013 07 02 05 02 48 0.412160
2013 07 02 05 02 49 0.418816
2013 07 02 05 02 50 0.425472
2013 07 02 05 02 51 0.432128
2013 07 02 05 02 52 0.438784
2013 07 02 05 02 53 0.445440
2013 07 02 05 02 54 0.452096
2013 07 02 05 02 55 0.458752
2013 07 02 05 02 56 0.465152
2013 07 02 05 02 57 0.471808
2013 07 02 05 02 58 0.478464
2013 07 02 05 02 59 0.485120
2013 07 02 05 03 00 0.491776
2013 07 02 05 03 01 0.498432
2013 07 02 05 03 02 0.505088
2013 07 02 05 03 03 0.511744
2013 07 02 05 03 04 0.518400
2013 07 02 05 03 05 0.524800
2013 07 02 05 03 06 0.531456
2013 07 02 05 03 07 0.538112
2013 07 02 05 03 08 0.544768
2013 07 02 05 03 09 0.551424
2013 07 02 05 03 10 0.558080
2013 07 02 05 03 11 0.564736
2013 07 02 05 03 12 0.571392
2013 07 02 05 03 13 0.578048
2013 07 02 05 03 14 0.584448
2013 07 02 05 03 15 0.591104
2013 07 02 05 03 16 0.597760
2013 07 02 05 03 17 0.604416
2013 07 02 05 03 18 0.611072
2013 07 02 05 03 19 0.617728
2013 07 02 05 03 20 0.624384
2013 07 02 05 03 21 0.631040
2013 07 02 05 03 22 0.637696
2013 07 02 05 03 23 0.392704
2013 07 02 05 03 24 0.399360
2013 07 02 05 03 25 0.406016
2013 07 02 05 03 26 0.412672
2013 07 02 05 03 27 0.419328
2013 07 02 05 03 28 0.425984
2013 07 02 05 03 29 0.432640
2013 07 02 05 03 30 0.439040
2013 07 02 05 03 31 0.445696
2013 07 02 05 03 32 0.200448
2013 07 02 05 03 33 0.207104
2013 07 02 05 03 34 0.213760
2013 07 02 05 03 35 0.220416
2013 07 02 05 03 36 0.227072
2013 07 02 05 03 37 0.233728
2013 07 02 05 03 38 0.240384
2013 07 02 05 03 39 0.247040
2013 07 02 05 03 40 0.253696
2013 07 02 05 03 41 0.260096
2013 07 02 05 03 42 0.266752
2013 07 02 05 03 43 0.273408
2013 07 02 05 03 44 0.280064
2013 07 02 05 03 45 0.286720
2013 07 02 05 03 46 0.293376
2013 07 02 05 03 47 0.300032
2013 07 02 05 03 48 0.306688
2013 07 02 05 03 49 0.313088
2013 07 02 05 03 50 0.319744
2013 07 02 05 03 51 0.326400
2013 07 02 05 03 52 0.333056
2013 07 02 05 03 53 0.339712
2013 07 02 05 03 54 0.346368
2013 07 02 05 03 55 0.353024
2013 07 02 05 03 56 0.359680
2013 07 02 05 03 57 0.366336
2013 07 02 05 03 58 0.372736
2013 07 02 05 03 59 0.379392
2013 07 02 05 04 00 0.386048
2013 07 02 05 04 01 0.392704
2013 07 02 05 04 02 0.399360
2013 07 02 05 04 03 0.406016
2013 07 02 05 04 04 0.412672
2013 07 02 05 04 05 0.419328
2013 07 02 05 04 06 0.425984
2013 07 02 05 04 07 0.432384
2013 07 02 05 04 08 0.439040
2013 07 02 05 04 09 0.445696
2013 07 02 05 04 10 0.452352
2013 07 02 05 04 11 0.459008
2013 07 02 05 04 12 0.465664
2013 07 02 05 04 13 0.472320
2013 07 02 05 04 14 0.478976
2013 07 02 05 04 15 0.485632
2013 07 02 05 04 16 0.492032
2013 07 02 05 04 17 0.498688
2013 07 02 05 04 18 0.505344
2013 07 02 05 04 19 0.512000
2013 07 02 05 04 20 0.518656
2013 07 02 05 04 21 0.525312
2013 07 02 05 04 22 0.531968
2013 07 02 05 04 23 0.538624
2013 07 02 05 04 24 0.545280
2013 07 02 05 04 25 0.551680
2013 07 02 05 04 26 0.558336
2013 07 02 05 04 27 0.564992
2013 07 02 05 04 28 0.571648
2013 07 02 05 04 29 0.578304
2013 07 02 05 04 30 0.584960
2013 07 02 05 04 31 0.591616
2013 07 02 05 04 32 0.598272
2013 07 02 05 04 33 0.604928
2013 07 02 05 04 34 0.611328
2013 07 02 05 04 35 0.617984
2013 07 02 05 04 36 0.624640
2013 07 02 05 04 37 0.631296
2013 07 02 05 04 38 0.637952
2013 07 02 05 04 39 0.644608
2013 07 02 05 04 40 0.651264
2013 07 02 05 04 41 0.657920
2013 07 02 05 04 42 0.664576
2013 07 02 05 04 43 0.670976
2013 07 02 05 04 44 0.677632
2013 07 02 05 04 45 0.684288
2013 07 02 05 04 46 0.690944
2013 07 02 05 04 47 0.697600
2013 07 02 05 04 48 0.704256
2013 07 02 05 04 49 0.710912
2013 07 02 05 04 50 0.465920
2013 07 02 05 04 51 0.472576
2013 07 02 05 04 52 0.479232
2013 07 02 05 04 53 0.485888
2013 07 02 05 04 54 0.492544
2013 07 02 05 04 55 0.499200
2013 07 02 05 04 56 0.505856
2013 07 02 05 04 57 0.512256
2013 07 02 05 04 58 0.518912
2013 07 02 05 04 59 0.525568
2013 07 02 05 05 00 0.532224
2013 07 02 05 05 01 0.538880
2013 07 02 05 05 02 0.545536
2013 07 02 05 05 03 0.552192
2013 07 02 05 05 04 0.558848
2013 07 02 05 05 05 0.565504
2013 07 02 05 05 06 0.572160
2013 07 02 05 05 07 0.578816
2013 07 02 05 05 08 0.585216
2013 07 02 05 05 09 0.591872
2013 07 02 05 05 10 0.598528
2013 07 02 05 05 11 0.605184
2013 07 02 05 05 12 0.611840
2013 07 02 05 05 13 0.618496
2013 07 02 05 05 14 0.625152
2013 07 02 05 05 15 0.631552
2013 07 02 05 05 16 0.638208
2013 07 02 05 05 17 0.644864
2013 07 02 05 05 18 0.651520
2013 07 02 05 05 19 0.406272
2013 07 02 05 05 20 0.412928
2013 07 02 05 05 21 0.419584
2013 07 02 05 05 22 0.174848
2013 07 02 05 05 23 0.181248
2013 07 02 05 05 24 0.187904
2013 07 02 05 05 24 0.942848
2013 07 02 05 05 25 0.949504
2013 07 02 05 05 26 0.956160
2013 07 02 05 05 27 0.962816
2013 07 02 05 05 28 0.969472
2013 07 02 05 05 29 0.975872
2013 07 02 05 05 30 0.982528
2013 07 02 05 05 31 0.989184
2013 07 02 05 05 32 0.995840
2013 07 02 05 05 34 0.002560
2013 07 02 05 05 35 0.009216
2013 07 02 05 05 35 0.764160
2013 07 02 05 05 36 0.770816
2013 07 02 05 05 37 0.777472
2013 07 02 05 05 38 0.784128
2013 07 02 05 05 39 0.790784
2013 07 02 05 05 40 0.797440
2013 07 02 05 05 41 0.804096
2013 07 02 05 05 42 0.810496
2013 07 02 05 05 43 0.817152
2013 07 02 05 05 44 0.824064
2013 07 02 05 05 45 0.830464
2013 07 02 05 05 46 0.585216
2013 07 02 05 05 47 0.591872
2013 07 02 05 05 48 0.598528
2013 07 02 05 05 49 0.605184
2013 07 02 05 05 50 0.611840
2013 07 02 05 05 51 0.618496
2013 07 02 05 05 52 0.625152
2013 07 02 05 05 53 0.631808
2013 07 02 05 05 54 0.638464
2013 07 02 05 05 55 0.644864
2013 07 02 05 05 56 0.651520
2013 07 02 05 05 57 0.658176
2013 07 02 05 05 58 0.664832
2013 07 02 05 05 59 0.671488
2013 07 02 05 06 00 0.678144
2013 07 02 05 06 01 0.684800
2013 07 02 05 06 02 0.691456
2013 07 02 05 06 03 0.698112
2013 07 02 05 06 04 0.704768
2013 07 02 05 06 05 0.711168
2013 07 02 05 06 06 0.717824
2013 07 02 05 06 07 0.724480
2013 07 02 05 06 08 0.731136
2013 07 02 05 06 09 0.737792
2013 07 02 05 06 10 0.493056
2013 07 02 05 06 11 0.499456
2013 07 02 05 06 12 0.506112
2013 07 02 05 06 13 0.512768
2013 07 02 05 06 14 0.519424
2013 07 02 05 06 15 0.526080
2013 07 02 05 06 16 0.532736
2013 07 02 05 06 17 0.539392
2013 07 02 05 06 18 0.545792
2013 07 02 05 06 19 0.552448
2013 07 02 05 06 20 0.559104
2013 07 02 05 06 21 0.565760
2013 07 02 05 06 22 0.572416
2013 07 02 05 06 23 0.579072
2013 07 02 05 06 24 0.585728
2013 07 02 05 06 25 0.592384
2013 07 02 05 06 26 0.599040
2013 07 02 05 06 27 0.605696
2013 07 02 05 06 28 0.612352
2013 07 02 05 06 29 0.870400
2013 07 02 05 06 30 0.877056
2013 07 02 05 06 31 0.883712
2013 07 02 05 06 32 0.890112
2013 07 02 05 06 33 0.896768
2013 07 02 05 06 34 0.903424
2013 07 02 05 06 35 0.910080
2013 07 02 05 06 36 0.916736
2013 07 02 05 06 37 0.923392
2013 07 02 05 06 38 0.930048
2013 07 02 05 06 39 0.936704
2013 07 02 05 06 40 0.943360
2013 07 02 05 06 41 0.949760
2013 07 02 05 06 42 0.956416
2013 07 02 05 06 43 0.963072
2013 07 02 05 06 44 0.969728
2013 07 02 05 06 45 0.976384
2013 07 02 05 06 46 0.983040
2013 07 02 05 06 47 0.989696
2013 07 02 05 06 48 0.996352
2013 07 02 05 06 50 0.002816
2013 07 02 05 06 51 0.009472
2013 07 02 05 06 52 0.016128
2013 07 02 05 06 53 0.022784
2013 07 02 05 06 54 0.029440
2013 07 02 05 06 55 0.036096
2013 07 02 05 06 56 0.042752
2013 07 02 05 06 57 0.049408
2013 07 02 05 06 58 0.055808
2013 07 02 05 06 59 0.062464
2013 07 02 05 07 00 0.069120
2013 07 02 05 07 01 0.075776
2013 07 02 05 07 02 0.082432
2013 07 02 05 07 03 0.089088
2013 07 02 05 07 04 0.095744
2013 07 02 05 07 05 0.102400
2013 07 02 05 07 06 0.109056
2013 07 02 05 07 07 0.115712
2013 07 02 05 07 08 0.122112
2013 07 02 05 07 09 0.128768
2013 07 02 05 07 10 0.135424
2013 07 02 05 07 11 0.142080
2013 07 02 05 07 12 0.148736
2013 07 02 05 07 13 0.155392
2013 07 02 05 07 14 0.162048
2013 07 02 05 07 15 0.168704
2013 07 02 05 07 16 0.175104
2013 07 02 05 07 17 0.181760
2013 07 02 05 07 18 0.188416
2013 07 02 05 07 19 0.195072
2013 07 02 05 07 20 0.201728
2013 07 02 05 07 21 0.208384
2013 07 02 05 07 22 0.215040
2013 07 02 05 07 23 0.221696
2013 07 02 05 07 24 0.228352
2013 07 02 05 07 25 0.235008
2013 07 02 05 07 26 0.241408
2013 07 02 05 07 27 0.248064
2013 07 02 05 07 28 0.254720
2013 07 02 05 07 29 0.261376
2013 07 02 05 07 30 0.268032
2013 07 02 05 07 31 0.274688
2013 07 02 05 07 32 0.281344
2013 07 02 05 07 33 0.288000
2013 07 02 05 07 34 0.294656
2013 07 02 05 07 35 0.301312
2013 07 02 05 07 36 0.307712
2013 07 02 05 07 37 0.314368
2013 07 02 05 07 38 0.321024
2013 07 02 05 07 39 0.327680
2013 07 02 05 07 40 0.334336
2013 07 02 05 07 41 0.340992
2013 07 02 05 07 42 0.347648
2013 07 02 05 07 43 0.354304
2013 07 02 05 07 44 0.360704
2013 07 02 05 07 45 0.367360
2013 07 02 05 07 46 0.374016
2013 07 02 05 07 47 0.380672
2013 07 02 05 07 48 0.387328
2013 07 02 05 07 49 0.393984
2013 07 02 05 07 50 0.400640
2013 07 02 05 07 51 0.407296
2013 07 02 05 07 52 0.413952
2013 07 02 05 07 53 0.420352
2013 07 02 05 07 54 0.427008
2013 07 02 05 07 55 0.182272
2013 07 02 05 07 56 0.188928
2013 07 02 05 07 57 0.195584
2013 07 02 05 07 58 0.201984
2013 07 02 05 07 59 0.208640
2013 07 02 05 08 00 0.215296
2013 07 02 05 08 01 0.221952
2013 07 02 05 08 02 0.228608
2013 07 02 05 08 03 0.235264
2013 07 02 05 08 04 0.241920
2013 07 02 05 08 05 0.248576
2013 07 02 05 08 06 0.255232
2013 07 02 05 08 07 0.261888
2013 07 02 05 08 08 0.268544
2013 07 02 05 08 09 0.274944
2013 07 02 05 08 10 0.281600
2013 07 02 05 08 11 0.288256
2013 07 02 05 08 12 0.294912
2013 07 02 05 08 13 0.301568
2013 07 02 05 08 14 0.308224
2013 07 02 05 08 15 0.314880
2013 07 02 05 08 16 0.321280
2013 07 02 05 08 17 0.327936
2013 07 02 05 08 18 0.334592
2013 07 02 05 08 19 0.341248
2013 07 02 05 08 20 0.347904
2013 07 02 05 08 21 0.354560
2013 07 02 05 08 22 0.361216
2013 07 02 05 08 23 0.367872
2013 07 02 05 08 24 0.122624
2013 07 02 05 08 25 0.129280
2013 07 02 05 08 26 0.135936
2013 07 02 05 08 27 0.142592
2013 07 02 05 08 28 0.149248
2013 07 02 05 08 29 0.155904
2013 07 02 05 08 30 0.162304
2013 07 02 05 08 31 0.168960
2013 07 02 05 08 32 0.175616
2013 07 02 05 08 33 0.182272
2013 07 02 05 08 34 0.188928
2013 07 02 05 08 35 0.195584
2013 07 02 05 08 36 0.202240
2013 07 02 05 08 37 0.208896
2013 07 02 05 08 38 0.215552
2013 07 02 05 08 39 0.221952
2013 07 02 05 08 40 0.228608
2013 07 02 05 08 41 0.235264
2013 07 02 05 08 42 0.241920
2013 07 02 05 08 43 0.248576
2013 07 02 05 08 44 0.255232
2013 07 02 05 08 45 0.010496
2013 07 02 05 08 46 0.016896
2013 07 02 05 08 47 0.023552
2013 07 02 05 08 48 0.030208
2013 07 02 05 08 49 0.036864
2013 07 02 05 08 50 0.043520
2013 07 02 05 08 51 0.050176
2013 07 02 05 08 52 0.056832
2013 07 02 05 08 53 0.063488
2013 07 02 05 08 53 0.818176
2013 07 02 05 08 54 0.824832
2013 07 02 05 08 55 0.831488
2013 07 02 05 08 56 0.838144
2013 07 02 05 08 57 0.844800
2013 07 02 05 08 58 0.851200
2013 07 02 05 08 59 0.857856
2013 07 02 05 09 00 0.864512
2013 07 02 05 09 01 0.871168
2013 07 02 05 09 02 0.877824
2013 07 02 05 09 03 0.884480
2013 07 02 05 09 04 0.891136
2013 07 02 05 09 05 0.897792
2013 07 02 05 09 06 0.904448
2013 07 02 05 09 07 0.910848
2013 07 02 05 09 08 0.917504
2013 07 02 05 09 09 0.924160
2013 07 02 05 09 10 0.930816
2013 07 02 05 09 11 0.937472
2013 07 02 05 09 12 0.944128
2013 07 02 05 09 13 0.950784
2013 07 02 05 09 14 0.957440
2013 07 02 05 09 15 0.964096
2013 07 02 05 09 16 0.970496
2013 07 02 05 09 17 0.977152
2013 07 02 05 09 18 0.983808
2013 07 02 05 09 19 0.990464
2013 07 02 05 09 20 0.997120
2013 07 02 05 09 22 0.003840
2013 07 02 05 09 23 0.010496
2013 07 02 05 09 24 0.016896
2013 07 02 05 09 25 0.023552
2013 07 02 05 09 26 0.030208
2013 07 02 05 09 27 0.036864
2013 07 02 05 09 28 0.043520
2013 07 02 05 09 29 0.050176
2013 07 02 05 09 30 0.056832
2013 07 02 05 09 31 0.063488
2013 07 02 05 09 32 0.070144
2013 07 02 05 09 33 0.076800
2013 07 02 05 09 34 0.083200
2013 07 02 05 09 35 0.089856
2013 07 02 05 09 36 0.096512
2013 07 02 05 09 37 0.103168
2013 07 02 05 09 38 0.109824
2013 07 02 05 09 39 0.116480
2013 07 02 05 09 40 0.123136
2013 07 02 05 09 41 0.129536
2013 07 02 05 09 42 0.136192
2013 07 02 05 09 43 0.142848
2013 07 02 05 09 44 0.149504
2013 07 02 05 09 45 0.156160
2013 07 02 05 09 46 0.162816
2013 07 02 05 09 47 0.169472
2013 07 02 05 09 48 0.176128
2013 07 02 05 09 49 0.182528
2013 07 02 05 09 50 0.189184
2013 07 02 05 09 51 0.195840
2013 07 02 05 09 52 0.202496
2013 07 02 05 09 53 0.209152
2013 07 02 05 09 54 0.215808
2013 07 02 05 09 55 0.222464
2013 07 02 05 09 56 0.228864
2013 07 02 05 09 57 0.235520
2013 07 02 05 09 58 0.242176
2013 07 02 05 09 59 0.248832
