2013 07 02 04 30 01 0.456448
2013 07 02 04 30 02 0.463104
2013 07 02 04 30 03 0.469760
2013 07 02 04 30 04 0.476160
2013 07 02 04 30 05 0.482816
2013 07 02 04 30 06 0.489472
2013 07 02 04 30 07 0.496128
2013 07 02 04 30 08 0.502784
2013 07 02 04 30 09 0.509440
2013 07 02 04 30 10 0.516096
2013 07 02 04 30 11 0.522752
2013 07 02 04 30 12 0.529408
2013 07 02 04 30 13 0.536064
2013 07 02 04 30 14 0.542720
2013 07 02 04 30 15 0.549376
2013 07 02 04 30 16 0.555776
2013 07 02 04 30 17 0.562432
2013 07 02 04 30 18 0.569088
2013 07 02 04 30 19 0.575744
2013 07 02 04 30 20 0.582400
2013 07 02 04 30 21 0.589056
2013 07 02 04 30 22 0.595712
2013 07 02 04 30 23 0.602368
2013 07 02 04 30 24 0.609024
2013 07 02 04 30 25 0.615680
2013 07 02 04 30 26 0.622080
2013 07 02 04 30 27 0.628736
2013 07 02 04 30 28 0.635392
2013 07 02 04 30 29 0.642048
2013 07 02 04 30 30 0.648704
2013 07 02 04 30 31 0.655360
2013 07 02 04 30 32 0.662016
2013 07 02 04 30 33 0.668672
2013 07 02 04 30 34 0.675328
2013 07 02 04 30 35 0.681984
2013 07 02 04 30 36 0.688640
2013 07 02 04 30 37 0.695296
2013 07 02 04 30 38 0.701696
2013 07 02 04 30 39 0.708352
2013 07 02 04 30 40 0.715008
2013 07 02 04 30 41 0.721664
2013 07 02 04 30 42 0.728320
2013 07 02 04 30 43 0.734976
2013 07 02 04 30 44 0.741632
2013 07 02 04 30 45 0.748288
2013 07 02 04 30 46 0.754944
2013 07 02 04 30 47 0.761600
2013 07 02 04 30 48 0.768000
2013 07 02 04 30 49 0.774656
2013 07 02 04 30 50 0.781312
2013 07 02 04 30 51 0.787968
2013 07 02 04 30 52 0.794624
2013 07 02 04 30 53 0.801280
2013 07 02 04 30 54 0.807936
2013 07 02 04 30 55 0.814592
2013 07 02 04 30 56 0.821248
2013 07 02 04 30 57 0.827904
2013 07 02 04 30 58 0.834560
2013 07 02 04 30 59 0.841216
2013 07 02 04 31 00 0.847616
2013 07 02 04 31 01 0.854272
2013 07 02 04 31 02 0.860928
2013 07 02 04 31 03 0.867584
2013 07 02 04 31 04 0.874240
2013 07 02 04 31 05 0.880896
2013 07 02 04 31 06 0.887552
2013 07 02 04 31 07 0.894208
2013 07 02 04 31 08 0.900864
2013 07 02 04 31 09 0.907520
2013 07 02 04 31 10 0.914176
2013 07 02 04 31 11 0.920576
2013 07 02 04 31 12 0.927232
2013 07 02 04 31 13 0.933888
2013 07 02 04 31 14 0.940544
2013 07 02 04 31 15 0.947200
2013 07 02 04 31 16 0.953856
2013 07 02 04 31 17 0.960512
2013 07 02 04 31 18 0.967168
2013 07 02 04 31 19 0.973824
2013 07 02 04 31 20 0.980480
2013 07 02 04 31 21 0.987136
2013 07 02 04 31 22 0.993536
2013 07 02 04 31 24 0.000256
2013 07 02 04 31 25 0.006912
2013 07 02 04 31 26 0.013568
2013 07 02 04 31 27 0.020224
2013 07 02 04 31 28 0.026880
2013 07 02 04 31 29 0.033536
2013 07 02 04 31 30 0.040192
2013 07 02 04 31 31 0.046848
2013 07 02 04 31 32 0.053248
2013 07 02 04 31 33 0.059904
2013 07 02 04 31 34 0.066560
2013 07 02 04 31 35 0.073216
2013 07 02 04 31 36 0.079872
2013 07 02 04 31 37 0.086528
2013 07 02 04 31 38 0.093184
2013 07 02 04 31 39 0.099840
2013 07 02 04 31 40 0.106496
2013 07 02 04 31 41 0.113152
2013 07 02 04 31 42 0.119808
2013 07 02 04 31 43 0.126208
2013 07 02 04 31 44 0.132864
2013 07 02 04 31 45 0.139520
2013 07 02 04 31 46 0.146176
2013 07 02 04 31 47 0.152832
2013 07 02 04 31 48 0.159488
2013 07 02 04 31 49 0.166144
2013 07 02 04 31 50 0.172800
2013 07 02 04 31 51 0.179456
2013 07 02 04 31 52 0.186112
2013 07 02 04 31 53 0.192768
2013 07 02 04 31 54 0.199168
2013 07 02 04 31 55 0.205824
2013 07 02 04 31 56 0.212480
2013 07 02 04 31 57 0.219136
2013 07 02 04 31 58 0.225792
2013 07 02 04 31 59 0.232448
2013 07 02 04 32 00 0.239104
2013 07 02 04 32 01 0.245760
2013 07 02 04 32 02 0.252416
2013 07 02 04 32 03 0.259072
2013 07 02 04 32 04 0.265728
2013 07 02 04 32 05 0.272128
2013 07 02 04 32 06 0.278784
2013 07 02 04 32 07 0.285440
2013 07 02 04 32 08 0.292096
2013 07 02 04 32 09 0.298752
2013 07 02 04 32 10 0.305408
2013 07 02 04 32 11 0.312064
2013 07 02 04 32 12 0.318720
2013 07 02 04 32 13 0.325376
2013 07 02 04 32 14 0.332032
2013 07 02 04 32 15 0.338688
2013 07 02 04 32 16 0.345088
2013 07 02 04 32 17 0.603648
2013 07 02 04 32 18 0.610304
2013 07 02 04 32 19 0.616960
2013 07 02 04 32 20 0.623616
2013 07 02 04 32 21 0.630272
2013 07 02 04 32 22 0.636928
2013 07 02 04 32 23 0.643584
2013 07 02 04 32 24 0.398336
2013 07 02 04 32 25 0.404992
2013 07 02 04 32 26 0.411648
2013 07 02 04 32 27 0.418048
2013 07 02 04 32 28 0.173312
2013 07 02 04 32 29 0.179968
2013 07 02 04 32 30 0.186624
2013 07 02 04 32 31 0.193280
2013 07 02 04 32 32 0.199936
2013 07 02 04 32 32 0.954624
2013 07 02 04 32 33 0.961280
2013 07 02 04 32 34 0.967936
2013 07 02 04 32 35 0.974592
2013 07 02 04 32 36 0.981248
2013 07 02 04 32 37 0.987904
2013 07 02 04 32 38 0.994304
2013 07 02 04 32 40 0.001024
2013 07 02 04 32 41 0.007680
2013 07 02 04 32 42 0.014336
2013 07 02 04 32 43 0.020992
2013 07 02 04 32 44 0.027648
2013 07 02 04 32 45 0.034304
2013 07 02 04 32 46 0.040960
2013 07 02 04 32 47 0.047616
2013 07 02 04 32 48 0.054272
2013 07 02 04 32 49 0.060672
2013 07 02 04 32 50 0.067328
2013 07 02 04 32 51 0.073984
2013 07 02 04 32 52 0.080640
2013 07 02 04 32 53 0.087296
2013 07 02 04 32 54 0.093952
2013 07 02 04 32 55 0.100608
2013 07 02 04 32 56 0.107264
2013 07 02 04 32 57 0.113920
2013 07 02 04 32 58 0.120576
2013 07 02 04 32 59 0.126976
2013 07 02 04 33 00 0.133632
2013 07 02 04 33 01 0.140288
2013 07 02 04 33 02 0.146944
2013 07 02 04 33 03 0.153600
2013 07 02 04 33 04 0.160256
2013 07 02 04 33 05 0.166912
2013 07 02 04 33 06 0.173568
2013 07 02 04 33 07 0.180224
2013 07 02 04 33 08 0.186880
2013 07 02 04 33 09 0.193536
2013 07 02 04 33 10 0.199936
2013 07 02 04 33 11 0.206592
2013 07 02 04 33 12 0.213248
2013 07 02 04 33 13 0.219904
2013 07 02 04 33 14 0.226560
2013 07 02 04 33 15 0.233216
2013 07 02 04 33 16 0.239872
2013 07 02 04 33 17 0.246528
2013 07 02 04 33 18 0.253184
2013 07 02 04 33 19 0.259840
2013 07 02 04 33 20 0.266496
2013 07 02 04 33 21 0.273152
2013 07 02 04 33 22 0.279552
2013 07 02 04 33 23 0.286208
2013 07 02 04 33 24 0.292864
2013 07 02 04 33 25 0.299520
2013 07 02 04 33 26 0.306176
2013 07 02 04 33 27 0.312832
2013 07 02 04 33 28 0.319488
2013 07 02 04 33 29 0.326144
2013 07 02 04 33 30 0.332800
2013 07 02 04 33 31 0.339200
2013 07 02 04 33 32 0.345856
2013 07 02 04 33 33 0.352512
2013 07 02 04 33 34 0.359168
2013 07 02 04 33 35 0.365824
2013 07 02 04 33 36 0.372480
2013 07 02 04 33 37 0.379136
2013 07 02 04 33 38 0.385792
2013 07 02 04 33 39 0.392448
2013 07 02 04 33 40 0.399104
2013 07 02 04 33 41 0.405760
2013 07 02 04 33 42 0.412416
2013 07 02 04 33 43 0.418816
2013 07 02 04 33 44 0.425472
2013 07 02 04 33 45 0.432128
2013 07 02 04 33 46 0.438784
2013 07 02 04 33 47 0.445440
2013 07 02 04 33 48 0.452096
2013 07 02 04 33 49 0.458752
2013 07 02 04 33 50 0.465408
2013 07 02 04 33 51 0.723712
2013 07 02 04 33 52 0.730368
2013 07 02 04 33 53 0.737024
2013 07 02 04 33 54 0.743680
2013 07 02 04 33 55 0.750336
2013 07 02 04 33 56 0.756992
2013 07 02 04 33 57 0.763648
2013 07 02 04 33 58 0.770304
2013 07 02 04 33 59 0.776960
2013 07 02 04 34 00 0.783616
2013 07 02 04 34 01 0.790272
2013 07 02 04 34 02 0.796672
2013 07 02 04 34 03 0.803328
2013 07 02 04 34 04 0.809984
2013 07 02 04 34 05 0.816640
2013 07 02 04 34 06 0.823296
2013 07 02 04 34 07 0.829952
2013 07 02 04 34 09 0.088064
2013 07 02 04 34 10 0.346368
2013 07 02 04 34 11 0.353024
2013 07 02 04 34 12 0.359680
2013 07 02 04 34 13 0.366336
2013 07 02 04 34 14 0.624640
2013 07 02 04 34 15 0.631296
2013 07 02 04 34 16 0.637696
2013 07 02 04 34 17 0.644352
2013 07 02 04 34 18 0.651008
2013 07 02 04 34 19 0.657664
2013 07 02 04 34 20 0.412928
2013 07 02 04 34 21 0.419584
2013 07 02 04 34 22 0.426240
2013 07 02 04 34 23 0.432896
2013 07 02 04 34 24 0.439296
2013 07 02 04 34 25 0.445952
2013 07 02 04 34 26 0.452608
2013 07 02 04 34 27 0.459264
2013 07 02 04 34 28 0.465920
2013 07 02 04 34 29 0.472576
2013 07 02 04 34 30 0.479232
2013 07 02 04 34 31 0.233984
2013 07 02 04 34 32 0.240640
2013 07 02 04 34 33 0.247296
2013 07 02 04 34 34 0.253952
2013 07 02 04 34 35 0.260608
2013 07 02 04 34 36 0.267264
2013 07 02 04 34 37 0.273664
2013 07 02 04 34 38 0.280320
2013 07 02 04 34 39 0.286976
2013 07 02 04 34 40 0.293632
2013 07 02 04 34 41 0.300288
2013 07 02 04 34 42 0.306944
2013 07 02 04 34 43 0.313600
2013 07 02 04 34 44 0.320256
2013 07 02 04 34 45 0.326912
2013 07 02 04 34 46 0.333568
2013 07 02 04 34 47 0.340224
2013 07 02 04 34 48 0.346624
2013 07 02 04 34 49 0.353280
2013 07 02 04 34 50 0.359936
2013 07 02 04 34 51 0.366592
2013 07 02 04 34 52 0.373248
2013 07 02 04 34 53 0.379904
2013 07 02 04 34 54 0.386560
2013 07 02 04 34 55 0.393216
2013 07 02 04 34 56 0.399872
2013 07 02 04 34 57 0.406528
2013 07 02 04 34 58 0.412928
2013 07 02 04 34 59 0.419584
2013 07 02 04 35 00 0.426240
2013 07 02 04 35 01 0.432896
2013 07 02 04 35 02 0.439552
2013 07 02 04 35 03 0.446208
2013 07 02 04 35 04 0.452864
2013 07 02 04 35 05 0.459520
2013 07 02 04 35 06 0.466176
2013 07 02 04 35 07 0.472832
2013 07 02 04 35 08 0.479488
2013 07 02 04 35 09 0.485888
2013 07 02 04 35 10 0.492544
2013 07 02 04 35 11 0.499200
2013 07 02 04 35 12 0.505856
2013 07 02 04 35 13 0.512512
2013 07 02 04 35 14 0.267520
2013 07 02 04 35 15 0.274176
2013 07 02 04 35 16 0.281088
2013 07 02 04 35 17 0.287488
2013 07 02 04 35 18 0.294144
2013 07 02 04 35 19 0.300800
2013 07 02 04 35 20 0.307456
2013 07 02 04 35 21 0.314112
2013 07 02 04 35 22 0.320768
2013 07 02 04 35 23 0.327424
2013 07 02 04 35 24 0.334080
2013 07 02 04 35 25 0.340736
2013 07 02 04 35 26 0.347136
2013 07 02 04 35 27 0.353792
2013 07 02 04 35 28 0.360448
2013 07 02 04 35 29 0.618752
2013 07 02 04 35 30 0.625408
2013 07 02 04 35 31 0.631808
2013 07 02 04 35 32 0.638464
2013 07 02 04 35 33 0.645120
2013 07 02 04 35 34 0.651776
2013 07 02 04 35 35 0.658432
2013 07 02 04 35 36 0.665088
2013 07 02 04 35 37 0.671744
2013 07 02 04 35 38 0.678400
2013 07 02 04 35 39 0.685056
2013 07 02 04 35 40 0.691712
2013 07 02 04 35 42 0.950016
2013 07 02 04 35 43 0.208128
2013 07 02 04 35 44 0.214784
2013 07 02 04 35 45 0.221440
2013 07 02 04 35 46 0.228096
2013 07 02 04 35 47 0.234752
2013 07 02 04 35 48 0.241408
2013 07 02 04 35 49 0.499712
2013 07 02 04 35 50 0.506368
2013 07 02 04 35 51 0.513024
2013 07 02 04 35 52 0.519680
2013 07 02 04 35 53 0.526336
2013 07 02 04 35 54 0.532992
2013 07 02 04 35 55 0.539648
2013 07 02 04 35 56 0.546304
2013 07 02 04 35 57 0.552704
2013 07 02 04 35 58 0.559616
2013 07 02 04 35 59 0.566016
2013 07 02 04 36 00 0.572672
2013 07 02 04 36 01 0.579328
2013 07 02 04 36 02 0.585984
2013 07 02 04 36 03 0.592640
2013 07 02 04 36 04 0.599296
2013 07 02 04 36 05 0.605952
2013 07 02 04 36 06 0.612608
2013 07 02 04 36 07 0.619264
2013 07 02 04 36 08 0.625920
2013 07 02 04 36 09 0.632576
2013 07 02 04 36 10 0.639232
2013 07 02 04 36 11 0.645888
2013 07 02 04 36 12 0.400640
2013 07 02 04 36 13 0.407040
2013 07 02 04 36 14 0.413696
2013 07 02 04 36 15 0.420352
2013 07 02 04 36 16 0.427008
2013 07 02 04 36 17 0.433664
2013 07 02 04 36 18 0.440320
2013 07 02 04 36 19 0.446976
2013 07 02 04 36 20 0.453632
2013 07 02 04 36 21 0.460288
2013 07 02 04 36 22 0.466944
2013 07 02 04 36 23 0.473600
2013 07 02 04 36 24 0.480000
2013 07 02 04 36 25 0.486656
2013 07 02 04 36 26 0.493312
2013 07 02 04 36 27 0.499968
2013 07 02 04 36 28 0.506624
2013 07 02 04 36 29 0.513280
2013 07 02 04 36 30 0.519936
2013 07 02 04 36 31 0.526592
2013 07 02 04 36 32 0.533248
2013 07 02 04 36 33 0.539904
2013 07 02 04 36 34 0.546560
2013 07 02 04 36 35 0.552960
2013 07 02 04 36 36 0.559616
2013 07 02 04 36 37 0.566272
2013 07 02 04 36 38 0.572928
2013 07 02 04 36 39 0.579584
2013 07 02 04 36 40 0.586240
2013 07 02 04 36 41 0.592896
2013 07 02 04 36 42 0.599552
2013 07 02 04 36 43 0.606208
2013 07 02 04 36 44 0.612864
2013 07 02 04 36 45 0.619520
2013 07 02 04 36 46 0.625920
2013 07 02 04 36 47 0.632576
2013 07 02 04 36 48 0.639232
2013 07 02 04 36 49 0.645888
2013 07 02 04 36 50 0.652544
2013 07 02 04 36 51 0.659200
2013 07 02 04 36 52 0.665856
2013 07 02 04 36 53 0.672512
2013 07 02 04 36 54 0.679168
2013 07 02 04 36 55 0.685824
2013 07 02 04 36 56 0.692480
2013 07 02 04 36 57 0.698880
2013 07 02 04 36 58 0.705536
2013 07 02 04 36 59 0.712192
2013 07 02 04 37 00 0.718848
2013 07 02 04 37 01 0.474112
2013 07 02 04 37 02 0.480512
2013 07 02 04 37 03 0.487168
2013 07 02 04 37 04 0.493824
2013 07 02 04 37 05 0.500480
2013 07 02 04 37 06 0.507136
2013 07 02 04 37 07 0.513792
2013 07 02 04 37 08 0.520448
2013 07 02 04 37 09 0.778496
2013 07 02 04 37 10 0.785152
2013 07 02 04 37 11 0.791808
2013 07 02 04 37 12 0.798464
2013 07 02 04 37 13 0.805120
2013 07 02 04 37 14 0.811776
2013 07 02 04 37 15 0.818432
2013 07 02 04 37 16 0.825088
2013 07 02 04 37 18 0.083456
2013 07 02 04 37 19 0.090112
2013 07 02 04 37 20 0.096768
2013 07 02 04 37 21 0.354816
2013 07 02 04 37 22 0.613376
2013 07 02 04 37 23 0.619776
2013 07 02 04 37 24 0.626432
2013 07 02 04 37 25 0.633344
2013 07 02 04 37 26 0.639744
2013 07 02 04 37 27 0.646400
2013 07 02 04 37 28 0.653056
2013 07 02 04 37 29 0.659712
2013 07 02 04 37 30 0.666368
2013 07 02 04 37 31 0.673024
2013 07 02 04 37 32 0.679680
2013 07 02 04 37 33 0.686336
2013 07 02 04 37 34 0.692992
2013 07 02 04 37 35 0.699392
2013 07 02 04 37 36 0.454400
2013 07 02 04 37 37 0.461056
2013 07 02 04 37 38 0.216064
2013 07 02 04 37 39 0.222720
2013 07 02 04 37 40 0.229376
2013 07 02 04 37 41 0.236032
2013 07 02 04 37 42 0.242688
2013 07 02 04 37 43 0.249088
2013 07 02 04 37 44 0.255744
2013 07 02 04 37 45 0.262400
2013 07 02 04 37 46 0.269056
2013 07 02 04 37 47 0.275712
2013 07 02 04 37 48 0.282368
2013 07 02 04 37 49 0.289024
2013 07 02 04 37 50 0.043776
2013 07 02 04 37 51 0.050432
2013 07 02 04 37 52 0.057088
2013 07 02 04 37 53 0.063744
2013 07 02 04 37 54 0.070400
2013 07 02 04 37 55 0.077056
2013 07 02 04 37 56 0.083712
2013 07 02 04 37 57 0.090368
2013 07 02 04 37 58 0.097024
2013 07 02 04 37 59 0.103424
2013 07 02 04 38 00 0.110080
2013 07 02 04 38 01 0.116736
2013 07 02 04 38 02 0.123392
2013 07 02 04 38 03 0.130048
2013 07 02 04 38 04 0.136704
2013 07 02 04 38 05 0.143360
2013 07 02 04 38 06 0.150016
2013 07 02 04 38 07 0.156672
2013 07 02 04 38 08 0.163328
2013 07 02 04 38 09 0.169984
2013 07 02 04 38 10 0.176384
2013 07 02 04 38 11 0.183040
2013 07 02 04 38 12 0.189696
2013 07 02 04 38 13 0.196352
2013 07 02 04 38 14 0.203008
2013 07 02 04 38 15 0.209664
2013 07 02 04 38 16 0.216320
2013 07 02 04 38 17 0.222976
2013 07 02 04 38 18 0.229632
2013 07 02 04 38 19 0.236288
2013 07 02 04 38 20 0.242944
2013 07 02 04 38 21 0.249344
2013 07 02 04 38 22 0.256000
2013 07 02 04 38 23 0.262656
2013 07 02 04 38 24 0.269312
2013 07 02 04 38 25 0.275968
2013 07 02 04 38 26 0.282624
2013 07 02 04 38 27 0.289280
2013 07 02 04 38 28 0.295936
2013 07 02 04 38 29 0.302592
2013 07 02 04 38 30 0.309248
2013 07 02 04 38 31 0.315904
2013 07 02 04 38 32 0.322304
2013 07 02 04 38 33 0.328960
2013 07 02 04 38 34 0.335616
2013 07 02 04 38 35 0.342272
2013 07 02 04 38 36 0.348928
2013 07 02 04 38 37 0.355584
2013 07 02 04 38 38 0.362240
2013 07 02 04 38 39 0.368896
2013 07 02 04 38 40 0.375552
2013 07 02 04 38 41 0.382208
2013 07 02 04 38 42 0.388608
2013 07 02 04 38 43 0.395264
2013 07 02 04 38 44 0.401920
2013 07 02 04 38 45 0.408576
2013 07 02 04 38 46 0.415232
2013 07 02 04 38 47 0.421888
2013 07 02 04 38 48 0.428544
2013 07 02 04 38 49 0.435200
2013 07 02 04 38 50 0.441856
2013 07 02 04 38 51 0.448512
2013 07 02 04 38 52 0.455168
2013 07 02 04 38 53 0.461568
2013 07 02 04 38 54 0.468224
2013 07 02 04 38 55 0.474880
2013 07 02 04 38 56 0.481536
2013 07 02 04 38 57 0.488192
2013 07 02 04 38 58 0.494848
2013 07 02 04 38 59 0.501504
2013 07 02 04 39 00 0.508160
2013 07 02 04 39 01 0.514816
2013 07 02 04 39 02 0.521472
2013 07 02 04 39 03 0.528128
2013 07 02 04 39 04 0.534528
2013 07 02 04 39 05 0.541184
2013 07 02 04 39 06 0.547840
2013 07 02 04 39 07 0.554496
2013 07 02 04 39 08 0.561152
2013 07 02 04 39 09 0.567808
2013 07 02 04 39 10 0.574464
2013 07 02 04 39 11 0.832768
2013 07 02 04 39 12 0.839424
2013 07 02 04 39 13 0.846080
2013 07 02 04 39 14 0.852736
2013 07 02 04 39 15 0.859392
2013 07 02 04 39 16 0.866048
2013 07 02 04 39 17 0.872704
2013 07 02 04 39 18 0.879360
2013 07 02 04 39 19 0.886016
2013 07 02 04 39 20 0.892416
2013 07 02 04 39 21 0.899072
2013 07 02 04 39 22 0.905728
2013 07 02 04 39 23 0.912384
2013 07 02 04 39 24 0.919040
2013 07 02 04 39 25 0.925696
2013 07 02 04 39 26 0.932352
2013 07 02 04 39 27 0.939008
2013 07 02 04 39 28 0.945664
2013 07 02 04 39 29 0.952320
2013 07 02 04 39 30 0.958976
2013 07 02 04 39 31 0.965632
2013 07 02 04 39 32 0.972032
2013 07 02 04 39 33 0.978688
2013 07 02 04 39 34 0.985344
2013 07 02 04 39 35 0.992000
2013 07 02 04 39 36 0.746752
2013 07 02 04 39 37 0.753408
2013 07 02 04 39 38 0.760064
2013 07 02 04 39 39 0.766720
2013 07 02 04 39 40 0.773376
2013 07 02 04 39 41 0.780032
2013 07 02 04 39 42 0.786688
2013 07 02 04 39 43 0.793344
2013 07 02 04 39 44 0.548352
2013 07 02 04 39 45 0.555008
2013 07 02 04 39 46 0.561664
2013 07 02 04 39 47 0.568320
2013 07 02 04 39 48 0.574976
2013 07 02 04 39 49 0.581632
2013 07 02 04 39 50 0.588288
2013 07 02 04 39 51 0.594688
2013 07 02 04 39 52 0.601344
2013 07 02 04 39 53 0.608000
2013 07 02 04 39 54 0.614656
2013 07 02 04 39 55 0.621312
2013 07 02 04 39 56 0.627968
2013 07 02 04 39 57 0.634624
2013 07 02 04 39 58 0.641280
2013 07 02 04 39 59 0.647936
2013 07 02 04 40 00 0.654592
2013 07 02 04 40 01 0.661248
2013 07 02 04 40 02 0.667904
2013 07 02 04 40 03 0.674560
2013 07 02 04 40 04 0.681216
2013 07 02 04 40 05 0.687616
2013 07 02 04 40 06 0.442624
2013 07 02 04 40 07 0.449024
2013 07 02 04 40 08 0.455680
2013 07 02 04 40 09 0.462336
2013 07 02 04 40 10 0.468992
2013 07 02 04 40 11 0.475648
2013 07 02 04 40 12 0.482304
2013 07 02 04 40 13 0.488960
2013 07 02 04 40 14 0.495616
2013 07 02 04 40 15 0.502272
2013 07 02 04 40 16 0.508928
2013 07 02 04 40 17 0.515584
2013 07 02 04 40 18 0.521984
2013 07 02 04 40 19 0.528640
2013 07 02 04 40 20 0.535296
2013 07 02 04 40 21 0.290560
2013 07 02 04 40 22 0.297216
2013 07 02 04 40 23 0.303616
2013 07 02 04 40 24 0.310272
2013 07 02 04 40 25 0.316928
2013 07 02 04 40 26 0.071936
2013 07 02 04 40 27 0.078336
2013 07 02 04 40 28 0.084992
2013 07 02 04 40 29 0.091648
2013 07 02 04 40 30 0.098304
2013 07 02 04 40 31 0.104960
2013 07 02 04 40 32 0.111616
2013 07 02 04 40 33 0.118272
2013 07 02 04 40 34 0.124928
2013 07 02 04 40 35 0.131584
2013 07 02 04 40 36 0.138240
2013 07 02 04 40 37 0.144896
2013 07 02 04 40 38 0.151296
2013 07 02 04 40 39 0.157952
2013 07 02 04 40 40 0.164608
2013 07 02 04 40 41 0.171264
2013 07 02 04 40 42 0.177920
2013 07 02 04 40 43 0.184576
2013 07 02 04 40 44 0.191232
2013 07 02 04 40 45 0.197888
2013 07 02 04 40 46 0.204544
2013 07 02 04 40 47 0.211200
2013 07 02 04 40 48 0.217856
2013 07 02 04 40 49 0.224256
2013 07 02 04 40 50 0.230912
2013 07 02 04 40 51 0.237568
2013 07 02 04 40 52 0.244224
2013 07 02 04 40 53 0.250880
2013 07 02 04 40 54 0.257536
2013 07 02 04 40 55 0.264192
2013 07 02 04 40 56 0.270848
2013 07 02 04 40 57 0.277504
2013 07 02 04 40 58 0.284160
2013 07 02 04 40 59 0.290560
2013 07 02 04 41 00 0.297216
2013 07 02 04 41 01 0.303872
2013 07 02 04 41 02 0.310528
2013 07 02 04 41 03 0.317184
2013 07 02 04 41 04 0.323840
2013 07 02 04 41 05 0.330496
2013 07 02 04 41 06 0.337152
2013 07 02 04 41 07 0.343808
2013 07 02 04 41 08 0.350464
2013 07 02 04 41 09 0.357120
2013 07 02 04 41 10 0.363520
2013 07 02 04 41 11 0.370176
2013 07 02 04 41 12 0.376832
2013 07 02 04 41 13 0.132096
2013 07 02 04 41 14 0.138752
2013 07 02 04 41 15 0.145408
2013 07 02 04 41 16 0.151808
2013 07 02 04 41 16 0.906752
2013 07 02 04 41 17 0.913408
2013 07 02 04 41 18 0.920064
2013 07 02 04 41 19 0.675072
2013 07 02 04 41 20 0.681728
2013 07 02 04 41 21 0.688384
2013 07 02 04 41 22 0.695040
2013 07 02 04 41 23 0.701696
2013 07 02 04 41 24 0.708352
2013 07 02 04 41 25 0.715008
2013 07 02 04 41 26 0.721408
2013 07 02 04 41 27 0.728064
2013 07 02 04 41 28 0.734720
2013 07 02 04 41 29 0.741376
2013 07 02 04 41 30 0.748032
2013 07 02 04 41 31 0.754688
2013 07 02 04 41 32 0.761344
2013 07 02 04 41 33 0.768000
2013 07 02 04 41 34 0.774656
2013 07 02 04 41 35 0.781312
2013 07 02 04 41 36 0.787968
2013 07 02 04 41 37 0.794624
2013 07 02 04 41 38 0.801280
2013 07 02 04 41 39 0.807680
2013 07 02 04 41 40 0.814336
2013 07 02 04 41 41 0.820992
2013 07 02 04 41 42 0.827648
2013 07 02 04 41 43 0.834304
2013 07 02 04 41 44 0.840960
2013 07 02 04 41 45 0.847616
2013 07 02 04 41 46 0.854272
2013 07 02 04 41 47 0.860928
2013 07 02 04 41 48 0.867584
2013 07 02 04 41 49 0.874240
2013 07 02 04 41 50 0.880640
2013 07 02 04 41 51 0.887296
2013 07 02 04 41 52 0.893952
2013 07 02 04 41 53 0.900608
2013 07 02 04 41 54 0.907264
2013 07 02 04 41 55 0.913920
2013 07 02 04 41 56 0.920576
2013 07 02 04 41 57 0.926976
2013 07 02 04 41 58 0.933888
2013 07 02 04 41 59 0.940288
2013 07 02 04 42 00 0.947200
2013 07 02 04 42 01 0.953600
2013 07 02 04 42 02 0.960256
2013 07 02 04 42 03 0.715008
2013 07 02 04 42 04 0.721664
2013 07 02 04 42 05 0.728320
2013 07 02 04 42 06 0.734976
2013 07 02 04 42 07 0.741632
2013 07 02 04 42 08 0.748288
2013 07 02 04 42 09 0.754944
2013 07 02 04 42 10 0.761600
2013 07 02 04 42 11 0.768256
2013 07 02 04 42 12 0.774912
2013 07 02 04 42 13 0.781312
2013 07 02 04 42 14 0.787968
2013 07 02 04 42 15 0.794624
2013 07 02 04 42 16 0.801280
2013 07 02 04 42 17 0.807936
2013 07 02 04 42 18 0.814592
2013 07 02 04 42 19 0.821248
2013 07 02 04 42 20 0.827904
2013 07 02 04 42 21 0.834560
2013 07 02 04 42 22 0.841216
2013 07 02 04 42 23 0.847872
2013 07 02 04 42 24 0.854272
2013 07 02 04 42 25 0.860928
2013 07 02 04 42 26 0.867584
2013 07 02 04 42 27 0.874240
2013 07 02 04 42 28 0.880896
2013 07 02 04 42 29 0.887552
2013 07 02 04 42 30 0.894208
2013 07 02 04 42 31 0.900864
2013 07 02 04 42 32 0.907520
2013 07 02 04 42 33 0.914176
2013 07 02 04 42 35 0.172544
2013 07 02 04 42 36 0.179200
2013 07 02 04 42 37 0.185856
2013 07 02 04 42 38 0.443904
2013 07 02 04 42 39 0.702464
2013 07 02 04 42 40 0.709120
2013 07 02 04 42 41 0.715776
2013 07 02 04 42 42 0.722176
2013 07 02 04 42 43 0.728832
2013 07 02 04 42 44 0.735488
2013 07 02 04 42 45 0.742144
2013 07 02 04 42 46 0.748800
2013 07 02 04 42 47 0.755456
2013 07 02 04 42 48 0.762112
2013 07 02 04 42 49 0.768768
2013 07 02 04 42 50 0.775168
2013 07 02 04 42 51 0.781824
2013 07 02 04 42 52 0.788480
2013 07 02 04 42 53 0.795136
2013 07 02 04 42 54 0.801792
2013 07 02 04 42 55 0.808448
2013 07 02 04 42 56 0.815104
2013 07 02 04 42 57 0.821760
2013 07 02 04 42 58 0.828416
2013 07 02 04 42 59 0.835072
2013 07 02 04 43 00 0.841728
2013 07 02 04 43 01 0.848384
2013 07 02 04 43 02 0.855040
2013 07 02 04 43 03 0.861440
2013 07 02 04 43 04 0.868096
2013 07 02 04 43 05 0.874752
2013 07 02 04 43 06 0.881408
2013 07 02 04 43 07 0.888064
2013 07 02 04 43 08 0.894720
2013 07 02 04 43 09 0.901376
2013 07 02 04 43 10 0.908032
2013 07 02 04 43 11 0.914432
2013 07 02 04 43 12 0.921088
2013 07 02 04 43 13 0.927744
2013 07 02 04 43 14 0.934400
2013 07 02 04 43 15 0.689408
2013 07 02 04 43 16 0.695808
2013 07 02 04 43 17 0.702464
2013 07 02 04 43 18 0.709120
2013 07 02 04 43 19 0.715776
2013 07 02 04 43 20 0.722432
2013 07 02 04 43 21 0.729088
2013 07 02 04 43 22 0.735744
2013 07 02 04 43 23 0.742400
2013 07 02 04 43 24 0.749056
2013 07 02 04 43 25 0.755712
2013 07 02 04 43 26 0.762112
2013 07 02 04 43 27 0.768768
2013 07 02 04 43 28 0.775424
2013 07 02 04 43 29 0.782080
2013 07 02 04 43 30 0.788736
2013 07 02 04 43 31 0.795392
2013 07 02 04 43 32 0.802048
2013 07 02 04 43 33 0.808704
2013 07 02 04 43 34 0.815360
2013 07 02 04 43 35 0.821760
2013 07 02 04 43 36 0.828416
2013 07 02 04 43 37 0.835072
2013 07 02 04 43 38 0.841728
2013 07 02 04 43 40 0.100352
2013 07 02 04 43 41 0.106752
2013 07 02 04 43 42 0.113408
2013 07 02 04 43 43 0.120064
2013 07 02 04 43 44 0.126720
2013 07 02 04 43 45 0.133376
2013 07 02 04 43 46 0.140032
2013 07 02 04 43 47 0.146688
2013 07 02 04 43 48 0.153088
2013 07 02 04 43 49 0.159744
2013 07 02 04 43 50 0.166400
2013 07 02 04 43 51 0.173056
2013 07 02 04 43 52 0.179712
2013 07 02 04 43 53 0.186368
2013 07 02 04 43 54 0.193024
2013 07 02 04 43 55 0.199680
2013 07 02 04 43 56 0.206336
2013 07 02 04 43 57 0.212992
2013 07 02 04 43 58 0.219392
2013 07 02 04 43 59 0.226304
2013 07 02 04 44 00 0.232704
2013 07 02 04 44 01 0.239360
2013 07 02 04 44 02 0.246016
2013 07 02 04 44 03 0.252672
2013 07 02 04 44 04 0.259328
2013 07 02 04 44 05 0.265984
2013 07 02 04 44 06 0.524032
2013 07 02 04 44 07 0.782336
2013 07 02 04 44 08 0.788992
2013 07 02 04 44 09 0.795648
2013 07 02 04 44 10 0.802304
2013 07 02 04 44 11 0.808960
2013 07 02 04 44 12 0.815616
2013 07 02 04 44 13 0.822272
2013 07 02 04 44 14 0.828928
2013 07 02 04 44 15 0.835584
2013 07 02 04 44 16 0.842240
2013 07 02 04 44 17 0.848640
2013 07 02 04 44 18 0.855552
2013 07 02 04 44 19 0.861952
2013 07 02 04 44 20 0.868608
2013 07 02 04 44 21 0.875264
2013 07 02 04 44 22 0.881920
2013 07 02 04 44 23 0.636672
2013 07 02 04 44 24 0.643328
2013 07 02 04 44 25 0.649984
2013 07 02 04 44 26 0.656640
2013 07 02 04 44 27 0.663296
2013 07 02 04 44 28 0.669952
2013 07 02 04 44 29 0.676352
2013 07 02 04 44 30 0.683008
2013 07 02 04 44 31 0.689664
2013 07 02 04 44 32 0.696320
2013 07 02 04 44 33 0.702976
2013 07 02 04 44 34 0.709632
2013 07 02 04 44 35 0.716288
2013 07 02 04 44 36 0.722944
2013 07 02 04 44 37 0.729600
2013 07 02 04 44 38 0.736256
2013 07 02 04 44 39 0.742656
2013 07 02 04 44 40 0.749312
2013 07 02 04 44 41 0.755968
2013 07 02 04 44 42 0.762624
2013 07 02 04 44 43 0.769280
2013 07 02 04 44 44 0.775936
2013 07 02 04 44 45 0.782592
2013 07 02 04 44 46 0.789248
2013 07 02 04 44 47 0.795904
2013 07 02 04 44 48 0.802304
2013 07 02 04 44 49 0.808960
2013 07 02 04 44 50 0.815616
2013 07 02 04 44 51 0.822272
2013 07 02 04 44 52 0.828928
2013 07 02 04 44 53 0.835584
2013 07 02 04 44 54 0.842240
2013 07 02 04 44 55 0.848896
2013 07 02 04 44 56 0.855552
2013 07 02 04 44 57 0.861952
2013 07 02 04 44 58 0.868608
2013 07 02 04 44 59 0.875264
2013 07 02 04 45 00 0.881920
2013 07 02 04 45 01 0.888576
2013 07 02 04 45 02 0.895232
2013 07 02 04 45 03 0.901888
2013 07 02 04 45 04 0.908544
2013 07 02 04 45 05 0.915200
2013 07 02 04 45 06 0.921600
2013 07 02 04 45 07 0.928256
2013 07 02 04 45 08 0.934912
2013 07 02 04 45 09 0.941568
2013 07 02 04 45 10 0.948224
2013 07 02 04 45 11 0.954880
2013 07 02 04 45 12 0.961536
2013 07 02 04 45 13 0.968192
2013 07 02 04 45 14 0.974848
2013 07 02 04 45 15 0.981504
2013 07 02 04 45 16 0.987904
2013 07 02 04 45 17 0.994560
2013 07 02 04 45 19 0.001280
2013 07 02 04 45 20 0.007936
2013 07 02 04 45 21 0.014592
2013 07 02 04 45 22 0.021248
2013 07 02 04 45 23 0.027904
2013 07 02 04 45 24 0.034304
2013 07 02 04 45 25 0.040960
2013 07 02 04 45 26 0.047616
2013 07 02 04 45 27 0.054272
2013 07 02 04 45 28 0.060928
2013 07 02 04 45 29 0.067584
2013 07 02 04 45 30 0.074240
2013 07 02 04 45 31 0.080896
2013 07 02 04 45 32 0.087552
2013 07 02 04 45 33 0.093952
2013 07 02 04 45 34 0.100608
2013 07 02 04 45 35 0.359168
2013 07 02 04 45 36 0.365824
2013 07 02 04 45 37 0.372480
2013 07 02 04 45 38 0.379136
2013 07 02 04 45 39 0.385792
2013 07 02 04 45 40 0.392192
2013 07 02 04 45 41 0.398848
2013 07 02 04 45 42 0.405504
2013 07 02 04 45 43 0.412160
2013 07 02 04 45 44 0.418816
2013 07 02 04 45 45 0.425472
2013 07 02 04 45 46 0.432128
2013 07 02 04 45 47 0.438528
2013 07 02 04 45 48 0.445184
2013 07 02 04 45 49 0.451840
2013 07 02 04 45 50 0.458496
2013 07 02 04 45 51 0.716800
2013 07 02 04 45 52 0.723200
2013 07 02 04 45 53 0.729856
2013 07 02 04 45 54 0.736512
2013 07 02 04 45 55 0.743168
2013 07 02 04 45 57 0.001792
2013 07 02 04 45 58 0.259840
2013 07 02 04 45 59 0.518144
2013 07 02 04 46 00 0.524800
2013 07 02 04 46 01 0.531456
2013 07 02 04 46 02 0.538112
2013 07 02 04 46 03 0.544768
2013 07 02 04 46 04 0.551424
2013 07 02 04 46 05 0.558080
2013 07 02 04 46 06 0.564480
2013 07 02 04 46 07 0.571136
2013 07 02 04 46 08 0.577792
2013 07 02 04 46 09 0.584448
2013 07 02 04 46 10 0.591104
2013 07 02 04 46 11 0.597760
2013 07 02 04 46 12 0.604416
2013 07 02 04 46 13 0.611072
2013 07 02 04 46 14 0.617728
2013 07 02 04 46 15 0.624128
2013 07 02 04 46 16 0.631040
2013 07 02 04 46 17 0.637440
2013 07 02 04 46 18 0.644096
2013 07 02 04 46 19 0.650752
2013 07 02 04 46 20 0.657408
2013 07 02 04 46 21 0.664064
2013 07 02 04 46 22 0.670720
2013 07 02 04 46 23 0.677376
2013 07 02 04 46 24 0.684032
2013 07 02 04 46 25 0.690432
2013 07 02 04 46 26 0.697088
2013 07 02 04 46 27 0.703744
2013 07 02 04 46 28 0.710400
2013 07 02 04 46 29 0.717056
2013 07 02 04 46 30 0.723712
2013 07 02 04 46 31 0.730368
2013 07 02 04 46 32 0.737024
2013 07 02 04 46 33 0.743680
2013 07 02 04 46 34 0.750080
2013 07 02 04 46 35 0.756736
2013 07 02 04 46 36 0.763392
2013 07 02 04 46 37 0.770048
2013 07 02 04 46 38 0.776704
2013 07 02 04 46 39 0.783360
2013 07 02 04 46 40 0.790016
2013 07 02 04 46 41 0.796672
2013 07 02 04 46 42 0.803328
2013 07 02 04 46 43 0.809984
2013 07 02 04 46 44 0.816640
2013 07 02 04 46 45 0.571392
2013 07 02 04 46 46 0.578048
2013 07 02 04 46 47 0.584448
2013 07 02 04 46 48 0.591104
2013 07 02 04 46 49 0.597760
2013 07 02 04 46 50 0.604416
2013 07 02 04 46 51 0.611072
2013 07 02 04 46 52 0.366080
2013 07 02 04 46 53 0.372736
2013 07 02 04 46 54 0.379392
2013 07 02 04 46 55 0.386048
2013 07 02 04 46 56 0.392704
2013 07 02 04 46 57 0.399360
2013 07 02 04 46 58 0.406016
2013 07 02 04 46 59 0.412672
2013 07 02 04 47 00 0.419328
2013 07 02 04 47 01 0.425984
2013 07 02 04 47 02 0.432640
2013 07 02 04 47 03 0.439040
2013 07 02 04 47 04 0.194048
2013 07 02 04 47 05 0.200704
2013 07 02 04 47 06 0.207104
2013 07 02 04 47 07 0.213760
2013 07 02 04 47 08 0.220416
2013 07 02 04 47 09 0.227072
2013 07 02 04 47 10 0.233728
2013 07 02 04 47 11 0.240384
2013 07 02 04 47 12 0.247040
2013 07 02 04 47 13 0.253696
2013 07 02 04 47 14 0.260352
2013 07 02 04 47 15 0.266752
2013 07 02 04 47 16 0.273408
2013 07 02 04 47 17 0.280064
2013 07 02 04 47 18 0.538624
2013 07 02 04 47 19 0.545280
2013 07 02 04 47 20 0.551680
2013 07 02 04 47 21 0.558336
2013 07 02 04 47 22 0.564992
2013 07 02 04 47 23 0.571648
2013 07 02 04 47 24 0.578304
2013 07 02 04 47 25 0.584960
2013 07 02 04 47 26 0.591616
2013 07 02 04 47 27 0.598272
2013 07 02 04 47 28 0.604928
2013 07 02 04 47 29 0.611584
2013 07 02 04 47 30 0.618240
2013 07 02 04 47 31 0.624640
2013 07 02 04 47 32 0.631296
2013 07 02 04 47 33 0.637952
2013 07 02 04 47 34 0.644608
2013 07 02 04 47 35 0.651264
2013 07 02 04 47 36 0.657920
2013 07 02 04 47 37 0.664576
2013 07 02 04 47 38 0.922624
2013 07 02 04 47 39 0.929280
2013 07 02 04 47 40 0.935936
2013 07 02 04 47 41 0.942592
2013 07 02 04 47 42 0.949248
2013 07 02 04 47 43 0.955904
2013 07 02 04 47 44 0.962304
2013 07 02 04 47 45 0.968960
2013 07 02 04 47 46 0.975616
2013 07 02 04 47 48 0.234240
2013 07 02 04 47 49 0.240640
2013 07 02 04 47 50 0.247552
2013 07 02 04 47 51 0.253952
2013 07 02 04 47 52 0.512000
2013 07 02 04 47 53 0.770560
2013 07 02 04 47 54 0.777216
2013 07 02 04 47 56 0.035328
2013 07 02 04 47 57 0.041984
2013 07 02 04 47 58 0.300544
2013 07 02 04 47 59 0.306944
2013 07 02 04 48 00 0.313600
2013 07 02 04 48 01 0.320256
2013 07 02 04 48 02 0.326912
2013 07 02 04 48 03 0.333568
2013 07 02 04 48 04 0.340224
2013 07 02 04 48 05 0.346880
2013 07 02 04 48 06 0.353536
2013 07 02 04 48 07 0.359936
2013 07 02 04 48 08 0.366592
2013 07 02 04 48 09 0.373248
2013 07 02 04 48 10 0.379904
2013 07 02 04 48 11 0.386560
2013 07 02 04 48 12 0.393216
2013 07 02 04 48 13 0.399872
2013 07 02 04 48 14 0.406528
2013 07 02 04 48 15 0.413184
2013 07 02 04 48 16 0.419840
2013 07 02 04 48 17 0.426496
2013 07 02 04 48 18 0.432896
2013 07 02 04 48 19 0.439552
2013 07 02 04 48 20 0.446208
2013 07 02 04 48 21 0.452864
2013 07 02 04 48 22 0.459520
2013 07 02 04 48 23 0.466176
2013 07 02 04 48 24 0.472832
2013 07 02 04 48 25 0.479488
2013 07 02 04 48 26 0.485888
2013 07 02 04 48 27 0.492544
2013 07 02 04 48 28 0.499200
2013 07 02 04 48 29 0.254208
2013 07 02 04 48 30 0.260608
2013 07 02 04 48 31 0.267264
2013 07 02 04 48 32 0.022528
2013 07 02 04 48 33 0.029184
2013 07 02 04 48 34 0.035584
2013 07 02 04 48 35 0.042240
2013 07 02 04 48 35 0.797184
2013 07 02 04 48 36 0.803840
2013 07 02 04 48 37 0.810496
2013 07 02 04 48 38 0.817152
2013 07 02 04 48 39 0.823552
2013 07 02 04 48 40 0.830208
2013 07 02 04 48 41 0.836864
2013 07 02 04 48 42 0.843520
2013 07 02 04 48 43 0.598528
2013 07 02 04 48 44 0.605184
2013 07 02 04 48 45 0.611840
2013 07 02 04 48 46 0.618496
2013 07 02 04 48 47 0.625152
2013 07 02 04 48 48 0.631808
2013 07 02 04 48 49 0.638464
2013 07 02 04 48 50 0.645120
2013 07 02 04 48 51 0.651776
2013 07 02 04 48 52 0.658432
2013 07 02 04 48 53 0.665088
2013 07 02 04 48 54 0.671744
2013 07 02 04 48 55 0.678400
2013 07 02 04 48 56 0.684800
2013 07 02 04 48 57 0.691456
2013 07 02 04 48 58 0.698112
2013 07 02 04 48 59 0.704768
2013 07 02 04 49 00 0.711424
2013 07 02 04 49 01 0.718080
2013 07 02 04 49 02 0.724480
2013 07 02 04 49 03 0.731136
2013 07 02 04 49 04 0.737792
2013 07 02 04 49 05 0.744448
2013 07 02 04 49 06 0.751104
2013 07 02 04 49 07 0.757760
2013 07 02 04 49 08 0.764416
2013 07 02 04 49 09 0.771072
2013 07 02 04 49 10 0.777728
2013 07 02 04 49 11 0.784384
2013 07 02 04 49 12 0.791040
2013 07 02 04 49 13 0.797696
2013 07 02 04 49 14 0.804096
2013 07 02 04 49 15 0.810752
2013 07 02 04 49 16 0.817408
2013 07 02 04 49 17 0.824064
2013 07 02 04 49 18 0.830720
2013 07 02 04 49 19 0.837376
2013 07 02 04 49 20 0.844544
2013 07 02 04 49 21 0.850688
2013 07 02 04 49 22 0.857344
2013 07 02 04 49 23 0.863744
2013 07 02 04 49 24 0.870400
2013 07 02 04 49 25 0.877056
2013 07 02 04 49 26 0.883712
2013 07 02 04 49 27 0.890368
2013 07 02 04 49 28 0.897024
2013 07 02 04 49 29 0.903680
2013 07 02 04 49 30 0.910336
2013 07 02 04 49 31 0.916992
2013 07 02 04 49 33 0.175104
2013 07 02 04 49 34 0.433408
2013 07 02 04 49 35 0.440064
2013 07 02 04 49 36 0.446720
2013 07 02 04 49 37 0.453376
2013 07 02 04 49 38 0.460032
2013 07 02 04 49 39 0.466688
2013 07 02 04 49 40 0.473088
2013 07 02 04 49 41 0.731392
2013 07 02 04 49 42 0.989696
2013 07 02 04 49 43 0.996352
2013 07 02 04 49 45 0.254464
2013 07 02 04 49 46 0.261120
2013 07 02 04 49 47 0.267776
2013 07 02 04 49 48 0.274432
2013 07 02 04 49 49 0.281088
2013 07 02 04 49 50 0.287744
2013 07 02 04 49 51 0.294400
2013 07 02 04 49 52 0.301056
2013 07 02 04 49 53 0.307712
2013 07 02 04 49 54 0.314112
2013 07 02 04 49 55 0.320768
2013 07 02 04 49 56 0.327424
2013 07 02 04 49 57 0.334080
2013 07 02 04 49 58 0.340736
2013 07 02 04 49 59 0.347392
2013 07 02 04 50 00 0.354048
2013 07 02 04 50 01 0.360704
2013 07 02 04 50 02 0.367360
2013 07 02 04 50 03 0.373760
2013 07 02 04 50 04 0.380416
2013 07 02 04 50 05 0.387072
2013 07 02 04 50 06 0.393728
2013 07 02 04 50 07 0.400384
2013 07 02 04 50 08 0.407040
2013 07 02 04 50 09 0.413696
2013 07 02 04 50 10 0.420352
2013 07 02 04 50 11 0.427008
2013 07 02 04 50 12 0.433664
2013 07 02 04 50 13 0.440064
2013 07 02 04 50 14 0.446720
2013 07 02 04 50 15 0.453376
2013 07 02 04 50 16 0.460032
2013 07 02 04 50 17 0.466688
2013 07 02 04 50 18 0.473344
2013 07 02 04 50 19 0.480000
2013 07 02 04 50 20 0.486656
2013 07 02 04 50 21 0.493312
2013 07 02 04 50 22 0.499712
2013 07 02 04 50 23 0.506368
2013 07 02 04 50 24 0.513024
2013 07 02 04 50 25 0.519680
2013 07 02 04 50 26 0.526336
2013 07 02 04 50 27 0.532992
2013 07 02 04 50 28 0.539648
2013 07 02 04 50 29 0.546304
2013 07 02 04 50 30 0.552960
2013 07 02 04 50 31 0.559616
2013 07 02 04 50 32 0.566272
2013 07 02 04 50 33 0.572672
2013 07 02 04 50 34 0.579328
2013 07 02 04 50 35 0.585984
2013 07 02 04 50 36 0.592640
2013 07 02 04 50 37 0.599296
2013 07 02 04 50 38 0.605952
2013 07 02 04 50 39 0.612608
2013 07 02 04 50 40 0.619264
2013 07 02 04 50 41 0.625664
2013 07 02 04 50 42 0.632320
2013 07 02 04 50 43 0.638976
2013 07 02 04 50 44 0.645632
2013 07 02 04 50 45 0.652288
2013 07 02 04 50 46 0.658944
2013 07 02 04 50 47 0.665600
2013 07 02 04 50 48 0.672256
2013 07 02 04 50 49 0.678912
2013 07 02 04 50 50 0.685568
2013 07 02 04 50 51 0.691968
2013 07 02 04 50 52 0.698624
2013 07 02 04 50 53 0.705280
2013 07 02 04 50 54 0.711936
2013 07 02 04 50 55 0.718592
2013 07 02 04 50 56 0.725248
2013 07 02 04 50 57 0.731904
2013 07 02 04 50 58 0.738560
2013 07 02 04 50 59 0.745216
2013 07 02 04 51 00 0.751616
2013 07 02 04 51 01 0.758272
2013 07 02 04 51 02 0.764928
2013 07 02 04 51 03 0.771584
2013 07 02 04 51 04 0.778240
2013 07 02 04 51 05 0.784896
2013 07 02 04 51 06 0.791552
2013 07 02 04 51 07 0.798208
2013 07 02 04 51 08 0.804864
2013 07 02 04 51 09 0.811520
2013 07 02 04 51 10 0.817920
2013 07 02 04 51 11 0.824576
2013 07 02 04 51 12 0.831232
2013 07 02 04 51 13 0.837888
2013 07 02 04 51 14 0.844544
2013 07 02 04 51 15 0.851200
2013 07 02 04 51 16 0.857856
2013 07 02 04 51 17 0.864512
2013 07 02 04 51 18 0.871168
2013 07 02 04 51 19 0.877568
2013 07 02 04 51 21 0.136192
2013 07 02 04 51 22 0.142848
2013 07 02 04 51 23 0.149504
2013 07 02 04 51 24 0.407552
2013 07 02 04 51 25 0.414208
2013 07 02 04 51 26 0.420864
2013 07 02 04 51 27 0.427520
2013 07 02 04 51 28 0.433920
2013 07 02 04 51 29 0.440576
2013 07 02 04 51 30 0.447232
2013 07 02 04 51 31 0.453888
2013 07 02 04 51 32 0.460544
2013 07 02 04 51 33 0.467200
2013 07 02 04 51 34 0.473856
2013 07 02 04 51 35 0.480512
2013 07 02 04 51 36 0.487168
2013 07 02 04 51 37 0.493824
2013 07 02 04 51 38 0.500224
2013 07 02 04 51 39 0.506880
2013 07 02 04 51 40 0.513536
2013 07 02 04 51 41 0.520192
2013 07 02 04 51 42 0.526848
2013 07 02 04 51 43 0.533504
2013 07 02 04 51 44 0.540160
2013 07 02 04 51 45 0.546816
2013 07 02 04 51 46 0.553472
2013 07 02 04 51 47 0.559872
2013 07 02 04 51 48 0.566528
2013 07 02 04 51 49 0.573184
2013 07 02 04 51 50 0.579840
2013 07 02 04 51 51 0.586496
2013 07 02 04 51 52 0.593152
2013 07 02 04 51 53 0.599808
2013 07 02 04 51 54 0.606464
2013 07 02 04 51 55 0.613120
2013 07 02 04 51 56 0.619776
2013 07 02 04 51 57 0.626176
2013 07 02 04 51 58 0.632832
2013 07 02 04 51 59 0.639488
2013 07 02 04 52 00 0.646144
2013 07 02 04 52 01 0.652800
2013 07 02 04 52 02 0.659456
2013 07 02 04 52 03 0.666112
2013 07 02 04 52 04 0.672768
2013 07 02 04 52 05 0.679424
2013 07 02 04 52 06 0.685824
2013 07 02 04 52 07 0.692480
2013 07 02 04 52 08 0.699136
2013 07 02 04 52 09 0.705792
2013 07 02 04 52 10 0.712448
2013 07 02 04 52 11 0.719104
2013 07 02 04 52 12 0.725760
2013 07 02 04 52 13 0.732416
2013 07 02 04 52 14 0.739072
2013 07 02 04 52 15 0.745472
2013 07 02 04 52 16 0.752128
2013 07 02 04 52 17 0.758784
2013 07 02 04 52 18 0.765440
2013 07 02 04 52 19 0.772096
2013 07 02 04 52 20 0.778752
2013 07 02 04 52 21 0.785408
2013 07 02 04 52 22 0.792064
2013 07 02 04 52 23 0.798720
2013 07 02 04 52 24 0.805120
2013 07 02 04 52 25 0.811776
2013 07 02 04 52 26 0.818432
2013 07 02 04 52 27 0.825088
2013 07 02 04 52 28 0.580096
2013 07 02 04 52 29 0.586752
2013 07 02 04 52 30 0.593408
2013 07 02 04 52 31 0.600064
2013 07 02 04 52 32 0.606720
2013 07 02 04 52 33 0.613376
2013 07 02 04 52 34 0.620032
2013 07 02 04 52 35 0.626688
2013 07 02 04 52 36 0.633344
2013 07 02 04 52 37 0.640000
2013 07 02 04 52 38 0.646656
2013 07 02 04 52 39 0.653056
2013 07 02 04 52 40 0.659712
2013 07 02 04 52 41 0.666368
2013 07 02 04 52 42 0.673024
2013 07 02 04 52 43 0.679680
2013 07 02 04 52 44 0.686336
2013 07 02 04 52 45 0.692992
2013 07 02 04 52 46 0.699392
2013 07 02 04 52 47 0.706048
2013 07 02 04 52 48 0.712704
2013 07 02 04 52 49 0.719360
2013 07 02 04 52 50 0.726016
2013 07 02 04 52 51 0.732672
2013 07 02 04 52 52 0.739328
2013 07 02 04 52 53 0.745984
2013 07 02 04 52 54 0.752640
2013 07 02 04 52 55 0.759296
2013 07 02 04 52 56 0.765952
2013 07 02 04 52 57 0.772608
2013 07 02 04 52 58 0.779008
2013 07 02 04 52 59 0.785664
2013 07 02 04 53 00 0.792320
2013 07 02 04 53 01 0.798976
2013 07 02 04 53 02 0.805632
2013 07 02 04 53 03 0.812288
2013 07 02 04 53 04 0.818944
2013 07 02 04 53 05 0.825600
2013 07 02 04 53 06 0.832000
2013 07 02 04 53 07 0.838656
2013 07 02 04 53 08 0.845312
2013 07 02 04 53 09 0.851968
2013 07 02 04 53 10 0.858624
2013 07 02 04 53 11 0.865280
2013 07 02 04 53 12 0.871936
2013 07 02 04 53 13 0.878592
2013 07 02 04 53 14 0.884992
2013 07 02 04 53 15 0.891648
2013 07 02 04 53 16 0.898560
2013 07 02 04 53 17 0.904960
2013 07 02 04 53 18 0.911616
2013 07 02 04 53 19 0.918272
2013 07 02 04 53 20 0.924928
2013 07 02 04 53 21 0.931584
2013 07 02 04 53 22 0.938240
2013 07 02 04 53 23 0.944896
2013 07 02 04 53 24 0.951552
2013 07 02 04 53 25 0.958208
2013 07 02 04 53 26 0.964608
2013 07 02 04 53 27 0.971264
2013 07 02 04 53 28 0.977920
2013 07 02 04 53 29 0.984576
2013 07 02 04 53 30 0.991232
2013 07 02 04 53 31 0.997888
2013 07 02 04 53 33 0.004352
2013 07 02 04 53 34 0.011008
2013 07 02 04 53 35 0.017664
2013 07 02 04 53 36 0.024320
2013 07 02 04 53 37 0.030976
2013 07 02 04 53 38 0.037632
2013 07 02 04 53 39 0.044288
2013 07 02 04 53 40 0.050944
2013 07 02 04 53 41 0.308992
2013 07 02 04 53 42 0.567552
2013 07 02 04 53 43 0.573952
2013 07 02 04 53 44 0.580608
2013 07 02 04 53 45 0.587264
2013 07 02 04 53 46 0.593920
2013 07 02 04 53 47 0.600576
2013 07 02 04 53 48 0.607232
2013 07 02 04 53 49 0.613888
2013 07 02 04 53 50 0.620544
2013 07 02 04 53 51 0.627200
2013 07 02 04 53 52 0.633600
2013 07 02 04 53 53 0.640256
2013 07 02 04 53 54 0.646912
2013 07 02 04 53 55 0.653568
2013 07 02 04 53 56 0.660224
2013 07 02 04 53 57 0.666880
2013 07 02 04 53 58 0.673536
2013 07 02 04 53 59 0.680192
2013 07 02 04 54 00 0.686592
2013 07 02 04 54 01 0.693248
2013 07 02 04 54 02 0.699904
2013 07 02 04 54 03 0.706560
2013 07 02 04 54 04 0.713216
2013 07 02 04 54 05 0.719872
2013 07 02 04 54 06 0.726528
2013 07 02 04 54 07 0.733184
2013 07 02 04 54 08 0.739840
2013 07 02 04 54 09 0.746496
2013 07 02 04 54 10 0.753152
2013 07 02 04 54 11 0.759552
2013 07 02 04 54 12 0.766208
2013 07 02 04 54 13 0.772864
2013 07 02 04 54 14 0.779520
2013 07 02 04 54 15 0.786176
2013 07 02 04 54 16 0.792832
2013 07 02 04 54 17 0.799488
2013 07 02 04 54 18 0.805888
2013 07 02 04 54 19 0.812544
2013 07 02 04 54 20 0.819200
2013 07 02 04 54 21 0.825856
2013 07 02 04 54 22 0.832512
2013 07 02 04 54 23 0.839168
2013 07 02 04 54 24 0.845824
2013 07 02 04 54 25 0.852480
2013 07 02 04 54 26 0.859136
2013 07 02 04 54 27 0.865792
2013 07 02 04 54 28 0.872448
2013 07 02 04 54 29 0.878848
2013 07 02 04 54 30 0.885504
2013 07 02 04 54 31 0.892160
2013 07 02 04 54 32 0.898816
2013 07 02 04 54 33 0.905472
2013 07 02 04 54 34 0.912128
2013 07 02 04 54 35 0.918784
2013 07 02 04 54 36 0.925440
2013 07 02 04 54 37 0.932096
2013 07 02 04 54 38 0.938752
2013 07 02 04 54 39 0.945152
2013 07 02 04 54 40 0.951808
2013 07 02 04 54 41 0.958464
2013 07 02 04 54 42 0.965120
2013 07 02 04 54 43 0.719872
2013 07 02 04 54 44 0.726528
2013 07 02 04 54 45 0.733184
2013 07 02 04 54 46 0.739840
2013 07 02 04 54 47 0.746496
2013 07 02 04 54 48 0.753152
2013 07 02 04 54 49 0.759808
2013 07 02 04 54 50 0.766464
2013 07 02 04 54 51 0.772864
2013 07 02 04 54 52 0.779520
2013 07 02 04 54 53 0.786176
2013 07 02 04 54 54 0.541440
2013 07 02 04 54 55 0.296192
2013 07 02 04 54 56 0.302848
2013 07 02 04 54 57 0.309504
2013 07 02 04 54 58 0.316160
2013 07 02 04 54 59 0.322560
2013 07 02 04 55 00 0.329216
2013 07 02 04 55 01 0.335872
2013 07 02 04 55 02 0.342528
2013 07 02 04 55 03 0.349184
2013 07 02 04 55 04 0.355840
2013 07 02 04 55 05 0.362496
2013 07 02 04 55 06 0.369152
2013 07 02 04 55 07 0.375808
2013 07 02 04 55 08 0.382208
2013 07 02 04 55 09 0.388864
2013 07 02 04 55 10 0.395520
2013 07 02 04 55 11 0.402176
2013 07 02 04 55 12 0.408832
2013 07 02 04 55 13 0.415488
2013 07 02 04 55 14 0.422144
2013 07 02 04 55 15 0.428800
2013 07 02 04 55 16 0.435456
2013 07 02 04 55 17 0.442112
2013 07 02 04 55 18 0.448512
2013 07 02 04 55 19 0.455168
2013 07 02 04 55 20 0.461824
2013 07 02 04 55 21 0.468480
2013 07 02 04 55 22 0.475136
2013 07 02 04 55 23 0.481792
2013 07 02 04 55 24 0.488448
2013 07 02 04 55 25 0.495104
2013 07 02 04 55 26 0.501760
2013 07 02 04 55 27 0.508160
2013 07 02 04 55 28 0.514816
2013 07 02 04 55 29 0.521472
2013 07 02 04 55 30 0.528128
2013 07 02 04 55 31 0.534784
2013 07 02 04 55 32 0.541440
2013 07 02 04 55 33 0.799744
2013 07 02 04 55 34 0.806400
2013 07 02 04 55 35 0.813056
2013 07 02 04 55 37 0.071168
2013 07 02 04 55 38 0.077824
2013 07 02 04 55 39 0.084480
2013 07 02 04 55 40 0.091136
2013 07 02 04 55 41 0.097792
2013 07 02 04 55 42 0.356352
2013 07 02 04 55 43 0.362752
2013 07 02 04 55 44 0.369408
2013 07 02 04 55 45 0.376064
2013 07 02 04 55 46 0.382720
2013 07 02 04 55 47 0.389376
2013 07 02 04 55 48 0.396032
2013 07 02 04 55 49 0.402688
2013 07 02 04 55 50 0.409344
2013 07 02 04 55 51 0.415744
2013 07 02 04 55 52 0.422400
2013 07 02 04 55 53 0.429056
2013 07 02 04 55 54 0.435712
2013 07 02 04 55 55 0.442368
2013 07 02 04 55 56 0.449024
2013 07 02 04 55 57 0.455680
2013 07 02 04 55 58 0.462336
2013 07 02 04 55 59 0.468736
2013 07 02 04 56 00 0.475648
2013 07 02 04 56 01 0.230400
2013 07 02 04 56 02 0.237056
2013 07 02 04 56 03 0.243712
2013 07 02 04 56 04 0.250112
2013 07 02 04 56 05 0.256768
2013 07 02 04 56 06 0.263424
2013 07 02 04 56 07 0.270080
2013 07 02 04 56 08 0.276736
2013 07 02 04 56 09 0.283392
2013 07 02 04 56 10 0.290048
2013 07 02 04 56 11 0.296704
2013 07 02 04 56 12 0.303360
2013 07 02 04 56 13 0.309760
2013 07 02 04 56 14 0.316416
2013 07 02 04 56 15 0.323072
2013 07 02 04 56 16 0.329728
2013 07 02 04 56 17 0.336384
2013 07 02 04 56 18 0.343040
2013 07 02 04 56 19 0.349696
2013 07 02 04 56 20 0.356352
2013 07 02 04 56 21 0.363008
2013 07 02 04 56 22 0.369408
2013 07 02 04 56 23 0.376064
2013 07 02 04 56 24 0.382720
2013 07 02 04 56 25 0.389376
2013 07 02 04 56 26 0.396032
2013 07 02 04 56 27 0.402688
2013 07 02 04 56 28 0.409344
2013 07 02 04 56 29 0.416000
2013 07 02 04 56 30 0.422656
2013 07 02 04 56 31 0.429056
2013 07 02 04 56 32 0.435712
2013 07 02 04 56 33 0.442368
2013 07 02 04 56 34 0.449024
2013 07 02 04 56 35 0.455680
2013 07 02 04 56 36 0.462336
2013 07 02 04 56 37 0.468992
2013 07 02 04 56 38 0.475648
2013 07 02 04 56 39 0.482304
2013 07 02 04 56 40 0.488960
2013 07 02 04 56 41 0.495360
2013 07 02 04 56 42 0.502016
2013 07 02 04 56 43 0.508672
2013 07 02 04 56 44 0.515328
2013 07 02 04 56 45 0.521984
2013 07 02 04 56 46 0.528640
2013 07 02 04 56 47 0.535296
2013 07 02 04 56 48 0.541952
2013 07 02 04 56 49 0.548608
2013 07 02 04 56 50 0.555008
2013 07 02 04 56 51 0.561664
2013 07 02 04 56 52 0.568320
2013 07 02 04 56 53 0.574976
2013 07 02 04 56 54 0.581632
2013 07 02 04 56 55 0.588288
2013 07 02 04 56 56 0.594944
2013 07 02 04 56 57 0.601600
2013 07 02 04 56 58 0.608256
2013 07 02 04 56 59 0.614656
2013 07 02 04 57 00 0.621312
2013 07 02 04 57 01 0.627968
2013 07 02 04 57 02 0.634624
2013 07 02 04 57 03 0.641280
2013 07 02 04 57 04 0.647936
2013 07 02 04 57 05 0.654592
2013 07 02 04 57 06 0.661248
2013 07 02 04 57 07 0.667904
2013 07 02 04 57 08 0.674560
2013 07 02 04 57 09 0.932864
2013 07 02 04 57 10 0.939520
2013 07 02 04 57 12 0.197632
2013 07 02 04 57 13 0.204288
2013 07 02 04 57 14 0.210944
2013 07 02 04 57 15 0.469504
2013 07 02 04 57 16 0.475904
2013 07 02 04 57 17 0.482560
2013 07 02 04 57 18 0.489216
2013 07 02 04 57 19 0.495872
2013 07 02 04 57 20 0.502528
2013 07 02 04 57 21 0.509184
2013 07 02 04 57 22 0.515840
2013 07 02 04 57 23 0.522240
2013 07 02 04 57 24 0.528896
2013 07 02 04 57 25 0.535552
2013 07 02 04 57 26 0.542208
2013 07 02 04 57 27 0.548864
2013 07 02 04 57 28 0.555520
2013 07 02 04 57 29 0.562176
2013 07 02 04 57 30 0.568832
2013 07 02 04 57 31 0.575488
2013 07 02 04 57 32 0.582144
2013 07 02 04 57 33 0.588544
2013 07 02 04 57 34 0.595456
2013 07 02 04 57 35 0.601856
2013 07 02 04 57 36 0.608512
2013 07 02 04 57 37 0.615168
2013 07 02 04 57 38 0.621824
2013 07 02 04 57 39 0.628480
2013 07 02 04 57 40 0.635136
2013 07 02 04 57 41 0.641536
2013 07 02 04 57 42 0.648192
2013 07 02 04 57 43 0.654848
2013 07 02 04 57 44 0.661504
2013 07 02 04 57 45 0.668160
2013 07 02 04 57 46 0.674816
2013 07 02 04 57 47 0.681472
2013 07 02 04 57 48 0.688128
2013 07 02 04 57 49 0.694784
2013 07 02 04 57 50 0.701440
2013 07 02 04 57 51 0.707840
2013 07 02 04 57 52 0.714496
2013 07 02 04 57 53 0.469504
2013 07 02 04 57 54 0.476160
2013 07 02 04 57 55 0.482816
2013 07 02 04 57 56 0.489216
2013 07 02 04 57 57 0.495872
2013 07 02 04 57 58 0.502528
2013 07 02 04 57 59 0.509184
2013 07 02 04 58 00 0.515840
2013 07 02 04 58 01 0.522496
2013 07 02 04 58 02 0.529152
2013 07 02 04 58 03 0.535808
2013 07 02 04 58 04 0.290816
2013 07 02 04 58 05 0.297472
2013 07 02 04 58 06 0.304128
2013 07 02 04 58 07 0.310784
2013 07 02 04 58 08 0.317440
2013 07 02 04 58 09 0.323840
2013 07 02 04 58 10 0.330496
2013 07 02 04 58 11 0.337152
2013 07 02 04 58 12 0.343808
2013 07 02 04 58 13 0.350464
2013 07 02 04 58 14 0.357120
2013 07 02 04 58 15 0.363776
2013 07 02 04 58 16 0.370432
2013 07 02 04 58 17 0.125184
2013 07 02 04 58 18 0.131840
2013 07 02 04 58 19 0.138496
2013 07 02 04 58 20 0.145152
2013 07 02 04 58 21 0.151808
2013 07 02 04 58 22 0.158464
2013 07 02 04 58 23 0.164864
2013 07 02 04 58 24 0.171520
2013 07 02 04 58 25 0.178176
2013 07 02 04 58 26 0.184832
2013 07 02 04 58 27 0.191488
2013 07 02 04 58 28 0.198144
2013 07 02 04 58 29 0.204800
2013 07 02 04 58 30 0.211456
2013 07 02 04 58 31 0.218112
2013 07 02 04 58 32 0.224512
2013 07 02 04 58 33 0.231168
2013 07 02 04 58 34 0.237824
2013 07 02 04 58 35 0.244480
2013 07 02 04 58 36 0.251136
2013 07 02 04 58 37 0.257792
2013 07 02 04 58 38 0.264448
2013 07 02 04 58 39 0.271104
2013 07 02 04 58 40 0.277760
2013 07 02 04 58 41 0.284416
2013 07 02 04 58 42 0.290816
2013 07 02 04 58 43 0.297472
2013 07 02 04 58 44 0.304128
2013 07 02 04 58 45 0.310784
2013 07 02 04 58 46 0.317440
2013 07 02 04 58 47 0.324096
2013 07 02 04 58 48 0.330752
2013 07 02 04 58 49 0.337408
2013 07 02 04 58 50 0.344064
2013 07 02 04 58 51 0.350464
2013 07 02 04 58 52 0.357120
2013 07 02 04 58 53 0.363776
2013 07 02 04 58 54 0.370432
2013 07 02 04 58 55 0.377088
2013 07 02 04 58 56 0.383744
2013 07 02 04 58 57 0.390400
2013 07 02 04 58 58 0.397056
2013 07 02 04 58 59 0.403712
2013 07 02 04 59 00 0.410112
2013 07 02 04 59 01 0.416768
2013 07 02 04 59 02 0.423424
2013 07 02 04 59 03 0.430080
2013 07 02 04 59 04 0.436736
2013 07 02 04 59 05 0.443392
2013 07 02 04 59 06 0.450048
2013 07 02 04 59 07 0.456704
2013 07 02 04 59 08 0.715008
2013 07 02 04 59 09 0.973312
2013 07 02 04 59 10 0.979712
2013 07 02 04 59 12 0.238336
2013 07 02 04 59 13 0.244992
2013 07 02 04 59 14 0.251648
2013 07 02 04 59 15 0.258304
2013 07 02 04 59 16 0.516352
2013 07 02 04 59 17 0.523008
2013 07 02 04 59 18 0.529664
2013 07 02 04 59 19 0.536320
2013 07 02 04 59 20 0.542720
2013 07 02 04 59 21 0.549376
2013 07 02 04 59 22 0.556032
2013 07 02 04 59 23 0.562688
2013 07 02 04 59 24 0.569344
2013 07 02 04 59 25 0.576000
2013 07 02 04 59 26 0.582656
2013 07 02 04 59 27 0.589312
2013 07 02 04 59 28 0.595712
2013 07 02 04 59 29 0.602368
2013 07 02 04 59 30 0.609024
2013 07 02 04 59 31 0.615680
2013 07 02 04 59 32 0.622336
2013 07 02 04 59 33 0.628992
2013 07 02 04 59 34 0.635648
2013 07 02 04 59 35 0.642304
2013 07 02 04 59 36 0.648960
2013 07 02 04 59 37 0.655616
2013 07 02 04 59 38 0.662272
2013 07 02 04 59 39 0.668672
2013 07 02 04 59 40 0.675328
2013 07 02 04 59 41 0.681984
2013 07 02 04 59 42 0.688640
2013 07 02 04 59 43 0.695296
2013 07 02 04 59 44 0.701952
2013 07 02 04 59 45 0.708608
2013 07 02 04 59 46 0.715264
2013 07 02 04 59 47 0.721920
2013 07 02 04 59 48 0.728320
2013 07 02 04 59 49 0.734976
2013 07 02 04 59 50 0.741632
2013 07 02 04 59 51 0.748288
2013 07 02 04 59 52 0.754944
2013 07 02 04 59 53 0.761600
2013 07 02 04 59 54 0.768256
2013 07 02 04 59 55 0.523264
2013 07 02 04 59 56 0.529920
2013 07 02 04 59 57 0.536576
2013 07 02 04 59 58 0.543232
2013 07 02 04 59 59 0.549888
2013 07 02 05 00 00 0.556544
2013 07 02 05 00 01 0.562944
2013 07 02 05 00 02 0.569600
2013 07 02 05 00 03 0.576256
2013 07 02 05 00 04 0.582912
2013 07 02 05 00 05 0.589568
2013 07 02 05 00 06 0.596224
2013 07 02 05 00 07 0.602880
2013 07 02 05 00 08 0.609536
2013 07 02 05 00 09 0.616192
2013 07 02 05 00 10 0.622848
2013 07 02 05 00 11 0.629504
2013 07 02 05 00 12 0.636160
2013 07 02 05 00 13 0.642816
2013 07 02 05 00 14 0.649216
2013 07 02 05 00 15 0.655872
2013 07 02 05 00 16 0.662528
2013 07 02 05 00 17 0.669184
2013 07 02 05 00 18 0.675840
2013 07 02 05 00 19 0.682496
2013 07 02 05 00 20 0.688896
2013 07 02 05 00 21 0.695552
2013 07 02 05 00 22 0.702208
2013 07 02 05 00 23 0.708864
2013 07 02 05 00 24 0.715520
2013 07 02 05 00 25 0.722176
2013 07 02 05 00 26 0.728832
2013 07 02 05 00 27 0.735488
2013 07 02 05 00 28 0.742144
2013 07 02 05 00 29 0.748800
2013 07 02 05 00 30 0.755200
2013 07 02 05 00 31 0.761856
2013 07 02 05 00 32 0.768512
2013 07 02 05 00 33 0.775168
2013 07 02 05 00 34 0.781824
2013 07 02 05 00 35 0.788480
2013 07 02 05 00 36 0.795136
2013 07 02 05 00 37 0.801536
2013 07 02 05 00 38 0.808192
2013 07 02 05 00 39 0.814848
2013 07 02 05 00 40 0.821504
2013 07 02 05 00 41 0.828160
2013 07 02 05 00 43 0.086272
2013 07 02 05 00 44 0.092928
2013 07 02 05 00 45 0.351232
2013 07 02 05 00 46 0.609536
2013 07 02 05 00 47 0.615936
2013 07 02 05 00 48 0.622592
2013 07 02 05 00 49 0.629248
2013 07 02 05 00 50 0.887808
2013 07 02 05 00 51 0.894208
2013 07 02 05 00 52 0.900864
2013 07 02 05 00 53 0.907520
2013 07 02 05 00 54 0.914176
2013 07 02 05 00 55 0.920832
2013 07 02 05 00 56 0.927488
2013 07 02 05 00 57 0.934144
2013 07 02 05 00 58 0.940800
2013 07 02 05 00 59 0.947456
2013 07 02 05 01 00 0.954112
2013 07 02 05 01 01 0.960512
2013 07 02 05 01 02 0.967168
2013 07 02 05 01 03 0.973824
2013 07 02 05 01 04 0.980480
2013 07 02 05 01 05 0.987136
2013 07 02 05 01 06 0.993792
2013 07 02 05 01 08 0.000256
2013 07 02 05 01 09 0.006912
2013 07 02 05 01 10 0.013568
2013 07 02 05 01 11 0.020224
2013 07 02 05 01 12 0.026880
2013 07 02 05 01 13 0.033280
2013 07 02 05 01 14 0.039936
2013 07 02 05 01 15 0.046592
2013 07 02 05 01 16 0.053248
2013 07 02 05 01 17 0.059904
2013 07 02 05 01 18 0.066560
2013 07 02 05 01 19 0.073216
2013 07 02 05 01 20 0.079872
2013 07 02 05 01 21 0.086528
2013 07 02 05 01 21 0.841216
2013 07 02 05 01 22 0.847872
2013 07 02 05 01 23 0.854528
2013 07 02 05 01 24 0.861184
2013 07 02 05 01 25 0.867584
2013 07 02 05 01 26 0.874240
2013 07 02 05 01 27 0.880896
2013 07 02 05 01 28 0.636160
2013 07 02 05 01 29 0.642560
2013 07 02 05 01 30 0.397568
2013 07 02 05 01 31 0.403968
2013 07 02 05 01 32 0.410624
2013 07 02 05 01 33 0.417280
2013 07 02 05 01 34 0.423936
2013 07 02 05 01 35 0.430592
2013 07 02 05 01 36 0.437248
2013 07 02 05 01 37 0.443904
2013 07 02 05 01 38 0.450560
2013 07 02 05 01 39 0.457216
2013 07 02 05 01 40 0.463616
2013 07 02 05 01 41 0.470272
2013 07 02 05 01 42 0.476928
2013 07 02 05 01 43 0.483584
2013 07 02 05 01 44 0.490240
2013 07 02 05 01 45 0.496896
2013 07 02 05 01 46 0.503552
2013 07 02 05 01 47 0.509952
2013 07 02 05 01 48 0.516608
2013 07 02 05 01 49 0.523264
2013 07 02 05 01 50 0.529920
2013 07 02 05 01 51 0.536576
2013 07 02 05 01 52 0.543232
2013 07 02 05 01 53 0.549888
2013 07 02 05 01 54 0.556544
2013 07 02 05 01 55 0.562944
2013 07 02 05 01 56 0.569600
2013 07 02 05 01 57 0.576256
2013 07 02 05 01 58 0.582912
2013 07 02 05 01 59 0.589568
2013 07 02 05 02 00 0.596224
2013 07 02 05 02 01 0.602880
2013 07 02 05 02 02 0.609280
2013 07 02 05 02 03 0.615936
2013 07 02 05 02 04 0.874496
2013 07 02 05 02 05 0.881152
2013 07 02 05 02 06 0.887552
2013 07 02 05 02 08 0.145920
2013 07 02 05 02 09 0.152320
2013 07 02 05 02 10 0.158976
2013 07 02 05 02 11 0.165632
2013 07 02 05 02 12 0.424192
2013 07 02 05 02 13 0.430848
2013 07 02 05 02 14 0.437504
2013 07 02 05 02 15 0.444160
2013 07 02 05 02 16 0.450560
2013 07 02 05 02 17 0.457216
2013 07 02 05 02 18 0.463872
2013 07 02 05 02 19 0.470528
2013 07 02 05 02 20 0.477184
2013 07 02 05 02 21 0.483584
2013 07 02 05 02 22 0.490240
2013 07 02 05 02 23 0.496896
2013 07 02 05 02 24 0.755200
2013 07 02 05 02 25 0.761600
2013 07 02 05 02 27 0.020224
2013 07 02 05 02 28 0.026880
2013 07 02 05 02 29 0.033536
2013 07 02 05 02 30 0.040192
2013 07 02 05 02 31 0.046592
2013 07 02 05 02 32 0.053248
2013 07 02 05 02 32 0.808192
2013 07 02 05 02 33 0.814592
2013 07 02 05 02 34 0.821248
2013 07 02 05 02 35 0.827904
2013 07 02 05 02 36 0.834560
2013 07 02 05 02 37 0.841216
2013 07 02 05 02 38 0.847872
2013 07 02 05 02 39 0.854528
2013 07 02 05 02 40 0.861184
2013 07 02 05 02 41 0.867584
2013 07 02 05 02 42 0.874240
2013 07 02 05 02 43 0.880896
2013 07 02 05 02 44 0.887552
2013 07 02 05 02 45 0.894208
2013 07 02 05 02 46 0.900864
2013 07 02 05 02 47 0.907520
2013 07 02 05 02 48 0.914176
2013 07 02 05 02 49 0.920576
2013 07 02 05 02 50 0.927232
2013 07 02 05 02 51 0.933888
2013 07 02 05 02 52 0.940544
2013 07 02 05 02 53 0.947200
2013 07 02 05 02 54 0.953856
2013 07 02 05 02 55 0.960512
2013 07 02 05 02 56 0.966912
2013 07 02 05 02 57 0.973568
2013 07 02 05 02 58 0.980224
2013 07 02 05 02 59 0.986880
2013 07 02 05 03 00 0.993536
2013 07 02 05 03 02 0.000256
2013 07 02 05 03 03 0.006912
2013 07 02 05 03 04 0.013312
2013 07 02 05 03 05 0.019968
2013 07 02 05 03 06 0.026624
2013 07 02 05 03 07 0.033280
2013 07 02 05 03 08 0.039936
2013 07 02 05 03 09 0.046592
2013 07 02 05 03 10 0.053248
2013 07 02 05 03 11 0.059648
2013 07 02 05 03 12 0.066304
2013 07 02 05 03 13 0.072960
2013 07 02 05 03 14 0.079616
2013 07 02 05 03 15 0.086272
2013 07 02 05 03 16 0.092928
2013 07 02 05 03 17 0.099584
2013 07 02 05 03 18 0.106240
2013 07 02 05 03 19 0.112640
2013 07 02 05 03 20 0.119296
2013 07 02 05 03 21 0.125952
2013 07 02 05 03 22 0.132608
2013 07 02 05 03 23 0.139264
2013 07 02 05 03 24 0.145920
2013 07 02 05 03 25 0.152576
2013 07 02 05 03 26 0.158976
2013 07 02 05 03 27 0.165632
2013 07 02 05 03 28 0.172288
2013 07 02 05 03 28 0.927488
2013 07 02 05 03 29 0.934144
2013 07 02 05 03 30 0.940800
2013 07 02 05 03 31 0.947456
2013 07 02 05 03 32 0.954112
2013 07 02 05 03 33 0.960512
2013 07 02 05 03 34 0.967168
2013 07 02 05 03 35 0.973824
2013 07 02 05 03 36 0.980480
2013 07 02 05 03 37 0.987136
2013 07 02 05 03 38 0.993792
2013 07 02 05 03 40 0.000256
2013 07 02 05 03 41 0.006912
2013 07 02 05 03 42 0.013568
2013 07 02 05 03 43 0.020224
2013 07 02 05 03 44 0.026880
2013 07 02 05 03 45 0.033536
2013 07 02 05 03 46 0.039936
2013 07 02 05 03 47 0.046592
2013 07 02 05 03 48 0.053248
2013 07 02 05 03 49 0.059904
2013 07 02 05 03 50 0.066560
2013 07 02 05 03 51 0.073216
2013 07 02 05 03 52 0.079872
2013 07 02 05 03 53 0.086528
2013 07 02 05 03 54 0.093184
2013 07 02 05 03 55 0.099584
2013 07 02 05 03 56 0.106240
2013 07 02 05 03 57 0.112896
2013 07 02 05 03 58 0.119552
2013 07 02 05 03 59 0.126208
2013 07 02 05 04 00 0.132864
2013 07 02 05 04 01 0.139520
2013 07 02 05 04 02 0.146176
2013 07 02 05 04 03 0.152832
2013 07 02 05 04 04 0.159488
2013 07 02 05 04 05 0.165888
2013 07 02 05 04 06 0.172544
2013 07 02 05 04 07 0.179200
2013 07 02 05 04 08 0.185856
2013 07 02 05 04 09 0.192512
2013 07 02 05 04 10 0.198912
2013 07 02 05 04 11 0.205568
2013 07 02 05 04 12 0.212224
2013 07 02 05 04 13 0.218880
2013 07 02 05 04 14 0.225536
2013 07 02 05 04 15 0.232192
2013 07 02 05 04 16 0.238848
2013 07 02 05 04 17 0.245504
2013 07 02 05 04 18 0.000256
2013 07 02 05 04 19 0.006912
2013 07 02 05 04 20 0.013568
2013 07 02 05 04 21 0.020224
2013 07 02 05 04 22 0.026624
2013 07 02 05 04 23 0.033280
2013 07 02 05 04 24 0.039936
2013 07 02 05 04 25 0.046592
2013 07 02 05 04 26 0.053248
2013 07 02 05 04 27 0.059904
2013 07 02 05 04 28 0.066560
2013 07 02 05 04 28 0.821504
2013 07 02 05 04 29 0.828160
2013 07 02 05 04 30 0.834816
2013 07 02 05 04 31 0.841472
2013 07 02 05 04 32 0.848128
2013 07 02 05 04 33 0.854784
2013 07 02 05 04 34 0.861440
2013 07 02 05 04 35 0.867840
2013 07 02 05 04 36 0.874496
2013 07 02 05 04 37 0.881152
2013 07 02 05 04 38 0.887808
2013 07 02 05 04 39 0.894464
2013 07 02 05 04 40 0.901120
2013 07 02 05 04 41 0.907776
2013 07 02 05 04 42 0.914432
2013 07 02 05 04 43 0.921088
2013 07 02 05 04 44 0.927488
2013 07 02 05 04 45 0.934144
2013 07 02 05 04 46 0.940800
2013 07 02 05 04 47 0.947456
2013 07 02 05 04 48 0.954112
2013 07 02 05 04 49 0.960768
2013 07 02 05 04 50 0.967168
2013 07 02 05 04 51 0.973824
2013 07 02 05 04 52 0.980480
2013 07 02 05 04 53 0.987136
2013 07 02 05 04 54 0.993792
2013 07 02 05 04 56 0.000512
2013 07 02 05 04 57 0.006912
2013 07 02 05 04 58 0.013568
2013 07 02 05 04 59 0.020224
2013 07 02 05 05 00 0.026880
2013 07 02 05 05 01 0.033536
2013 07 02 05 05 02 0.040192
2013 07 02 05 05 03 0.046848
2013 07 02 05 05 04 0.053504
2013 07 02 05 05 05 0.060160
2013 07 02 05 05 06 0.066816
2013 07 02 05 05 07 0.073216
2013 07 02 05 05 08 0.079872
2013 07 02 05 05 09 0.086528
2013 07 02 05 05 10 0.093184
2013 07 02 05 05 11 0.099840
2013 07 02 05 05 12 0.106240
2013 07 02 05 05 13 0.112896
2013 07 02 05 05 14 0.119552
2013 07 02 05 05 15 0.126208
2013 07 02 05 05 16 0.132864
2013 07 02 05 05 17 0.139520
2013 07 02 05 05 18 0.146176
2013 07 02 05 05 19 0.152832
2013 07 02 05 05 20 0.159488
2013 07 02 05 05 21 0.165888
2013 07 02 05 05 22 0.172544
2013 07 02 05 05 23 0.179200
2013 07 02 05 05 24 0.185856
2013 07 02 05 05 25 0.192512
2013 07 02 05 05 26 0.199168
2013 07 02 05 05 27 0.205824
2013 07 02 05 05 28 0.212480
2013 07 02 05 05 29 0.219136
2013 07 02 05 05 30 0.225536
2013 07 02 05 05 31 0.232192
2013 07 02 05 05 32 0.238848
2013 07 02 05 05 33 0.245504
2013 07 02 05 05 34 0.252160
2013 07 02 05 05 35 0.258816
2013 07 02 05 05 36 0.265472
2013 07 02 05 05 37 0.271872
2013 07 02 05 05 38 0.278528
2013 07 02 05 05 39 0.285184
2013 07 02 05 05 40 0.291840
2013 07 02 05 05 41 0.298496
2013 07 02 05 05 42 0.305152
2013 07 02 05 05 43 0.311552
2013 07 02 05 05 44 0.318208
2013 07 02 05 05 45 0.324864
2013 07 02 05 05 46 0.331520
2013 07 02 05 05 47 0.589824
2013 07 02 05 05 48 0.596224
2013 07 02 05 05 49 0.602880
2013 07 02 05 05 50 0.609536
2013 07 02 05 05 51 0.616192
2013 07 02 05 05 52 0.622848
2013 07 02 05 05 53 0.629504
2013 07 02 05 05 54 0.636160
2013 07 02 05 05 55 0.642816
2013 07 02 05 05 56 0.649216
2013 07 02 05 05 57 0.655872
2013 07 02 05 05 58 0.662528
2013 07 02 05 05 59 0.669184
2013 07 02 05 06 00 0.675840
2013 07 02 05 06 01 0.682496
2013 07 02 05 06 02 0.689152
2013 07 02 05 06 03 0.695808
2013 07 02 05 06 04 0.702208
2013 07 02 05 06 05 0.708864
2013 07 02 05 06 06 0.715520
2013 07 02 05 06 07 0.722176
2013 07 02 05 06 08 0.728832
2013 07 02 05 06 09 0.735488
2013 07 02 05 06 10 0.742144
2013 07 02 05 06 11 0.748800
2013 07 02 05 06 12 0.755200
2013 07 02 05 06 13 0.761856
2013 07 02 05 06 14 0.768512
2013 07 02 05 06 15 0.775168
2013 07 02 05 06 16 0.781824
2013 07 02 05 06 17 0.788480
2013 07 02 05 06 18 0.795136
2013 07 02 05 06 19 0.801536
2013 07 02 05 06 20 0.808192
2013 07 02 05 06 21 0.814848
2013 07 02 05 06 22 0.821504
2013 07 02 05 06 23 0.828160
2013 07 02 05 06 24 0.583168
2013 07 02 05 06 25 0.589824
2013 07 02 05 06 26 0.596480
2013 07 02 05 06 27 0.603136
2013 07 02 05 06 28 0.609792
2013 07 02 05 06 29 0.616448
2013 07 02 05 06 30 0.623104
2013 07 02 05 06 31 0.629760
2013 07 02 05 06 32 0.636160
2013 07 02 05 06 33 0.642816
2013 07 02 05 06 34 0.649472
2013 07 02 05 06 35 0.656128
2013 07 02 05 06 36 0.662784
2013 07 02 05 06 37 0.669440
2013 07 02 05 06 38 0.676096
2013 07 02 05 06 39 0.682496
2013 07 02 05 06 40 0.689152
2013 07 02 05 06 41 0.695808
2013 07 02 05 06 42 0.702464
2013 07 02 05 06 43 0.709120
2013 07 02 05 06 44 0.715776
2013 07 02 05 06 45 0.722432
2013 07 02 05 06 46 0.729088
2013 07 02 05 06 47 0.735744
2013 07 02 05 06 48 0.742400
2013 07 02 05 06 49 0.748800
2013 07 02 05 06 50 0.755456
2013 07 02 05 06 51 0.762112
2013 07 02 05 06 52 0.768768
2013 07 02 05 06 53 0.775424
2013 07 02 05 06 54 0.782080
2013 07 02 05 06 55 0.788736
2013 07 02 05 06 56 0.795136
2013 07 02 05 06 57 0.801792
2013 07 02 05 06 58 0.808448
2013 07 02 05 06 59 0.815104
2013 07 02 05 07 00 0.821760
2013 07 02 05 07 01 0.828416
2013 07 02 05 07 02 0.835072
2013 07 02 05 07 03 0.841472
2013 07 02 05 07 04 0.848128
2013 07 02 05 07 05 0.854784
2013 07 02 05 07 06 0.861440
2013 07 02 05 07 07 0.868096
2013 07 02 05 07 08 0.874752
2013 07 02 05 07 09 0.881408
2013 07 02 05 07 10 0.888064
2013 07 02 05 07 11 0.894720
2013 07 02 05 07 12 0.901376
2013 07 02 05 07 13 0.907776
2013 07 02 05 07 14 0.914432
2013 07 02 05 07 15 0.921088
2013 07 02 05 07 16 0.927744
2013 07 02 05 07 17 0.934400
2013 07 02 05 07 18 0.941056
2013 07 02 05 07 19 0.947456
2013 07 02 05 07 20 0.954112
2013 07 02 05 07 21 0.960768
2013 07 02 05 07 22 0.967424
2013 07 02 05 07 23 0.974080
2013 07 02 05 07 24 0.980736
2013 07 02 05 07 25 0.987392
2013 07 02 05 07 26 0.994048
2013 07 02 05 07 28 0.000512
2013 07 02 05 07 29 0.258816
2013 07 02 05 07 30 0.265216
2013 07 02 05 07 31 0.271872
2013 07 02 05 07 32 0.278528
2013 07 02 05 07 33 0.537088
2013 07 02 05 07 34 0.543744
2013 07 02 05 07 35 0.550400
2013 07 02 05 07 36 0.556800
2013 07 02 05 07 37 0.563456
2013 07 02 05 07 38 0.570112
2013 07 02 05 07 39 0.576768
2013 07 02 05 07 40 0.583424
2013 07 02 05 07 41 0.841472
2013 07 02 05 07 43 0.099840
2013 07 02 05 07 44 0.106496
2013 07 02 05 07 45 0.113152
2013 07 02 05 07 46 0.371200
2013 07 02 05 07 47 0.377856
2013 07 02 05 07 48 0.384512
2013 07 02 05 07 49 0.391168
2013 07 02 05 07 50 0.397824
2013 07 02 05 07 51 0.404480
2013 07 02 05 07 52 0.411136
2013 07 02 05 07 53 0.417792
2013 07 02 05 07 54 0.424192
2013 07 02 05 07 55 0.179456
2013 07 02 05 07 56 0.186112
2013 07 02 05 07 57 0.192768
2013 07 02 05 07 58 0.199168
2013 07 02 05 07 59 0.205824
2013 07 02 05 08 00 0.212480
2013 07 02 05 08 01 0.219136
2013 07 02 05 08 02 0.225792
2013 07 02 05 08 03 0.232448
2013 07 02 05 08 04 0.239104
2013 07 02 05 08 05 0.245760
2013 07 02 05 08 06 0.252160
2013 07 02 05 08 07 0.258816
2013 07 02 05 08 08 0.265472
2013 07 02 05 08 09 0.272128
2013 07 02 05 08 10 0.278784
2013 07 02 05 08 11 0.285440
2013 07 02 05 08 12 0.292096
2013 07 02 05 08 13 0.298752
2013 07 02 05 08 14 0.053504
2013 07 02 05 08 15 0.060160
2013 07 02 05 08 16 0.066816
2013 07 02 05 08 17 0.073472
2013 07 02 05 08 18 0.079872
2013 07 02 05 08 19 0.086528
2013 07 02 05 08 20 0.093184
2013 07 02 05 08 21 0.099840
2013 07 02 05 08 22 0.106496
2013 07 02 05 08 23 0.113152
2013 07 02 05 08 24 0.119808
2013 07 02 05 08 25 0.126464
2013 07 02 05 08 26 0.132864
2013 07 02 05 08 27 0.139520
2013 07 02 05 08 28 0.146176
2013 07 02 05 08 29 0.152832
2013 07 02 05 08 30 0.159488
2013 07 02 05 08 31 0.166144
2013 07 02 05 08 32 0.172800
2013 07 02 05 08 33 0.179456
2013 07 02 05 08 34 0.186112
2013 07 02 05 08 35 0.192512
2013 07 02 05 08 36 0.199168
2013 07 02 05 08 37 0.205824
2013 07 02 05 08 38 0.212480
2013 07 02 05 08 39 0.219136
2013 07 02 05 08 40 0.225792
2013 07 02 05 08 41 0.232448
2013 07 02 05 08 42 0.239104
2013 07 02 05 08 43 0.245504
2013 07 02 05 08 44 0.252160
2013 07 02 05 08 45 0.258816
2013 07 02 05 08 46 0.265472
2013 07 02 05 08 47 0.272128
2013 07 02 05 08 48 0.278784
2013 07 02 05 08 49 0.285440
2013 07 02 05 08 50 0.292096
2013 07 02 05 08 51 0.298496
2013 07 02 05 08 52 0.305152
2013 07 02 05 08 53 0.311808
2013 07 02 05 08 54 0.318464
2013 07 02 05 08 55 0.325120
2013 07 02 05 08 56 0.331776
2013 07 02 05 08 57 0.590336
2013 07 02 05 08 58 0.848384
2013 07 02 05 08 59 0.854784
2013 07 02 05 09 00 0.861440
2013 07 02 05 09 02 0.119808
2013 07 02 05 09 03 0.378112
2013 07 02 05 09 04 0.384768
2013 07 02 05 09 05 0.391168
2013 07 02 05 09 06 0.397824
2013 07 02 05 09 07 0.404480
2013 07 02 05 09 08 0.411136
2013 07 02 05 09 09 0.417792
2013 07 02 05 09 10 0.424448
2013 07 02 05 09 11 0.430848
2013 07 02 05 09 12 0.437504
2013 07 02 05 09 13 0.444160
2013 07 02 05 09 14 0.450816
2013 07 02 05 09 15 0.457472
2013 07 02 05 09 16 0.464128
2013 07 02 05 09 17 0.470528
2013 07 02 05 09 18 0.477184
2013 07 02 05 09 19 0.483840
2013 07 02 05 09 20 0.490496
2013 07 02 05 09 21 0.497152
2013 07 02 05 09 22 0.503808
2013 07 02 05 09 23 0.510208
2013 07 02 05 09 24 0.516864
2013 07 02 05 09 25 0.523520
2013 07 02 05 09 26 0.530176
2013 07 02 05 09 27 0.536832
2013 07 02 05 09 28 0.543488
2013 07 02 05 09 29 0.549888
2013 07 02 05 09 30 0.556544
2013 07 02 05 09 31 0.563200
2013 07 02 05 09 32 0.569856
2013 07 02 05 09 33 0.576512
2013 07 02 05 09 34 0.583168
2013 07 02 05 09 35 0.589568
2013 07 02 05 09 36 0.596224
2013 07 02 05 09 37 0.602880
2013 07 02 05 09 38 0.609536
2013 07 02 05 09 39 0.616192
2013 07 02 05 09 40 0.622848
2013 07 02 05 09 41 0.629248
2013 07 02 05 09 42 0.635904
2013 07 02 05 09 43 0.642560
2013 07 02 05 09 44 0.649216
2013 07 02 05 09 45 0.655872
2013 07 02 05 09 46 0.662528
2013 07 02 05 09 47 0.668928
2013 07 02 05 09 48 0.675584
2013 07 02 05 09 49 0.682240
2013 07 02 05 09 50 0.688896
2013 07 02 05 09 51 0.695552
2013 07 02 05 09 52 0.702208
2013 07 02 05 09 53 0.708608
2013 07 02 05 09 54 0.715264
2013 07 02 05 09 55 0.721920
2013 07 02 05 09 56 0.728576
2013 07 02 05 09 57 0.735232
2013 07 02 05 09 58 0.741888
2013 07 02 05 09 59 0.748544
