2013 07 02 07 08 00 0.125440
2013 07 02 07 08 00 0.377088
2013 07 02 07 08 00 0.628736
2013 07 02 07 08 00 0.880384
2013 07 02 07 08 01 0.132096
2013 07 02 07 08 01 0.383488
2013 07 02 07 08 01 0.635392
2013 07 02 07 08 01 0.887040
2013 07 02 07 08 02 0.138752
2013 07 02 07 08 02 0.390144
2013 07 02 07 08 02 0.642048
2013 07 02 07 08 02 0.893440
2013 07 02 07 08 03 0.145408
2013 07 02 07 08 03 0.396800
2013 07 02 07 08 03 0.648704
2013 07 02 07 08 03 0.900096
2013 07 02 07 08 04 0.152064
2013 07 02 07 08 04 0.403456
2013 07 02 07 08 04 0.655360
2013 07 02 07 08 04 0.906752
2013 07 02 07 08 05 0.158720
2013 07 02 07 08 05 0.410112
2013 07 02 07 08 05 0.662016
2013 07 02 07 08 05 0.913408
2013 07 02 07 08 06 0.165376
2013 07 02 07 08 06 0.416768
2013 07 02 07 08 06 0.668672
2013 07 02 07 08 06 0.920064
2013 07 02 07 08 07 0.172032
2013 07 02 07 08 07 0.423424
2013 07 02 07 08 07 0.675328
2013 07 02 07 08 07 0.926720
2013 07 02 07 08 08 0.178432
2013 07 02 07 08 08 0.430080
2013 07 02 07 08 08 0.681728
2013 07 02 07 08 08 0.933376
2013 07 02 07 08 09 0.185088
2013 07 02 07 08 09 0.436736
2013 07 02 07 08 09 0.688384
2013 07 02 07 08 09 0.940032
2013 07 02 07 08 10 0.191744
2013 07 02 07 08 10 0.443392
2013 07 02 07 08 10 0.695040
2013 07 02 07 08 10 0.946688
2013 07 02 07 08 11 0.198400
2013 07 02 07 08 11 0.450048
2013 07 02 07 08 11 0.701696
2013 07 02 07 08 11 0.953344
2013 07 02 07 08 12 0.205056
2013 07 02 07 08 12 0.456704
2013 07 02 07 08 12 0.708352
2013 07 02 07 08 12 0.960000
2013 07 02 07 08 13 0.211712
2013 07 02 07 08 13 0.463360
2013 07 02 07 08 13 0.715008
2013 07 02 07 08 13 0.966656
2013 07 02 07 08 14 0.218368
2013 07 02 07 08 14 0.469760
2013 07 02 07 08 14 0.721664
2013 07 02 07 08 14 0.973056
2013 07 02 07 08 15 0.225024
2013 07 02 07 08 15 0.476416
2013 07 02 07 08 15 0.728320
2013 07 02 07 08 15 0.979712
2013 07 02 07 08 16 0.231680
2013 07 02 07 08 16 0.483072
2013 07 02 07 08 16 0.734976
2013 07 02 07 08 16 0.986368
2013 07 02 07 08 17 0.238336
2013 07 02 07 08 17 0.489728
2013 07 02 07 08 17 0.741632
2013 07 02 07 08 17 0.993024
2013 07 02 07 08 18 0.244992
2013 07 02 07 08 18 0.496384
2013 07 02 07 08 18 0.748288
2013 07 02 07 08 18 0.999680
2013 07 02 07 08 19 0.251648
2013 07 02 07 08 19 0.503040
2013 07 02 07 08 19 0.754944
2013 07 02 07 08 20 0.006400
2013 07 02 07 08 20 0.258304
2013 07 02 07 08 20 0.509696
2013 07 02 07 08 20 0.761600
2013 07 02 07 08 21 0.013056
2013 07 02 07 08 21 0.264704
2013 07 02 07 08 21 0.516352
2013 07 02 07 08 21 0.768256
2013 07 02 07 08 22 0.019712
2013 07 02 07 08 22 0.271616
2013 07 02 07 08 22 0.523008
2013 07 02 07 08 22 0.774656
2013 07 02 07 08 23 0.026368
2013 07 02 07 08 23 0.278016
2013 07 02 07 08 23 0.529664
2013 07 02 07 08 23 0.781312
2013 07 02 07 08 24 0.033024
2013 07 02 07 08 24 0.284672
2013 07 02 07 08 24 0.536320
2013 07 02 07 08 24 0.787968
2013 07 02 07 08 25 0.039424
2013 07 02 07 08 25 0.291328
2013 07 02 07 08 25 0.542976
2013 07 02 07 08 25 0.794624
2013 07 02 07 08 26 0.046080
2013 07 02 07 08 26 0.297984
2013 07 02 07 08 26 0.549376
2013 07 02 07 08 26 0.801280
2013 07 02 07 08 27 0.052736
2013 07 02 07 08 27 0.304640
2013 07 02 07 08 27 0.556032
2013 07 02 07 08 27 0.807936
2013 07 02 07 08 28 0.059392
2013 07 02 07 08 28 0.311296
2013 07 02 07 08 28 0.562688
2013 07 02 07 08 28 0.814592
2013 07 02 07 08 29 0.066048
2013 07 02 07 08 29 0.317952
2013 07 02 07 08 29 0.569344
2013 07 02 07 08 29 0.821248
2013 07 02 07 08 30 0.072704
2013 07 02 07 08 30 0.324608
2013 07 02 07 08 30 0.576000
2013 07 02 07 08 30 0.827904
2013 07 02 07 08 31 0.079360
2013 07 02 07 08 31 0.331264
2013 07 02 07 08 31 0.582656
2013 07 02 07 08 31 0.834560
2013 07 02 07 08 32 0.086016
2013 07 02 07 08 32 0.337920
2013 07 02 07 08 32 0.589312
2013 07 02 07 08 32 0.841216
2013 07 02 07 08 33 0.092672
2013 07 02 07 08 33 0.344576
2013 07 02 07 08 33 0.595968
2013 07 02 07 08 33 0.847872
2013 07 02 07 08 34 0.099328
2013 07 02 07 08 34 0.350976
2013 07 02 07 08 34 0.602624
2013 07 02 07 08 34 0.854272
2013 07 02 07 08 35 0.105984
2013 07 02 07 08 35 0.357632
2013 07 02 07 08 35 0.609280
2013 07 02 07 08 35 0.860928
2013 07 02 07 08 36 0.112384
2013 07 02 07 08 36 0.364288
2013 07 02 07 08 36 0.615936
2013 07 02 07 08 36 0.867584
2013 07 02 07 08 37 0.119040
2013 07 02 07 08 37 0.370944
2013 07 02 07 08 37 0.622592
2013 07 02 07 08 37 0.874240
2013 07 02 07 08 38 0.125696
2013 07 02 07 08 38 0.377600
2013 07 02 07 08 38 0.629248
2013 07 02 07 08 38 0.880896
2013 07 02 07 08 39 0.132352
2013 07 02 07 08 39 0.384256
2013 07 02 07 08 39 0.635648
2013 07 02 07 08 39 0.887552
2013 07 02 07 08 40 0.139008
2013 07 02 07 08 40 0.390912
2013 07 02 07 08 40 0.642304
2013 07 02 07 08 40 0.894208
2013 07 02 07 08 41 0.145664
2013 07 02 07 08 41 0.397568
2013 07 02 07 08 41 0.648960
2013 07 02 07 08 41 0.900864
2013 07 02 07 08 42 0.152320
2013 07 02 07 08 42 0.404224
2013 07 02 07 08 42 0.655616
2013 07 02 07 08 42 0.907520
2013 07 02 07 08 43 0.158976
2013 07 02 07 08 43 0.410880
2013 07 02 07 08 43 0.662272
2013 07 02 07 08 43 0.914176
2013 07 02 07 08 44 0.165632
2013 07 02 07 08 44 0.417280
2013 07 02 07 08 44 0.668928
2013 07 02 07 08 44 0.920576
2013 07 02 07 08 45 0.172288
2013 07 02 07 08 45 0.424192
2013 07 02 07 08 45 0.675584
2013 07 02 07 08 45 0.927488
2013 07 02 07 08 46 0.178944
2013 07 02 07 08 46 0.430592
2013 07 02 07 08 46 0.682240
2013 07 02 07 08 46 0.934144
2013 07 02 07 08 47 0.185600
2013 07 02 07 08 47 0.437248
2013 07 02 07 08 47 0.688896
2013 07 02 07 08 47 0.940800
2013 07 02 07 08 48 0.192256
2013 07 02 07 08 48 0.443904
2013 07 02 07 08 48 0.695552
2013 07 02 07 08 48 0.947200
2013 07 02 07 08 49 0.198656
2013 07 02 07 08 49 0.450560
2013 07 02 07 08 49 0.702208
2013 07 02 07 08 49 0.953856
2013 07 02 07 08 50 0.205312
2013 07 02 07 08 50 0.457216
2013 07 02 07 08 50 0.708608
2013 07 02 07 08 50 0.960512
2013 07 02 07 08 51 0.211968
2013 07 02 07 08 51 0.463872
2013 07 02 07 08 51 0.715264
2013 07 02 07 08 51 0.967168
2013 07 02 07 08 52 0.218624
2013 07 02 07 08 52 0.470528
2013 07 02 07 08 52 0.721920
2013 07 02 07 08 52 0.973824
2013 07 02 07 08 53 0.225280
2013 07 02 07 08 53 0.477184
2013 07 02 07 08 53 0.728576
2013 07 02 07 08 53 0.980480
2013 07 02 07 08 54 0.231936
2013 07 02 07 08 54 0.483840
2013 07 02 07 08 54 0.735232
2013 07 02 07 08 54 0.987136
2013 07 02 07 08 55 0.238592
2013 07 02 07 08 55 0.490240
2013 07 02 07 08 55 0.741888
2013 07 02 07 08 55 0.993792
2013 07 02 07 08 56 0.245248
2013 07 02 07 08 56 0.496896
2013 07 02 07 08 56 0.748544
2013 07 02 07 08 57 0.000256
2013 07 02 07 08 57 0.251904
2013 07 02 07 08 57 0.503552
2013 07 02 07 08 57 0.755200
2013 07 02 07 08 58 0.006912
2013 07 02 07 08 58 0.258560
2013 07 02 07 08 58 0.510208
2013 07 02 07 08 58 0.761856
2013 07 02 07 08 59 0.013568
2013 07 02 07 08 59 0.265216
2013 07 02 07 08 59 0.516864
2013 07 02 07 08 59 0.768512
2013 07 02 07 09 00 0.020224
2013 07 02 07 09 00 0.271872
2013 07 02 07 09 00 0.523520
2013 07 02 07 09 00 0.775168
2013 07 02 07 09 01 0.026880
2013 07 02 07 09 01 0.278272
2013 07 02 07 09 01 0.530176
2013 07 02 07 09 01 0.781824
2013 07 02 07 09 02 0.033536
2013 07 02 07 09 02 0.284928
2013 07 02 07 09 02 0.536832
2013 07 02 07 09 02 0.788224
2013 07 02 07 09 03 0.040192
2013 07 02 07 09 03 0.291584
2013 07 02 07 09 03 0.543488
2013 07 02 07 09 03 0.794880
2013 07 02 07 09 04 0.046848
2013 07 02 07 09 04 0.298240
2013 07 02 07 09 04 0.550144
2013 07 02 07 09 04 0.801536
2013 07 02 07 09 05 0.053504
2013 07 02 07 09 05 0.304896
2013 07 02 07 09 05 0.556800
2013 07 02 07 09 05 0.808192
2013 07 02 07 09 06 0.060160
2013 07 02 07 09 06 0.311552
2013 07 02 07 09 06 0.563456
2013 07 02 07 09 06 0.814848
2013 07 02 07 09 07 0.066816
2013 07 02 07 09 07 0.318208
2013 07 02 07 09 07 0.570112
2013 07 02 07 09 07 0.821504
2013 07 02 07 09 08 0.073472
2013 07 02 07 09 08 0.324864
2013 07 02 07 09 08 0.576768
2013 07 02 07 09 08 0.828160
2013 07 02 07 09 09 0.079872
2013 07 02 07 09 09 0.331520
2013 07 02 07 09 09 0.583424
2013 07 02 07 09 09 0.834816
2013 07 02 07 09 10 0.086528
2013 07 02 07 09 10 0.338176
2013 07 02 07 09 10 0.589824
2013 07 02 07 09 10 0.841472
2013 07 02 07 09 11 0.093184
2013 07 02 07 09 11 0.344832
2013 07 02 07 09 11 0.596480
2013 07 02 07 09 11 0.848128
2013 07 02 07 09 12 0.099840
2013 07 02 07 09 12 0.351488
2013 07 02 07 09 12 0.603136
2013 07 02 07 09 12 0.854784
2013 07 02 07 09 13 0.106496
2013 07 02 07 09 13 0.357888
2013 07 02 07 09 13 0.609792
2013 07 02 07 09 13 0.861440
2013 07 02 07 09 14 0.113152
2013 07 02 07 09 14 0.364544
2013 07 02 07 09 14 0.616448
2013 07 02 07 09 14 0.867840
2013 07 02 07 09 15 0.119808
2013 07 02 07 09 15 0.371200
2013 07 02 07 09 15 0.623104
2013 07 02 07 09 15 0.874496
2013 07 02 07 09 16 0.126464
2013 07 02 07 09 16 0.377856
2013 07 02 07 09 16 0.629760
2013 07 02 07 09 16 0.881152
2013 07 02 07 09 17 0.133120
2013 07 02 07 09 17 0.384512
2013 07 02 07 09 17 0.636416
2013 07 02 07 09 17 0.887808
2013 07 02 07 09 18 0.139776
2013 07 02 07 09 18 0.391168
2013 07 02 07 09 18 0.643072
2013 07 02 07 09 18 0.894464
2013 07 02 07 09 19 0.146432
2013 07 02 07 09 19 0.397824
2013 07 02 07 09 19 0.649728
2013 07 02 07 09 19 0.901120
2013 07 02 07 09 20 0.152832
2013 07 02 07 09 20 0.404480
2013 07 02 07 09 20 0.656128
2013 07 02 07 09 20 0.907776
2013 07 02 07 09 21 0.159488
2013 07 02 07 09 21 0.411136
2013 07 02 07 09 21 0.662784
2013 07 02 07 09 21 0.914432
2013 07 02 07 09 22 0.166144
2013 07 02 07 09 22 0.417792
2013 07 02 07 09 22 0.669440
2013 07 02 07 09 22 0.921088
2013 07 02 07 09 23 0.172800
2013 07 02 07 09 23 0.424448
2013 07 02 07 09 23 0.676096
2013 07 02 07 09 23 0.927744
2013 07 02 07 09 24 0.179456
2013 07 02 07 09 24 0.430848
2013 07 02 07 09 24 0.682752
2013 07 02 07 09 24 0.934400
2013 07 02 07 09 25 0.186112
2013 07 02 07 09 25 0.437504
2013 07 02 07 09 25 0.689408
2013 07 02 07 09 25 0.941056
2013 07 02 07 09 26 0.192768
2013 07 02 07 09 26 0.444160
2013 07 02 07 09 26 0.696064
2013 07 02 07 09 26 0.947456
2013 07 02 07 09 27 0.199424
2013 07 02 07 09 27 0.450816
2013 07 02 07 09 27 0.702720
2013 07 02 07 09 27 0.954112
2013 07 02 07 09 28 0.206080
2013 07 02 07 09 28 0.457472
2013 07 02 07 09 28 0.709376
2013 07 02 07 09 28 0.960768
2013 07 02 07 09 29 0.212736
2013 07 02 07 09 29 0.464128
2013 07 02 07 09 29 0.716032
2013 07 02 07 09 29 0.967424
2013 07 02 07 09 30 0.219392
2013 07 02 07 09 30 0.470784
2013 07 02 07 09 30 0.722688
2013 07 02 07 09 30 0.974080
2013 07 02 07 09 31 0.226048
2013 07 02 07 09 31 0.477440
2013 07 02 07 09 31 0.729344
2013 07 02 07 09 31 0.980736
2013 07 02 07 09 32 0.232704
2013 07 02 07 09 32 0.484096
2013 07 02 07 09 32 0.735744
2013 07 02 07 09 32 0.987392
2013 07 02 07 09 33 0.239104
2013 07 02 07 09 33 0.490752
2013 07 02 07 09 33 0.742400
2013 07 02 07 09 33 0.994048
2013 07 02 07 09 34 0.245760
2013 07 02 07 09 34 0.497408
2013 07 02 07 09 34 0.749056
2013 07 02 07 09 35 0.000768
2013 07 02 07 09 35 0.252416
2013 07 02 07 09 35 0.504064
2013 07 02 07 09 35 0.755712
2013 07 02 07 09 36 0.007168
2013 07 02 07 09 36 0.259072
2013 07 02 07 09 36 0.510464
2013 07 02 07 09 36 0.762368
2013 07 02 07 09 37 0.013824
2013 07 02 07 09 37 0.265728
2013 07 02 07 09 37 0.517120
2013 07 02 07 09 37 0.769024
2013 07 02 07 09 38 0.020480
2013 07 02 07 09 38 0.272384
2013 07 02 07 09 38 0.523776
2013 07 02 07 09 38 0.775680
2013 07 02 07 09 39 0.027136
2013 07 02 07 09 39 0.279040
2013 07 02 07 09 39 0.530432
2013 07 02 07 09 39 0.782336
2013 07 02 07 09 40 0.033792
2013 07 02 07 09 40 0.285696
2013 07 02 07 09 40 0.537088
2013 07 02 07 09 40 0.788992
2013 07 02 07 09 41 0.040448
2013 07 02 07 09 41 0.292352
2013 07 02 07 09 41 0.543744
2013 07 02 07 09 41 0.795648
2013 07 02 07 09 42 0.047104
2013 07 02 07 09 42 0.298752
2013 07 02 07 09 42 0.550400
2013 07 02 07 09 42 0.802048
2013 07 02 07 09 43 0.053760
2013 07 02 07 09 43 0.305408
2013 07 02 07 09 43 0.557056
2013 07 02 07 09 43 0.808704
2013 07 02 07 09 44 0.060416
2013 07 02 07 09 44 0.312064
2013 07 02 07 09 44 0.563712
2013 07 02 07 09 44 0.815360
2013 07 02 07 09 45 0.067072
2013 07 02 07 09 45 0.318720
2013 07 02 07 09 45 0.570368
2013 07 02 07 09 45 0.822272
2013 07 02 07 09 46 0.073728
2013 07 02 07 09 46 0.325376
2013 07 02 07 09 46 0.577024
2013 07 02 07 09 46 0.828672
2013 07 02 07 09 47 0.080384
2013 07 02 07 09 47 0.332032
2013 07 02 07 09 47 0.583680
2013 07 02 07 09 47 0.835328
2013 07 02 07 09 48 0.086784
2013 07 02 07 09 48 0.338688
2013 07 02 07 09 48 0.590080
2013 07 02 07 09 48 0.841984
2013 07 02 07 09 49 0.093440
2013 07 02 07 09 49 0.345344
2013 07 02 07 09 49 0.596736
2013 07 02 07 09 49 0.848640
2013 07 02 07 09 50 0.100096
2013 07 02 07 09 50 0.352000
2013 07 02 07 09 50 0.603392
2013 07 02 07 09 50 0.855296
2013 07 02 07 09 51 0.106752
2013 07 02 07 09 51 0.358656
2013 07 02 07 09 51 0.610048
2013 07 02 07 09 51 0.861952
2013 07 02 07 09 52 0.113408
2013 07 02 07 09 52 0.365312
2013 07 02 07 09 52 0.616704
2013 07 02 07 09 52 0.868608
2013 07 02 07 09 53 0.120064
2013 07 02 07 09 53 0.371968
2013 07 02 07 09 53 0.623360
2013 07 02 07 09 53 0.875264
2013 07 02 07 09 54 0.126720
2013 07 02 07 09 54 0.378624
2013 07 02 07 09 54 0.630016
2013 07 02 07 09 54 0.881920
2013 07 02 07 09 55 0.133376
2013 07 02 07 09 55 0.385024
2013 07 02 07 09 55 0.636672
2013 07 02 07 09 55 0.888320
2013 07 02 07 09 56 0.140032
2013 07 02 07 09 56 0.391680
2013 07 02 07 09 56 0.643328
2013 07 02 07 09 56 0.894976
2013 07 02 07 09 57 0.146688
2013 07 02 07 09 57 0.398336
2013 07 02 07 09 57 0.649984
2013 07 02 07 09 57 0.901632
2013 07 02 07 09 58 0.153344
2013 07 02 07 09 58 0.404992
2013 07 02 07 09 58 0.656640
2013 07 02 07 09 58 0.908288
2013 07 02 07 09 59 0.160000
2013 07 02 07 09 59 0.411648
2013 07 02 07 09 59 0.663296
2013 07 02 07 09 59 0.914944
2013 07 02 07 10 00 0.166656
2013 07 02 07 10 00 0.418304
2013 07 02 07 10 00 0.669952
2013 07 02 07 10 00 0.921600
2013 07 02 07 10 01 0.173312
2013 07 02 07 10 01 0.424960
2013 07 02 07 10 01 0.676608
2013 07 02 07 10 01 0.928256
2013 07 02 07 10 02 0.179712
2013 07 02 07 10 02 0.431616
2013 07 02 07 10 02 0.683264
2013 07 02 07 10 02 0.934912
2013 07 02 07 10 03 0.186368
2013 07 02 07 10 03 0.438272
2013 07 02 07 10 03 0.689664
2013 07 02 07 10 03 0.941568
2013 07 02 07 10 04 0.193024
2013 07 02 07 10 04 0.444928
2013 07 02 07 10 04 0.696320
2013 07 02 07 10 04 0.948224
2013 07 02 07 10 05 0.199680
2013 07 02 07 10 05 0.451584
2013 07 02 07 10 05 0.702976
2013 07 02 07 10 05 0.954880
2013 07 02 07 10 06 0.206336
2013 07 02 07 10 06 0.458240
2013 07 02 07 10 06 0.709632
2013 07 02 07 10 06 0.961536
2013 07 02 07 10 07 0.212992
2013 07 02 07 10 07 0.464896
2013 07 02 07 10 07 0.716288
2013 07 02 07 10 07 0.968192
2013 07 02 07 10 08 0.219648
2013 07 02 07 10 08 0.471552
2013 07 02 07 10 08 0.723200
2013 07 02 07 10 08 0.974848
2013 07 02 07 10 09 0.226304
2013 07 02 07 10 09 0.478208
2013 07 02 07 10 09 0.729600
2013 07 02 07 10 09 0.981504
2013 07 02 07 10 10 0.232960
2013 07 02 07 10 10 0.484864
2013 07 02 07 10 10 0.736256
2013 07 02 07 10 10 0.988160
2013 07 02 07 10 11 0.239616
2013 07 02 07 10 11 0.491520
2013 07 02 07 10 11 0.742912
2013 07 02 07 10 11 0.994816
2013 07 02 07 10 12 0.246272
2013 07 02 07 10 12 0.498176
2013 07 02 07 10 12 0.749568
2013 07 02 07 10 13 0.001280
2013 07 02 07 10 13 0.252928
2013 07 02 07 10 13 0.504576
2013 07 02 07 10 13 0.756224
2013 07 02 07 10 14 0.007936
2013 07 02 07 10 14 0.259584
2013 07 02 07 10 14 0.511232
2013 07 02 07 10 14 0.762880
2013 07 02 07 10 15 0.014592
2013 07 02 07 10 15 0.266240
2013 07 02 07 10 15 0.518144
2013 07 02 07 10 15 0.769536
2013 07 02 07 10 16 0.021248
2013 07 02 07 10 16 0.272896
2013 07 02 07 10 16 0.524800
2013 07 02 07 10 16 0.776192
2013 07 02 07 10 17 0.027904
2013 07 02 07 10 17 0.279552
2013 07 02 07 10 17 0.531200
2013 07 02 07 10 17 0.782848
2013 07 02 07 10 18 0.034560
2013 07 02 07 10 18 0.286208
2013 07 02 07 10 18 0.537856
2013 07 02 07 10 18 0.789504
2013 07 02 07 10 19 0.041216
2013 07 02 07 10 19 0.292608
2013 07 02 07 10 19 0.544512
2013 07 02 07 10 19 0.796160
2013 07 02 07 10 20 0.047872
2013 07 02 07 10 20 0.299264
2013 07 02 07 10 20 0.551168
2013 07 02 07 10 20 0.802560
2013 07 02 07 10 21 0.054528
2013 07 02 07 10 21 0.305920
2013 07 02 07 10 21 0.557824
2013 07 02 07 10 21 0.809216
2013 07 02 07 10 22 0.061184
2013 07 02 07 10 22 0.312576
2013 07 02 07 10 22 0.564480
2013 07 02 07 10 22 0.815872
2013 07 02 07 10 23 0.067840
2013 07 02 07 10 23 0.319232
2013 07 02 07 10 23 0.571136
2013 07 02 07 10 23 0.822528
2013 07 02 07 10 24 0.074496
2013 07 02 07 10 24 0.325888
2013 07 02 07 10 24 0.577792
2013 07 02 07 10 24 0.829184
2013 07 02 07 10 25 0.081152
2013 07 02 07 10 25 0.332544
2013 07 02 07 10 25 0.584448
2013 07 02 07 10 25 0.835840
2013 07 02 07 10 26 0.087552
2013 07 02 07 10 26 0.339200
2013 07 02 07 10 26 0.591104
2013 07 02 07 10 26 0.842496
2013 07 02 07 10 27 0.094208
2013 07 02 07 10 27 0.345856
2013 07 02 07 10 27 0.597504
2013 07 02 07 10 27 0.849152
2013 07 02 07 10 28 0.100864
2013 07 02 07 10 28 0.352512
2013 07 02 07 10 28 0.604160
2013 07 02 07 10 28 0.855808
2013 07 02 07 10 29 0.107520
2013 07 02 07 10 29 0.359168
2013 07 02 07 10 29 0.610816
2013 07 02 07 10 29 0.862464
2013 07 02 07 10 30 0.114176
2013 07 02 07 10 30 0.365824
2013 07 02 07 10 30 0.617472
2013 07 02 07 10 30 0.869120
2013 07 02 07 10 31 0.120832
2013 07 02 07 10 31 0.372480
2013 07 02 07 10 31 0.624128
2013 07 02 07 10 31 0.875776
2013 07 02 07 10 32 0.127488
2013 07 02 07 10 32 0.379136
2013 07 02 07 10 32 0.630784
2013 07 02 07 10 32 0.882432
2013 07 02 07 10 33 0.134144
2013 07 02 07 10 33 0.385792
2013 07 02 07 10 33 0.637440
2013 07 02 07 10 33 0.889088
2013 07 02 07 10 34 0.140800
2013 07 02 07 10 34 0.392448
2013 07 02 07 10 34 0.644096
2013 07 02 07 10 34 0.895744
2013 07 02 07 10 35 0.147456
2013 07 02 07 10 35 0.398848
2013 07 02 07 10 35 0.650752
2013 07 02 07 10 35 0.902400
2013 07 02 07 10 36 0.154112
2013 07 02 07 10 36 0.405504
2013 07 02 07 10 36 0.657408
2013 07 02 07 10 36 0.909056
2013 07 02 07 10 37 0.160768
2013 07 02 07 10 37 0.412160
2013 07 02 07 10 37 0.664064
2013 07 02 07 10 37 0.915456
2013 07 02 07 10 38 0.167424
2013 07 02 07 10 38 0.418816
2013 07 02 07 10 38 0.670720
2013 07 02 07 10 38 0.922112
2013 07 02 07 10 39 0.174080
2013 07 02 07 10 39 0.425472
2013 07 02 07 10 39 0.677376
2013 07 02 07 10 39 0.928768
2013 07 02 07 10 40 0.180736
2013 07 02 07 10 40 0.432128
2013 07 02 07 10 40 0.684032
2013 07 02 07 10 40 0.935424
2013 07 02 07 10 41 0.187392
2013 07 02 07 10 41 0.438784
2013 07 02 07 10 41 0.690688
2013 07 02 07 10 41 0.942080
2013 07 02 07 10 42 0.194048
2013 07 02 07 10 42 0.445440
2013 07 02 07 10 42 0.697344
2013 07 02 07 10 42 0.948736
2013 07 02 07 10 43 0.200704
2013 07 02 07 10 43 0.452096
2013 07 02 07 10 43 0.704000
2013 07 02 07 10 43 0.955392
2013 07 02 07 10 44 0.207360
2013 07 02 07 10 44 0.458752
2013 07 02 07 10 44 0.710656
2013 07 02 07 10 44 0.962048
2013 07 02 07 10 45 0.214016
2013 07 02 07 10 45 0.465408
2013 07 02 07 10 45 0.717056
2013 07 02 07 10 45 0.968704
2013 07 02 07 10 46 0.220416
2013 07 02 07 10 46 0.472064
2013 07 02 07 10 46 0.723712
2013 07 02 07 10 46 0.975360
2013 07 02 07 10 47 0.227072
2013 07 02 07 10 47 0.478720
2013 07 02 07 10 47 0.730368
2013 07 02 07 10 47 0.982016
2013 07 02 07 10 48 0.233728
2013 07 02 07 10 48 0.485376
2013 07 02 07 10 48 0.737024
2013 07 02 07 10 48 0.988672
2013 07 02 07 10 49 0.240384
2013 07 02 07 10 49 0.492032
2013 07 02 07 10 49 0.743680
2013 07 02 07 10 49 0.995328
2013 07 02 07 10 50 0.247040
2013 07 02 07 10 50 0.498688
2013 07 02 07 10 50 0.750336
2013 07 02 07 10 51 0.001792
2013 07 02 07 10 51 0.253696
2013 07 02 07 10 51 0.505344
2013 07 02 07 10 51 0.756992
2013 07 02 07 10 52 0.008448
2013 07 02 07 10 52 0.260352
2013 07 02 07 10 52 0.511744
2013 07 02 07 10 52 0.763648
2013 07 02 07 10 53 0.015104
2013 07 02 07 10 53 0.267008
2013 07 02 07 10 53 0.518400
2013 07 02 07 10 53 0.770304
2013 07 02 07 10 54 0.021760
2013 07 02 07 10 54 0.273664
2013 07 02 07 10 54 0.525056
2013 07 02 07 10 54 0.776960
2013 07 02 07 10 55 0.028416
2013 07 02 07 10 55 0.280320
2013 07 02 07 10 55 0.531712
2013 07 02 07 10 55 0.783616
2013 07 02 07 10 56 0.035072
2013 07 02 07 10 56 0.286976
2013 07 02 07 10 56 0.538368
2013 07 02 07 10 56 0.790272
2013 07 02 07 10 57 0.041728
2013 07 02 07 10 57 0.293632
2013 07 02 07 10 57 0.545024
2013 07 02 07 10 57 0.796928
2013 07 02 07 10 58 0.048384
2013 07 02 07 10 58 0.300288
2013 07 02 07 10 58 0.551680
2013 07 02 07 10 58 0.803584
2013 07 02 07 10 59 0.055040
2013 07 02 07 10 59 0.306944
2013 07 02 07 10 59 0.558336
2013 07 02 07 10 59 0.810240
2013 07 02 07 11 00 0.061696
2013 07 02 07 11 00 0.313600
2013 07 02 07 11 00 0.564992
2013 07 02 07 11 00 0.816896
2013 07 02 07 11 01 0.068352
2013 07 02 07 11 01 0.320256
2013 07 02 07 11 01 0.571648
2013 07 02 07 11 01 0.823552
2013 07 02 07 11 02 0.075008
2013 07 02 07 11 02 0.326912
2013 07 02 07 11 02 0.578304
2013 07 02 07 11 02 0.830208
2013 07 02 07 11 03 0.081664
2013 07 02 07 11 03 0.333568
2013 07 02 07 11 03 0.584960
2013 07 02 07 11 03 0.836864
2013 07 02 07 11 04 0.088320
2013 07 02 07 11 04 0.340224
2013 07 02 07 11 04 0.591616
2013 07 02 07 11 04 0.843264
2013 07 02 07 11 05 0.094976
2013 07 02 07 11 05 0.346624
2013 07 02 07 11 05 0.598272
2013 07 02 07 11 05 0.849920
2013 07 02 07 11 06 0.101632
2013 07 02 07 11 06 0.353280
2013 07 02 07 11 06 0.604928
2013 07 02 07 11 06 0.856576
2013 07 02 07 11 07 0.108032
2013 07 02 07 11 07 0.359936
2013 07 02 07 11 07 0.611584
2013 07 02 07 11 07 0.863232
2013 07 02 07 11 08 0.114688
2013 07 02 07 11 08 0.366592
2013 07 02 07 11 08 0.617984
2013 07 02 07 11 08 0.869888
2013 07 02 07 11 09 0.121344
2013 07 02 07 11 09 0.373248
2013 07 02 07 11 09 0.624640
2013 07 02 07 11 09 0.876544
2013 07 02 07 11 10 0.128000
2013 07 02 07 11 10 0.379904
2013 07 02 07 11 10 0.631296
2013 07 02 07 11 10 0.883200
2013 07 02 07 11 11 0.134656
2013 07 02 07 11 11 0.386560
2013 07 02 07 11 11 0.637952
2013 07 02 07 11 11 0.889856
2013 07 02 07 11 12 0.141312
2013 07 02 07 11 12 0.393216
2013 07 02 07 11 12 0.644608
2013 07 02 07 11 12 0.896512
2013 07 02 07 11 13 0.147968
2013 07 02 07 11 13 0.399872
2013 07 02 07 11 13 0.651264
2013 07 02 07 11 13 0.903168
2013 07 02 07 11 14 0.154624
2013 07 02 07 11 14 0.406528
2013 07 02 07 11 14 0.657920
2013 07 02 07 11 14 0.909824
2013 07 02 07 11 15 0.161280
2013 07 02 07 11 15 0.412928
2013 07 02 07 11 15 0.664576
2013 07 02 07 11 15 0.916480
2013 07 02 07 11 16 0.167936
2013 07 02 07 11 16 0.419840
2013 07 02 07 11 16 0.671232
2013 07 02 07 11 16 0.923136
2013 07 02 07 11 17 0.174592
2013 07 02 07 11 17 0.426496
2013 07 02 07 11 17 0.677888
2013 07 02 07 11 17 0.929792
2013 07 02 07 11 18 0.181248
2013 07 02 07 11 18 0.432896
2013 07 02 07 11 18 0.684544
2013 07 02 07 11 18 0.936448
2013 07 02 07 11 19 0.187904
2013 07 02 07 11 19 0.439808
2013 07 02 07 11 19 0.691200
2013 07 02 07 11 19 0.943104
2013 07 02 07 11 20 0.194560
2013 07 02 07 11 20 0.446208
2013 07 02 07 11 20 0.697856
2013 07 02 07 11 20 0.949760
2013 07 02 07 11 21 0.201216
2013 07 02 07 11 21 0.452864
2013 07 02 07 11 21 0.704512
2013 07 02 07 11 21 0.956160
2013 07 02 07 11 22 0.207872
2013 07 02 07 11 22 0.459520
2013 07 02 07 11 22 0.711168
2013 07 02 07 11 22 0.962816
2013 07 02 07 11 23 0.214272
2013 07 02 07 11 23 0.466176
2013 07 02 07 11 23 0.717824
2013 07 02 07 11 23 0.969472
2013 07 02 07 11 24 0.220928
2013 07 02 07 11 24 0.472832
2013 07 02 07 11 24 0.724224
2013 07 02 07 11 24 0.976128
2013 07 02 07 11 25 0.227584
2013 07 02 07 11 25 0.479488
2013 07 02 07 11 25 0.730880
2013 07 02 07 11 25 0.982784
2013 07 02 07 11 26 0.234240
2013 07 02 07 11 26 0.486144
2013 07 02 07 11 26 0.737536
2013 07 02 07 11 26 0.989440
2013 07 02 07 11 27 0.240896
2013 07 02 07 11 27 0.492800
2013 07 02 07 11 27 0.744192
2013 07 02 07 11 27 0.996096
2013 07 02 07 11 28 0.247552
2013 07 02 07 11 28 0.499456
2013 07 02 07 11 28 0.750848
2013 07 02 07 11 29 0.002560
2013 07 02 07 11 29 0.254208
2013 07 02 07 11 29 0.506112
2013 07 02 07 11 29 0.757504
2013 07 02 07 11 30 0.009216
2013 07 02 07 11 30 0.260864
2013 07 02 07 11 30 0.512768
2013 07 02 07 11 30 0.764160
2013 07 02 07 11 31 0.015872
2013 07 02 07 11 31 0.267520
2013 07 02 07 11 31 0.519168
2013 07 02 07 11 31 0.770816
2013 07 02 07 11 32 0.022528
2013 07 02 07 11 32 0.274176
2013 07 02 07 11 32 0.525824
2013 07 02 07 11 32 0.777472
2013 07 02 07 11 33 0.029184
2013 07 02 07 11 33 0.280832
2013 07 02 07 11 33 0.532480
2013 07 02 07 11 33 0.784128
2013 07 02 07 11 34 0.035840
2013 07 02 07 11 34 0.287488
2013 07 02 07 11 34 0.539136
2013 07 02 07 11 34 0.790784
2013 07 02 07 11 35 0.042496
2013 07 02 07 11 35 0.294144
2013 07 02 07 11 35 0.546048
2013 07 02 07 11 35 0.797440
2013 07 02 07 11 36 0.049152
2013 07 02 07 11 36 0.300800
2013 07 02 07 11 36 0.552448
2013 07 02 07 11 36 0.804096
2013 07 02 07 11 37 0.055808
2013 07 02 07 11 37 0.307456
2013 07 02 07 11 37 0.559104
2013 07 02 07 11 37 0.810752
2013 07 02 07 11 38 0.062464
2013 07 02 07 11 38 0.313856
2013 07 02 07 11 38 0.565760
2013 07 02 07 11 38 0.817408
2013 07 02 07 11 39 0.069120
2013 07 02 07 11 39 0.320512
2013 07 02 07 11 39 0.572416
2013 07 02 07 11 39 0.824064
2013 07 02 07 11 40 0.075776
2013 07 02 07 11 40 0.327168
2013 07 02 07 11 40 0.579072
2013 07 02 07 11 40 0.830464
2013 07 02 07 11 41 0.082432
2013 07 02 07 11 41 0.333824
2013 07 02 07 11 41 0.585728
2013 07 02 07 11 41 0.837120
2013 07 02 07 11 42 0.089088
2013 07 02 07 11 42 0.340480
2013 07 02 07 11 42 0.592384
2013 07 02 07 11 42 0.843776
2013 07 02 07 11 43 0.095744
2013 07 02 07 11 43 0.347136
2013 07 02 07 11 43 0.599040
2013 07 02 07 11 43 0.850432
2013 07 02 07 11 44 0.102400
2013 07 02 07 11 44 0.353792
2013 07 02 07 11 44 0.605696
2013 07 02 07 11 44 0.857088
2013 07 02 07 11 45 0.109056
2013 07 02 07 11 45 0.360448
2013 07 02 07 11 45 0.612096
2013 07 02 07 11 45 0.863744
2013 07 02 07 11 46 0.115456
2013 07 02 07 11 46 0.367104
2013 07 02 07 11 46 0.619008
2013 07 02 07 11 46 0.870400
2013 07 02 07 11 47 0.122112
2013 07 02 07 11 47 0.373760
2013 07 02 07 11 47 0.625408
2013 07 02 07 11 47 0.877056
2013 07 02 07 11 48 0.128768
2013 07 02 07 11 48 0.380416
2013 07 02 07 11 48 0.632064
2013 07 02 07 11 48 0.883712
2013 07 02 07 11 49 0.135424
2013 07 02 07 11 49 0.387072
2013 07 02 07 11 49 0.638720
2013 07 02 07 11 49 0.890368
2013 07 02 07 11 50 0.142080
2013 07 02 07 11 50 0.393728
2013 07 02 07 11 50 0.645376
2013 07 02 07 11 50 0.897024
2013 07 02 07 11 51 0.148736
2013 07 02 07 11 51 0.400384
2013 07 02 07 11 51 0.652032
2013 07 02 07 11 51 0.903680
2013 07 02 07 11 52 0.155392
2013 07 02 07 11 52 0.407040
2013 07 02 07 11 52 0.658688
2013 07 02 07 11 52 0.910336
2013 07 02 07 11 53 0.162048
2013 07 02 07 11 53 0.413440
2013 07 02 07 11 53 0.665344
2013 07 02 07 11 53 0.916992
2013 07 02 07 11 54 0.168704
2013 07 02 07 11 54 0.420096
2013 07 02 07 11 54 0.672000
2013 07 02 07 11 54 0.923648
2013 07 02 07 11 55 0.175360
2013 07 02 07 11 55 0.426752
2013 07 02 07 11 55 0.678656
2013 07 02 07 11 55 0.930048
2013 07 02 07 11 56 0.182016
2013 07 02 07 11 56 0.433408
2013 07 02 07 11 56 0.685312
2013 07 02 07 11 56 0.936704
2013 07 02 07 11 57 0.188672
2013 07 02 07 11 57 0.440064
2013 07 02 07 11 57 0.691968
2013 07 02 07 11 57 0.943360
2013 07 02 07 11 58 0.195328
2013 07 02 07 11 58 0.446720
2013 07 02 07 11 58 0.698624
2013 07 02 07 11 58 0.950016
2013 07 02 07 11 59 0.201984
2013 07 02 07 11 59 0.453376
2013 07 02 07 11 59 0.705280
2013 07 02 07 11 59 0.956672
2013 07 02 07 12 00 0.208640
2013 07 02 07 12 00 0.460032
2013 07 02 07 12 00 0.711936
2013 07 02 07 12 00 0.963328
2013 07 02 07 12 01 0.215296
2013 07 02 07 12 01 0.466688
2013 07 02 07 12 01 0.718592
2013 07 02 07 12 01 0.969984
2013 07 02 07 12 02 0.221952
2013 07 02 07 12 02 0.473344
2013 07 02 07 12 02 0.725248
2013 07 02 07 12 02 0.976640
2013 07 02 07 12 03 0.228608
2013 07 02 07 12 03 0.480000
2013 07 02 07 12 03 0.731904
2013 07 02 07 12 03 0.983296
2013 07 02 07 12 04 0.235264
2013 07 02 07 12 04 0.486656
2013 07 02 07 12 04 0.738560
2013 07 02 07 12 04 0.989952
2013 07 02 07 12 05 0.241664
2013 07 02 07 12 05 0.493312
2013 07 02 07 12 05 0.744960
2013 07 02 07 12 05 0.996608
2013 07 02 07 12 06 0.248320
2013 07 02 07 12 06 0.499968
2013 07 02 07 12 06 0.751616
2013 07 02 07 12 07 0.003072
2013 07 02 07 12 07 0.254976
2013 07 02 07 12 07 0.506624
2013 07 02 07 12 07 0.758272
2013 07 02 07 12 08 0.009728
2013 07 02 07 12 08 0.261632
2013 07 02 07 12 08 0.513024
2013 07 02 07 12 08 0.764928
2013 07 02 07 12 09 0.016384
2013 07 02 07 12 09 0.268288
2013 07 02 07 12 09 0.519680
2013 07 02 07 12 09 0.771584
2013 07 02 07 12 10 0.023040
2013 07 02 07 12 10 0.274944
2013 07 02 07 12 10 0.526336
2013 07 02 07 12 10 0.778240
2013 07 02 07 12 11 0.029696
2013 07 02 07 12 11 0.281600
2013 07 02 07 12 11 0.532992
2013 07 02 07 12 11 0.784896
2013 07 02 07 12 12 0.036352
2013 07 02 07 12 12 0.288256
2013 07 02 07 12 12 0.539648
2013 07 02 07 12 12 0.791552
2013 07 02 07 12 13 0.043008
2013 07 02 07 12 13 0.294912
2013 07 02 07 12 13 0.546304
2013 07 02 07 12 13 0.798208
2013 07 02 07 12 14 0.049664
2013 07 02 07 12 14 0.301568
2013 07 02 07 12 14 0.552960
2013 07 02 07 12 14 0.804864
2013 07 02 07 12 15 0.056320
2013 07 02 07 12 15 0.308224
2013 07 02 07 12 15 0.559616
2013 07 02 07 12 15 0.811520
2013 07 02 07 12 16 0.062976
2013 07 02 07 12 16 0.314624
2013 07 02 07 12 16 0.566272
2013 07 02 07 12 16 0.817920
2013 07 02 07 12 17 0.069632
2013 07 02 07 12 17 0.321280
2013 07 02 07 12 17 0.572928
2013 07 02 07 12 17 0.824832
2013 07 02 07 12 18 0.076288
2013 07 02 07 12 18 0.327936
2013 07 02 07 12 18 0.579584
2013 07 02 07 12 18 0.831232
2013 07 02 07 12 19 0.082944
2013 07 02 07 12 19 0.334592
2013 07 02 07 12 19 0.586240
2013 07 02 07 12 19 0.837888
2013 07 02 07 12 20 0.089600
2013 07 02 07 12 20 0.341248
2013 07 02 07 12 20 0.592896
2013 07 02 07 12 20 0.844544
2013 07 02 07 12 21 0.096256
2013 07 02 07 12 21 0.347904
2013 07 02 07 12 21 0.599552
2013 07 02 07 12 21 0.851200
2013 07 02 07 12 22 0.102656
2013 07 02 07 12 22 0.354560
2013 07 02 07 12 22 0.606208
2013 07 02 07 12 22 0.857856
2013 07 02 07 12 23 0.109312
2013 07 02 07 12 23 0.361216
2013 07 02 07 12 23 0.612608
2013 07 02 07 12 23 0.864512
2013 07 02 07 12 24 0.115968
2013 07 02 07 12 24 0.367872
2013 07 02 07 12 24 0.619264
2013 07 02 07 12 24 0.871168
2013 07 02 07 12 25 0.122624
2013 07 02 07 12 25 0.374528
2013 07 02 07 12 25 0.625920
2013 07 02 07 12 25 0.877824
2013 07 02 07 12 26 0.129280
2013 07 02 07 12 26 0.381184
2013 07 02 07 12 26 0.632576
2013 07 02 07 12 26 0.884480
2013 07 02 07 12 27 0.135936
2013 07 02 07 12 27 0.387840
2013 07 02 07 12 27 0.639232
2013 07 02 07 12 27 0.891136
2013 07 02 07 12 28 0.142592
2013 07 02 07 12 28 0.394496
2013 07 02 07 12 28 0.645888
2013 07 02 07 12 28 0.897792
2013 07 02 07 12 29 0.149248
2013 07 02 07 12 29 0.401152
2013 07 02 07 12 29 0.652544
2013 07 02 07 12 29 0.904448
2013 07 02 07 12 30 0.155904
2013 07 02 07 12 30 0.407808
2013 07 02 07 12 30 0.659200
2013 07 02 07 12 30 0.911104
2013 07 02 07 12 31 0.162560
2013 07 02 07 12 31 0.414464
2013 07 02 07 12 31 0.665856
2013 07 02 07 12 31 0.917760
2013 07 02 07 12 32 0.169216
2013 07 02 07 12 32 0.421120
2013 07 02 07 12 32 0.672512
2013 07 02 07 12 32 0.924416
2013 07 02 07 12 33 0.175872
2013 07 02 07 12 33 0.427776
2013 07 02 07 12 33 0.679168
2013 07 02 07 12 33 0.931072
2013 07 02 07 12 34 0.182528
2013 07 02 07 12 34 0.434176
2013 07 02 07 12 34 0.685824
2013 07 02 07 12 34 0.937728
2013 07 02 07 12 35 0.189184
2013 07 02 07 12 35 0.440832
2013 07 02 07 12 35 0.692480
2013 07 02 07 12 35 0.944128
2013 07 02 07 12 36 0.195840
2013 07 02 07 12 36 0.447488
2013 07 02 07 12 36 0.699136
2013 07 02 07 12 36 0.950784
2013 07 02 07 12 37 0.202240
2013 07 02 07 12 37 0.454144
2013 07 02 07 12 37 0.705536
2013 07 02 07 12 37 0.957440
2013 07 02 07 12 38 0.208896
2013 07 02 07 12 38 0.460800
2013 07 02 07 12 38 0.712192
2013 07 02 07 12 38 0.964096
2013 07 02 07 12 39 0.215552
2013 07 02 07 12 39 0.467456
2013 07 02 07 12 39 0.718848
2013 07 02 07 12 39 0.970752
2013 07 02 07 12 40 0.222208
2013 07 02 07 12 40 0.474112
2013 07 02 07 12 40 0.725504
2013 07 02 07 12 40 0.977408
2013 07 02 07 12 41 0.228864
2013 07 02 07 12 41 0.480768
2013 07 02 07 12 41 0.732160
2013 07 02 07 12 41 0.984064
2013 07 02 07 12 42 0.235520
2013 07 02 07 12 42 0.487424
2013 07 02 07 12 42 0.738816
2013 07 02 07 12 42 0.990720
2013 07 02 07 12 43 0.242176
2013 07 02 07 12 43 0.493824
2013 07 02 07 12 43 0.745472
2013 07 02 07 12 43 0.997376
2013 07 02 07 12 44 0.248832
2013 07 02 07 12 44 0.500480
2013 07 02 07 12 44 0.752128
2013 07 02 07 12 45 0.003840
2013 07 02 07 12 45 0.255488
2013 07 02 07 12 45 0.507136
2013 07 02 07 12 45 0.758784
2013 07 02 07 12 46 0.010752
2013 07 02 07 12 46 0.262144
2013 07 02 07 12 46 0.514048
2013 07 02 07 12 46 0.765440
2013 07 02 07 12 47 0.017152
2013 07 02 07 12 47 0.268800
2013 07 02 07 12 47 0.520448
2013 07 02 07 12 47 0.772096
2013 07 02 07 12 48 0.024064
2013 07 02 07 12 48 0.275456
2013 07 02 07 12 48 0.527104
2013 07 02 07 12 48 0.778752
2013 07 02 07 12 49 0.030464
2013 07 02 07 12 49 0.282112
2013 07 02 07 12 49 0.534016
2013 07 02 07 12 49 0.785408
2013 07 02 07 12 50 0.037120
2013 07 02 07 12 50 0.288768
2013 07 02 07 12 50 0.540416
2013 07 02 07 12 50 0.792064
2013 07 02 07 12 51 0.043776
2013 07 02 07 12 51 0.295168
2013 07 02 07 12 51 0.547072
2013 07 02 07 12 51 0.798720
2013 07 02 07 12 52 0.050432
2013 07 02 07 12 52 0.301824
2013 07 02 07 12 52 0.553728
2013 07 02 07 12 52 0.805120
2013 07 02 07 12 53 0.057088
2013 07 02 07 12 53 0.308480
2013 07 02 07 12 53 0.560384
2013 07 02 07 12 53 0.811776
2013 07 02 07 12 54 0.063744
2013 07 02 07 12 54 0.315136
2013 07 02 07 12 54 0.567040
2013 07 02 07 12 54 0.818432
2013 07 02 07 12 55 0.070400
2013 07 02 07 12 55 0.321792
2013 07 02 07 12 55 0.573696
2013 07 02 07 12 55 0.825088
2013 07 02 07 12 56 0.076800
2013 07 02 07 12 56 0.328448
2013 07 02 07 12 56 0.580352
2013 07 02 07 12 56 0.831744
2013 07 02 07 12 57 0.083456
2013 07 02 07 12 57 0.335104
2013 07 02 07 12 57 0.586752
2013 07 02 07 12 57 0.838400
2013 07 02 07 12 58 0.090112
2013 07 02 07 12 58 0.341760
2013 07 02 07 12 58 0.593408
2013 07 02 07 12 58 0.845056
2013 07 02 07 12 59 0.096768
2013 07 02 07 12 59 0.348416
2013 07 02 07 12 59 0.600064
2013 07 02 07 12 59 0.851712
2013 07 02 07 13 00 0.103424
2013 07 02 07 13 00 0.355072
2013 07 02 07 13 00 0.606720
2013 07 02 07 13 00 0.858368
2013 07 02 07 13 01 0.110080
2013 07 02 07 13 01 0.361728
2013 07 02 07 13 01 0.613376
2013 07 02 07 13 01 0.865024
2013 07 02 07 13 02 0.116736
2013 07 02 07 13 02 0.368384
2013 07 02 07 13 02 0.620032
2013 07 02 07 13 02 0.871680
2013 07 02 07 13 03 0.123392
2013 07 02 07 13 03 0.375040
2013 07 02 07 13 03 0.626688
2013 07 02 07 13 03 0.878336
2013 07 02 07 13 04 0.130048
2013 07 02 07 13 04 0.381440
2013 07 02 07 13 04 0.633344
2013 07 02 07 13 04 0.884992
2013 07 02 07 13 05 0.136704
2013 07 02 07 13 05 0.388096
2013 07 02 07 13 05 0.640000
2013 07 02 07 13 05 0.891648
2013 07 02 07 13 06 0.143360
2013 07 02 07 13 06 0.394752
2013 07 02 07 13 06 0.646656
2013 07 02 07 13 06 0.898048
2013 07 02 07 13 07 0.150016
2013 07 02 07 13 07 0.401408
2013 07 02 07 13 07 0.653312
2013 07 02 07 13 07 0.904704
2013 07 02 07 13 08 0.156672
2013 07 02 07 13 08 0.408064
2013 07 02 07 13 08 0.659968
2013 07 02 07 13 08 0.911360
2013 07 02 07 13 09 0.163328
2013 07 02 07 13 09 0.414720
2013 07 02 07 13 09 0.666624
2013 07 02 07 13 09 0.918016
2013 07 02 07 13 10 0.169984
2013 07 02 07 13 10 0.421376
2013 07 02 07 13 10 0.673280
2013 07 02 07 13 10 0.924672
2013 07 02 07 13 11 0.176640
2013 07 02 07 13 11 0.428032
2013 07 02 07 13 11 0.679936
2013 07 02 07 13 11 0.931328
2013 07 02 07 13 12 0.183296
2013 07 02 07 13 12 0.434688
2013 07 02 07 13 12 0.686592
2013 07 02 07 13 12 0.937984
2013 07 02 07 13 13 0.189952
2013 07 02 07 13 13 0.441344
2013 07 02 07 13 13 0.693248
2013 07 02 07 13 13 0.944640
2013 07 02 07 13 14 0.196608
2013 07 02 07 13 14 0.448000
2013 07 02 07 13 14 0.699904
2013 07 02 07 13 14 0.951296
2013 07 02 07 13 15 0.203008
2013 07 02 07 13 15 0.454656
2013 07 02 07 13 15 0.706304
2013 07 02 07 13 15 0.957952
2013 07 02 07 13 16 0.209664
2013 07 02 07 13 16 0.461312
2013 07 02 07 13 16 0.712960
2013 07 02 07 13 16 0.964608
2013 07 02 07 13 17 0.216320
2013 07 02 07 13 17 0.467968
2013 07 02 07 13 17 0.719616
2013 07 02 07 13 17 0.971264
2013 07 02 07 13 18 0.222976
2013 07 02 07 13 18 0.474368
2013 07 02 07 13 18 0.726272
2013 07 02 07 13 18 0.977920
2013 07 02 07 13 19 0.229632
2013 07 02 07 13 19 0.481024
2013 07 02 07 13 19 0.732928
2013 07 02 07 13 19 0.984320
2013 07 02 07 13 20 0.236288
2013 07 02 07 13 20 0.487680
2013 07 02 07 13 20 0.739584
2013 07 02 07 13 20 0.990976
2013 07 02 07 13 21 0.242944
2013 07 02 07 13 21 0.494336
2013 07 02 07 13 21 0.746240
2013 07 02 07 13 21 0.997632
2013 07 02 07 13 22 0.249600
2013 07 02 07 13 22 0.500992
2013 07 02 07 13 22 0.752896
2013 07 02 07 13 23 0.004352
2013 07 02 07 13 23 0.256256
2013 07 02 07 13 23 0.507648
2013 07 02 07 13 23 0.759552
2013 07 02 07 13 24 0.011008
2013 07 02 07 13 24 0.262912
2013 07 02 07 13 24 0.514304
2013 07 02 07 13 24 0.766208
2013 07 02 07 13 25 0.017664
2013 07 02 07 13 25 0.269312
2013 07 02 07 13 25 0.520960
2013 07 02 07 13 25 0.772864
2013 07 02 07 13 26 0.024320
2013 07 02 07 13 26 0.276224
2013 07 02 07 13 26 0.527616
2013 07 02 07 13 26 0.779520
2013 07 02 07 13 27 0.030976
2013 07 02 07 13 27 0.282880
2013 07 02 07 13 27 0.534272
2013 07 02 07 13 27 0.786176
2013 07 02 07 13 28 0.037632
2013 07 02 07 13 28 0.289536
2013 07 02 07 13 28 0.540928
2013 07 02 07 13 28 0.792832
2013 07 02 07 13 29 0.044288
2013 07 02 07 13 29 0.296192
2013 07 02 07 13 29 0.547584
2013 07 02 07 13 29 0.799488
2013 07 02 07 13 30 0.050944
2013 07 02 07 13 30 0.302592
2013 07 02 07 13 30 0.554240
2013 07 02 07 13 30 0.805888
2013 07 02 07 13 31 0.057600
2013 07 02 07 13 31 0.309248
2013 07 02 07 13 31 0.560896
2013 07 02 07 13 31 0.812544
2013 07 02 07 13 32 0.064000
2013 07 02 07 13 32 0.315904
2013 07 02 07 13 32 0.567296
2013 07 02 07 13 32 0.819200
2013 07 02 07 13 33 0.070656
2013 07 02 07 13 33 0.322560
2013 07 02 07 13 33 0.573952
2013 07 02 07 13 33 0.825856
2013 07 02 07 13 34 0.077312
2013 07 02 07 13 34 0.329216
2013 07 02 07 13 34 0.580608
2013 07 02 07 13 34 0.832512
2013 07 02 07 13 35 0.083968
2013 07 02 07 13 35 0.335872
2013 07 02 07 13 35 0.587264
2013 07 02 07 13 35 0.839168
2013 07 02 07 13 36 0.090624
2013 07 02 07 13 36 0.342528
2013 07 02 07 13 36 0.593920
2013 07 02 07 13 36 0.845824
2013 07 02 07 13 37 0.097280
2013 07 02 07 13 37 0.349184
2013 07 02 07 13 37 0.600576
2013 07 02 07 13 37 0.852480
2013 07 02 07 13 38 0.103936
2013 07 02 07 13 38 0.355584
2013 07 02 07 13 38 0.607232
2013 07 02 07 13 38 0.859136
2013 07 02 07 13 39 0.110592
2013 07 02 07 13 39 0.362240
2013 07 02 07 13 39 0.613888
2013 07 02 07 13 39 0.865536
2013 07 02 07 13 40 0.117248
2013 07 02 07 13 40 0.368896
2013 07 02 07 13 40 0.620544
2013 07 02 07 13 40 0.872192
2013 07 02 07 13 41 0.123904
2013 07 02 07 13 41 0.375552
2013 07 02 07 13 41 0.627200
2013 07 02 07 13 41 0.878848
2013 07 02 07 13 42 0.130560
2013 07 02 07 13 42 0.382208
2013 07 02 07 13 42 0.633856
2013 07 02 07 13 42 0.885504
2013 07 02 07 13 43 0.137216
2013 07 02 07 13 43 0.388864
2013 07 02 07 13 43 0.640512
2013 07 02 07 13 43 0.892160
2013 07 02 07 13 44 0.143616
2013 07 02 07 13 44 0.395520
2013 07 02 07 13 44 0.647168
2013 07 02 07 13 44 0.898816
2013 07 02 07 13 45 0.150272
2013 07 02 07 13 45 0.402176
2013 07 02 07 13 45 0.653824
2013 07 02 07 13 45 0.905472
2013 07 02 07 13 46 0.156928
2013 07 02 07 13 46 0.408832
2013 07 02 07 13 46 0.660224
2013 07 02 07 13 46 0.912128
2013 07 02 07 13 47 0.163584
2013 07 02 07 13 47 0.415488
2013 07 02 07 13 47 0.666880
2013 07 02 07 13 47 0.918784
2013 07 02 07 13 48 0.170240
2013 07 02 07 13 48 0.422144
2013 07 02 07 13 48 0.673536
2013 07 02 07 13 48 0.925440
2013 07 02 07 13 49 0.176896
2013 07 02 07 13 49 0.428800
2013 07 02 07 13 49 0.680192
2013 07 02 07 13 49 0.932096
2013 07 02 07 13 50 0.183552
2013 07 02 07 13 50 0.435456
2013 07 02 07 13 50 0.686848
2013 07 02 07 13 50 0.938752
2013 07 02 07 13 51 0.190208
2013 07 02 07 13 51 0.442112
2013 07 02 07 13 51 0.693504
2013 07 02 07 13 51 0.945408
2013 07 02 07 13 52 0.196864
2013 07 02 07 13 52 0.448768
2013 07 02 07 13 52 0.700160
2013 07 02 07 13 52 0.952064
2013 07 02 07 13 53 0.203520
2013 07 02 07 13 53 0.455424
2013 07 02 07 13 53 0.706816
2013 07 02 07 13 53 0.958720
2013 07 02 07 13 54 0.210176
2013 07 02 07 13 54 0.461824
2013 07 02 07 13 54 0.713472
2013 07 02 07 13 54 0.965376
2013 07 02 07 13 55 0.216832
2013 07 02 07 13 55 0.468736
2013 07 02 07 13 55 0.720128
2013 07 02 07 13 55 0.971776
2013 07 02 07 13 56 0.223488
2013 07 02 07 13 56 0.475136
2013 07 02 07 13 56 0.726784
2013 07 02 07 13 56 0.978432
2013 07 02 07 13 57 0.230144
2013 07 02 07 13 57 0.481792
2013 07 02 07 13 57 0.733440
2013 07 02 07 13 57 0.985088
2013 07 02 07 13 58 0.236544
2013 07 02 07 13 58 0.488448
2013 07 02 07 13 58 0.740096
2013 07 02 07 13 58 0.991744
2013 07 02 07 13 59 0.243200
2013 07 02 07 13 59 0.495104
2013 07 02 07 13 59 0.746496
2013 07 02 07 13 59 0.998400
2013 07 02 07 14 00 0.249856
2013 07 02 07 14 00 0.501760
2013 07 02 07 14 00 0.753152
2013 07 02 07 14 01 0.005120
2013 07 02 07 14 01 0.256512
2013 07 02 07 14 01 0.508416
2013 07 02 07 14 01 0.759808
2013 07 02 07 14 02 0.011776
2013 07 02 07 14 02 0.263168
2013 07 02 07 14 02 0.515072
2013 07 02 07 14 02 0.766464
2013 07 02 07 14 03 0.018176
2013 07 02 07 14 03 0.269824
2013 07 02 07 14 03 0.521728
2013 07 02 07 14 03 0.773120
2013 07 02 07 14 04 0.024832
2013 07 02 07 14 04 0.276480
2013 07 02 07 14 04 0.528384
2013 07 02 07 14 04 0.779776
2013 07 02 07 14 05 0.031488
2013 07 02 07 14 05 0.283136
2013 07 02 07 14 05 0.534784
2013 07 02 07 14 05 0.786432
2013 07 02 07 14 06 0.038400
2013 07 02 07 14 06 0.289792
2013 07 02 07 14 06 0.541696
2013 07 02 07 14 06 0.793088
2013 07 02 07 14 07 0.045056
2013 07 02 07 14 07 0.296448
2013 07 02 07 14 07 0.548352
2013 07 02 07 14 07 0.799744
2013 07 02 07 14 08 0.051456
2013 07 02 07 14 08 0.303104
2013 07 02 07 14 08 0.555008
2013 07 02 07 14 08 0.806400
2013 07 02 07 14 09 0.058112
2013 07 02 07 14 09 0.309760
2013 07 02 07 14 09 0.561408
2013 07 02 07 14 09 0.813056
2013 07 02 07 14 10 0.064768
2013 07 02 07 14 10 0.316416
2013 07 02 07 14 10 0.568064
2013 07 02 07 14 10 0.819712
2013 07 02 07 14 11 0.071424
2013 07 02 07 14 11 0.322816
2013 07 02 07 14 11 0.574720
2013 07 02 07 14 11 0.826368
2013 07 02 07 14 12 0.078080
2013 07 02 07 14 12 0.329472
2013 07 02 07 14 12 0.581376
2013 07 02 07 14 12 0.832768
2013 07 02 07 14 13 0.084736
2013 07 02 07 14 13 0.336128
2013 07 02 07 14 13 0.588032
2013 07 02 07 14 13 0.839424
2013 07 02 07 14 14 0.091392
2013 07 02 07 14 14 0.342784
2013 07 02 07 14 14 0.594688
2013 07 02 07 14 14 0.846080
2013 07 02 07 14 15 0.098048
2013 07 02 07 14 15 0.349440
2013 07 02 07 14 15 0.601344
2013 07 02 07 14 15 0.852736
2013 07 02 07 14 16 0.104704
2013 07 02 07 14 16 0.356096
2013 07 02 07 14 16 0.608000
2013 07 02 07 14 16 0.859392
2013 07 02 07 14 17 0.111104
2013 07 02 07 14 17 0.362752
2013 07 02 07 14 17 0.614400
2013 07 02 07 14 17 0.866048
2013 07 02 07 14 18 0.117760
2013 07 02 07 14 18 0.369408
2013 07 02 07 14 18 0.621056
2013 07 02 07 14 18 0.872704
2013 07 02 07 14 19 0.124416
2013 07 02 07 14 19 0.376064
2013 07 02 07 14 19 0.627712
2013 07 02 07 14 19 0.879360
2013 07 02 07 14 20 0.131072
2013 07 02 07 14 20 0.382720
2013 07 02 07 14 20 0.634368
2013 07 02 07 14 20 0.886016
2013 07 02 07 14 21 0.137728
2013 07 02 07 14 21 0.389376
2013 07 02 07 14 21 0.641024
2013 07 02 07 14 21 0.892672
2013 07 02 07 14 22 0.144384
2013 07 02 07 14 22 0.396032
2013 07 02 07 14 22 0.647680
2013 07 02 07 14 22 0.899328
2013 07 02 07 14 23 0.151040
2013 07 02 07 14 23 0.402688
2013 07 02 07 14 23 0.654336
2013 07 02 07 14 23 0.905984
2013 07 02 07 14 24 0.157696
2013 07 02 07 14 24 0.409344
2013 07 02 07 14 24 0.660992
2013 07 02 07 14 24 0.912640
2013 07 02 07 14 25 0.164352
2013 07 02 07 14 25 0.415744
2013 07 02 07 14 25 0.667648
2013 07 02 07 14 25 0.919296
2013 07 02 07 14 26 0.171008
2013 07 02 07 14 26 0.422400
2013 07 02 07 14 26 0.674304
2013 07 02 07 14 26 0.925696
2013 07 02 07 14 27 0.177664
2013 07 02 07 14 27 0.429056
2013 07 02 07 14 27 0.680960
2013 07 02 07 14 27 0.932352
2013 07 02 07 14 28 0.184320
2013 07 02 07 14 28 0.435712
2013 07 02 07 14 28 0.687616
2013 07 02 07 14 28 0.939008
2013 07 02 07 14 29 0.190976
2013 07 02 07 14 29 0.442368
2013 07 02 07 14 29 0.694272
2013 07 02 07 14 29 0.945664
2013 07 02 07 14 30 0.197376
2013 07 02 07 14 30 0.449024
2013 07 02 07 14 30 0.700928
2013 07 02 07 14 30 0.952320
2013 07 02 07 14 31 0.204032
2013 07 02 07 14 31 0.455680
2013 07 02 07 14 31 0.707584
2013 07 02 07 14 31 0.958976
2013 07 02 07 14 32 0.210688
2013 07 02 07 14 32 0.462336
2013 07 02 07 14 32 0.713984
2013 07 02 07 14 32 0.965632
2013 07 02 07 14 33 0.217344
2013 07 02 07 14 33 0.468992
2013 07 02 07 14 33 0.720640
2013 07 02 07 14 33 0.972288
2013 07 02 07 14 34 0.224000
2013 07 02 07 14 34 0.475648
2013 07 02 07 14 34 0.727296
2013 07 02 07 14 34 0.978944
2013 07 02 07 14 35 0.230656
2013 07 02 07 14 35 0.482304
2013 07 02 07 14 35 0.734208
2013 07 02 07 14 35 0.985600
2013 07 02 07 14 36 0.237312
2013 07 02 07 14 36 0.488960
2013 07 02 07 14 36 0.740608
2013 07 02 07 14 36 0.992256
2013 07 02 07 14 37 0.243968
2013 07 02 07 14 37 0.495616
2013 07 02 07 14 37 0.747264
2013 07 02 07 14 37 0.998912
2013 07 02 07 14 38 0.250624
2013 07 02 07 14 38 0.502016
2013 07 02 07 14 38 0.753920
2013 07 02 07 14 39 0.005376
2013 07 02 07 14 39 0.257280
2013 07 02 07 14 39 0.508672
2013 07 02 07 14 39 0.760576
2013 07 02 07 14 40 0.012032
2013 07 02 07 14 40 0.263936
2013 07 02 07 14 40 0.515328
2013 07 02 07 14 40 0.767232
2013 07 02 07 14 41 0.018688
2013 07 02 07 14 41 0.270592
2013 07 02 07 14 41 0.521984
2013 07 02 07 14 41 0.773888
2013 07 02 07 14 42 0.025344
2013 07 02 07 14 42 0.277248
2013 07 02 07 14 42 0.528640
2013 07 02 07 14 42 0.780544
2013 07 02 07 14 43 0.032000
2013 07 02 07 14 43 0.283904
2013 07 02 07 14 43 0.535296
2013 07 02 07 14 43 0.787200
2013 07 02 07 14 44 0.038656
2013 07 02 07 14 44 0.290560
2013 07 02 07 14 44 0.541952
2013 07 02 07 14 44 0.793856
2013 07 02 07 14 45 0.045312
2013 07 02 07 14 45 0.297216
2013 07 02 07 14 45 0.548608
2013 07 02 07 14 45 0.800256
2013 07 02 07 14 46 0.051968
2013 07 02 07 14 46 0.303616
2013 07 02 07 14 46 0.555264
2013 07 02 07 14 46 0.806912
2013 07 02 07 14 47 0.058624
2013 07 02 07 14 47 0.310272
2013 07 02 07 14 47 0.561920
2013 07 02 07 14 47 0.813568
2013 07 02 07 14 48 0.065280
2013 07 02 07 14 48 0.316928
2013 07 02 07 14 48 0.568576
2013 07 02 07 14 48 0.820224
2013 07 02 07 14 49 0.071936
2013 07 02 07 14 49 0.323584
2013 07 02 07 14 49 0.575232
2013 07 02 07 14 49 0.826880
2013 07 02 07 14 50 0.078592
2013 07 02 07 14 50 0.330240
2013 07 02 07 14 50 0.581888
2013 07 02 07 14 50 0.833536
2013 07 02 07 14 51 0.084992
2013 07 02 07 14 51 0.336896
2013 07 02 07 14 51 0.588544
2013 07 02 07 14 51 0.840192
2013 07 02 07 14 52 0.091648
2013 07 02 07 14 52 0.343552
2013 07 02 07 14 52 0.595200
2013 07 02 07 14 52 0.846848
2013 07 02 07 14 53 0.098304
2013 07 02 07 14 53 0.350208
2013 07 02 07 14 53 0.601600
2013 07 02 07 14 53 0.853504
2013 07 02 07 14 54 0.104960
2013 07 02 07 14 54 0.356864
2013 07 02 07 14 54 0.608256
2013 07 02 07 14 54 0.860160
2013 07 02 07 14 55 0.111616
2013 07 02 07 14 55 0.363520
2013 07 02 07 14 55 0.614912
2013 07 02 07 14 55 0.866816
2013 07 02 07 14 56 0.118272
2013 07 02 07 14 56 0.370176
2013 07 02 07 14 56 0.621568
2013 07 02 07 14 56 0.873472
2013 07 02 07 14 57 0.124928
2013 07 02 07 14 57 0.376832
2013 07 02 07 14 57 0.628224
2013 07 02 07 14 57 0.880128
2013 07 02 07 14 58 0.131584
2013 07 02 07 14 58 0.383488
2013 07 02 07 14 58 0.634880
2013 07 02 07 14 58 0.886784
2013 07 02 07 14 59 0.138240
2013 07 02 07 14 59 0.390144
2013 07 02 07 14 59 0.641536
2013 07 02 07 14 59 0.893440
2013 07 02 07 15 00 0.144896
2013 07 02 07 15 00 0.396800
2013 07 02 07 15 00 0.648192
2013 07 02 07 15 00 0.900096
2013 07 02 07 15 01 0.151552
2013 07 02 07 15 01 0.403456
2013 07 02 07 15 01 0.654848
2013 07 02 07 15 01 0.906752
2013 07 02 07 15 02 0.158208
2013 07 02 07 15 02 0.409856
2013 07 02 07 15 02 0.661504
2013 07 02 07 15 02 0.913152
2013 07 02 07 15 03 0.164864
2013 07 02 07 15 03 0.416512
2013 07 02 07 15 03 0.668160
2013 07 02 07 15 03 0.919808
2013 07 02 07 15 04 0.171520
2013 07 02 07 15 04 0.423168
2013 07 02 07 15 04 0.674816
2013 07 02 07 15 04 0.926464
2013 07 02 07 15 05 0.177920
2013 07 02 07 15 05 0.429824
2013 07 02 07 15 05 0.681472
2013 07 02 07 15 05 0.933120
2013 07 02 07 15 06 0.184576
2013 07 02 07 15 06 0.436480
2013 07 02 07 15 06 0.687872
2013 07 02 07 15 06 0.939776
2013 07 02 07 15 07 0.191232
2013 07 02 07 15 07 0.443136
2013 07 02 07 15 07 0.694528
2013 07 02 07 15 07 0.946432
2013 07 02 07 15 08 0.197888
2013 07 02 07 15 08 0.449792
2013 07 02 07 15 08 0.701184
2013 07 02 07 15 08 0.953088
2013 07 02 07 15 09 0.204544
2013 07 02 07 15 09 0.456448
2013 07 02 07 15 09 0.707840
2013 07 02 07 15 09 0.959744
2013 07 02 07 15 10 0.211200
2013 07 02 07 15 10 0.463104
2013 07 02 07 15 10 0.714496
2013 07 02 07 15 10 0.966400
2013 07 02 07 15 11 0.217856
2013 07 02 07 15 11 0.469504
2013 07 02 07 15 11 0.721152
2013 07 02 07 15 11 0.973056
2013 07 02 07 15 12 0.224768
2013 07 02 07 15 12 0.476160
2013 07 02 07 15 12 0.727808
2013 07 02 07 15 12 0.979712
2013 07 02 07 15 13 0.231168
2013 07 02 07 15 13 0.482816
2013 07 02 07 15 13 0.734464
2013 07 02 07 15 13 0.986112
2013 07 02 07 15 14 0.237824
2013 07 02 07 15 14 0.489472
2013 07 02 07 15 14 0.741120
2013 07 02 07 15 14 0.992768
2013 07 02 07 15 15 0.244480
2013 07 02 07 15 15 0.496128
2013 07 02 07 15 15 0.747776
2013 07 02 07 15 15 0.999680
2013 07 02 07 15 16 0.251136
2013 07 02 07 15 16 0.502784
2013 07 02 07 15 16 0.754432
2013 07 02 07 15 17 0.006144
2013 07 02 07 15 17 0.257792
2013 07 02 07 15 17 0.509440
2013 07 02 07 15 17 0.761088
2013 07 02 07 15 18 0.012800
2013 07 02 07 15 18 0.264192
2013 07 02 07 15 18 0.516096
2013 07 02 07 15 18 0.767744
2013 07 02 07 15 19 0.019456
2013 07 02 07 15 19 0.271104
2013 07 02 07 15 19 0.522752
2013 07 02 07 15 19 0.774144
2013 07 02 07 15 20 0.026112
2013 07 02 07 15 20 0.277504
2013 07 02 07 15 20 0.529408
2013 07 02 07 15 20 0.780800
2013 07 02 07 15 21 0.032768
2013 07 02 07 15 21 0.284160
2013 07 02 07 15 21 0.536064
2013 07 02 07 15 21 0.787456
2013 07 02 07 15 22 0.039424
2013 07 02 07 15 22 0.290816
2013 07 02 07 15 22 0.542720
2013 07 02 07 15 22 0.794112
2013 07 02 07 15 23 0.046080
2013 07 02 07 15 23 0.297472
2013 07 02 07 15 23 0.549376
2013 07 02 07 15 23 0.800768
2013 07 02 07 15 24 0.052736
2013 07 02 07 15 24 0.304128
2013 07 02 07 15 24 0.556032
2013 07 02 07 15 24 0.807424
2013 07 02 07 15 25 0.059392
2013 07 02 07 15 25 0.310784
2013 07 02 07 15 25 0.562688
2013 07 02 07 15 25 0.814080
2013 07 02 07 15 26 0.065792
2013 07 02 07 15 26 0.317440
2013 07 02 07 15 26 0.569088
2013 07 02 07 15 26 0.820736
2013 07 02 07 15 27 0.072448
2013 07 02 07 15 27 0.324096
2013 07 02 07 15 27 0.575744
2013 07 02 07 15 27 0.827392
2013 07 02 07 15 28 0.079104
2013 07 02 07 15 28 0.330752
2013 07 02 07 15 28 0.582400
2013 07 02 07 15 28 0.834048
2013 07 02 07 15 29 0.085760
2013 07 02 07 15 29 0.337408
2013 07 02 07 15 29 0.589056
2013 07 02 07 15 29 0.840704
2013 07 02 07 15 30 0.092416
2013 07 02 07 15 30 0.344064
2013 07 02 07 15 30 0.595712
2013 07 02 07 15 30 0.847360
2013 07 02 07 15 31 0.099072
2013 07 02 07 15 31 0.350464
2013 07 02 07 15 31 0.602368
2013 07 02 07 15 31 0.854016
2013 07 02 07 15 32 0.105728
2013 07 02 07 15 32 0.357120
2013 07 02 07 15 32 0.609024
2013 07 02 07 15 32 0.860416
2013 07 02 07 15 33 0.112384
2013 07 02 07 15 33 0.363776
2013 07 02 07 15 33 0.615680
2013 07 02 07 15 33 0.867072
2013 07 02 07 15 34 0.119040
2013 07 02 07 15 34 0.370432
2013 07 02 07 15 34 0.622336
2013 07 02 07 15 34 0.873728
2013 07 02 07 15 35 0.125696
2013 07 02 07 15 35 0.377088
2013 07 02 07 15 35 0.628992
2013 07 02 07 15 35 0.880384
2013 07 02 07 15 36 0.132352
2013 07 02 07 15 36 0.383744
2013 07 02 07 15 36 0.635648
2013 07 02 07 15 36 0.887040
2013 07 02 07 15 37 0.139008
2013 07 02 07 15 37 0.390400
2013 07 02 07 15 37 0.642304
2013 07 02 07 15 37 0.893696
2013 07 02 07 15 38 0.145664
2013 07 02 07 15 38 0.397056
2013 07 02 07 15 38 0.648960
2013 07 02 07 15 38 0.900352
2013 07 02 07 15 39 0.152320
2013 07 02 07 15 39 0.403712
2013 07 02 07 15 39 0.655616
2013 07 02 07 15 39 0.907008
2013 07 02 07 15 40 0.158976
2013 07 02 07 15 40 0.410368
2013 07 02 07 15 40 0.662272
2013 07 02 07 15 40 0.913664
2013 07 02 07 15 41 0.165376
2013 07 02 07 15 41 0.417024
2013 07 02 07 15 41 0.668672
2013 07 02 07 15 41 0.920320
2013 07 02 07 15 42 0.172032
2013 07 02 07 15 42 0.423680
2013 07 02 07 15 42 0.675328
2013 07 02 07 15 42 0.926976
2013 07 02 07 15 43 0.178688
2013 07 02 07 15 43 0.430336
2013 07 02 07 15 43 0.681984
2013 07 02 07 15 43 0.933632
2013 07 02 07 15 44 0.185344
2013 07 02 07 15 44 0.436736
2013 07 02 07 15 44 0.688640
2013 07 02 07 15 44 0.940288
2013 07 02 07 15 45 0.192000
2013 07 02 07 15 45 0.443392
2013 07 02 07 15 45 0.695296
2013 07 02 07 15 45 0.946688
2013 07 02 07 15 46 0.198656
2013 07 02 07 15 46 0.450048
2013 07 02 07 15 46 0.701952
2013 07 02 07 15 46 0.953344
2013 07 02 07 15 47 0.205312
2013 07 02 07 15 47 0.456704
2013 07 02 07 15 47 0.708608
2013 07 02 07 15 47 0.960000
2013 07 02 07 15 48 0.211968
2013 07 02 07 15 48 0.463360
2013 07 02 07 15 48 0.715264
2013 07 02 07 15 48 0.966656
2013 07 02 07 15 49 0.218624
2013 07 02 07 15 49 0.470016
2013 07 02 07 15 49 0.721920
2013 07 02 07 15 49 0.973312
2013 07 02 07 15 50 0.225024
2013 07 02 07 15 50 0.476672
2013 07 02 07 15 50 0.728576
2013 07 02 07 15 50 0.979968
2013 07 02 07 15 51 0.231936
2013 07 02 07 15 51 0.483328
2013 07 02 07 15 51 0.734976
2013 07 02 07 15 51 0.986624
2013 07 02 07 15 52 0.238336
2013 07 02 07 15 52 0.489984
2013 07 02 07 15 52 0.741888
2013 07 02 07 15 52 0.993280
2013 07 02 07 15 53 0.244992
2013 07 02 07 15 53 0.496640
2013 07 02 07 15 53 0.748288
2013 07 02 07 15 54 0.000000
2013 07 02 07 15 54 0.251648
2013 07 02 07 15 54 0.503296
2013 07 02 07 15 54 0.754944
2013 07 02 07 15 55 0.006656
2013 07 02 07 15 55 0.258304
2013 07 02 07 15 55 0.509952
2013 07 02 07 15 55 0.761856
2013 07 02 07 15 56 0.013056
2013 07 02 07 15 56 0.264960
2013 07 02 07 15 56 0.516608
2013 07 02 07 15 56 0.768256
2013 07 02 07 15 57 0.019712
2013 07 02 07 15 57 0.271616
2013 07 02 07 15 57 0.523264
2013 07 02 07 15 57 0.774912
2013 07 02 07 15 58 0.026368
2013 07 02 07 15 58 0.278272
2013 07 02 07 15 58 0.529664
2013 07 02 07 15 58 0.781568
2013 07 02 07 15 59 0.033024
2013 07 02 07 15 59 0.284928
2013 07 02 07 15 59 0.536320
2013 07 02 07 15 59 0.788224
2013 07 02 07 16 00 0.039680
2013 07 02 07 16 00 0.291584
2013 07 02 07 16 00 0.542976
2013 07 02 07 16 00 0.794880
2013 07 02 07 16 01 0.046336
2013 07 02 07 16 01 0.298240
2013 07 02 07 16 01 0.549632
2013 07 02 07 16 01 0.801536
2013 07 02 07 16 02 0.052992
2013 07 02 07 16 02 0.304896
2013 07 02 07 16 02 0.556288
2013 07 02 07 16 02 0.808192
2013 07 02 07 16 03 0.059648
2013 07 02 07 16 03 0.311552
2013 07 02 07 16 03 0.562944
2013 07 02 07 16 03 0.814848
2013 07 02 07 16 04 0.066304
2013 07 02 07 16 04 0.318208
2013 07 02 07 16 04 0.569600
2013 07 02 07 16 04 0.821504
2013 07 02 07 16 05 0.072960
2013 07 02 07 16 05 0.324864
2013 07 02 07 16 05 0.576256
2013 07 02 07 16 05 0.827904
2013 07 02 07 16 06 0.079616
2013 07 02 07 16 06 0.331264
2013 07 02 07 16 06 0.582912
2013 07 02 07 16 06 0.834560
2013 07 02 07 16 07 0.086272
2013 07 02 07 16 07 0.337920
2013 07 02 07 16 07 0.589568
2013 07 02 07 16 07 0.841216
2013 07 02 07 16 08 0.092928
2013 07 02 07 16 08 0.344576
2013 07 02 07 16 08 0.596224
2013 07 02 07 16 08 0.847872
2013 07 02 07 16 09 0.099328
2013 07 02 07 16 09 0.351232
2013 07 02 07 16 09 0.602880
2013 07 02 07 16 09 0.854528
2013 07 02 07 16 10 0.105984
2013 07 02 07 16 10 0.357888
2013 07 02 07 16 10 0.609280
2013 07 02 07 16 10 0.861184
2013 07 02 07 16 11 0.112640
2013 07 02 07 16 11 0.364544
2013 07 02 07 16 11 0.615936
2013 07 02 07 16 11 0.867840
2013 07 02 07 16 12 0.119296
2013 07 02 07 16 12 0.371200
2013 07 02 07 16 12 0.622592
2013 07 02 07 16 12 0.874496
2013 07 02 07 16 13 0.125952
2013 07 02 07 16 13 0.377856
2013 07 02 07 16 13 0.629248
2013 07 02 07 16 13 0.881152
2013 07 02 07 16 14 0.132608
2013 07 02 07 16 14 0.384512
2013 07 02 07 16 14 0.635904
2013 07 02 07 16 14 0.887808
2013 07 02 07 16 15 0.139264
2013 07 02 07 16 15 0.391168
2013 07 02 07 16 15 0.642560
2013 07 02 07 16 15 0.894464
2013 07 02 07 16 16 0.145920
2013 07 02 07 16 16 0.397824
2013 07 02 07 16 16 0.649216
2013 07 02 07 16 16 0.901120
2013 07 02 07 16 17 0.152576
2013 07 02 07 16 17 0.404480
2013 07 02 07 16 17 0.655872
2013 07 02 07 16 17 0.907776
2013 07 02 07 16 18 0.159232
2013 07 02 07 16 18 0.411136
2013 07 02 07 16 18 0.662528
2013 07 02 07 16 18 0.914432
2013 07 02 07 16 19 0.165888
2013 07 02 07 16 19 0.417792
2013 07 02 07 16 19 0.669184
2013 07 02 07 16 19 0.921088
2013 07 02 07 16 20 0.172544
2013 07 02 07 16 20 0.424448
2013 07 02 07 16 20 0.675840
2013 07 02 07 16 20 0.927744
2013 07 02 07 16 21 0.179200
2013 07 02 07 16 21 0.430848
2013 07 02 07 16 21 0.682496
2013 07 02 07 16 21 0.934400
2013 07 02 07 16 22 0.185600
2013 07 02 07 16 22 0.437504
2013 07 02 07 16 22 0.689152
2013 07 02 07 16 22 0.940800
2013 07 02 07 16 23 0.192256
2013 07 02 07 16 23 0.444160
2013 07 02 07 16 23 0.695808
2013 07 02 07 16 23 0.947456
2013 07 02 07 16 24 0.198912
2013 07 02 07 16 24 0.450816
2013 07 02 07 16 24 0.702208
2013 07 02 07 16 24 0.954112
2013 07 02 07 16 25 0.205568
2013 07 02 07 16 25 0.457472
2013 07 02 07 16 25 0.708864
2013 07 02 07 16 25 0.960768
2013 07 02 07 16 26 0.212224
2013 07 02 07 16 26 0.464128
2013 07 02 07 16 26 0.715520
2013 07 02 07 16 26 0.967424
2013 07 02 07 16 27 0.218880
2013 07 02 07 16 27 0.470784
2013 07 02 07 16 27 0.722176
2013 07 02 07 16 27 0.974080
2013 07 02 07 16 28 0.225536
2013 07 02 07 16 28 0.477440
2013 07 02 07 16 28 0.728832
2013 07 02 07 16 28 0.980736
2013 07 02 07 16 29 0.232192
2013 07 02 07 16 29 0.484096
2013 07 02 07 16 29 0.735488
2013 07 02 07 16 29 0.987392
2013 07 02 07 16 30 0.238848
2013 07 02 07 16 30 0.490752
2013 07 02 07 16 30 0.742144
2013 07 02 07 16 30 0.994048
2013 07 02 07 16 31 0.245504
2013 07 02 07 16 31 0.497152
2013 07 02 07 16 31 0.748800
2013 07 02 07 16 32 0.000512
2013 07 02 07 16 32 0.252160
2013 07 02 07 16 32 0.503808
2013 07 02 07 16 32 0.755456
2013 07 02 07 16 33 0.007168
2013 07 02 07 16 33 0.258816
2013 07 02 07 16 33 0.510464
2013 07 02 07 16 33 0.762112
2013 07 02 07 16 34 0.013824
2013 07 02 07 16 34 0.265472
2013 07 02 07 16 34 0.517120
2013 07 02 07 16 34 0.768768
2013 07 02 07 16 35 0.020480
2013 07 02 07 16 35 0.272128
2013 07 02 07 16 35 0.523776
2013 07 02 07 16 35 0.775424
2013 07 02 07 16 36 0.027136
2013 07 02 07 16 36 0.278784
2013 07 02 07 16 36 0.530432
2013 07 02 07 16 36 0.782080
2013 07 02 07 16 37 0.033792
2013 07 02 07 16 37 0.285440
2013 07 02 07 16 37 0.537344
2013 07 02 07 16 37 0.788736
2013 07 02 07 16 38 0.040448
2013 07 02 07 16 38 0.292096
2013 07 02 07 16 38 0.543744
2013 07 02 07 16 38 0.795392
2013 07 02 07 16 39 0.047104
2013 07 02 07 16 39 0.298752
2013 07 02 07 16 39 0.550656
2013 07 02 07 16 39 0.802048
2013 07 02 07 16 40 0.053760
2013 07 02 07 16 40 0.305408
2013 07 02 07 16 40 0.557056
2013 07 02 07 16 40 0.808704
2013 07 02 07 16 41 0.060416
2013 07 02 07 16 41 0.311808
2013 07 02 07 16 41 0.563712
2013 07 02 07 16 41 0.815360
2013 07 02 07 16 42 0.067072
2013 07 02 07 16 42 0.318464
2013 07 02 07 16 42 0.570368
2013 07 02 07 16 42 0.822016
2013 07 02 07 16 43 0.073728
2013 07 02 07 16 43 0.325120
2013 07 02 07 16 43 0.577024
2013 07 02 07 16 43 0.828416
2013 07 02 07 16 44 0.080384
2013 07 02 07 16 44 0.331776
2013 07 02 07 16 44 0.583680
2013 07 02 07 16 44 0.835072
2013 07 02 07 16 45 0.087040
2013 07 02 07 16 45 0.338432
2013 07 02 07 16 45 0.590336
2013 07 02 07 16 45 0.841728
2013 07 02 07 16 46 0.093696
2013 07 02 07 16 46 0.345088
2013 07 02 07 16 46 0.596992
2013 07 02 07 16 46 0.848384
2013 07 02 07 16 47 0.100352
2013 07 02 07 16 47 0.351744
2013 07 02 07 16 47 0.603648
2013 07 02 07 16 47 0.855040
2013 07 02 07 16 48 0.107008
2013 07 02 07 16 48 0.358400
2013 07 02 07 16 48 0.610304
2013 07 02 07 16 48 0.861696
2013 07 02 07 16 49 0.113408
2013 07 02 07 16 49 0.365056
2013 07 02 07 16 49 0.616960
2013 07 02 07 16 49 0.868352
2013 07 02 07 16 50 0.120064
2013 07 02 07 16 50 0.371712
2013 07 02 07 16 50 0.623616
2013 07 02 07 16 50 0.875008
2013 07 02 07 16 51 0.126720
2013 07 02 07 16 51 0.378368
2013 07 02 07 16 51 0.630016
2013 07 02 07 16 51 0.881664
2013 07 02 07 16 52 0.133376
2013 07 02 07 16 52 0.385024
2013 07 02 07 16 52 0.636928
2013 07 02 07 16 52 0.888320
2013 07 02 07 16 53 0.140032
2013 07 02 07 16 53 0.391680
2013 07 02 07 16 53 0.643328
2013 07 02 07 16 53 0.894976
2013 07 02 07 16 54 0.146688
2013 07 02 07 16 54 0.398336
2013 07 02 07 16 54 0.649984
2013 07 02 07 16 54 0.901632
2013 07 02 07 16 55 0.153344
2013 07 02 07 16 55 0.404992
2013 07 02 07 16 55 0.656640
2013 07 02 07 16 55 0.908288
2013 07 02 07 16 56 0.160000
2013 07 02 07 16 56 0.411648
2013 07 02 07 16 56 0.663296
2013 07 02 07 16 56 0.914944
2013 07 02 07 16 57 0.166656
2013 07 02 07 16 57 0.418304
2013 07 02 07 16 57 0.669952
2013 07 02 07 16 57 0.921600
2013 07 02 07 16 58 0.173312
2013 07 02 07 16 58 0.424960
2013 07 02 07 16 58 0.676608
2013 07 02 07 16 58 0.928256
2013 07 02 07 16 59 0.179968
2013 07 02 07 16 59 0.431616
2013 07 02 07 16 59 0.683264
2013 07 02 07 16 59 0.934912
2013 07 02 07 17 00 0.186624
2013 07 02 07 17 00 0.438272
2013 07 02 07 17 00 0.689920
2013 07 02 07 17 00 0.941568
2013 07 02 07 17 01 0.193280
2013 07 02 07 17 01 0.444672
2013 07 02 07 17 01 0.696576
2013 07 02 07 17 01 0.947968
2013 07 02 07 17 02 0.199936
2013 07 02 07 17 02 0.451328
2013 07 02 07 17 02 0.703232
2013 07 02 07 17 02 0.954624
2013 07 02 07 17 03 0.206592
2013 07 02 07 17 03 0.457984
2013 07 02 07 17 03 0.709888
2013 07 02 07 17 03 0.961280
2013 07 02 07 17 04 0.213248
2013 07 02 07 17 04 0.464640
2013 07 02 07 17 04 0.716544
2013 07 02 07 17 04 0.967936
2013 07 02 07 17 05 0.219904
2013 07 02 07 17 05 0.471296
2013 07 02 07 17 05 0.723200
2013 07 02 07 17 05 0.974592
2013 07 02 07 17 06 0.226560
2013 07 02 07 17 06 0.477952
2013 07 02 07 17 06 0.729856
2013 07 02 07 17 06 0.981248
2013 07 02 07 17 07 0.232960
2013 07 02 07 17 07 0.484608
2013 07 02 07 17 07 0.736512
2013 07 02 07 17 07 0.987904
2013 07 02 07 17 08 0.239616
2013 07 02 07 17 08 0.491264
2013 07 02 07 17 08 0.743168
2013 07 02 07 17 08 0.994560
2013 07 02 07 17 09 0.246272
2013 07 02 07 17 09 0.497920
2013 07 02 07 17 09 0.749568
2013 07 02 07 17 10 0.001280
2013 07 02 07 17 10 0.252928
2013 07 02 07 17 10 0.504576
2013 07 02 07 17 10 0.756224
2013 07 02 07 17 11 0.007936
2013 07 02 07 17 11 0.259584
2013 07 02 07 17 11 0.511232
2013 07 02 07 17 11 0.762880
2013 07 02 07 17 12 0.014592
2013 07 02 07 17 12 0.266240
2013 07 02 07 17 12 0.517888
2013 07 02 07 17 12 0.769536
2013 07 02 07 17 13 0.021248
2013 07 02 07 17 13 0.272896
2013 07 02 07 17 13 0.524544
2013 07 02 07 17 13 0.776192
2013 07 02 07 17 14 0.027904
2013 07 02 07 17 14 0.279552
2013 07 02 07 17 14 0.531200
2013 07 02 07 17 14 0.782848
2013 07 02 07 17 15 0.034304
2013 07 02 07 17 15 0.286208
2013 07 02 07 17 15 0.537856
2013 07 02 07 17 15 0.789504
2013 07 02 07 17 16 0.040960
2013 07 02 07 17 16 0.292864
2013 07 02 07 17 16 0.544512
2013 07 02 07 17 16 0.796160
2013 07 02 07 17 17 0.047616
2013 07 02 07 17 17 0.299520
2013 07 02 07 17 17 0.550912
2013 07 02 07 17 17 0.802816
2013 07 02 07 17 18 0.054272
2013 07 02 07 17 18 0.306176
2013 07 02 07 17 18 0.557568
2013 07 02 07 17 18 0.809472
2013 07 02 07 17 19 0.060928
2013 07 02 07 17 19 0.312832
2013 07 02 07 17 19 0.564224
2013 07 02 07 17 19 0.816128
2013 07 02 07 17 20 0.067584
2013 07 02 07 17 20 0.319488
2013 07 02 07 17 20 0.570880
2013 07 02 07 17 20 0.822784
2013 07 02 07 17 21 0.074240
2013 07 02 07 17 21 0.326144
2013 07 02 07 17 21 0.577536
2013 07 02 07 17 21 0.829440
2013 07 02 07 17 22 0.080896
2013 07 02 07 17 22 0.332800
2013 07 02 07 17 22 0.584192
2013 07 02 07 17 22 0.836096
2013 07 02 07 17 23 0.087552
2013 07 02 07 17 23 0.339456
2013 07 02 07 17 23 0.590848
2013 07 02 07 17 23 0.842752
2013 07 02 07 17 24 0.094208
2013 07 02 07 17 24 0.346112
2013 07 02 07 17 24 0.597504
2013 07 02 07 17 24 0.849408
2013 07 02 07 17 25 0.100864
2013 07 02 07 17 25 0.352768
2013 07 02 07 17 25 0.604160
2013 07 02 07 17 25 0.856064
2013 07 02 07 17 26 0.107520
2013 07 02 07 17 26 0.359168
2013 07 02 07 17 26 0.610816
2013 07 02 07 17 26 0.862464
2013 07 02 07 17 27 0.114176
2013 07 02 07 17 27 0.365824
2013 07 02 07 17 27 0.617472
2013 07 02 07 17 27 0.869120
2013 07 02 07 17 28 0.120832
2013 07 02 07 17 28 0.372480
2013 07 02 07 17 28 0.624128
2013 07 02 07 17 28 0.875776
2013 07 02 07 17 29 0.127488
2013 07 02 07 17 29 0.379136
2013 07 02 07 17 29 0.630784
2013 07 02 07 17 29 0.882432
2013 07 02 07 17 30 0.134144
2013 07 02 07 17 30 0.385792
2013 07 02 07 17 30 0.637440
2013 07 02 07 17 30 0.889088
2013 07 02 07 17 31 0.140800
2013 07 02 07 17 31 0.392448
2013 07 02 07 17 31 0.644096
2013 07 02 07 17 31 0.895744
2013 07 02 07 17 32 0.147200
2013 07 02 07 17 32 0.399104
2013 07 02 07 17 32 0.650752
2013 07 02 07 17 32 0.902400
2013 07 02 07 17 33 0.153856
2013 07 02 07 17 33 0.405760
2013 07 02 07 17 33 0.657408
2013 07 02 07 17 33 0.909056
2013 07 02 07 17 34 0.160512
2013 07 02 07 17 34 0.412416
2013 07 02 07 17 34 0.663808
2013 07 02 07 17 34 0.915712
2013 07 02 07 17 35 0.167168
2013 07 02 07 17 35 0.419072
2013 07 02 07 17 35 0.670464
2013 07 02 07 17 35 0.922368
2013 07 02 07 17 36 0.173824
2013 07 02 07 17 36 0.425728
2013 07 02 07 17 36 0.677120
2013 07 02 07 17 36 0.929024
2013 07 02 07 17 37 0.180480
2013 07 02 07 17 37 0.432384
2013 07 02 07 17 37 0.683776
2013 07 02 07 17 37 0.935680
2013 07 02 07 17 38 0.187136
2013 07 02 07 17 38 0.439040
2013 07 02 07 17 38 0.690432
2013 07 02 07 17 38 0.942336
2013 07 02 07 17 39 0.193792
2013 07 02 07 17 39 0.445696
2013 07 02 07 17 39 0.697088
2013 07 02 07 17 39 0.948992
2013 07 02 07 17 40 0.200448
2013 07 02 07 17 40 0.452352
2013 07 02 07 17 40 0.703744
2013 07 02 07 17 40 0.955648
2013 07 02 07 17 41 0.207104
2013 07 02 07 17 41 0.459008
2013 07 02 07 17 41 0.710400
2013 07 02 07 17 41 0.962304
2013 07 02 07 17 42 0.213760
2013 07 02 07 17 42 0.465664
2013 07 02 07 17 42 0.717056
2013 07 02 07 17 42 0.968960
2013 07 02 07 17 43 0.220416
2013 07 02 07 17 43 0.472320
2013 07 02 07 17 43 0.723712
2013 07 02 07 17 43 0.975616
2013 07 02 07 17 44 0.227072
2013 07 02 07 17 44 0.478976
2013 07 02 07 17 44 0.730368
2013 07 02 07 17 44 0.982272
2013 07 02 07 17 45 0.233728
2013 07 02 07 17 45 0.485632
2013 07 02 07 17 45 0.737024
2013 07 02 07 17 45 0.988672
2013 07 02 07 17 46 0.240384
2013 07 02 07 17 46 0.492032
2013 07 02 07 17 46 0.743680
2013 07 02 07 17 46 0.995328
2013 07 02 07 17 47 0.247040
2013 07 02 07 17 47 0.498688
2013 07 02 07 17 47 0.750336
2013 07 02 07 17 48 0.002048
2013 07 02 07 17 48 0.253696
2013 07 02 07 17 48 0.505344
2013 07 02 07 17 48 0.756992
2013 07 02 07 17 49 0.008704
2013 07 02 07 17 49 0.260352
2013 07 02 07 17 49 0.512000
2013 07 02 07 17 49 0.763648
2013 07 02 07 17 50 0.015360
2013 07 02 07 17 50 0.266752
2013 07 02 07 17 50 0.518656
2013 07 02 07 17 50 0.770304
2013 07 02 07 17 51 0.022016
2013 07 02 07 17 51 0.273408
2013 07 02 07 17 51 0.525312
2013 07 02 07 17 51 0.776960
2013 07 02 07 17 52 0.028672
2013 07 02 07 17 52 0.280064
2013 07 02 07 17 52 0.531968
2013 07 02 07 17 52 0.783360
2013 07 02 07 17 53 0.035328
2013 07 02 07 17 53 0.286720
2013 07 02 07 17 53 0.538624
2013 07 02 07 17 53 0.790016
2013 07 02 07 17 54 0.041984
2013 07 02 07 17 54 0.293376
2013 07 02 07 17 54 0.545280
2013 07 02 07 17 54 0.796672
2013 07 02 07 17 55 0.048640
2013 07 02 07 17 55 0.300032
2013 07 02 07 17 55 0.551936
2013 07 02 07 17 55 0.803328
2013 07 02 07 17 56 0.055296
2013 07 02 07 17 56 0.306688
2013 07 02 07 17 56 0.558592
2013 07 02 07 17 56 0.809984
2013 07 02 07 17 57 0.061952
2013 07 02 07 17 57 0.313344
2013 07 02 07 17 57 0.565248
2013 07 02 07 17 57 0.816640
2013 07 02 07 17 58 0.068608
2013 07 02 07 17 58 0.320000
2013 07 02 07 17 58 0.571904
2013 07 02 07 17 58 0.823296
2013 07 02 07 17 59 0.075264
2013 07 02 07 17 59 0.326656
2013 07 02 07 17 59 0.578560
2013 07 02 07 17 59 0.829952
2013 07 02 07 18 00 0.081920
2013 07 02 07 18 00 0.333312
2013 07 02 07 18 00 0.585216
2013 07 02 07 18 00 0.836608
2013 07 02 07 18 01 0.088576
2013 07 02 07 18 01 0.339968
2013 07 02 07 18 01 0.591872
2013 07 02 07 18 01 0.843264
2013 07 02 07 18 02 0.094976
2013 07 02 07 18 02 0.346624
2013 07 02 07 18 02 0.598528
2013 07 02 07 18 02 0.849920
2013 07 02 07 18 03 0.101632
2013 07 02 07 18 03 0.353280
2013 07 02 07 18 03 0.604928
2013 07 02 07 18 03 0.856576
2013 07 02 07 18 04 0.108288
2013 07 02 07 18 04 0.359936
2013 07 02 07 18 04 0.611584
2013 07 02 07 18 04 0.863232
2013 07 02 07 18 05 0.114944
2013 07 02 07 18 05 0.366592
2013 07 02 07 18 05 0.618240
2013 07 02 07 18 05 0.869888
2013 07 02 07 18 06 0.121600
2013 07 02 07 18 06 0.373248
2013 07 02 07 18 06 0.624896
2013 07 02 07 18 06 0.876544
2013 07 02 07 18 07 0.128256
2013 07 02 07 18 07 0.379648
2013 07 02 07 18 07 0.631552
2013 07 02 07 18 07 0.883200
2013 07 02 07 18 08 0.134912
2013 07 02 07 18 08 0.386304
2013 07 02 07 18 08 0.638208
2013 07 02 07 18 08 0.889600
2013 07 02 07 18 09 0.141568
2013 07 02 07 18 09 0.392960
2013 07 02 07 18 09 0.644864
2013 07 02 07 18 09 0.896256
2013 07 02 07 18 10 0.148224
2013 07 02 07 18 10 0.399616
2013 07 02 07 18 10 0.651520
2013 07 02 07 18 10 0.902912
2013 07 02 07 18 11 0.154880
2013 07 02 07 18 11 0.406272
2013 07 02 07 18 11 0.658176
2013 07 02 07 18 11 0.909568
2013 07 02 07 18 12 0.161536
2013 07 02 07 18 12 0.412928
2013 07 02 07 18 12 0.664832
2013 07 02 07 18 12 0.916224
2013 07 02 07 18 13 0.168192
2013 07 02 07 18 13 0.419584
2013 07 02 07 18 13 0.671488
2013 07 02 07 18 13 0.922880
2013 07 02 07 18 14 0.174848
2013 07 02 07 18 14 0.426240
2013 07 02 07 18 14 0.678144
2013 07 02 07 18 14 0.929536
2013 07 02 07 18 15 0.181248
2013 07 02 07 18 15 0.432896
2013 07 02 07 18 15 0.684544
2013 07 02 07 18 15 0.936192
2013 07 02 07 18 16 0.188160
2013 07 02 07 18 16 0.439552
2013 07 02 07 18 16 0.691456
2013 07 02 07 18 16 0.942848
2013 07 02 07 18 17 0.194560
2013 07 02 07 18 17 0.446208
2013 07 02 07 18 17 0.698112
2013 07 02 07 18 17 0.949504
2013 07 02 07 18 18 0.201472
2013 07 02 07 18 18 0.452864
2013 07 02 07 18 18 0.704768
2013 07 02 07 18 18 0.956160
2013 07 02 07 18 19 0.207872
2013 07 02 07 18 19 0.459520
2013 07 02 07 18 19 0.711168
2013 07 02 07 18 19 0.962816
2013 07 02 07 18 20 0.214528
2013 07 02 07 18 20 0.466176
2013 07 02 07 18 20 0.717824
2013 07 02 07 18 20 0.969472
2013 07 02 07 18 21 0.221184
2013 07 02 07 18 21 0.472832
2013 07 02 07 18 21 0.724480
2013 07 02 07 18 21 0.976128
2013 07 02 07 18 22 0.227840
2013 07 02 07 18 22 0.479488
2013 07 02 07 18 22 0.731392
2013 07 02 07 18 22 0.982784
2013 07 02 07 18 23 0.234496
2013 07 02 07 18 23 0.485888
2013 07 02 07 18 23 0.737792
2013 07 02 07 18 23 0.989440
2013 07 02 07 18 24 0.241152
2013 07 02 07 18 24 0.492544
2013 07 02 07 18 24 0.744448
2013 07 02 07 18 24 0.995840
2013 07 02 07 18 25 0.247808
2013 07 02 07 18 25 0.499200
2013 07 02 07 18 25 0.751104
2013 07 02 07 18 26 0.002560
2013 07 02 07 18 26 0.254464
2013 07 02 07 18 26 0.505856
2013 07 02 07 18 26 0.757760
2013 07 02 07 18 27 0.009216
2013 07 02 07 18 27 0.261120
2013 07 02 07 18 27 0.512512
2013 07 02 07 18 27 0.764416
2013 07 02 07 18 28 0.015872
2013 07 02 07 18 28 0.267776
2013 07 02 07 18 28 0.519168
2013 07 02 07 18 28 0.771072
2013 07 02 07 18 29 0.022528
2013 07 02 07 18 29 0.274432
2013 07 02 07 18 29 0.525824
2013 07 02 07 18 29 0.777728
2013 07 02 07 18 30 0.029184
2013 07 02 07 18 30 0.280832
2013 07 02 07 18 30 0.532480
2013 07 02 07 18 30 0.784384
2013 07 02 07 18 31 0.035840
2013 07 02 07 18 31 0.287744
2013 07 02 07 18 31 0.539136
2013 07 02 07 18 31 0.790784
2013 07 02 07 18 32 0.042496
2013 07 02 07 18 32 0.294144
2013 07 02 07 18 32 0.545792
2013 07 02 07 18 32 0.797440
2013 07 02 07 18 33 0.049152
2013 07 02 07 18 33 0.300800
2013 07 02 07 18 33 0.552448
2013 07 02 07 18 33 0.804096
2013 07 02 07 18 34 0.055808
2013 07 02 07 18 34 0.307456
2013 07 02 07 18 34 0.559104
2013 07 02 07 18 34 0.810752
2013 07 02 07 18 35 0.062464
2013 07 02 07 18 35 0.314112
2013 07 02 07 18 35 0.565760
2013 07 02 07 18 35 0.817408
2013 07 02 07 18 36 0.069120
2013 07 02 07 18 36 0.320768
2013 07 02 07 18 36 0.572416
2013 07 02 07 18 36 0.824064
2013 07 02 07 18 37 0.075776
2013 07 02 07 18 37 0.327424
2013 07 02 07 18 37 0.579072
2013 07 02 07 18 37 0.830720
2013 07 02 07 18 38 0.082176
2013 07 02 07 18 38 0.334080
2013 07 02 07 18 38 0.585472
2013 07 02 07 18 38 0.837376
2013 07 02 07 18 39 0.088832
2013 07 02 07 18 39 0.340736
2013 07 02 07 18 39 0.592128
2013 07 02 07 18 39 0.844032
2013 07 02 07 18 40 0.095488
2013 07 02 07 18 40 0.347392
2013 07 02 07 18 40 0.598784
2013 07 02 07 18 40 0.850688
2013 07 02 07 18 41 0.102144
2013 07 02 07 18 41 0.354048
2013 07 02 07 18 41 0.605440
2013 07 02 07 18 41 0.857344
2013 07 02 07 18 42 0.108800
2013 07 02 07 18 42 0.360704
2013 07 02 07 18 42 0.612096
2013 07 02 07 18 42 0.864000
2013 07 02 07 18 43 0.115456
2013 07 02 07 18 43 0.367360
2013 07 02 07 18 43 0.618752
2013 07 02 07 18 43 0.870656
2013 07 02 07 18 44 0.122112
2013 07 02 07 18 44 0.374016
2013 07 02 07 18 44 0.625408
2013 07 02 07 18 44 0.877312
2013 07 02 07 18 45 0.128768
2013 07 02 07 18 45 0.380672
2013 07 02 07 18 45 0.632064
2013 07 02 07 18 45 0.883968
2013 07 02 07 18 46 0.135424
2013 07 02 07 18 46 0.387072
2013 07 02 07 18 46 0.638720
2013 07 02 07 18 46 0.890624
2013 07 02 07 18 47 0.142080
2013 07 02 07 18 47 0.393728
2013 07 02 07 18 47 0.645376
2013 07 02 07 18 47 0.897024
2013 07 02 07 18 48 0.148736
2013 07 02 07 18 48 0.400384
2013 07 02 07 18 48 0.652032
2013 07 02 07 18 48 0.903680
2013 07 02 07 18 49 0.155392
2013 07 02 07 18 49 0.407040
2013 07 02 07 18 49 0.658688
2013 07 02 07 18 49 0.910336
2013 07 02 07 18 50 0.162048
2013 07 02 07 18 50 0.413696
2013 07 02 07 18 50 0.665344
2013 07 02 07 18 50 0.916992
2013 07 02 07 18 51 0.168448
2013 07 02 07 18 51 0.420352
2013 07 02 07 18 51 0.672000
2013 07 02 07 18 51 0.923648
2013 07 02 07 18 52 0.175104
2013 07 02 07 18 52 0.427008
2013 07 02 07 18 52 0.678400
2013 07 02 07 18 52 0.930304
2013 07 02 07 18 53 0.181760
2013 07 02 07 18 53 0.433664
2013 07 02 07 18 53 0.685056
2013 07 02 07 18 53 0.936960
2013 07 02 07 18 54 0.188416
2013 07 02 07 18 54 0.440320
2013 07 02 07 18 54 0.691712
2013 07 02 07 18 54 0.943616
2013 07 02 07 18 55 0.195072
2013 07 02 07 18 55 0.446976
2013 07 02 07 18 55 0.698368
2013 07 02 07 18 55 0.950272
2013 07 02 07 18 56 0.201728
2013 07 02 07 18 56 0.453632
2013 07 02 07 18 56 0.705024
2013 07 02 07 18 56 0.956928
2013 07 02 07 18 57 0.208384
2013 07 02 07 18 57 0.460288
2013 07 02 07 18 57 0.711680
2013 07 02 07 18 57 0.963584
2013 07 02 07 18 58 0.215040
2013 07 02 07 18 58 0.466944
2013 07 02 07 18 58 0.718336
2013 07 02 07 18 58 0.970240
2013 07 02 07 18 59 0.221696
2013 07 02 07 18 59 0.473600
2013 07 02 07 18 59 0.724992
2013 07 02 07 18 59 0.976896
2013 07 02 07 19 00 0.228352
2013 07 02 07 19 00 0.480256
2013 07 02 07 19 00 0.731648
2013 07 02 07 19 00 0.983552
2013 07 02 07 19 01 0.235008
2013 07 02 07 19 01 0.486656
2013 07 02 07 19 01 0.738304
2013 07 02 07 19 01 0.990208
2013 07 02 07 19 02 0.241664
2013 07 02 07 19 02 0.493312
2013 07 02 07 19 02 0.744960
2013 07 02 07 19 02 0.996608
2013 07 02 07 19 03 0.248320
2013 07 02 07 19 03 0.499968
2013 07 02 07 19 03 0.751616
2013 07 02 07 19 04 0.003328
2013 07 02 07 19 04 0.254976
2013 07 02 07 19 04 0.506624
2013 07 02 07 19 04 0.758272
2013 07 02 07 19 05 0.009984
2013 07 02 07 19 05 0.261376
2013 07 02 07 19 05 0.513280
2013 07 02 07 19 05 0.764928
2013 07 02 07 19 06 0.016640
2013 07 02 07 19 06 0.268032
2013 07 02 07 19 06 0.519936
2013 07 02 07 19 06 0.771328
2013 07 02 07 19 07 0.023296
2013 07 02 07 19 07 0.274688
2013 07 02 07 19 07 0.526592
2013 07 02 07 19 07 0.777984
2013 07 02 07 19 08 0.029952
2013 07 02 07 19 08 0.281344
2013 07 02 07 19 08 0.533248
2013 07 02 07 19 08 0.784640
2013 07 02 07 19 09 0.036608
2013 07 02 07 19 09 0.288000
2013 07 02 07 19 09 0.539904
2013 07 02 07 19 09 0.791296
2013 07 02 07 19 10 0.043008
2013 07 02 07 19 10 0.294656
2013 07 02 07 19 10 0.546560
2013 07 02 07 19 10 0.797952
2013 07 02 07 19 11 0.049664
2013 07 02 07 19 11 0.301312
2013 07 02 07 19 11 0.552960
2013 07 02 07 19 11 0.804608
2013 07 02 07 19 12 0.056320
2013 07 02 07 19 12 0.307968
2013 07 02 07 19 12 0.559616
2013 07 02 07 19 12 0.811264
2013 07 02 07 19 13 0.062976
2013 07 02 07 19 13 0.314624
2013 07 02 07 19 13 0.566272
2013 07 02 07 19 13 0.817920
2013 07 02 07 19 14 0.069632
2013 07 02 07 19 14 0.321280
2013 07 02 07 19 14 0.572928
2013 07 02 07 19 14 0.824576
2013 07 02 07 19 15 0.076288
2013 07 02 07 19 15 0.327936
2013 07 02 07 19 15 0.579584
2013 07 02 07 19 15 0.831232
2013 07 02 07 19 16 0.082944
2013 07 02 07 19 16 0.334592
2013 07 02 07 19 16 0.586240
2013 07 02 07 19 16 0.837888
2013 07 02 07 19 17 0.089600
2013 07 02 07 19 17 0.340992
2013 07 02 07 19 17 0.592896
2013 07 02 07 19 17 0.844544
2013 07 02 07 19 18 0.096256
2013 07 02 07 19 18 0.347648
2013 07 02 07 19 18 0.599552
2013 07 02 07 19 18 0.851200
2013 07 02 07 19 19 0.102912
2013 07 02 07 19 19 0.354304
2013 07 02 07 19 19 0.606208
2013 07 02 07 19 19 0.857600
2013 07 02 07 19 20 0.109568
2013 07 02 07 19 20 0.360960
2013 07 02 07 19 20 0.612864
2013 07 02 07 19 20 0.864256
2013 07 02 07 19 21 0.116224
2013 07 02 07 19 21 0.367616
2013 07 02 07 19 21 0.619520
2013 07 02 07 19 21 0.870912
2013 07 02 07 19 22 0.122880
2013 07 02 07 19 22 0.374272
2013 07 02 07 19 22 0.626176
2013 07 02 07 19 22 0.877568
2013 07 02 07 19 23 0.129536
2013 07 02 07 19 23 0.380928
2013 07 02 07 19 23 0.632832
2013 07 02 07 19 23 0.884224
2013 07 02 07 19 24 0.136192
2013 07 02 07 19 24 0.387584
2013 07 02 07 19 24 0.639488
2013 07 02 07 19 24 0.890880
2013 07 02 07 19 25 0.142848
2013 07 02 07 19 25 0.394240
2013 07 02 07 19 25 0.646144
2013 07 02 07 19 25 0.897536
2013 07 02 07 19 26 0.149248
2013 07 02 07 19 26 0.400896
2013 07 02 07 19 26 0.652544
2013 07 02 07 19 26 0.904192
2013 07 02 07 19 27 0.155904
2013 07 02 07 19 27 0.407552
2013 07 02 07 19 27 0.659200
2013 07 02 07 19 27 0.910848
2013 07 02 07 19 28 0.162560
2013 07 02 07 19 28 0.414208
2013 07 02 07 19 28 0.665856
2013 07 02 07 19 28 0.917504
2013 07 02 07 19 29 0.169216
2013 07 02 07 19 29 0.420864
2013 07 02 07 19 29 0.672512
2013 07 02 07 19 29 0.924160
2013 07 02 07 19 30 0.175872
2013 07 02 07 19 30 0.427264
2013 07 02 07 19 30 0.679168
2013 07 02 07 19 30 0.930816
2013 07 02 07 19 31 0.182528
2013 07 02 07 19 31 0.434176
2013 07 02 07 19 31 0.685824
2013 07 02 07 19 31 0.937216
2013 07 02 07 19 32 0.189184
2013 07 02 07 19 32 0.440576
2013 07 02 07 19 32 0.692480
2013 07 02 07 19 32 0.943872
2013 07 02 07 19 33 0.195840
2013 07 02 07 19 33 0.447232
2013 07 02 07 19 33 0.699136
2013 07 02 07 19 33 0.950528
2013 07 02 07 19 34 0.202496
2013 07 02 07 19 34 0.453888
2013 07 02 07 19 34 0.705792
2013 07 02 07 19 34 0.957184
2013 07 02 07 19 35 0.209152
2013 07 02 07 19 35 0.460544
2013 07 02 07 19 35 0.712448
2013 07 02 07 19 35 0.964096
2013 07 02 07 19 36 0.215808
2013 07 02 07 19 36 0.467200
2013 07 02 07 19 36 0.719104
2013 07 02 07 19 36 0.970496
2013 07 02 07 19 37 0.222464
2013 07 02 07 19 37 0.473856
2013 07 02 07 19 37 0.725760
2013 07 02 07 19 37 0.977152
2013 07 02 07 19 38 0.229120
2013 07 02 07 19 38 0.480512
2013 07 02 07 19 38 0.732416
2013 07 02 07 19 38 0.983808
2013 07 02 07 19 39 0.235520
2013 07 02 07 19 39 0.487168
2013 07 02 07 19 39 0.739072
2013 07 02 07 19 39 0.990464
2013 07 02 07 19 40 0.242432
2013 07 02 07 19 40 0.493824
2013 07 02 07 19 40 0.745728
2013 07 02 07 19 40 0.997120
2013 07 02 07 19 41 0.248832
2013 07 02 07 19 41 0.500480
2013 07 02 07 19 41 0.752128
2013 07 02 07 19 42 0.003584
2013 07 02 07 19 42 0.255488
2013 07 02 07 19 42 0.507136
2013 07 02 07 19 42 0.758784
2013 07 02 07 19 43 0.010240
2013 07 02 07 19 43 0.262144
2013 07 02 07 19 43 0.513792
2013 07 02 07 19 43 0.765440
2013 07 02 07 19 44 0.016896
2013 07 02 07 19 44 0.268800
2013 07 02 07 19 44 0.520448
2013 07 02 07 19 44 0.772096
2013 07 02 07 19 45 0.023552
2013 07 02 07 19 45 0.275456
2013 07 02 07 19 45 0.526848
2013 07 02 07 19 45 0.778752
2013 07 02 07 19 46 0.030208
2013 07 02 07 19 46 0.282112
2013 07 02 07 19 46 0.533504
2013 07 02 07 19 46 0.785408
2013 07 02 07 19 47 0.036864
2013 07 02 07 19 47 0.288768
2013 07 02 07 19 47 0.540160
2013 07 02 07 19 47 0.792064
2013 07 02 07 19 48 0.043520
2013 07 02 07 19 48 0.295424
2013 07 02 07 19 48 0.546816
2013 07 02 07 19 48 0.798720
2013 07 02 07 19 49 0.050176
2013 07 02 07 19 49 0.301824
2013 07 02 07 19 49 0.553472
2013 07 02 07 19 49 0.805888
2013 07 02 07 19 50 0.056832
2013 07 02 07 19 50 0.308480
2013 07 02 07 19 50 0.560128
2013 07 02 07 19 50 0.811776
2013 07 02 07 19 51 0.063488
2013 07 02 07 19 51 0.315136
2013 07 02 07 19 51 0.566784
2013 07 02 07 19 51 0.818432
2013 07 02 07 19 52 0.070144
2013 07 02 07 19 52 0.321792
2013 07 02 07 19 52 0.573440
2013 07 02 07 19 52 0.825088
2013 07 02 07 19 53 0.076800
2013 07 02 07 19 53 0.328448
2013 07 02 07 19 53 0.580096
2013 07 02 07 19 53 0.831744
2013 07 02 07 19 54 0.083456
2013 07 02 07 19 54 0.335104
2013 07 02 07 19 54 0.586752
2013 07 02 07 19 54 0.838400
2013 07 02 07 19 55 0.089856
2013 07 02 07 19 55 0.341760
2013 07 02 07 19 55 0.593408
2013 07 02 07 19 55 0.845056
2013 07 02 07 19 56 0.096512
2013 07 02 07 19 56 0.348416
2013 07 02 07 19 56 0.600064
2013 07 02 07 19 56 0.851712
2013 07 02 07 19 57 0.103168
2013 07 02 07 19 57 0.355072
2013 07 02 07 19 57 0.606464
2013 07 02 07 19 57 0.858368
2013 07 02 07 19 58 0.109824
2013 07 02 07 19 58 0.361728
2013 07 02 07 19 58 0.613120
2013 07 02 07 19 58 0.865024
2013 07 02 07 19 59 0.116480
2013 07 02 07 19 59 0.368384
2013 07 02 07 19 59 0.619776
2013 07 02 07 19 59 0.871680
