1	56472.1618132
0	56472.1618161
2	56472.161819
3	56472.1618219
1	56472.1618249
0	56472.1618278
2	56472.1618307
3	56472.1618336
1	56472.1618365
0	56472.1618394
2	56472.1618423
3	56472.1618452
1	56472.1618482
2	56472.1618511
0	56472.161854
3	56472.1618569
2	56472.1618598
1	56472.1618627
0	56472.1618656
1	56472.1618685
0	56472.1618715
3	56472.1618744
2	56472.1618773
3	56472.1618802
2	56472.1618831
1	56472.161886
0	56472.1618889
1	56472.1618918
0	56472.1618948
3	56472.1618977
2	56472.1619006
1	56472.1619035
0	56472.1619064
3	56472.1619093
2	56472.1619122
1	56472.1619152
0	56472.1619181
3	56472.161921
2	56472.1619239
2	56472.1619268
3	56472.1619297
1	56472.1619326
0	56472.1619355
3	56472.1619385
2	56472.1619414
1	56472.1619443
0	56472.1619472
3	56472.1619501
2	56472.161953
1	56472.1619559
0	56472.1619588
2	56472.1619618
3	56472.1619647
2	56472.1619676
3	56472.1619705
2	56472.1619734
1	56472.1619763
0	56472.1619792
3	56472.1619821
2	56472.1619851
0	56472.161988
1	56472.1619909
3	56472.1619938
2	56472.1619967
0	56472.1619996
1	56472.1620025
2	56472.1620054
3	56472.1620084
0	56472.1620113
2	56472.1620142
3	56472.1620171
1	56472.16202
0	56472.1620229
3	56472.1620258
2	56472.1620287
1	56472.1620317
0	56472.1620346
0	56472.1620375
1	56472.1620404
2	56472.1620433
0	56472.1620462
3	56472.1620491
2	56472.162052
1	56472.162055
0	56472.1620579
1	56472.1620608
0	56472.1620637
3	56472.1620666
2	56472.1620695
1	56472.1620724
0	56472.1620754
3	56472.1620783
2	56472.1620812
1	56472.1620841
0	56472.162087
1	56472.1620899
0	56472.1620928
3	56472.1620957
2	56472.1620987
1	56472.1621016
0	56472.1621045
3	56472.1621074
2	56472.1621103
0	56472.1621132
1	56472.1621161
3	56472.162122
2	56472.1621249
0	56472.1621278
1	56472.1621307
3	56472.1621394
2	56472.1621423
1	56472.1621482
0	56472.1621511
3	56472.162154
2	56472.1621569
3	56472.1621686
2	56472.1621715
1	56472.1621744
0	56472.1621773
3	56472.1621831
2	56472.162186
0	56472.1621948
1	56472.1621977
3	56472.1622006
2	56472.1622035
0	56472.1622064
3	56472.1622093
2	56472.1622122
1	56472.1622152
0	56472.1622181
3	56472.1622268
2	56472.1622297
1	56472.1622385
0	56472.1622414
3	56472.1622443
2	56472.1622472
1	56472.1622559
0	56472.1622589
2	56472.1622618
3	56472.1622647
0	56472.1622676
1	56472.1622705
0	56472.1622734
3	56472.1622763
2	56472.1622792
1	56472.162288
0	56472.1622909
3	56472.1622938
2	56472.1622967
1	56472.1623055
0	56472.1623084
2	56472.1623113
3	56472.1623142
2	56472.1623171
0	56472.16232
1	56472.1623229
3	56472.1623258
2	56472.1623288
0	56472.1623317
1	56472.1623346
0	56472.1623375
3	56472.1623404
2	56472.1623433
1	56472.1623462
0	56472.1623491
3	56472.1623521
2	56472.162355
1	56472.1623579
0	56472.1623608
3	56472.1623637
2	56472.1623666
1	56472.1623754
0	56472.1623783
2	56472.1623812
3	56472.1623841
2	56472.1623899
0	56472.1623928
1	56472.1623957
3	56472.1623987
2	56472.1624016
0	56472.1624074
1	56472.1624103
0	56472.1624132
2	56472.1624191
1	56472.162422
3	56472.1624249
0	56472.1624278
2	56472.1624307
3	56472.1624365
2	56472.1624394
1	56472.1624424
0	56472.1624453
3	56472.1624627
2	56472.1624657
1	56472.1624686
0	56472.1624715
0	56472.1624802
1	56472.1624831
3	56472.162486
2	56472.162489
0	56472.1624948
1	56472.1625006
0	56472.1625035
3	56472.1625064
2	56472.1625093
3	56472.1625239
2	56472.1625268
1	56472.1625297
0	56472.1625326
0	56472.1625385
2	56472.1625443
1	56472.1625472
0	56472.1625501
3	56472.162553
2	56472.1625559
1	56472.1625589
0	56472.1625618
3	56472.1625647
2	56472.1625676
1	56472.1625763
0	56472.1625792
3	56472.1625822
2	56472.1625851
3	56472.1625938
2	56472.1625967
1	56472.1625996
0	56472.1626025
3	56472.1626055
2	56472.1626084
0	56472.1626113
1	56472.1626142
0	56472.1626171
3	56472.16262
2	56472.1626229
1	56472.1626259
0	56472.1626288
3	56472.1626346
2	56472.1626375
1	56472.1626404
0	56472.1626433
1	56472.1626492
3	56472.1626521
0	56472.162655
2	56472.1626579
1	56472.1626666
0	56472.1626695
3	56472.1626725
2	56472.1626754
1	56472.1626841
0	56472.162687
3	56472.1626899
2	56472.1626928
1	56472.1626987
0	56472.1627016
2	56472.1627045
3	56472.1627074
2	56472.1627132
1	56472.1627161
0	56472.1627191
3	56472.162722
2	56472.1627249
0	56472.1627278
1	56472.1627307
3	56472.1627336
2	56472.1627365
3	56472.1627511
2	56472.162754
0	56472.1627569
1	56472.1627598
3	56472.1627657
2	56472.1627686
0	56472.1627773
1	56472.1627802
3	56472.1627831
2	56472.1627861
2	56472.1627919
0	56472.1627948
1	56472.1627977
3	56472.1628006
2	56472.1628035
2	56472.1628123
3	56472.1628152
0	56472.1628181
1	56472.162821
0	56472.1628239
2	56472.1628268
3	56472.1628297
2	56472.1628327
1	56472.1628385
0	56472.1628414
3	56472.1628443
2	56472.1628472
1	56472.1628501
0	56472.162853
3	56472.1628589
2	56472.1628618
1	56472.1628647
0	56472.1628676
3	56472.1628822
2	56472.1628851
1	56472.162888
0	56472.1628909
1	56472.1628996
0	56472.1629026
3	56472.1629055
2	56472.1629084
1	56472.1629142
0	56472.1629171
3	56472.1629259
2	56472.1629288
1	56472.1629317
0	56472.1629346
2	56472.1629375
0	56472.1629404
1	56472.1629433
3	56472.1629462
2	56472.1629492
1	56472.1629521
0	56472.162955
3	56472.1629696
2	56472.1629725
1	56472.1629754
0	56472.1629783
1	56472.1629841
0	56472.162987
2	56472.1629899
3	56472.1629929
1	56472.1629958
0	56472.1629987
2	56472.1630016
3	56472.1630045
2	56472.1630074
1	56472.1630103
0	56472.1630132
3	56472.1630162
2	56472.1630191
1	56472.1630307
0	56472.1630336
3	56472.1630365
2	56472.1630395
3	56472.1630482
2	56472.1630511
1	56472.1630569
0	56472.1630598
3	56472.1630628
2	56472.1630657
0	56472.1630686
2	56472.1630744
1	56472.1630773
0	56472.1630802
3	56472.1630831
2	56472.1630861
3	56472.1630948
2	56472.1630977
1	56472.1631006
0	56472.1631035
3	56472.1631094
2	56472.1631123
1	56472.163121
0	56472.1631239
3	56472.1631268
2	56472.1631298
2	56472.1631356
1	56472.1631385
0	56472.1631414
3	56472.1631443
2	56472.1631472
0	56472.1631531
1	56472.163156
3	56472.1631589
2	56472.1631618
0	56472.1631676
1	56472.1631705
3	56472.1631734
2	56472.1631764
1	56472.1631851
0	56472.163188
3	56472.1631909
2	56472.1631938
2	56472.1631967
1	56472.1631997
0	56472.1632026
3	56472.1632055
2	56472.1632084
1	56472.1632113
0	56472.1632142
2	56472.1632171
3	56472.16322
2	56472.163223
1	56472.1632259
0	56472.1632288
3	56472.1632317
2	56472.1632346
1	56472.1632433
0	56472.1632463
3	56472.1632492
2	56472.1632521
3	56472.1632608
2	56472.1632637
1	56472.1632666
0	56472.1632696
3	56472.1632754
2	56472.1632783
0	56472.1632812
1	56472.1632841
0	56472.163287
1	56472.1632929
2	56472.1632958
0	56472.1632987
3	56472.1633016
2	56472.1633045
1	56472.1633074
0	56472.1633103
3	56472.1633162
2	56472.1633191
1	56472.1633278
0	56472.1633307
2	56472.1633366
3	56472.1633395
2	56472.1633424
1	56472.1633511
0	56472.163354
3	56472.1633628
2	56472.1633657
1	56472.1633686
0	56472.1633715
3	56472.1633832
2	56472.1633861
1	56472.163389
0	56472.1633919
2	56472.1634065
3	56472.1634094
0	56472.1634152
1	56472.1634181
2	56472.163421
3	56472.1634239
2	56472.1634268
0	56472.1634298
1	56472.1634327
3	56472.1634385
2	56472.1634414
0	56472.1634443
1	56472.1634472
3	56472.1634531
2	56472.163456
0	56472.1634589
1	56472.1634618
0	56472.1634647
3	56472.1634676
2	56472.1634705
1	56472.1634734
0	56472.1634764
2	56472.1634793
3	56472.1634822
2	56472.1634909
1	56472.1634938
0	56472.1634968
3	56472.1634997
2	56472.1635026
1	56472.1635055
0	56472.1635084
3	56472.1635113
2	56472.1635142
1	56472.1635201
0	56472.163523
3	56472.1635259
2	56472.1635288
1	56472.1635317
0	56472.1635346
3	56472.1635404
2	56472.1635434
0	56472.1635463
1	56472.1635492
3	56472.163555
2	56472.1635579
1	56472.1635637
0	56472.1635667
3	56472.1635725
2	56472.1635754
1	56472.1635783
0	56472.1635812
3	56472.163587
2	56472.16359
1	56472.1635929
0	56472.1635958
3	56472.1636016
2	56472.1636045
1	56472.1636074
0	56472.1636103
3	56472.1636162
2	56472.1636191
2	56472.1636307
3	56472.1636336
1	56472.1636366
0	56472.1636395
2	56472.1636424
3	56472.1636482
2	56472.1636511
1	56472.163654
0	56472.1636569
3	56472.1636628
2	56472.1636657
1	56472.1636715
0	56472.1636744
3	56472.1636773
2	56472.1636803
3	56472.1636861
2	56472.163689
0	56472.1636977
1	56472.1637006
0	56472.1637036
3	56472.1637065
2	56472.1637094
2	56472.1637181
1	56472.163721
0	56472.1637239
3	56472.1637269
2	56472.1637298
1	56472.1637327
0	56472.1637356
1	56472.1637472
0	56472.1637502
3	56472.1637531
2	56472.163756
1	56472.1637618
0	56472.1637647
2	56472.1637735
3	56472.1637764
1	56472.1637793
0	56472.1637822
1	56472.1637909
0	56472.1637938
2	56472.1637968
3	56472.1637997
1	56472.1638026
0	56472.1638055
2	56472.1638142
1	56472.1638171
0	56472.1638201
3	56472.163823
2	56472.1638259
1	56472.1638317
0	56472.1638346
3	56472.1638405
2	56472.1638434
1	56472.1638463
0	56472.1638492
3	56472.1638521
2	56472.163855
1	56472.1638638
0	56472.1638667
3	56472.1638696
2	56472.1638725
1	56472.1638783
0	56472.1638812
2	56472.1638841
3	56472.1638871
1	56472.1638929
0	56472.1638958
3	56472.1638987
2	56472.1639016
3	56472.1639074
2	56472.1639104
1	56472.1639162
0	56472.1639191
3	56472.1639249
2	56472.1639278
1	56472.1639366
0	56472.1639395
3	56472.1639424
2	56472.1639453
0	56472.163954
1	56472.163957
3	56472.1639599
2	56472.1639628
0	56472.1639657
2	56472.1639715
3	56472.1639744
1	56472.1639773
0	56472.1639803
2	56472.1639832
3	56472.163989
2	56472.1639919
1	56472.1639977
0	56472.1640006
3	56472.1640036
2	56472.1640065
1	56472.1640152
0	56472.1640181
3	56472.164021
2	56472.1640239
0	56472.1640269
1	56472.1640298
0	56472.1640356
3	56472.1640385
2	56472.1640414
1	56472.1640443
0	56472.1640473
3	56472.1640531
2	56472.164056
1	56472.1640589
0	56472.1640618
3	56472.1640647
2	56472.1640676
1	56472.1640764
0	56472.1640793
2	56472.1640822
3	56472.1640851
1	56472.1640909
0	56472.1640939
3	56472.1640968
2	56472.1640997
1	56472.1641026
0	56472.1641055
3	56472.1641113
2	56472.1641142
1	56472.1641172
0	56472.1641201
3	56472.1641259
2	56472.1641288
1	56472.1641317
0	56472.1641346
3	56472.1641434
2	56472.1641463
1	56472.1641492
0	56472.1641521
0	56472.1641638
1	56472.1641667
2	56472.1641696
3	56472.1641725
2	56472.1641754
1	56472.1641783
0	56472.1641812
3	56472.16419
2	56472.1641929
1	56472.1641958
0	56472.1641987
3	56472.1642104
2	56472.1642133
0	56472.1642162
1	56472.1642191
0	56472.164222
3	56472.1642308
2	56472.1642337
1	56472.1642366
0	56472.1642395
3	56472.1642511
2	56472.1642541
1	56472.164257
0	56472.1642599
3	56472.1642686
2	56472.1642715
0	56472.1642803
1	56472.1642832
2	56472.1642861
0	56472.164289
3	56472.1642919
2	56472.1642948
1	56472.1642977
0	56472.1643007
3	56472.1643036
2	56472.1643065
1	56472.1643094
0	56472.1643123
3	56472.1643152
2	56472.1643181
2	56472.164321
3	56472.1643269
1	56472.1643298
0	56472.1643327
2	56472.1643356
3	56472.1643414
2	56472.1643443
1	56472.1643473
0	56472.1643502
1	56472.164356
3	56472.1643589
0	56472.1643618
2	56472.1643647
1	56472.1643706
0	56472.1643735
3	56472.1643764
2	56472.1643793
1	56472.1643822
0	56472.1643851
3	56472.164388
2	56472.164391
1	56472.1643968
0	56472.1643997
3	56472.1644026
2	56472.1644055
1	56472.1644113
0	56472.1644143
3	56472.1644172
2	56472.1644201
1	56472.1644259
0	56472.1644288
3	56472.1644317
2	56472.1644346
1	56472.1644434
0	56472.1644463
3	56472.1644492
2	56472.1644521
1	56472.164455
0	56472.1644579
3	56472.1644638
2	56472.1644667
1	56472.1644725
0	56472.1644754
3	56472.1644783
2	56472.1644812
1	56472.1644929
0	56472.1644958
2	56472.1644987
3	56472.1645016
2	56472.1645045
3	56472.1645075
2	56472.1645104
0	56472.1645133
1	56472.1645162
3	56472.1645249
2	56472.1645278
0	56472.1645308
1	56472.1645337
0	56472.1645366
3	56472.1645395
2	56472.1645424
3	56472.164557
2	56472.1645599
1	56472.1645657
0	56472.1645686
0	56472.1645774
1	56472.1645803
3	56472.1645832
2	56472.1645861
0	56472.1645919
1	56472.1645948
3	56472.1646007
2	56472.1646036
0	56472.1646065
1	56472.1646094
0	56472.1646123
3	56472.1646211
2	56472.164624
1	56472.1646269
0	56472.1646298
1	56472.1646414
0	56472.1646444
2	56472.1646473
3	56472.1646502
1	56472.164656
0	56472.1646589
2	56472.1646618
3	56472.1646677
2	56472.1646706
0	56472.1646735
1	56472.1646764
3	56472.1646822
2	56472.1646851
0	56472.164688
1	56472.164691
3	56472.1646997
2	56472.1647026
1	56472.1647055
0	56472.1647084
3	56472.1647143
2	56472.1647172
1	56472.1647201
0	56472.164723
3	56472.1647317
2	56472.1647346
0	56472.1647376
1	56472.1647405
0	56472.1647434
2	56472.1647463
3	56472.1647492
2	56472.1647521
1	56472.164755
0	56472.164758
3	56472.1647609
2	56472.1647638
1	56472.1647667
0	56472.1647696
3	56472.1647725
2	56472.1647754
3	56472.1647871
1	56472.16479
0	56472.1647929
2	56472.1647958
2	56472.1647987
3	56472.1648046
0	56472.1648075
2	56472.1648104
1	56472.1648133
0	56472.1648162
3	56472.1648191
2	56472.164822
1	56472.1648249
0	56472.1648279
3	56472.1648308
2	56472.1648337
3	56472.1648453
2	56472.1648482
1	56472.1648512
0	56472.1648541
3	56472.1648628
2	56472.1648657
0	56472.1648686
1	56472.1648715
3	56472.1648774
2	56472.1648803
0	56472.1648832
1	56472.1648861
0	56472.164889
2	56472.1648919
3	56472.1648948
2	56472.1648978
1	56472.1649007
0	56472.1649036
3	56472.1649065
2	56472.1649094
1	56472.1649123
0	56472.1649152
3	56472.1649211
2	56472.164924
1	56472.1649327
0	56472.1649356
3	56472.1649385
2	56472.1649415
3	56472.1649502
2	56472.1649531
1	56472.164956
0	56472.1649589
0	56472.1649618
1	56472.1649648
3	56472.1649677
2	56472.1649706
0	56472.1649735
1	56472.1649764
0	56472.1649793
3	56472.1649881
2	56472.164991
1	56472.1649939
0	56472.1649968
1	56472.1650055
0	56472.1650084
3	56472.1650114
2	56472.1650143
1	56472.1650201
0	56472.165023
2	56472.1650317
3	56472.1650347
1	56472.1650376
0	56472.1650405
1	56472.1650492
0	56472.1650521
2	56472.165055
3	56472.165058
2	56472.1650609
0	56472.1650667
1	56472.1650696
3	56472.1650813
2	56472.1650842
1	56472.1650929
0	56472.1650958
3	56472.1651046
2	56472.1651075
1	56472.1651104
0	56472.1651133
3	56472.1651162
2	56472.1651191
1	56472.1651308
0	56472.1651337
3	56472.1651366
2	56472.1651395
3	56472.1651483
2	56472.1651512
0	56472.165157
1	56472.1651599
3	56472.1651628
2	56472.1651657
1	56472.1651745
0	56472.1651774
3	56472.1651803
2	56472.1651832
3	56472.165189
0	56472.1651919
1	56472.1651949
2	56472.1651978
1	56472.1652065
0	56472.1652094
2	56472.1652123
3	56472.1652152
2	56472.1652182
1	56472.1652211
0	56472.165224
3	56472.1652298
2	56472.1652327
1	56472.1652385
0	56472.1652415
3	56472.1652444
2	56472.1652473
1	56472.1652531
0	56472.165256
3	56472.1652619
2	56472.1652648
1	56472.1652677
0	56472.1652706
0	56472.1652764
1	56472.1652793
3	56472.1652822
2	56472.1652852
1	56472.165291
0	56472.1652939
2	56472.1652997
3	56472.1653026
2	56472.1653055
1	56472.1653085
0	56472.1653114
3	56472.1653143
2	56472.1653172
1	56472.1653201
0	56472.165323
3	56472.1653318
2	56472.1653347
0	56472.1653376
1	56472.1653405
3	56472.1653434
2	56472.1653463
0	56472.1653521
1	56472.1653551
3	56472.165358
2	56472.1653609
3	56472.1653725
2	56472.1653754
0	56472.1653813
1	56472.1653842
3	56472.1653871
2	56472.16539
0	56472.1653929
1	56472.1653958
3	56472.1653987
2	56472.1654017
0	56472.1654046
1	56472.1654104
0	56472.1654133
2	56472.1654162
3	56472.1654191
2	56472.165422
1	56472.1654366
0	56472.1654395
3	56472.1654424
2	56472.1654453
1	56472.1654512
0	56472.1654541
3	56472.1654628
2	56472.1654657
1	56472.1654687
0	56472.1654716
0	56472.1654803
1	56472.1654832
3	56472.1654861
2	56472.165489
0	56472.165492
1	56472.1654978
0	56472.1655007
2	56472.1655065
3	56472.1655094
1	56472.1655153
0	56472.1655182
2	56472.1655211
1	56472.1655269
0	56472.1655298
3	56472.1655327
2	56472.1655356
1	56472.1655386
0	56472.1655415
3	56472.1655473
2	56472.1655502
0	56472.1655531
1	56472.165556
3	56472.1655619
2	56472.1655648
0	56472.1655677
1	56472.1655706
3	56472.1655793
2	56472.1655822
1	56472.1655852
0	56472.1655881
3	56472.1655939
2	56472.1655968
1	56472.1655997
0	56472.1656026
3	56472.1656056
2	56472.1656085
1	56472.1656114
0	56472.1656143
3	56472.1656201
2	56472.165623
1	56472.1656259
0	56472.1656289
3	56472.1656376
2	56472.1656405
1	56472.1656463
0	56472.1656492
3	56472.1656551
2	56472.165658
1	56472.1656667
0	56472.1656696
2	56472.1656725
3	56472.1656755
0	56472.1656842
1	56472.1656871
2	56472.16569
3	56472.1656929
0	56472.1656988
2	56472.1657017
3	56472.1657046
1	56472.1657104
2	56472.1657133
0	56472.1657162
3	56472.1657191
2	56472.1657221
1	56472.1657308
0	56472.1657337
3	56472.1657366
2	56472.1657395
1	56472.1657454
0	56472.1657483
3	56472.1657512
2	56472.1657541
1	56472.165757
0	56472.1657599
3	56472.1657657
2	56472.1657687
0	56472.1657774
3	56472.1657803
1	56472.1657832
2	56472.1657861
0	56472.165789
2	56472.165792
3	56472.1657949
1	56472.1657978
0	56472.1658007
2	56472.1658036
3	56472.1658065
2	56472.1658094
0	56472.1658124
1	56472.1658153
3	56472.1658182
2	56472.1658211
0	56472.165824
1	56472.1658269
0	56472.1658298
3	56472.1658357
2	56472.1658386
1	56472.1658415
0	56472.1658444
1	56472.1658502
0	56472.1658531
2	56472.165856
3	56472.165859
0	56472.1658648
1	56472.1658677
3	56472.1658735
2	56472.1658764
1	56472.1658823
0	56472.1658852
3	56472.1658939
2	56472.1658968
0	56472.1658997
1	56472.1659026
1	56472.1659056
0	56472.1659085
3	56472.1659172
2	56472.1659201
1	56472.1659259
0	56472.1659289
2	56472.1659376
3	56472.1659405
2	56472.1659463
1	56472.1659492
0	56472.1659522
3	56472.165958
2	56472.1659609
0	56472.1659696
1	56472.1659726
3	56472.1659755
2	56472.1659784
0	56472.1659871
1	56472.16599
2	56472.1659929
3	56472.1659959
2	56472.1660046
3	56472.1660075
2	56472.1660104
1	56472.1660162
0	56472.1660192
3	56472.1660221
2	56472.166025
3	56472.1660308
2	56472.1660337
0	56472.1660366
1	56472.1660395
0	56472.1660425
2	56472.1660454
3	56472.1660483
1	56472.1660512
0	56472.1660541
2	56472.1660599
1	56472.1660628
0	56472.1660658
3	56472.1660687
2	56472.1660716
3	56472.1660774
0	56472.1660803
1	56472.1660832
2	56472.1660861
3	56472.166092
2	56472.1660949
1	56472.1660978
0	56472.1661007
1	56472.1661065
0	56472.1661094
3	56472.1661124
2	56472.1661153
1	56472.1661182
0	56472.1661211
2	56472.166124
3	56472.1661269
2	56472.1661298
1	56472.1661327
0	56472.1661357
3	56472.1661415
2	56472.1661444
1	56472.1661473
0	56472.1661502
3	56472.166159
2	56472.1661619
1	56472.1661648
0	56472.1661677
3	56472.1661706
2	56472.1661735
1	56472.1661794
0	56472.1661823
3	56472.1661852
2	56472.1661881
0	56472.166191
1	56472.1661939
0	56472.1661997
3	56472.1662027
2	56472.1662056
1	56472.1662085
0	56472.1662114
3	56472.1662172
2	56472.1662201
1	56472.166226
0	56472.1662289
3	56472.1662318
2	56472.1662347
2	56472.1662434
3	56472.1662463
1	56472.1662493
0	56472.1662522
0	56472.1662638
1	56472.1662667
3	56472.1662696
2	56472.1662726
0	56472.1662842
2	56472.1662871
3	56472.16629
1	56472.1662929
0	56472.1662959
2	56472.1663075
3	56472.1663104
1	56472.1663133
0	56472.1663162
2	56472.1663221
1	56472.166325
0	56472.1663279
3	56472.1663308
2	56472.1663337
1	56472.1663396
0	56472.1663425
2	56472.1663541
3	56472.166357
1	56472.1663599
0	56472.1663629
1	56472.1663745
0	56472.1663774
3	56472.1663803
2	56472.1663832
1	56472.1663891
0	56472.166392
3	56472.1663949
2	56472.1663978
0	56472.1664007
1	56472.1664036
2	56472.1664065
3	56472.1664095
1	56472.1664124
0	56472.1664153
2	56472.1664182
3	56472.1664211
2	56472.166424
1	56472.1664298
0	56472.1664328
3	56472.1664357
2	56472.1664386
1	56472.1664415
0	56472.1664444
3	56472.1664502
2	56472.1664531
0	56472.1664561
1	56472.166459
2	56472.1664619
3	56472.1664648
0	56472.1664706
1	56472.1664735
2	56472.1664764
0	56472.1664794
3	56472.1664823
2	56472.1664852
1	56472.1664881
0	56472.166491
3	56472.1664939
2	56472.1664968
3	56472.1665085
2	56472.1665114
1	56472.1665143
0	56472.1665172
2	56472.166523
3	56472.166526
2	56472.1665289
1	56472.1665347
0	56472.1665376
3	56472.1665405
2	56472.1665434
0	56472.1665493
1	56472.1665522
3	56472.1665551
2	56472.166558
3	56472.1665726
2	56472.1665755
0	56472.1665813
1	56472.1665842
3	56472.1665871
2	56472.16659
3	56472.1665959
2	56472.1665988
0	56472.1666017
1	56472.1666046
0	56472.1666075
3	56472.1666104
2	56472.1666133
1	56472.1666163
0	56472.1666192
3	56472.166625
2	56472.1666279
1	56472.1666308
0	56472.1666337
3	56472.1666396
2	56472.1666425
1	56472.1666454
0	56472.1666483
3	56472.1666512
2	56472.1666541
1	56472.166657
0	56472.1666599
3	56472.1666687
2	56472.1666716
0	56472.1666745
1	56472.1666774
0	56472.1666833
1	56472.1666862
2	56472.1666891
3	56472.166692
2	56472.1666978
0	56472.1667007
1	56472.1667036
3	56472.1667095
0	56472.1667124
1	56472.1667153
2	56472.1667182
0	56472.1667269
1	56472.1667299
0	56472.1667328
3	56472.1667357
2	56472.1667386
1	56472.1667415
0	56472.1667444
1	56472.1667561
0	56472.166759
3	56472.1667619
2	56472.1667648
1	56472.1667677
0	56472.1667706
2	56472.1667765
3	56472.1667823
2	56472.1667852
1	56472.1667881
0	56472.166791
3	56472.1667998
2	56472.1668027
3	56472.1668114
2	56472.1668143
0	56472.1668172
1	56472.1668201
3	56472.166826
2	56472.1668289
0	56472.1668318
1	56472.1668347
3	56472.1668376
0	56472.1668405
2	56472.1668434
1	56472.1668493
0	56472.1668522
2	56472.1668551
3	56472.166858
2	56472.1668609
3	56472.1668667
2	56472.1668697
3	56472.1668813
2	56472.1668842
1	56472.1668871
0	56472.1668901
3	56472.1668959
2	56472.1668988
1	56472.1669017
0	56472.1669046
1	56472.1669075
0	56472.1669104
3	56472.1669163
2	56472.1669192
1	56472.166925
0	56472.1669279
2	56472.1669308
3	56472.1669337
2	56472.1669367
0	56472.1669396
1	56472.1669425
3	56472.1669483
2	56472.1669512
0	56472.166957
1	56472.16696
3	56472.1669629
2	56472.1669658
0	56472.1669687
1	56472.1669716
0	56472.1669745
3	56472.1669803
2	56472.1669833
1	56472.1669862
0	56472.1669891
3	56472.1669949
2	56472.1669978
1	56472.1670007
0	56472.1670036
3	56472.1670095
2	56472.1670124
1	56472.1670153
0	56472.1670182
3	56472.1670211
2	56472.167024
1	56472.1670269
0	56472.1670299
2	56472.1670357
3	56472.1670386
2	56472.1670415
0	56472.1670444
1	56472.1670473
0	56472.1670503
1	56472.1670532
0	56472.1670561
3	56472.167059
2	56472.1670619
3	56472.1670648
2	56472.1670677
1	56472.1670706
0	56472.1670736
3	56472.1670823
2	56472.1670852
1	56472.167091
0	56472.1670939
2	56472.1670998
3	56472.1671027
2	56472.1671056
1	56472.1671114
0	56472.1671143
3	56472.1671202
2	56472.1671231
0	56472.167126
1	56472.1671318
0	56472.1671347
3	56472.1671435
2	56472.1671464
1	56472.167158
0	56472.1671609
3	56472.1671668
2	56472.1671697
1	56472.1671726
0	56472.1671755
0	56472.1671842
1	56472.1671871
2	56472.1671901
3	56472.167193
0	56472.1671988
1	56472.1672017
0	56472.1672075
2	56472.1672104
3	56472.1672134
1	56472.1672163
0	56472.1672192
3	56472.167225
2	56472.1672279
1	56472.1672308
0	56472.1672337
3	56472.1672396
2	56472.1672425
1	56472.1672454
0	56472.1672483
3	56472.1672512
2	56472.1672541
1	56472.1672571
0	56472.16726
1	56472.1672658
3	56472.1672687
2	56472.1672716
0	56472.1672745
3	56472.1672804
2	56472.1672833
1	56472.1672862
0	56472.1672891
3	56472.1672949
2	56472.1672978
1	56472.1673007
0	56472.1673037
3	56472.1673095
2	56472.1673124
0	56472.1673153
1	56472.1673182
0	56472.167324
1	56472.167327
2	56472.1673299
3	56472.1673328
2	56472.1673357
0	56472.1673386
1	56472.1673415
0	56472.1673444
3	56472.1673473
2	56472.1673503
3	56472.1673561
2	56472.167359
1	56472.1673648
0	56472.1673677
3	56472.1673706
2	56472.1673736
3	56472.1673852
2	56472.1673881
0	56472.167391
1	56472.167394
3	56472.1674027
0	56472.1674056
2	56472.1674085
1	56472.1674114
0	56472.1674143
2	56472.1674173
3	56472.1674202
2	56472.167426
1	56472.1674318
0	56472.1674347
3	56472.1674376
2	56472.1674406
3	56472.1674464
2	56472.1674493
1	56472.1674551
0	56472.167458
3	56472.1674609
2	56472.1674639
0	56472.1674668
1	56472.1674697
3	56472.1674755
2	56472.1674784
1	56472.1674813
0	56472.1674842
3	56472.1674872
2	56472.1674901
1	56472.1674988
0	56472.1675017
2	56472.1675046
3	56472.1675075
1	56472.1675134
0	56472.1675163
2	56472.167525
3	56472.1675279
0	56472.1675308
1	56472.1675338
0	56472.1675367
2	56472.1675396
1	56472.1675425
0	56472.1675454
3	56472.1675483
2	56472.1675512
1	56472.1675541
0	56472.1675571
3	56472.1675658
2	56472.1675687
1	56472.1675716
0	56472.1675745
0	56472.1675833
1	56472.1675862
0	56472.1675891
3	56472.167592
2	56472.1675949
1	56472.1676008
0	56472.1676037
2	56472.1676095
3	56472.1676124
1	56472.1676153
0	56472.1676182
1	56472.1676241
0	56472.167627
2	56472.1676299
3	56472.1676328
2	56472.1676357
0	56472.1676474
1	56472.1676503
3	56472.1676532
2	56472.1676561
3	56472.1676619
2	56472.1676648
1	56472.1676677
0	56472.1676707
3	56472.1676794
2	56472.1676823
1	56472.1676852
0	56472.1676881
3	56472.167694
2	56472.1676969
1	56472.1677027
0	56472.1677056
3	56472.1677085
2	56472.1677114
3	56472.1677202
2	56472.1677231
1	56472.1677289
0	56472.1677318
2	56472.1677376
3	56472.1677406
2	56472.1677435
1	56472.1677464
0	56472.1677493
3	56472.1677551
2	56472.167758
0	56472.167761
1	56472.1677639
3	56472.1677697
2	56472.1677726
0	56472.1677755
1	56472.1677784
3	56472.1677843
2	56472.1677872
0	56472.167793
1	56472.1677959
3	56472.1677988
2	56472.1678017
0	56472.1678046
1	56472.1678105
0	56472.1678134
2	56472.1678163
3	56472.1678192
1	56472.1678221
0	56472.167825
2	56472.1678279
3	56472.1678309
2	56472.1678338
1	56472.1678367
0	56472.1678396
3	56472.1678425
2	56472.1678454
1	56472.1678483
0	56472.1678512
3	56472.1678571
2	56472.16786
1	56472.1678658
0	56472.1678687
3	56472.1678716
2	56472.1678745
1	56472.1678804
0	56472.1678833
2	56472.1678862
3	56472.1678891
2	56472.1678949
1	56472.1678978
0	56472.1679008
3	56472.1679037
2	56472.1679066
0	56472.1679095
1	56472.1679124
0	56472.1679182
3	56472.1679211
2	56472.1679241
1	56472.167927
0	56472.1679299
3	56472.1679386
2	56472.1679415
1	56472.1679474
0	56472.1679503
2	56472.1679619
3	56472.1679648
1	56472.1679678
0	56472.1679707
2	56472.1679736
0	56472.1679794
1	56472.1679823
0	56472.1679852
3	56472.1679911
2	56472.167994
1	56472.1680085
0	56472.1680114
3	56472.1680144
2	56472.1680173
1	56472.168026
0	56472.1680289
2	56472.1680347
3	56472.1680377
1	56472.1680406
0	56472.1680435
2	56472.1680464
1	56472.1680522
0	56472.1680551
3	56472.168058
2	56472.168061
1	56472.1680697
0	56472.1680726
3	56472.1680755
2	56472.1680784
1	56472.1680843
0	56472.1680872
3	56472.1680901
2	56472.168093
0	56472.1680988
1	56472.1681017
3	56472.1681076
2	56472.1681105
0	56472.1681134
1	56472.1681163
0	56472.1681192
2	56472.1681221
3	56472.168125
1	56472.168128
0	56472.1681309
2	56472.1681338
1	56472.1681396
0	56472.1681425
3	56472.1681454
2	56472.1681483
3	56472.1681513
2	56472.1681542
1	56472.1681571
0	56472.16816
3	56472.1681658
2	56472.1681687
0	56472.1681746
1	56472.1681775
3	56472.1681833
2	56472.1681862
1	56472.1681891
0	56472.168192
3	56472.1681979
2	56472.1682008
1	56472.1682066
0	56472.1682095
3	56472.1682153
2	56472.1682182
0	56472.1682328
3	56472.1682357
1	56472.1682386
2	56472.1682415
0	56472.1682474
3	56472.1682503
2	56472.1682532
1	56472.1682561
0	56472.168259
1	56472.1682678
0	56472.1682707
3	56472.1682736
2	56472.1682765
3	56472.1682823
2	56472.1682852
1	56472.1682881
0	56472.1682911
3	56472.1682969
2	56472.1682998
1	56472.1683085
0	56472.1683114
2	56472.1683144
3	56472.1683173
0	56472.1683202
1	56472.1683231
0	56472.168326
3	56472.1683289
2	56472.1683318
1	56472.1683406
0	56472.1683435
3	56472.1683464
2	56472.1683493
0	56472.1683551
3	56472.1683581
2	56472.168361
1	56472.1683639
0	56472.1683668
2	56472.1683726
1	56472.1683755
0	56472.1683784
3	56472.1683814
2	56472.1683843
1	56472.1683872
0	56472.1683901
3	56472.168393
2	56472.1683959
1	56472.1683988
0	56472.1684017
1	56472.1684105
0	56472.1684134
3	56472.1684163
2	56472.1684192
1	56472.168425
0	56472.168428
0	56472.1684396
1	56472.1684425
3	56472.1684454
2	56472.1684483
0	56472.1684513
1	56472.1684571
0	56472.16846
2	56472.1684629
3	56472.1684658
2	56472.1684687
1	56472.1684716
0	56472.1684746
1	56472.1684833
0	56472.1684862
3	56472.1684891
2	56472.168492
0	56472.1685037
1	56472.1685066
0	56472.1685095
3	56472.1685124
2	56472.1685153
1	56472.1685212
0	56472.1685241
3	56472.168527
2	56472.1685299
1	56472.1685386
0	56472.1685416
2	56472.1685445
3	56472.1685474
2	56472.1685503
1	56472.168559
0	56472.1685619
3	56472.1685649
2	56472.1685678
3	56472.1685765
2	56472.1685794
1	56472.1685823
0	56472.1685852
3	56472.1685882
2	56472.1685911
1	56472.1686027
0	56472.1686056
3	56472.1686085
2	56472.1686115
1	56472.1686144
0	56472.1686173
3	56472.1686231
2	56472.168626
1	56472.1686289
0	56472.1686318
3	56472.1686377
2	56472.1686406
0	56472.1686435
1	56472.1686464
0	56472.1686493
2	56472.1686522
3	56472.1686551
1	56472.1686581
0	56472.168661
2	56472.1686668
3	56472.1686697
1	56472.1686726
0	56472.1686755
2	56472.1686785
1	56472.1686814
0	56472.1686843
3	56472.1686872
2	56472.1686901
1	56472.1686959
0	56472.1686988
3	56472.1687018
2	56472.1687047
1	56472.1687105
0	56472.1687134
3	56472.1687192
2	56472.1687221
1	56472.168728
0	56472.1687309
3	56472.1687338
2	56472.1687367
0	56472.1687396
1	56472.1687425
3	56472.1687454
2	56472.1687484
0	56472.1687513
1	56472.1687542
0	56472.1687571
3	56472.16876
2	56472.1687629
1	56472.1687717
0	56472.1687746
3	56472.1687775
2	56472.1687804
3	56472.168792
2	56472.168795
1	56472.1687979
0	56472.1688008
3	56472.1688066
2	56472.1688095
1	56472.1688153
0	56472.1688183
0	56472.1688299
3	56472.1688328
2	56472.1688357
1	56472.1688387
0	56472.1688416
3	56472.1688532
2	56472.1688561
1	56472.168859
0	56472.168862
1	56472.1688736
0	56472.1688765
3	56472.1688794
2	56472.1688823
0	56472.1688882
1	56472.1688911
0	56472.1688969
1	56472.1688998
2	56472.1689027
3	56472.1689056
0	56472.1689086
1	56472.1689173
0	56472.1689202
3	56472.1689231
2	56472.168926
1	56472.1689348
0	56472.1689377
0	56472.1689493
1	56472.1689522
2	56472.1689552
3	56472.1689581
2	56472.168961
0	56472.1689639
1	56472.1689668
3	56472.1689697
2	56472.1689726
0	56472.1689755
1	56472.1689785
3	56472.1689814
2	56472.1689843
0	56472.1689872
1	56472.1689901
0	56472.168993
3	56472.1689988
2	56472.1690018
1	56472.1690076
0	56472.1690105
3	56472.1690163
2	56472.1690192
1	56472.1690221
0	56472.1690251
3	56472.1690309
2	56472.1690338
1	56472.1690367
0	56472.1690396
3	56472.1690455
2	56472.1690484
1	56472.1690513
0	56472.1690542
3	56472.16906
2	56472.1690629
1	56472.1690746
0	56472.1690775
3	56472.1690804
2	56472.1690833
0	56472.1690891
1	56472.1690921
2	56472.169095
3	56472.1690979
0	56472.1691008
2	56472.1691037
1	56472.1691066
0	56472.1691095
3	56472.1691124
2	56472.1691154
3	56472.1691241
2	56472.169127
1	56472.1691299
0	56472.1691328
3	56472.1691416
2	56472.1691445
1	56472.1691561
0	56472.169159
2	56472.169162
3	56472.1691649
2	56472.1691678
0	56472.1691707
1	56472.1691736
3	56472.1691765
0	56472.1691794
2	56472.1691823
1	56472.1691853
0	56472.1691882
3	56472.1691911
2	56472.169194
1	56472.1691969
0	56472.1691998
3	56472.1692057
2	56472.1692086
1	56472.1692144
0	56472.1692173
2	56472.1692202
3	56472.1692231
1	56472.169229
0	56472.1692319
2	56472.1692348
3	56472.1692377
2	56472.1692406
0	56472.1692435
1	56472.1692464
3	56472.1692523
1	56472.1692552
0	56472.1692581
2	56472.169261
1	56472.1692639
0	56472.1692668
3	56472.1692697
2	56472.1692726
0	56472.1692785
1	56472.1692814
0	56472.1692872
3	56472.169293
2	56472.1692959
1	56472.1692989
0	56472.1693018
1	56472.1693076
0	56472.1693105
1	56472.1693192
3	56472.1693222
2	56472.1693251
0	56472.169328
2	56472.1693425
3	56472.1693455
1	56472.1693484
0	56472.1693513
2	56472.16936
1	56472.1693629
0	56472.1693658
3	56472.1693688
2	56472.1693717
1	56472.1693804
0	56472.1693833
3	56472.1693921
2	56472.169395
1	56472.1694037
0	56472.1694066
3	56472.1694154
2	56472.1694183
0	56472.1694299
1	56472.1694328
3	56472.1694358
2	56472.1694387
0	56472.1694416
1	56472.1694445
0	56472.1694474
2	56472.1694503
3	56472.1694532
2	56472.1694561
1	56472.1694591
0	56472.169462
3	56472.1694649
2	56472.1694678
1	56472.1694707
0	56472.1694736
3	56472.1694765
2	56472.1694794
1	56472.1694824
0	56472.1694853
3	56472.1694911
2	56472.169494
1	56472.1695027
0	56472.1695057
3	56472.1695086
2	56472.1695115
1	56472.1695144
0	56472.1695173
2	56472.1695231
3	56472.169526
1	56472.169529
0	56472.1695319
0	56472.1695377
1	56472.1695406
3	56472.1695435
2	56472.1695464
0	56472.1695494
1	56472.1695523
0	56472.1695552
3	56472.1695581
2	56472.169561
1	56472.1695668
0	56472.1695697
2	56472.1695727
3	56472.1695756
1	56472.1695814
0	56472.1695843
2	56472.1695872
3	56472.1695901
2	56472.169593
1	56472.169596
0	56472.1695989
3	56472.1696076
2	56472.1696105
1	56472.1696134
0	56472.1696163
3	56472.1696222
2	56472.1696251
3	56472.1696367
2	56472.1696396
1	56472.1696426
0	56472.1696455
2	56472.1696484
3	56472.1696513
2	56472.1696542
1	56472.16966
0	56472.1696629
3	56472.1696659
2	56472.1696688
0	56472.1696746
1	56472.1696775
3	56472.1696804
2	56472.1696833
2	56472.169695
3	56472.1696979
1	56472.1697008
0	56472.1697037
2	56472.1697066
3	56472.1697125
1	56472.1697154
0	56472.1697183
2	56472.1697212
1	56472.1697241
0	56472.169727
3	56472.1697328
2	56472.1697358
0	56472.1697387
1	56472.1697416
0	56472.1697445
1	56472.1697562
0	56472.1697591
2	56472.169762
3	56472.1697649
2	56472.1697678
1	56472.1697707
0	56472.1697736
3	56472.1697824
2	56472.1697853
1	56472.1697882
0	56472.1697911
0	56472.169794
1	56472.1697969
0	56472.1698057
1	56472.1698086
3	56472.1698115
2	56472.1698144
0	56472.1698173
1	56472.1698261
0	56472.169829
3	56472.1698377
2	56472.1698406
1	56472.1698435
0	56472.1698464
1	56472.1698581
0	56472.169861
3	56472.1698639
2	56472.1698668
1	56472.1698697
0	56472.1698727
2	56472.1698756
3	56472.1698785
1	56472.1698843
0	56472.1698872
2	56472.1698901
3	56472.169893
2	56472.169896
3	56472.1699047
2	56472.1699076
1	56472.1699105
0	56472.1699134
3	56472.1699193
2	56472.1699222
1	56472.1699309
0	56472.1699338
3	56472.1699367
2	56472.1699397
1	56472.1699455
0	56472.1699484
2	56472.1699513
3	56472.1699542
3	56472.1699688
2	56472.1699717
0	56472.1699746
1	56472.1699775
0	56472.1699863
2	56472.1699892
3	56472.1699921
1	56472.169995
0	56472.1699979
1	56472.1700008
2	56472.1700037
0	56472.1700066
3	56472.1700096
2	56472.1700125
1	56472.1700154
0	56472.1700183
3	56472.1700212
2	56472.1700241
3	56472.1700299
2	56472.1700329
1	56472.1700358
0	56472.1700387
1	56472.1700474
0	56472.1700503
3	56472.1700532
2	56472.1700562
0	56472.1700591
1	56472.170062
2	56472.1700649
3	56472.1700678
0	56472.1700707
1	56472.1700736
0	56472.1700765
2	56472.1700824
3	56472.1700853
1	56472.1700882
0	56472.1700911
2	56472.1700969
3	56472.1700998
1	56472.1701028
0	56472.1701057
3	56472.1701086
2	56472.1701115
1	56472.1701144
0	56472.1701173
3	56472.1701232
2	56472.1701261
1	56472.1701319
0	56472.1701348
2	56472.1701377
3	56472.1701406
1	56472.1701465
0	56472.1701494
2	56472.1701523
3	56472.1701552
1	56472.1701581
0	56472.170161
2	56472.1701668
3	56472.1701756
2	56472.1701785
1	56472.1701814
0	56472.1701843
3	56472.170196
2	56472.1701989
1	56472.1702018
0	56472.1702047
1	56472.1702164
3	56472.1702193
2	56472.1702222
0	56472.1702251
1	56472.1702338
0	56472.1702367
2	56472.1702426
3	56472.1702455
2	56472.1702484
0	56472.1702513
1	56472.1702542
0	56472.1702571
3	56472.1702688
2	56472.1702717
1	56472.1702746
0	56472.1702775
1	56472.1702834
0	56472.1702863
3	56472.1702921
2	56472.170295
1	56472.1702979
0	56472.1703008
2	56472.1703096
3	56472.1703125
1	56472.1703154
0	56472.1703183
2	56472.1703212
3	56472.1703241
2	56472.170327
1	56472.17033
0	56472.1703329
3	56472.1703387
2	56472.1703416
1	56472.1703445
0	56472.1703474
3	56472.1703533
2	56472.1703562
1	56472.1703591
0	56472.170362
2	56472.1703649
1	56472.1703678
0	56472.1703707
3	56472.1703736
2	56472.1703766
3	56472.1703824
1	56472.1703853
0	56472.1703882
2	56472.1703911
1	56472.1703969
0	56472.1703999
3	56472.1704028
2	56472.1704057
1	56472.1704115
0	56472.1704144
3	56472.1704173
2	56472.1704202
0	56472.1704232
1	56472.1704261
2	56472.170429
3	56472.1704319
0	56472.1704406
1	56472.1704435
2	56472.1704465
3	56472.1704494
2	56472.1704523
0	56472.1704639
1	56472.1704668
3	56472.1704698
2	56472.1704727
0	56472.1704814
1	56472.1704843
3	56472.1704872
2	56472.1704902
0	56472.1704931
3	56472.1704989
2	56472.1705018
1	56472.1705047
0	56472.1705076
3	56472.1705164
2	56472.1705193
1	56472.1705222
0	56472.1705251
3	56472.1705309
2	56472.1705338
0	56472.1705397
1	56472.1705426
3	56472.1705455
2	56472.1705484
2	56472.1705513
1	56472.1705542
0	56472.1705571
3	56472.1705601
2	56472.170563
0	56472.1705659
1	56472.1705688
0	56472.1705717
2	56472.1705746
3	56472.1705775
2	56472.1705804
1	56472.1705834
0	56472.1705863
3	56472.1705892
2	56472.1705921
1	56472.170595
0	56472.1705979
3	56472.1706037
2	56472.1706067
1	56472.1706096
0	56472.1706125
0	56472.1706183
1	56472.1706212
2	56472.17063
3	56472.1706329
0	56472.1706358
1	56472.1706387
0	56472.1706445
1	56472.1706474
0	56472.1706504
3	56472.1706533
2	56472.1706562
1	56472.170662
0	56472.1706649
0	56472.1706737
1	56472.1706766
3	56472.1706795
2	56472.1706824
0	56472.1706853
1	56472.1706882
0	56472.1706911
1	56472.170697
0	56472.1706999
2	56472.1707028
3	56472.1707057
2	56472.1707086
1	56472.1707232
0	56472.1707261
3	56472.170729
2	56472.1707319
1	56472.1707406
0	56472.1707436
3	56472.1707465
2	56472.1707494
1	56472.1707581
0	56472.170761
3	56472.1707639
2	56472.1707669
3	56472.1707727
2	56472.1707756
1	56472.1707843
0	56472.1707872
3	56472.1707902
2	56472.1707931
1	56472.1707989
0	56472.1708018
3	56472.1708047
2	56472.1708076
0	56472.1708135
1	56472.1708164
0	56472.1708193
3	56472.1708222
2	56472.1708251
1	56472.170828
0	56472.1708309
2	56472.1708339
3	56472.1708368
1	56472.1708426
0	56472.1708455
2	56472.1708484
3	56472.1708513
2	56472.1708542
1	56472.1708572
0	56472.1708601
3	56472.1708659
2	56472.1708688
1	56472.1708717
0	56472.1708746
3	56472.1708805
2	56472.1708834
1	56472.1708863
0	56472.1708892
0	56472.1708921
3	56472.170895
2	56472.1708979
1	56472.1709008
0	56472.1709038
1	56472.1709096
3	56472.1709125
2	56472.1709154
0	56472.1709183
1	56472.1709241
0	56472.1709271
3	56472.17093
2	56472.1709329
1	56472.1709416
0	56472.1709445
3	56472.1709474
2	56472.1709504
1	56472.1709533
0	56472.1709562
3	56472.1709591
2	56472.170962
1	56472.1709649
0	56472.1709678
2	56472.1709737
3	56472.1709766
2	56472.1709795
0	56472.1709853
1	56472.1709882
3	56472.1709911
2	56472.1709941
3	56472.1710028
2	56472.1710057
1	56472.1710086
0	56472.1710115
3	56472.1710174
2	56472.1710203
1	56472.1710232
0	56472.1710261
3	56472.171029
2	56472.1710319
3	56472.1710465
2	56472.1710494
1	56472.1710523
0	56472.1710552
0	56472.1710669
3	56472.1710727
2	56472.1710756
1	56472.1710785
0	56472.1710814
1	56472.1710873
0	56472.1710902
2	56472.1710931
3	56472.171096
2	56472.1710989
1	56472.1711018
0	56472.1711047
1	56472.1711164
0	56472.1711193
3	56472.1711222
2	56472.1711251
1	56472.1711309
0	56472.1711339
3	56472.1711426
2	56472.1711455
1	56472.1711484
0	56472.1711513
1	56472.1711572
0	56472.1711601
3	56472.1711659
2	56472.1711688
1	56472.1711717
0	56472.1711746
3	56472.1711834
1	56472.1711863
0	56472.1711892
2	56472.1711921
2	56472.171195
1	56472.1711979
0	56472.1712009
3	56472.1712038
2	56472.1712067
1	56472.1712154
0	56472.1712183
3	56472.1712212
2	56472.1712242
3	56472.17123
1	56472.1712329
0	56472.1712358
2	56472.1712387
1	56472.1712416
0	56472.1712445
3	56472.1712475
2	56472.1712504
3	56472.1712591
2	56472.171262
1	56472.1712649
0	56472.1712678
3	56472.1712737
2	56472.1712766
1	56472.1712853
0	56472.1712882
3	56472.1712941
2	56472.171297
1	56472.1712999
0	56472.1713028
3	56472.1713086
2	56472.1713115
0	56472.1713203
1	56472.1713232
3	56472.1713261
2	56472.171329
3	56472.1713407
2	56472.1713436
1	56472.1713465
0	56472.1713494
3	56472.1713581
2	56472.1713611
1	56472.171364
0	56472.1713669
1	56472.1713756
0	56472.1713785
2	56472.1713814
3	56472.1713844
2	56472.1713873
0	56472.1713902
1	56472.1713931
3	56472.171396
2	56472.1713989
0	56472.1714018
1	56472.1714047
0	56472.1714077
3	56472.1714106
2	56472.1714135
1	56472.1714193
0	56472.1714222
3	56472.1714251
2	56472.171428
3	56472.1714339
1	56472.1714368
0	56472.1714397
2	56472.1714426
0	56472.1714455
1	56472.1714484
3	56472.1714513
2	56472.1714543
0	56472.1714601
1	56472.171463
2	56472.1714659
3	56472.1714688
0	56472.1714746
1	56472.1714776
3	56472.1714805
2	56472.1714834
0	56472.1714892
1	56472.1714921
0	56472.1715009
1	56472.1715038
3	56472.1715067
2	56472.1715096
0	56472.1715125
1	56472.1715154
0	56472.1715183
2	56472.1715212
3	56472.1715271
2	56472.17153
1	56472.1715329
0	56472.1715358
3	56472.1715504
2	56472.1715533
1	56472.1715562
0	56472.1715591
0	56472.1715679
1	56472.1715708
3	56472.1715737
2	56472.1715766
0	56472.1715795
1	56472.1715853
0	56472.1715882
3	56472.1715912
2	56472.1715941
1	56472.1716115
0	56472.1716145
2	56472.1716174
3	56472.1716203
2	56472.1716232
3	56472.171629
2	56472.1716319
1	56472.1716348
0	56472.1716378
0	56472.1716407
1	56472.1716436
0	56472.1716465
3	56472.1716494
2	56472.1716523
1	56472.1716581
0	56472.1716611
2	56472.171664
3	56472.1716669
2	56472.1716698
1	56472.1716727
0	56472.1716756
3	56472.1716785
2	56472.1716814
0	56472.1716902
1	56472.1716931
3	56472.171696
2	56472.1716989
0	56472.1717018
1	56472.1717048
3	56472.1717077
2	56472.1717106
0	56472.1717135
1	56472.1717164
0	56472.1717193
3	56472.1717222
2	56472.1717251
1	56472.1717281
0	56472.171731
3	56472.1717397
2	56472.1717426
0	56472.1717455
1	56472.1717484
3	56472.1717543
2	56472.1717572
0	56472.1717601
1	56472.171763
3	56472.1717717
2	56472.1717747
0	56472.1717776
1	56472.1717805
0	56472.1717863
2	56472.1717892
1	56472.1717921
3	56472.171795
0	56472.171798
2	56472.1718009
1	56472.1718038
0	56472.1718067
3	56472.1718096
2	56472.1718125
3	56472.1718242
2	56472.1718271
1	56472.17183
0	56472.1718329
3	56472.1718387
2	56472.1718416
1	56472.1718504
0	56472.1718533
3	56472.1718562
2	56472.1718591
1	56472.171862
0	56472.1718649
3	56472.1718679
2	56472.1718708
3	56472.1718795
2	56472.1718824
1	56472.1718853
0	56472.1718882
2	56472.1718941
3	56472.171897
0	56472.1719057
1	56472.1719086
0	56472.1719116
2	56472.1719145
3	56472.1719174
1	56472.1719203
0	56472.1719232
2	56472.1719261
3	56472.171929
2	56472.1719319
1	56472.1719349
0	56472.1719378
3	56472.1719494
1	56472.1719523
2	56472.1719552
0	56472.1719582
1	56472.171964
0	56472.1719669
3	56472.1719698
2	56472.1719727
0	56472.1719785
1	56472.1719815
1	56472.1719902
0	56472.1719931
3	56472.171996
2	56472.1719989
1	56472.1720018
0	56472.1720048
2	56472.1720106
0	56472.1720135
3	56472.1720164
1	56472.1720193
0	56472.1720222
2	56472.1720251
1	56472.1720281
0	56472.172031
3	56472.1720339
2	56472.1720368
1	56472.1720426
0	56472.1720455
3	56472.1720543
2	56472.1720572
1	56472.1720601
0	56472.172063
0	56472.1720659
1	56472.1720688
3	56472.1720718
2	56472.1720747
0	56472.1720776
2	56472.1720834
3	56472.1720863
1	56472.1720892
0	56472.1720921
2	56472.172098
3	56472.1721009
2	56472.1721038
1	56472.1721096
0	56472.1721125
3	56472.1721154
2	56472.1721184
1	56472.1721271
0	56472.17213
3	56472.1721329
2	56472.1721358
3	56472.1721446
2	56472.1721475
0	56472.1721504
1	56472.1721533
3	56472.172162
2	56472.172165
0	56472.1721708
1	56472.1721737
3	56472.1721766
2	56472.1721795
0	56472.1721853
1	56472.1721883
2	56472.1721912
3	56472.1721941
2	56472.172197
0	56472.1721999
1	56472.1722028
3	56472.1722057
2	56472.1722116
0	56472.1722145
1	56472.1722174
3	56472.1722232
2	56472.1722261
0	56472.1722319
1	56472.1722349
3	56472.1722436
2	56472.1722465
1	56472.1722523
0	56472.1722552
3	56472.1722582
2	56472.1722611
1	56472.172264
0	56472.1722669
3	56472.1722698
2	56472.1722727
0	56472.1722756
1	56472.1722786
0	56472.1722815
3	56472.1722844
2	56472.1722873
1	56472.1722902
0	56472.1722931
2	56472.172296
3	56472.1722989
1	56472.1723019
0	56472.1723048
3	56472.1723135
2	56472.1723164
1	56472.1723193
0	56472.1723222
3	56472.1723252
2	56472.1723281
1	56472.172331
0	56472.1723339
1	56472.1723426
0	56472.1723455
3	56472.1723485
2	56472.1723514
1	56472.1723572
0	56472.1723601
2	56472.1723659
3	56472.1723688
1	56472.1723863
0	56472.1723892
3	56472.1723921
2	56472.1723951
0	56472.172398
1	56472.1724038
0	56472.1724067
2	56472.1724096
3	56472.1724125
2	56472.1724154
1	56472.1724213
0	56472.1724242
3	56472.1724358
2	56472.1724388
1	56472.1724417
0	56472.1724446
3	56472.1724562
2	56472.1724591
1	56472.1724621
0	56472.172465
0	56472.1724708
1	56472.1724737
3	56472.1724766
2	56472.1724795
0	56472.1724824
1	56472.1724854
0	56472.1724883
2	56472.1724912
3	56472.1724941
2	56472.172497
1	56472.1725028
0	56472.1725057
3	56472.1725087
2	56472.1725116
1	56472.1725174
0	56472.1725203
3	56472.1725232
2	56472.1725261
0	56472.172529
1	56472.172532
0	56472.1725349
3	56472.1725378
2	56472.1725407
1	56472.1725465
0	56472.1725494
2	56472.1725523
3	56472.1725553
1	56472.1725582
0	56472.1725611
3	56472.172564
2	56472.1725669
1	56472.1725727
0	56472.1725756
3	56472.1725815
2	56472.1725844
1	56472.1725873
0	56472.1725902
2	56472.1725989
1	56472.1726019
0	56472.1726048
3	56472.1726077
2	56472.1726106
3	56472.1726164
2	56472.1726193
1	56472.1726223
0	56472.1726252
1	56472.172631
0	56472.1726339
3	56472.1726368
2	56472.1726397
2	56472.1726456
3	56472.1726485
2	56472.1726572
0	56472.1726601
1	56472.172663
3	56472.1726659
2	56472.1726689
0	56472.1726718
1	56472.1726776
0	56472.1726805
3	56472.1726834
2	56472.1726863
1	56472.1726922
0	56472.1726951
3	56472.172698
2	56472.1727009
3	56472.1727096
2	56472.1727125
1	56472.1727155
0	56472.1727184
3	56472.1727242
2	56472.1727271
0	56472.17273
1	56472.1727358
0	56472.1727388
3	56472.1727417
2	56472.1727446
1	56472.1727475
0	56472.1727504
3	56472.1727562
2	56472.1727591
1	56472.1727621
0	56472.172765
1	56472.1727737
0	56472.1727766
3	56472.1727795
2	56472.1727825
0	56472.1727854
1	56472.1727883
0	56472.1727941
3	56472.172797
2	56472.1727999
1	56472.1728058
0	56472.1728087
1	56472.1728174
0	56472.1728203
2	56472.1728232
3	56472.1728261
1	56472.1728291
0	56472.172832
2	56472.1728349
0	56472.1728407
1	56472.1728436
3	56472.1728465
2	56472.1728494
0	56472.1728524
1	56472.1728582
0	56472.1728611
3	56472.1728698
2	56472.1728727
1	56472.1728786
0	56472.1728815
1	56472.1728902
0	56472.1728931
3	56472.172896
2	56472.172899
1	56472.1729019
0	56472.1729048
2	56472.1729077
3	56472.1729193
2	56472.1729223
1	56472.1729252
0	56472.1729281
3	56472.1729368
2	56472.1729397
1	56472.1729426
0	56472.1729456
3	56472.1729514
2	56472.1729543
0	56472.1729572
1	56472.1729601
3	56472.1729689
2	56472.1729718
0	56472.1729776
1	56472.1729805
2	56472.1729834
3	56472.1729863
2	56472.1729951
3	56472.1730009
2	56472.1730038
0	56472.1730067
1	56472.1730096
0	56472.1730155
3	56472.1730184
2	56472.1730213
1	56472.1730242
0	56472.1730271
3	56472.1730329
2	56472.1730359
1	56472.1730388
0	56472.1730417
3	56472.1730475
0	56472.1730504
2	56472.1730533
1	56472.1730562
3	56472.173065
2	56472.1730679
1	56472.1730708
0	56472.1730737
3	56472.1730766
2	56472.1730795
1	56472.1730825
0	56472.1730854
3	56472.1730912
2	56472.1730941
1	56472.173097
0	56472.1730999
1	56472.1731087
0	56472.1731116
3	56472.1731145
2	56472.1731174
1	56472.1731203
0	56472.1731232
3	56472.1731261
2	56472.1731291
1	56472.1731349
0	56472.1731378
3	56472.1731407
2	56472.1731436
1	56472.1731495
0	56472.1731524
3	56472.1731553
2	56472.1731582
1	56472.173164
0	56472.1731669
2	56472.1731698
3	56472.1731728
2	56472.1731757
1	56472.1731786
0	56472.1731815
3	56472.1731844
2	56472.1731873
0	56472.1731931
1	56472.1731961
3	56472.173199
2	56472.1732019
3	56472.1732106
2	56472.1732135
0	56472.1732194
1	56472.1732223
2	56472.1732252
3	56472.1732281
2	56472.1732339
0	56472.1732368
1	56472.1732397
0	56472.1732485
3	56472.1732514
2	56472.1732543
1	56472.1732572
0	56472.1732601
3	56472.1732747
2	56472.1732776
1	56472.1732805
0	56472.1732834
1	56472.173298
0	56472.1733009
3	56472.1733038
2	56472.1733067
0	56472.1733096
1	56472.1733126
0	56472.1733155
2	56472.1733184
3	56472.1733213
2	56472.1733242
1	56472.1733271
0	56472.17333
1	56472.1733417
3	56472.1733446
0	56472.1733475
2	56472.1733504
1	56472.1733563
0	56472.1733592
2	56472.1733621
3	56472.173365
0	56472.1733679
1	56472.1733708
2	56472.1733737
3	56472.1733796
1	56472.1733825
0	56472.1733854
2	56472.1733883
3	56472.1733941
0	56472.173397
2	56472.1733999
1	56472.1734029
0	56472.1734058
1	56472.1734087
0	56472.1734116
2	56472.1734145
3	56472.1734174
3	56472.1734232
2	56472.1734262
1	56472.1734291
0	56472.173432
2	56472.1734378
3	56472.1734407
1	56472.1734436
0	56472.1734465
0	56472.1734495
1	56472.1734524
2	56472.1734553
3	56472.1734582
1	56472.1734669
0	56472.1734698
3	56472.1734728
2	56472.1734757
0	56472.1734786
1	56472.1734844
3	56472.1734873
2	56472.1734902
0	56472.1734932
3	56472.1735019
2	56472.1735048
1	56472.1735077
0	56472.1735106
2	56472.1735135
3	56472.1735165
1	56472.1735194
0	56472.1735223
2	56472.1735252
3	56472.173531
2	56472.1735339
1	56472.1735398
0	56472.1735427
3	56472.1735485
2	56472.1735514
1	56472.1735601
0	56472.1735631
3	56472.173566
2	56472.1735689
1	56472.1735747
0	56472.1735776
2	56472.1735805
3	56472.1735834
0	56472.1735864
3	56472.1735893
2	56472.1735922
1	56472.1735951
0	56472.173598
2	56472.1736009
1	56472.1736038
3	56472.1736067
0	56472.1736097
2	56472.1736126
3	56472.1736184
1	56472.1736213
0	56472.1736242
2	56472.1736271
1	56472.173633
0	56472.1736359
3	56472.1736388
2	56472.1736417
1	56472.1736446
0	56472.1736475
2	56472.1736533
3	56472.1736563
1	56472.1736592
0	56472.1736621
2	56472.1736679
1	56472.1736708
0	56472.1736737
3	56472.1736766
2	56472.1736796
1	56472.1736854
0	56472.1736883
3	56472.1736941
2	56472.173697
0	56472.1737
1	56472.1737029
0	56472.1737116
1	56472.1737145
0	56472.1737174
3	56472.1737203
2	56472.1737233
1	56472.1737262
0	56472.1737291
3	56472.1737407
2	56472.1737436
1	56472.1737466
0	56472.1737495
2	56472.173764
3	56472.1737669
1	56472.1737699
0	56472.1737728
1	56472.1737844
0	56472.1737873
2	56472.1737902
3	56472.1737932
0	56472.173799
2	56472.1738019
1	56472.1738048
3	56472.1738106
2	56472.1738135
0	56472.1738223
3	56472.1738252
2	56472.1738281
1	56472.173831
0	56472.1738339
3	56472.1738368
2	56472.1738398
1	56472.1738427
0	56472.1738456
3	56472.1738572
2	56472.1738602
1	56472.1738631
0	56472.173866
3	56472.1738689
2	56472.1738718
1	56472.1738747
0	56472.1738776
3	56472.1738835
2	56472.1738864
0	56472.1738922
1	56472.1738951
3	56472.1739009
2	56472.1739038
0	56472.1739068
1	56472.1739097
0	56472.1739126
3	56472.1739155
2	56472.1739184
1	56472.1739213
0	56472.1739242
1	56472.1739301
0	56472.173933
2	56472.1739359
3	56472.1739388
1	56472.1739417
0	56472.1739446
2	56472.1739475
3	56472.1739504
1	56472.1739592
0	56472.1739621
2	56472.173965
3	56472.1739679
1	56472.1739737
0	56472.1739767
2	56472.1739796
3	56472.1739825
0	56472.1739883
1	56472.1739912
0	56472.1739941
2	56472.173997
3	56472.174
1	56472.1740029
0	56472.1740058
2	56472.1740087
3	56472.1740116
2	56472.1740145
1	56472.1740203
0	56472.1740233
3	56472.1740262
2	56472.1740291
3	56472.1740378
2	56472.1740407
1	56472.1740466
0	56472.1740495
2	56472.1740524
3	56472.1740553
2	56472.1740582
0	56472.1740611
1	56472.174067
3	56472.1740699
2	56472.1740728
0	56472.1740757
3	56472.1740815
2	56472.1740844
1	56472.1740873
0	56472.1740903
3	56472.1741019
2	56472.1741048
1	56472.1741165
0	56472.1741194
2	56472.1741223
3	56472.1741252
2	56472.1741281
0	56472.1741369
1	56472.1741398
0	56472.1741456
3	56472.1741485
2	56472.1741514
1	56472.1741543
0	56472.1741572
3	56472.1741689
2	56472.1741718
1	56472.1741747
0	56472.1741776
1	56472.1741835
0	56472.1741864
2	56472.1741922
3	56472.1741951
1	56472.1742009
0	56472.1742039
2	56472.1742097
1	56472.1742126
0	56472.1742155
0	56472.1742213
1	56472.1742242
3	56472.1742272
2	56472.1742301
0	56472.174233
1	56472.1742359
0	56472.1742388
3	56472.1742446
2	56472.1742475
1	56472.1742505
0	56472.1742534
3	56472.1742592
2	56472.1742621
1	56472.174265
0	56472.1742679
3	56472.1742738
2	56472.1742767
2	56472.1742825
1	56472.1742854
0	56472.1742883
3	56472.1742912
2	56472.1742941
1	56472.1742971
0	56472.1743
3	56472.1743029
2	56472.1743058
1	56472.1743087
0	56472.1743116
3	56472.1743174
2	56472.1743204
0	56472.1743233
3	56472.1743291
2	56472.174332
1	56472.1743349
0	56472.1743378
3	56472.1743437
2	56472.1743466
1	56472.1743495
0	56472.1743524
2	56472.174364
3	56472.174367
1	56472.1743699
0	56472.1743728
2	56472.1743786
3	56472.1743815
2	56472.1743903
1	56472.1743932
0	56472.1743961
