2013 07 02 04 30 00 0.951296
2013 07 02 04 30 01 0.957952
2013 07 02 04 30 02 0.964608
2013 07 02 04 30 03 0.971264
2013 07 02 04 30 04 0.977920
2013 07 02 04 30 05 0.984576
2013 07 02 04 30 06 0.990976
2013 07 02 04 30 07 0.997632
2013 07 02 04 30 09 0.004352
2013 07 02 04 30 10 0.011008
2013 07 02 04 30 11 0.017664
2013 07 02 04 30 12 0.024320
2013 07 02 04 30 13 0.030976
2013 07 02 04 30 14 0.037632
2013 07 02 04 30 15 0.044288
2013 07 02 04 30 16 0.050688
2013 07 02 04 30 17 0.057344
2013 07 02 04 30 18 0.064000
2013 07 02 04 30 19 0.070656
2013 07 02 04 30 20 0.077312
2013 07 02 04 30 21 0.083968
2013 07 02 04 30 22 0.090624
2013 07 02 04 30 23 0.097280
2013 07 02 04 30 24 0.103936
2013 07 02 04 30 25 0.110592
2013 07 02 04 30 26 0.117248
2013 07 02 04 30 27 0.123648
2013 07 02 04 30 28 0.130304
2013 07 02 04 30 29 0.136960
2013 07 02 04 30 30 0.143616
2013 07 02 04 30 31 0.150272
2013 07 02 04 30 32 0.156928
2013 07 02 04 30 33 0.163584
2013 07 02 04 30 34 0.170240
2013 07 02 04 30 35 0.176896
2013 07 02 04 30 36 0.183552
2013 07 02 04 30 37 0.190208
2013 07 02 04 30 38 0.196608
2013 07 02 04 30 39 0.455168
2013 07 02 04 30 40 0.461824
2013 07 02 04 30 41 0.468480
2013 07 02 04 30 42 0.475136
2013 07 02 04 30 43 0.481792
2013 07 02 04 30 44 0.488448
2013 07 02 04 30 45 0.494848
2013 07 02 04 30 46 0.501504
2013 07 02 04 30 47 0.508160
2013 07 02 04 30 48 0.514816
2013 07 02 04 30 49 0.521472
2013 07 02 04 30 50 0.528128
2013 07 02 04 30 51 0.534784
2013 07 02 04 30 52 0.541440
2013 07 02 04 30 53 0.548096
2013 07 02 04 30 54 0.554752
2013 07 02 04 30 55 0.561408
2013 07 02 04 30 56 0.567808
2013 07 02 04 30 57 0.574464
2013 07 02 04 30 58 0.581120
2013 07 02 04 30 59 0.587776
2013 07 02 04 31 00 0.594432
2013 07 02 04 31 01 0.601088
2013 07 02 04 31 02 0.607744
2013 07 02 04 31 03 0.614400
2013 07 02 04 31 04 0.621056
2013 07 02 04 31 05 0.627712
2013 07 02 04 31 06 0.634368
2013 07 02 04 31 07 0.640768
2013 07 02 04 31 08 0.647424
2013 07 02 04 31 09 0.654080
2013 07 02 04 31 10 0.660736
2013 07 02 04 31 11 0.667392
2013 07 02 04 31 12 0.674048
2013 07 02 04 31 13 0.680704
2013 07 02 04 31 14 0.687360
2013 07 02 04 31 15 0.694016
2013 07 02 04 31 16 0.700672
2013 07 02 04 31 17 0.707072
2013 07 02 04 31 18 0.713728
2013 07 02 04 31 19 0.720384
2013 07 02 04 31 20 0.727040
2013 07 02 04 31 21 0.733696
2013 07 02 04 31 22 0.740352
2013 07 02 04 31 23 0.747008
2013 07 02 04 31 24 0.753664
2013 07 02 04 31 25 0.760320
2013 07 02 04 31 26 0.766976
2013 07 02 04 31 27 0.521728
2013 07 02 04 31 28 0.276992
2013 07 02 04 31 29 0.283648
2013 07 02 04 31 30 0.290048
2013 07 02 04 31 31 0.296704
2013 07 02 04 31 32 0.303360
2013 07 02 04 31 33 0.310016
2013 07 02 04 31 34 0.316672
2013 07 02 04 31 35 0.323328
2013 07 02 04 31 36 0.329984
2013 07 02 04 31 37 0.336640
2013 07 02 04 31 38 0.343296
2013 07 02 04 31 39 0.349952
2013 07 02 04 31 40 0.356352
2013 07 02 04 31 41 0.614656
2013 07 02 04 31 42 0.621312
2013 07 02 04 31 43 0.879616
2013 07 02 04 31 44 0.886272
2013 07 02 04 31 45 0.892928
2013 07 02 04 31 46 0.899584
2013 07 02 04 31 47 0.906240
2013 07 02 04 31 48 0.912896
2013 07 02 04 31 49 0.919552
2013 07 02 04 31 50 0.925952
2013 07 02 04 31 51 0.932608
2013 07 02 04 31 52 0.939264
2013 07 02 04 31 53 0.945920
2013 07 02 04 31 54 0.952576
2013 07 02 04 31 55 0.959232
2013 07 02 04 31 56 0.965888
2013 07 02 04 31 57 0.972544
2013 07 02 04 31 58 0.979200
2013 07 02 04 31 59 0.985856
2013 07 02 04 32 00 0.992512
2013 07 02 04 32 01 0.999168
2013 07 02 04 32 03 0.005632
2013 07 02 04 32 04 0.012288
2013 07 02 04 32 05 0.018944
2013 07 02 04 32 06 0.025600
2013 07 02 04 32 07 0.032256
2013 07 02 04 32 08 0.038912
2013 07 02 04 32 09 0.045568
2013 07 02 04 32 10 0.051968
2013 07 02 04 32 11 0.058624
2013 07 02 04 32 12 0.065280
2013 07 02 04 32 13 0.071936
2013 07 02 04 32 14 0.078592
2013 07 02 04 32 15 0.085248
2013 07 02 04 32 16 0.091904
2013 07 02 04 32 17 0.098560
2013 07 02 04 32 18 0.105216
2013 07 02 04 32 19 0.111872
2013 07 02 04 32 20 0.118528
2013 07 02 04 32 21 0.125184
2013 07 02 04 32 22 0.131840
2013 07 02 04 32 23 0.138496
2013 07 02 04 32 24 0.144896
2013 07 02 04 32 25 0.151552
2013 07 02 04 32 26 0.158208
2013 07 02 04 32 27 0.164864
2013 07 02 04 32 28 0.171520
2013 07 02 04 32 29 0.178176
2013 07 02 04 32 30 0.184832
2013 07 02 04 32 31 0.191488
2013 07 02 04 32 32 0.197888
2013 07 02 04 32 33 0.204544
2013 07 02 04 32 34 0.211200
2013 07 02 04 32 35 0.217856
2013 07 02 04 32 36 0.224512
2013 07 02 04 32 37 0.231168
2013 07 02 04 32 38 0.237824
2013 07 02 04 32 39 0.244480
2013 07 02 04 32 40 0.251136
2013 07 02 04 32 41 0.257792
2013 07 02 04 32 42 0.264448
2013 07 02 04 32 43 0.271104
2013 07 02 04 32 44 0.277760
2013 07 02 04 32 45 0.284160
2013 07 02 04 32 46 0.290816
2013 07 02 04 32 47 0.297472
2013 07 02 04 32 48 0.304128
2013 07 02 04 32 49 0.310784
2013 07 02 04 32 50 0.317440
2013 07 02 04 32 51 0.324096
2013 07 02 04 32 52 0.330752
2013 07 02 04 32 53 0.337408
2013 07 02 04 32 54 0.344064
2013 07 02 04 32 55 0.350464
2013 07 02 04 32 56 0.357120
2013 07 02 04 32 57 0.363776
2013 07 02 04 32 58 0.370432
2013 07 02 04 32 59 0.377088
2013 07 02 04 33 00 0.383744
2013 07 02 04 33 01 0.390400
2013 07 02 04 33 02 0.397056
2013 07 02 04 33 03 0.403456
2013 07 02 04 33 04 0.410112
2013 07 02 04 33 05 0.417024
2013 07 02 04 33 06 0.423680
2013 07 02 04 33 07 0.430080
2013 07 02 04 33 08 0.436736
2013 07 02 04 33 09 0.694784
2013 07 02 04 33 10 0.701440
2013 07 02 04 33 11 0.708096
2013 07 02 04 33 12 0.714752
2013 07 02 04 33 13 0.721408
2013 07 02 04 33 14 0.728064
2013 07 02 04 33 15 0.734720
2013 07 02 04 33 16 0.741376
2013 07 02 04 33 17 0.748032
2013 07 02 04 33 18 0.754688
2013 07 02 04 33 19 0.761344
2013 07 02 04 33 20 0.767744
2013 07 02 04 33 21 0.774400
2013 07 02 04 33 22 0.781056
2013 07 02 04 33 23 0.787712
2013 07 02 04 33 24 0.794368
2013 07 02 04 33 25 0.801024
2013 07 02 04 33 26 0.807680
2013 07 02 04 33 27 0.814336
2013 07 02 04 33 28 0.820992
2013 07 02 04 33 29 0.827648
2013 07 02 04 33 30 0.834304
2013 07 02 04 33 31 0.840704
2013 07 02 04 33 32 0.847360
2013 07 02 04 33 33 0.854016
2013 07 02 04 33 34 0.860672
2013 07 02 04 33 35 0.867328
2013 07 02 04 33 36 0.873984
2013 07 02 04 33 37 0.880640
2013 07 02 04 33 38 0.887296
2013 07 02 04 33 39 0.893952
2013 07 02 04 33 40 0.900608
2013 07 02 04 33 41 0.907264
2013 07 02 04 33 42 0.913920
2013 07 02 04 33 43 0.920320
2013 07 02 04 33 44 0.926976
2013 07 02 04 33 45 0.933632
2013 07 02 04 33 46 0.940288
2013 07 02 04 33 47 0.946944
2013 07 02 04 33 48 0.953600
2013 07 02 04 33 49 0.960256
2013 07 02 04 33 50 0.966912
2013 07 02 04 33 51 0.973568
2013 07 02 04 33 52 0.980224
2013 07 02 04 33 53 0.986880
2013 07 02 04 33 54 0.993280
2013 07 02 04 33 56 0.000000
2013 07 02 04 33 57 0.006656
2013 07 02 04 33 58 0.013312
2013 07 02 04 33 59 0.019968
2013 07 02 04 34 00 0.026624
2013 07 02 04 34 01 0.033280
2013 07 02 04 34 02 0.039680
2013 07 02 04 34 03 0.046336
2013 07 02 04 34 03 0.801536
2013 07 02 04 34 04 0.808192
2013 07 02 04 34 05 0.814848
2013 07 02 04 34 06 0.821504
2013 07 02 04 34 07 0.828160
2013 07 02 04 34 08 0.834816
2013 07 02 04 34 09 0.841216
2013 07 02 04 34 10 0.847872
2013 07 02 04 34 11 0.854528
2013 07 02 04 34 12 0.861184
2013 07 02 04 34 13 0.867840
2013 07 02 04 34 15 0.125952
2013 07 02 04 34 16 0.132608
2013 07 02 04 34 17 0.139264
2013 07 02 04 34 18 0.397824
2013 07 02 04 34 19 0.404480
2013 07 02 04 34 20 0.410880
2013 07 02 04 34 21 0.417536
2013 07 02 04 34 22 0.424192
2013 07 02 04 34 23 0.430848
2013 07 02 04 34 24 0.437504
2013 07 02 04 34 25 0.444160
2013 07 02 04 34 26 0.450816
2013 07 02 04 34 27 0.457472
2013 07 02 04 34 28 0.464128
2013 07 02 04 34 29 0.470528
2013 07 02 04 34 30 0.477184
2013 07 02 04 34 31 0.483840
2013 07 02 04 34 32 0.490496
2013 07 02 04 34 33 0.497152
2013 07 02 04 34 34 0.503808
2013 07 02 04 34 35 0.510464
2013 07 02 04 34 36 0.517120
2013 07 02 04 34 37 0.523776
2013 07 02 04 34 38 0.530432
2013 07 02 04 34 39 0.537088
2013 07 02 04 34 40 0.543744
2013 07 02 04 34 41 0.550400
2013 07 02 04 34 42 0.556800
2013 07 02 04 34 43 0.815104
2013 07 02 04 34 44 0.821760
2013 07 02 04 34 45 0.828160
2013 07 02 04 34 46 0.834816
2013 07 02 04 34 47 0.841472
2013 07 02 04 34 48 0.848128
2013 07 02 04 34 49 0.854784
2013 07 02 04 34 50 0.861440
2013 07 02 04 34 51 0.868096
2013 07 02 04 34 52 0.874752
2013 07 02 04 34 53 0.881408
2013 07 02 04 34 54 0.888064
2013 07 02 04 34 55 0.894720
2013 07 02 04 34 56 0.901120
2013 07 02 04 34 57 0.907776
2013 07 02 04 34 58 0.914432
2013 07 02 04 34 59 0.921088
2013 07 02 04 35 00 0.927744
2013 07 02 04 35 01 0.934400
2013 07 02 04 35 02 0.941056
2013 07 02 04 35 03 0.947712
2013 07 02 04 35 04 0.954368
2013 07 02 04 35 05 0.961024
2013 07 02 04 35 06 0.967424
2013 07 02 04 35 07 0.974080
2013 07 02 04 35 08 0.980736
2013 07 02 04 35 09 0.736000
2013 07 02 04 35 10 0.742656
2013 07 02 04 35 11 0.749312
2013 07 02 04 35 12 0.755712
2013 07 02 04 35 13 0.762368
2013 07 02 04 35 14 0.769024
2013 07 02 04 35 15 0.775680
2013 07 02 04 35 16 0.782336
2013 07 02 04 35 17 0.788992
2013 07 02 04 35 18 0.795648
2013 07 02 04 35 19 0.802304
2013 07 02 04 35 20 0.808960
2013 07 02 04 35 21 0.815616
2013 07 02 04 35 22 0.822272
2013 07 02 04 35 23 0.828928
2013 07 02 04 35 24 0.835584
2013 07 02 04 35 25 0.841984
2013 07 02 04 35 26 0.848640
2013 07 02 04 35 27 0.855296
2013 07 02 04 35 28 0.861952
2013 07 02 04 35 30 0.120064
2013 07 02 04 35 31 0.126720
2013 07 02 04 35 32 0.133376
2013 07 02 04 35 33 0.140032
2013 07 02 04 35 34 0.146688
2013 07 02 04 35 35 0.153344
2013 07 02 04 35 36 0.160000
2013 07 02 04 35 37 0.166400
2013 07 02 04 35 38 0.173056
2013 07 02 04 35 39 0.179712
2013 07 02 04 35 40 0.186368
2013 07 02 04 35 41 0.193024
2013 07 02 04 35 42 0.199680
2013 07 02 04 35 43 0.206336
2013 07 02 04 35 44 0.212992
2013 07 02 04 35 45 0.219648
2013 07 02 04 35 46 0.226304
2013 07 02 04 35 47 0.232960
2013 07 02 04 35 48 0.239360
2013 07 02 04 35 49 0.246016
2013 07 02 04 35 50 0.252672
2013 07 02 04 35 51 0.259328
2013 07 02 04 35 52 0.265984
2013 07 02 04 35 53 0.272640
2013 07 02 04 35 54 0.530944
2013 07 02 04 35 55 0.789248
2013 07 02 04 35 56 0.795904
2013 07 02 04 35 57 0.802560
2013 07 02 04 35 58 0.809216
2013 07 02 04 35 59 0.815616
2013 07 02 04 36 00 0.822272
2013 07 02 04 36 01 0.828928
2013 07 02 04 36 02 0.835584
2013 07 02 04 36 03 0.842240
2013 07 02 04 36 04 0.848896
2013 07 02 04 36 05 0.855552
2013 07 02 04 36 06 0.862208
2013 07 02 04 36 07 0.868864
2013 07 02 04 36 08 0.875520
2013 07 02 04 36 09 0.882176
2013 07 02 04 36 10 0.888576
2013 07 02 04 36 11 0.895232
2013 07 02 04 36 12 0.901888
2013 07 02 04 36 13 0.908544
2013 07 02 04 36 14 0.663808
2013 07 02 04 36 15 0.670208
2013 07 02 04 36 16 0.676864
2013 07 02 04 36 17 0.683520
2013 07 02 04 36 18 0.690176
2013 07 02 04 36 19 0.696832
2013 07 02 04 36 20 0.703488
2013 07 02 04 36 21 0.710144
2013 07 02 04 36 22 0.716800
2013 07 02 04 36 23 0.974848
2013 07 02 04 36 24 0.981504
2013 07 02 04 36 25 0.988160
2013 07 02 04 36 26 0.994816
2013 07 02 04 36 28 0.001536
2013 07 02 04 36 29 0.259840
2013 07 02 04 36 30 0.266496
2013 07 02 04 36 31 0.273152
2013 07 02 04 36 32 0.279808
2013 07 02 04 36 33 0.034560
2013 07 02 04 36 34 0.041216
2013 07 02 04 36 35 0.047872
2013 07 02 04 36 36 0.054528
2013 07 02 04 36 37 0.061184
2013 07 02 04 36 38 0.067840
2013 07 02 04 36 39 0.074496
2013 07 02 04 36 40 0.080896
2013 07 02 04 36 41 0.087552
2013 07 02 04 36 42 0.094208
2013 07 02 04 36 43 0.100864
2013 07 02 04 36 44 0.107520
2013 07 02 04 36 45 0.114176
2013 07 02 04 36 46 0.120832
2013 07 02 04 36 47 0.127488
2013 07 02 04 36 48 0.134144
2013 07 02 04 36 49 0.392448
2013 07 02 04 36 50 0.399104
2013 07 02 04 36 51 0.405760
2013 07 02 04 36 52 0.412416
2013 07 02 04 36 53 0.419072
2013 07 02 04 36 54 0.425728
2013 07 02 04 36 55 0.432384
2013 07 02 04 36 56 0.439040
2013 07 02 04 36 57 0.445696
2013 07 02 04 36 58 0.452352
2013 07 02 04 36 59 0.458752
2013 07 02 04 37 00 0.465408
2013 07 02 04 37 01 0.472064
2013 07 02 04 37 02 0.478720
2013 07 02 04 37 03 0.485376
2013 07 02 04 37 04 0.492032
2013 07 02 04 37 05 0.498688
2013 07 02 04 37 06 0.505344
2013 07 02 04 37 07 0.512000
2013 07 02 04 37 08 0.518400
2013 07 02 04 37 09 0.525056
2013 07 02 04 37 10 0.531712
2013 07 02 04 37 11 0.538368
2013 07 02 04 37 12 0.545024
2013 07 02 04 37 13 0.551680
2013 07 02 04 37 14 0.558336
2013 07 02 04 37 15 0.564992
2013 07 02 04 37 16 0.571648
2013 07 02 04 37 17 0.578304
2013 07 02 04 37 18 0.584960
2013 07 02 04 37 19 0.591616
2013 07 02 04 37 20 0.598016
2013 07 02 04 37 21 0.604672
2013 07 02 04 37 22 0.611328
2013 07 02 04 37 23 0.617984
2013 07 02 04 37 24 0.624640
2013 07 02 04 37 25 0.631296
2013 07 02 04 37 26 0.637952
2013 07 02 04 37 27 0.644608
2013 07 02 04 37 28 0.651264
2013 07 02 04 37 29 0.657920
2013 07 02 04 37 30 0.664320
2013 07 02 04 37 31 0.670976
2013 07 02 04 37 32 0.677632
2013 07 02 04 37 33 0.684288
2013 07 02 04 37 34 0.690944
2013 07 02 04 37 35 0.697600
2013 07 02 04 37 36 0.704256
2013 07 02 04 37 37 0.710912
2013 07 02 04 37 38 0.717568
2013 07 02 04 37 39 0.724224
2013 07 02 04 37 40 0.730880
2013 07 02 04 37 41 0.737280
2013 07 02 04 37 42 0.743936
2013 07 02 04 37 43 0.750592
2013 07 02 04 37 44 0.757248
2013 07 02 04 37 45 0.763904
2013 07 02 04 37 46 0.770560
2013 07 02 04 37 47 0.777216
2013 07 02 04 37 48 0.783872
2013 07 02 04 37 49 0.790528
2013 07 02 04 37 50 0.796928
2013 07 02 04 37 51 0.803584
2013 07 02 04 37 52 0.810240
2013 07 02 04 37 53 0.816896
2013 07 02 04 37 54 0.823552
2013 07 02 04 37 55 0.830208
2013 07 02 04 37 56 0.836864
2013 07 02 04 37 57 0.843520
2013 07 02 04 37 58 0.850176
2013 07 02 04 37 59 0.856832
2013 07 02 04 38 00 0.863488
2013 07 02 04 38 01 0.870144
2013 07 02 04 38 02 0.876800
2013 07 02 04 38 03 0.883200
2013 07 02 04 38 04 0.889856
2013 07 02 04 38 05 0.896512
2013 07 02 04 38 06 0.903168
2013 07 02 04 38 07 0.909824
2013 07 02 04 38 08 0.916480
2013 07 02 04 38 09 0.923136
2013 07 02 04 38 10 0.929792
2013 07 02 04 38 11 0.936192
2013 07 02 04 38 12 0.942848
2013 07 02 04 38 13 0.949504
2013 07 02 04 38 14 0.956160
2013 07 02 04 38 15 0.962816
2013 07 02 04 38 16 0.969472
2013 07 02 04 38 17 0.976128
2013 07 02 04 38 18 0.982784
2013 07 02 04 38 19 0.989440
2013 07 02 04 38 20 0.996096
2013 07 02 04 38 22 0.002816
2013 07 02 04 38 23 0.009216
2013 07 02 04 38 24 0.015872
2013 07 02 04 38 25 0.022528
2013 07 02 04 38 26 0.029184
2013 07 02 04 38 27 0.035840
2013 07 02 04 38 28 0.042496
2013 07 02 04 38 29 0.049152
2013 07 02 04 38 30 0.055808
2013 07 02 04 38 31 0.062208
2013 07 02 04 38 32 0.068864
2013 07 02 04 38 33 0.075520
2013 07 02 04 38 34 0.082176
2013 07 02 04 38 35 0.088832
2013 07 02 04 38 36 0.095488
2013 07 02 04 38 37 0.102144
2013 07 02 04 38 38 0.108800
2013 07 02 04 38 39 0.366848
2013 07 02 04 38 40 0.373504
2013 07 02 04 38 41 0.380160
2013 07 02 04 38 42 0.386816
2013 07 02 04 38 43 0.393472
2013 07 02 04 38 44 0.400128
2013 07 02 04 38 45 0.406784
2013 07 02 04 38 46 0.413440
2013 07 02 04 38 47 0.419840
2013 07 02 04 38 48 0.426496
2013 07 02 04 38 49 0.433152
2013 07 02 04 38 50 0.439808
2013 07 02 04 38 51 0.446464
2013 07 02 04 38 52 0.453120
2013 07 02 04 38 53 0.459776
2013 07 02 04 38 54 0.466432
2013 07 02 04 38 55 0.473088
2013 07 02 04 38 56 0.479744
2013 07 02 04 38 57 0.486400
2013 07 02 04 38 58 0.492800
2013 07 02 04 38 59 0.499456
2013 07 02 04 39 00 0.506112
2013 07 02 04 39 01 0.512768
2013 07 02 04 39 02 0.519424
2013 07 02 04 39 03 0.526080
2013 07 02 04 39 04 0.532736
2013 07 02 04 39 05 0.539392
2013 07 02 04 39 06 0.546048
2013 07 02 04 39 07 0.552704
2013 07 02 04 39 08 0.559104
2013 07 02 04 39 09 0.565760
2013 07 02 04 39 10 0.572416
2013 07 02 04 39 11 0.579072
2013 07 02 04 39 12 0.585728
2013 07 02 04 39 13 0.592384
2013 07 02 04 39 14 0.599040
2013 07 02 04 39 15 0.605696
2013 07 02 04 39 16 0.612352
2013 07 02 04 39 17 0.619008
2013 07 02 04 39 18 0.625664
2013 07 02 04 39 19 0.632064
2013 07 02 04 39 20 0.638720
2013 07 02 04 39 21 0.645376
2013 07 02 04 39 22 0.652032
2013 07 02 04 39 23 0.658688
2013 07 02 04 39 24 0.665344
2013 07 02 04 39 25 0.672000
2013 07 02 04 39 26 0.678656
2013 07 02 04 39 27 0.685312
2013 07 02 04 39 28 0.691968
2013 07 02 04 39 29 0.698368
2013 07 02 04 39 30 0.705024
2013 07 02 04 39 31 0.711680
2013 07 02 04 39 32 0.718336
2013 07 02 04 39 33 0.724992
2013 07 02 04 39 34 0.731648
2013 07 02 04 39 35 0.738304
2013 07 02 04 39 36 0.996864
2013 07 02 04 39 38 0.003328
2013 07 02 04 39 39 0.009984
2013 07 02 04 39 40 0.016640
2013 07 02 04 39 41 0.023296
2013 07 02 04 39 42 0.029952
2013 07 02 04 39 42 0.784640
2013 07 02 04 39 43 0.791296
2013 07 02 04 39 44 0.797952
2013 07 02 04 39 45 0.804608
2013 07 02 04 39 46 0.811264
2013 07 02 04 39 47 0.817920
2013 07 02 04 39 48 0.824576
2013 07 02 04 39 49 0.831232
2013 07 02 04 39 50 0.837632
2013 07 02 04 39 51 0.844288
2013 07 02 04 39 52 0.850944
2013 07 02 04 39 53 0.857600
2013 07 02 04 39 54 0.864256
2013 07 02 04 39 55 0.870912
2013 07 02 04 39 56 0.877568
2013 07 02 04 39 57 0.884224
2013 07 02 04 39 58 0.890880
2013 07 02 04 39 59 0.897536
2013 07 02 04 40 00 0.904192
2013 07 02 04 40 01 0.910848
2013 07 02 04 40 02 0.917248
2013 07 02 04 40 03 0.923904
2013 07 02 04 40 04 0.930560
2013 07 02 04 40 05 0.937216
2013 07 02 04 40 06 0.943872
2013 07 02 04 40 07 0.950528
2013 07 02 04 40 08 0.957184
2013 07 02 04 40 09 0.963840
2013 07 02 04 40 10 0.970496
2013 07 02 04 40 11 0.977152
2013 07 02 04 40 12 0.983552
2013 07 02 04 40 13 0.990208
2013 07 02 04 40 14 0.996864
2013 07 02 04 40 16 0.003584
2013 07 02 04 40 17 0.010240
2013 07 02 04 40 18 0.016896
2013 07 02 04 40 19 0.023552
2013 07 02 04 40 20 0.029952
2013 07 02 04 40 21 0.036608
2013 07 02 04 40 22 0.043264
2013 07 02 04 40 23 0.049920
2013 07 02 04 40 24 0.056576
2013 07 02 04 40 25 0.063232
2013 07 02 04 40 26 0.069888
2013 07 02 04 40 27 0.076544
2013 07 02 04 40 28 0.083200
2013 07 02 04 40 29 0.089856
2013 07 02 04 40 30 0.096512
2013 07 02 04 40 31 0.102912
2013 07 02 04 40 32 0.109568
2013 07 02 04 40 33 0.116224
2013 07 02 04 40 33 0.871424
2013 07 02 04 40 34 0.878080
2013 07 02 04 40 35 0.884736
2013 07 02 04 40 36 0.891392
2013 07 02 04 40 37 0.897792
2013 07 02 04 40 38 0.904448
2013 07 02 04 40 40 0.162816
2013 07 02 04 40 41 0.169472
2013 07 02 04 40 42 0.175872
2013 07 02 04 40 43 0.182528
2013 07 02 04 40 44 0.189184
2013 07 02 04 40 45 0.195840
2013 07 02 04 40 46 0.202496
2013 07 02 04 40 47 0.209152
2013 07 02 04 40 48 0.215808
2013 07 02 04 40 49 0.222464
2013 07 02 04 40 50 0.229120
2013 07 02 04 40 51 0.235776
2013 07 02 04 40 52 0.242176
2013 07 02 04 40 53 0.500736
2013 07 02 04 40 54 0.507392
2013 07 02 04 40 55 0.514048
2013 07 02 04 40 56 0.520704
2013 07 02 04 40 57 0.527360
2013 07 02 04 40 58 0.533760
2013 07 02 04 40 59 0.540416
2013 07 02 04 41 00 0.547072
2013 07 02 04 41 01 0.553728
2013 07 02 04 41 02 0.560384
2013 07 02 04 41 03 0.567040
2013 07 02 04 41 04 0.573696
2013 07 02 04 41 05 0.580352
2013 07 02 04 41 06 0.587008
2013 07 02 04 41 07 0.593664
2013 07 02 04 41 08 0.600320
2013 07 02 04 41 09 0.606976
2013 07 02 04 41 10 0.613632
2013 07 02 04 41 11 0.620032
2013 07 02 04 41 12 0.626944
2013 07 02 04 41 13 0.633344
2013 07 02 04 41 14 0.640000
2013 07 02 04 41 15 0.646656
2013 07 02 04 41 16 0.653312
2013 07 02 04 41 17 0.659968
2013 07 02 04 41 18 0.666624
2013 07 02 04 41 19 0.673024
2013 07 02 04 41 20 0.679680
2013 07 02 04 41 21 0.937984
2013 07 02 04 41 22 0.944640
2013 07 02 04 41 23 0.951296
2013 07 02 04 41 24 0.957696
2013 07 02 04 41 25 0.964352
2013 07 02 04 41 26 0.971008
2013 07 02 04 41 27 0.977664
2013 07 02 04 41 28 0.984320
2013 07 02 04 41 29 0.990976
2013 07 02 04 41 30 0.997632
2013 07 02 04 41 32 0.004352
2013 07 02 04 41 33 0.010752
2013 07 02 04 41 34 0.017408
2013 07 02 04 41 35 0.024064
2013 07 02 04 41 36 0.030720
2013 07 02 04 41 37 0.037376
2013 07 02 04 41 38 0.044032
2013 07 02 04 41 39 0.050688
2013 07 02 04 41 40 0.057344
2013 07 02 04 41 41 0.064000
2013 07 02 04 41 42 0.070656
2013 07 02 04 41 43 0.077312
2013 07 02 04 41 44 0.083712
2013 07 02 04 41 45 0.090368
2013 07 02 04 41 46 0.097024
2013 07 02 04 41 47 0.103680
2013 07 02 04 41 48 0.110336
2013 07 02 04 41 49 0.116992
2013 07 02 04 41 50 0.123648
2013 07 02 04 41 51 0.130304
2013 07 02 04 41 52 0.136960
2013 07 02 04 41 53 0.143616
2013 07 02 04 41 54 0.150016
2013 07 02 04 41 55 0.156672
2013 07 02 04 41 56 0.163328
2013 07 02 04 41 57 0.169984
2013 07 02 04 41 58 0.176640
2013 07 02 04 41 59 0.183296
2013 07 02 04 42 00 0.189952
2013 07 02 04 42 01 0.196608
2013 07 02 04 42 02 0.203264
2013 07 02 04 42 03 0.209920
2013 07 02 04 42 04 0.216576
2013 07 02 04 42 05 0.222976
2013 07 02 04 42 06 0.229632
2013 07 02 04 42 07 0.236288
2013 07 02 04 42 08 0.242944
2013 07 02 04 42 09 0.249600
2013 07 02 04 42 10 0.256256
2013 07 02 04 42 11 0.262912
2013 07 02 04 42 12 0.017920
2013 07 02 04 42 13 0.024576
2013 07 02 04 42 14 0.031232
2013 07 02 04 42 15 0.037888
2013 07 02 04 42 16 0.044544
2013 07 02 04 42 17 0.051200
2013 07 02 04 42 18 0.057856
2013 07 02 04 42 19 0.064512
2013 07 02 04 42 19 0.819200
2013 07 02 04 42 20 0.825856
2013 07 02 04 42 21 0.832512
2013 07 02 04 42 22 0.839168
2013 07 02 04 42 23 0.845824
2013 07 02 04 42 24 0.852480
2013 07 02 04 42 25 0.859136
2013 07 02 04 42 26 0.865792
2013 07 02 04 42 27 0.872192
2013 07 02 04 42 28 0.878848
2013 07 02 04 42 29 0.885504
2013 07 02 04 42 30 0.892160
2013 07 02 04 42 31 0.898816
2013 07 02 04 42 32 0.905472
2013 07 02 04 42 33 0.912128
2013 07 02 04 42 34 0.918784
2013 07 02 04 42 35 0.925440
2013 07 02 04 42 36 0.932096
2013 07 02 04 42 37 0.938752
2013 07 02 04 42 38 0.945152
2013 07 02 04 42 39 0.951808
2013 07 02 04 42 40 0.958464
2013 07 02 04 42 41 0.965120
2013 07 02 04 42 42 0.971776
2013 07 02 04 42 43 0.978432
2013 07 02 04 42 44 0.985088
2013 07 02 04 42 45 0.991744
2013 07 02 04 42 46 0.998400
2013 07 02 04 42 48 0.004864
2013 07 02 04 42 49 0.011520
2013 07 02 04 42 50 0.018176
2013 07 02 04 42 51 0.024832
2013 07 02 04 42 52 0.031488
2013 07 02 04 42 53 0.038144
2013 07 02 04 42 54 0.044800
2013 07 02 04 42 55 0.051456
2013 07 02 04 42 56 0.058112
2013 07 02 04 42 57 0.064512
2013 07 02 04 42 58 0.071168
2013 07 02 04 42 59 0.077824
2013 07 02 04 43 00 0.084480
2013 07 02 04 43 01 0.091136
2013 07 02 04 43 02 0.097792
2013 07 02 04 43 02 0.852992
2013 07 02 04 43 03 0.859648
2013 07 02 04 43 04 0.866048
2013 07 02 04 43 05 0.872960
2013 07 02 04 43 06 0.879360
2013 07 02 04 43 07 0.886016
2013 07 02 04 43 08 0.892672
2013 07 02 04 43 09 0.899328
2013 07 02 04 43 10 0.905984
2013 07 02 04 43 11 0.912640
2013 07 02 04 43 12 0.919296
2013 07 02 04 43 13 0.925952
2013 07 02 04 43 14 0.932608
2013 07 02 04 43 15 0.939264
2013 07 02 04 43 16 0.945664
2013 07 02 04 43 17 0.952320
2013 07 02 04 43 18 0.958976
2013 07 02 04 43 19 0.965632
2013 07 02 04 43 20 0.972288
2013 07 02 04 43 21 0.978944
2013 07 02 04 43 22 0.985600
2013 07 02 04 43 23 0.992256
2013 07 02 04 43 25 0.250368
2013 07 02 04 43 26 0.257024
2013 07 02 04 43 27 0.263680
2013 07 02 04 43 28 0.270080
2013 07 02 04 43 29 0.276736
2013 07 02 04 43 30 0.283392
2013 07 02 04 43 31 0.290048
2013 07 02 04 43 32 0.296704
2013 07 02 04 43 33 0.303360
2013 07 02 04 43 34 0.310016
2013 07 02 04 43 35 0.316672
2013 07 02 04 43 36 0.323328
2013 07 02 04 43 37 0.329984
2013 07 02 04 43 38 0.336640
2013 07 02 04 43 39 0.343040
2013 07 02 04 43 40 0.349696
2013 07 02 04 43 41 0.356352
2013 07 02 04 43 42 0.363008
2013 07 02 04 43 43 0.369664
2013 07 02 04 43 44 0.376320
2013 07 02 04 43 45 0.382976
2013 07 02 04 43 46 0.389632
2013 07 02 04 43 47 0.396288
2013 07 02 04 43 48 0.402944
2013 07 02 04 43 49 0.409344
2013 07 02 04 43 50 0.416000
2013 07 02 04 43 51 0.422656
2013 07 02 04 43 52 0.429312
2013 07 02 04 43 53 0.435968
2013 07 02 04 43 54 0.442624
2013 07 02 04 43 55 0.449280
2013 07 02 04 43 56 0.455936
2013 07 02 04 43 57 0.462592
2013 07 02 04 43 58 0.469248
2013 07 02 04 43 59 0.475904
2013 07 02 04 44 00 0.482304
2013 07 02 04 44 01 0.488960
2013 07 02 04 44 02 0.495616
2013 07 02 04 44 03 0.502272
2013 07 02 04 44 04 0.508928
2013 07 02 04 44 05 0.515584
2013 07 02 04 44 06 0.522240
2013 07 02 04 44 07 0.528896
2013 07 02 04 44 08 0.535552
2013 07 02 04 44 09 0.542208
2013 07 02 04 44 10 0.548864
2013 07 02 04 44 11 0.555264
2013 07 02 04 44 12 0.561920
2013 07 02 04 44 13 0.568576
2013 07 02 04 44 14 0.575232
2013 07 02 04 44 15 0.581888
2013 07 02 04 44 16 0.588544
2013 07 02 04 44 17 0.595200
2013 07 02 04 44 18 0.601856
2013 07 02 04 44 19 0.608512
2013 07 02 04 44 20 0.615168
2013 07 02 04 44 21 0.621568
2013 07 02 04 44 22 0.628224
2013 07 02 04 44 23 0.634880
2013 07 02 04 44 24 0.641536
2013 07 02 04 44 25 0.648192
2013 07 02 04 44 26 0.654848
2013 07 02 04 44 27 0.661504
2013 07 02 04 44 28 0.668160
2013 07 02 04 44 29 0.674816
2013 07 02 04 44 30 0.681472
2013 07 02 04 44 31 0.688128
2013 07 02 04 44 32 0.694528
2013 07 02 04 44 33 0.701184
2013 07 02 04 44 34 0.707840
2013 07 02 04 44 35 0.714496
2013 07 02 04 44 36 0.721152
2013 07 02 04 44 37 0.727808
2013 07 02 04 44 38 0.734464
2013 07 02 04 44 39 0.741120
2013 07 02 04 44 40 0.747776
2013 07 02 04 44 41 0.754432
2013 07 02 04 44 42 0.760832
2013 07 02 04 44 43 0.767488
2013 07 02 04 44 44 0.774144
2013 07 02 04 44 45 0.780800
2013 07 02 04 44 46 0.787456
2013 07 02 04 44 47 0.794112
2013 07 02 04 44 48 0.800768
2013 07 02 04 44 49 0.807424
2013 07 02 04 44 50 0.814080
2013 07 02 04 44 51 0.820736
2013 07 02 04 44 52 0.827392
2013 07 02 04 44 53 0.833792
2013 07 02 04 44 54 0.840448
2013 07 02 04 44 55 0.847104
2013 07 02 04 44 56 0.853760
2013 07 02 04 44 57 0.860416
2013 07 02 04 44 58 0.867072
2013 07 02 04 44 59 0.873728
2013 07 02 04 45 00 0.880384
2013 07 02 04 45 01 0.887040
2013 07 02 04 45 02 0.893696
2013 07 02 04 45 03 0.900096
2013 07 02 04 45 04 0.906752
2013 07 02 04 45 05 0.913408
2013 07 02 04 45 06 0.920064
2013 07 02 04 45 07 0.926720
2013 07 02 04 45 08 0.933376
2013 07 02 04 45 09 0.940032
2013 07 02 04 45 10 0.946688
2013 07 02 04 45 11 0.953344
2013 07 02 04 45 12 0.960000
2013 07 02 04 45 13 0.966656
2013 07 02 04 45 14 0.973056
2013 07 02 04 45 15 0.979712
2013 07 02 04 45 16 0.986368
2013 07 02 04 45 17 0.993024
2013 07 02 04 45 18 0.999680
2013 07 02 04 45 20 0.006400
2013 07 02 04 45 21 0.013056
2013 07 02 04 45 22 0.019712
2013 07 02 04 45 23 0.026112
2013 07 02 04 45 24 0.032768
2013 07 02 04 45 25 0.039424
2013 07 02 04 45 26 0.046080
2013 07 02 04 45 27 0.052736
2013 07 02 04 45 28 0.059392
2013 07 02 04 45 29 0.066048
2013 07 02 04 45 30 0.072704
2013 07 02 04 45 31 0.079360
2013 07 02 04 45 32 0.086016
2013 07 02 04 45 33 0.092416
2013 07 02 04 45 34 0.099072
2013 07 02 04 45 35 0.105728
2013 07 02 04 45 36 0.112384
2013 07 02 04 45 37 0.119040
2013 07 02 04 45 38 0.125696
2013 07 02 04 45 39 0.132352
2013 07 02 04 45 40 0.139008
2013 07 02 04 45 41 0.397312
2013 07 02 04 45 42 0.403968
2013 07 02 04 45 43 0.410624
2013 07 02 04 45 44 0.417280
2013 07 02 04 45 45 0.423936
2013 07 02 04 45 46 0.430592
2013 07 02 04 45 47 0.437248
2013 07 02 04 45 48 0.443904
2013 07 02 04 45 49 0.450560
2013 07 02 04 45 50 0.457216
2013 07 02 04 45 51 0.463872
2013 07 02 04 45 52 0.470528
2013 07 02 04 45 53 0.476928
2013 07 02 04 45 54 0.483584
2013 07 02 04 45 55 0.490240
2013 07 02 04 45 56 0.496896
2013 07 02 04 45 57 0.503552
2013 07 02 04 45 58 0.510208
2013 07 02 04 45 59 0.516864
2013 07 02 04 46 00 0.523264
2013 07 02 04 46 01 0.529920
2013 07 02 04 46 02 0.536576
2013 07 02 04 46 03 0.543232
2013 07 02 04 46 04 0.801536
2013 07 02 04 46 05 0.808192
2013 07 02 04 46 06 0.814592
2013 07 02 04 46 07 0.821248
2013 07 02 04 46 08 0.827904
2013 07 02 04 46 09 0.834560
2013 07 02 04 46 11 0.093184
2013 07 02 04 46 12 0.099840
2013 07 02 04 46 13 0.106240
2013 07 02 04 46 14 0.112896
2013 07 02 04 46 15 0.119552
2013 07 02 04 46 16 0.126208
2013 07 02 04 46 17 0.132864
2013 07 02 04 46 18 0.139520
2013 07 02 04 46 19 0.146176
2013 07 02 04 46 20 0.152576
2013 07 02 04 46 21 0.159232
2013 07 02 04 46 22 0.165888
2013 07 02 04 46 23 0.172544
2013 07 02 04 46 24 0.179200
2013 07 02 04 46 25 0.185856
2013 07 02 04 46 26 0.192512
2013 07 02 04 46 27 0.199168
2013 07 02 04 46 28 0.205824
2013 07 02 04 46 29 0.212480
2013 07 02 04 46 30 0.219136
2013 07 02 04 46 31 0.225792
2013 07 02 04 46 32 0.232448
2013 07 02 04 46 33 0.239104
2013 07 02 04 46 34 0.245504
2013 07 02 04 46 35 0.252160
2013 07 02 04 46 36 0.258816
2013 07 02 04 46 37 0.265472
2013 07 02 04 46 38 0.272128
2013 07 02 04 46 39 0.278784
2013 07 02 04 46 40 0.285440
2013 07 02 04 46 41 0.292096
2013 07 02 04 46 42 0.298496
2013 07 02 04 46 43 0.305152
2013 07 02 04 46 44 0.311808
2013 07 02 04 46 45 0.318464
2013 07 02 04 46 46 0.325120
2013 07 02 04 46 47 0.331776
2013 07 02 04 46 48 0.338432
2013 07 02 04 46 49 0.345088
2013 07 02 04 46 50 0.351744
2013 07 02 04 46 51 0.358400
2013 07 02 04 46 52 0.365056
2013 07 02 04 46 53 0.371712
2013 07 02 04 46 54 0.378112
2013 07 02 04 46 55 0.384768
2013 07 02 04 46 56 0.391424
2013 07 02 04 46 57 0.398080
2013 07 02 04 46 58 0.404736
2013 07 02 04 46 59 0.411392
2013 07 02 04 47 00 0.418048
2013 07 02 04 47 01 0.424704
2013 07 02 04 47 02 0.431360
2013 07 02 04 47 03 0.438016
2013 07 02 04 47 04 0.444672
2013 07 02 04 47 05 0.451072
2013 07 02 04 47 06 0.457728
2013 07 02 04 47 07 0.464384
2013 07 02 04 47 08 0.471040
2013 07 02 04 47 09 0.477696
2013 07 02 04 47 10 0.484352
2013 07 02 04 47 11 0.742400
2013 07 02 04 47 13 0.000768
2013 07 02 04 47 14 0.007424
2013 07 02 04 47 15 0.014080
2013 07 02 04 47 16 0.020736
2013 07 02 04 47 17 0.027392
2013 07 02 04 47 18 0.034048
2013 07 02 04 47 19 0.040704
2013 07 02 04 47 20 0.047360
2013 07 02 04 47 21 0.054016
2013 07 02 04 47 22 0.060672
2013 07 02 04 47 23 0.067328
2013 07 02 04 47 24 0.073984
2013 07 02 04 47 25 0.080384
2013 07 02 04 47 26 0.087040
2013 07 02 04 47 27 0.093696
2013 07 02 04 47 28 0.100352
2013 07 02 04 47 29 0.107008
2013 07 02 04 47 30 0.113664
2013 07 02 04 47 31 0.120320
2013 07 02 04 47 32 0.126976
2013 07 02 04 47 33 0.133632
2013 07 02 04 47 34 0.140032
2013 07 02 04 47 35 0.146688
2013 07 02 04 47 36 0.153344
2013 07 02 04 47 37 0.160000
2013 07 02 04 47 38 0.166656
2013 07 02 04 47 39 0.173312
2013 07 02 04 47 40 0.179968
2013 07 02 04 47 41 0.186624
2013 07 02 04 47 42 0.193280
2013 07 02 04 47 43 0.199936
2013 07 02 04 47 44 0.206592
2013 07 02 04 47 45 0.213248
2013 07 02 04 47 46 0.219904
2013 07 02 04 47 47 0.226304
2013 07 02 04 47 48 0.232960
2013 07 02 04 47 49 0.239616
2013 07 02 04 47 50 0.246272
2013 07 02 04 47 51 0.252928
2013 07 02 04 47 52 0.259584
2013 07 02 04 47 53 0.266240
2013 07 02 04 47 54 0.272896
2013 07 02 04 47 55 0.279552
2013 07 02 04 47 56 0.286208
2013 07 02 04 47 57 0.292608
2013 07 02 04 47 58 0.299264
2013 07 02 04 47 59 0.305920
2013 07 02 04 48 00 0.312576
2013 07 02 04 48 01 0.319232
2013 07 02 04 48 02 0.325888
2013 07 02 04 48 03 0.332544
2013 07 02 04 48 04 0.339200
2013 07 02 04 48 05 0.345856
2013 07 02 04 48 06 0.352256
2013 07 02 04 48 07 0.358912
2013 07 02 04 48 08 0.365568
2013 07 02 04 48 09 0.372224
2013 07 02 04 48 10 0.378880
2013 07 02 04 48 11 0.385536
2013 07 02 04 48 12 0.392192
2013 07 02 04 48 13 0.398848
2013 07 02 04 48 14 0.405504
2013 07 02 04 48 15 0.412160
2013 07 02 04 48 16 0.418816
2013 07 02 04 48 17 0.425472
2013 07 02 04 48 18 0.431872
2013 07 02 04 48 19 0.438528
2013 07 02 04 48 20 0.445184
2013 07 02 04 48 21 0.451840
2013 07 02 04 48 22 0.458496
2013 07 02 04 48 23 0.465152
2013 07 02 04 48 24 0.471808
2013 07 02 04 48 25 0.478464
2013 07 02 04 48 26 0.485120
2013 07 02 04 48 27 0.491776
2013 07 02 04 48 28 0.498432
2013 07 02 04 48 29 0.504832
2013 07 02 04 48 30 0.511488
2013 07 02 04 48 31 0.518144
2013 07 02 04 48 32 0.524800
2013 07 02 04 48 33 0.531456
2013 07 02 04 48 34 0.538112
2013 07 02 04 48 35 0.544768
2013 07 02 04 48 36 0.551424
2013 07 02 04 48 37 0.558080
2013 07 02 04 48 38 0.564736
2013 07 02 04 48 39 0.571136
2013 07 02 04 48 40 0.577792
2013 07 02 04 48 41 0.584448
2013 07 02 04 48 42 0.591104
2013 07 02 04 48 43 0.597760
2013 07 02 04 48 44 0.604416
2013 07 02 04 48 45 0.611072
2013 07 02 04 48 46 0.617728
2013 07 02 04 48 47 0.624128
2013 07 02 04 48 48 0.630784
2013 07 02 04 48 49 0.637440
2013 07 02 04 48 50 0.644096
2013 07 02 04 48 51 0.650752
2013 07 02 04 48 52 0.657408
2013 07 02 04 48 53 0.664064
2013 07 02 04 48 54 0.670720
2013 07 02 04 48 55 0.677376
2013 07 02 04 48 56 0.684032
2013 07 02 04 48 57 0.690688
2013 07 02 04 48 58 0.697088
2013 07 02 04 48 59 0.703744
2013 07 02 04 49 00 0.710400
2013 07 02 04 49 01 0.717056
2013 07 02 04 49 02 0.975360
2013 07 02 04 49 03 0.981760
2013 07 02 04 49 04 0.988416
2013 07 02 04 49 05 0.995072
2013 07 02 04 49 07 0.253696
2013 07 02 04 49 08 0.260096
2013 07 02 04 49 09 0.266752
2013 07 02 04 49 10 0.273408
2013 07 02 04 49 11 0.280064
2013 07 02 04 49 12 0.286720
2013 07 02 04 49 13 0.293376
2013 07 02 04 49 14 0.300032
2013 07 02 04 49 15 0.306688
2013 07 02 04 49 16 0.313344
2013 07 02 04 49 17 0.320000
2013 07 02 04 49 18 0.326656
2013 07 02 04 49 19 0.333056
2013 07 02 04 49 20 0.339712
2013 07 02 04 49 21 0.346368
2013 07 02 04 49 22 0.353024
2013 07 02 04 49 23 0.359680
2013 07 02 04 49 24 0.366336
2013 07 02 04 49 25 0.372992
2013 07 02 04 49 26 0.379648
2013 07 02 04 49 27 0.386048
2013 07 02 04 49 28 0.392704
2013 07 02 04 49 29 0.399360
2013 07 02 04 49 30 0.406016
2013 07 02 04 49 31 0.412672
2013 07 02 04 49 32 0.419328
2013 07 02 04 49 33 0.425984
2013 07 02 04 49 34 0.432640
2013 07 02 04 49 35 0.439296
2013 07 02 04 49 36 0.445952
2013 07 02 04 49 37 0.452608
2013 07 02 04 49 38 0.459008
2013 07 02 04 49 39 0.717312
2013 07 02 04 49 40 0.723968
2013 07 02 04 49 41 0.982272
2013 07 02 04 49 42 0.988928
2013 07 02 04 49 43 0.995584
2013 07 02 04 49 45 0.002304
2013 07 02 04 49 46 0.008704
2013 07 02 04 49 47 0.015360
2013 07 02 04 49 48 0.022016
2013 07 02 04 49 49 0.028672
2013 07 02 04 49 50 0.035328
2013 07 02 04 49 51 0.041984
2013 07 02 04 49 52 0.048640
2013 07 02 04 49 53 0.055296
2013 07 02 04 49 54 0.061952
2013 07 02 04 49 55 0.068608
2013 07 02 04 49 56 0.075264
2013 07 02 04 49 57 0.081920
2013 07 02 04 49 58 0.088576
2013 07 02 04 49 59 0.094976
2013 07 02 04 50 00 0.101632
2013 07 02 04 50 01 0.108288
2013 07 02 04 50 02 0.114944
2013 07 02 04 50 03 0.121600
2013 07 02 04 50 04 0.128256
2013 07 02 04 50 05 0.134912
2013 07 02 04 50 06 0.141312
2013 07 02 04 50 07 0.147968
2013 07 02 04 50 08 0.154624
2013 07 02 04 50 09 0.161280
2013 07 02 04 50 10 0.167936
2013 07 02 04 50 11 0.174592
2013 07 02 04 50 12 0.181248
2013 07 02 04 50 13 0.187904
2013 07 02 04 50 14 0.194560
2013 07 02 04 50 15 0.201216
2013 07 02 04 50 16 0.207872
2013 07 02 04 50 17 0.214528
2013 07 02 04 50 18 0.221184
2013 07 02 04 50 19 0.227584
2013 07 02 04 50 20 0.234240
2013 07 02 04 50 21 0.240896
2013 07 02 04 50 22 0.247552
2013 07 02 04 50 23 0.254208
2013 07 02 04 50 24 0.260864
2013 07 02 04 50 25 0.267520
2013 07 02 04 50 26 0.274176
2013 07 02 04 50 27 0.280576
2013 07 02 04 50 28 0.287232
2013 07 02 04 50 29 0.293888
2013 07 02 04 50 30 0.300544
2013 07 02 04 50 31 0.307200
2013 07 02 04 50 32 0.313856
2013 07 02 04 50 33 0.320512
2013 07 02 04 50 34 0.327168
2013 07 02 04 50 35 0.333824
2013 07 02 04 50 36 0.340480
2013 07 02 04 50 37 0.346880
2013 07 02 04 50 38 0.353792
2013 07 02 04 50 39 0.360192
2013 07 02 04 50 40 0.366848
2013 07 02 04 50 41 0.373504
2013 07 02 04 50 42 0.380160
2013 07 02 04 50 43 0.386816
2013 07 02 04 50 44 0.393472
2013 07 02 04 50 45 0.400128
2013 07 02 04 50 46 0.406784
2013 07 02 04 50 47 0.413440
2013 07 02 04 50 48 0.419840
2013 07 02 04 50 49 0.426496
2013 07 02 04 50 50 0.433152
2013 07 02 04 50 51 0.439808
2013 07 02 04 50 52 0.446464
2013 07 02 04 50 53 0.453120
2013 07 02 04 50 54 0.459776
2013 07 02 04 50 55 0.466432
2013 07 02 04 50 56 0.473088
2013 07 02 04 50 57 0.479488
2013 07 02 04 50 58 0.486144
2013 07 02 04 50 59 0.492800
2013 07 02 04 51 00 0.499456
2013 07 02 04 51 01 0.506112
2013 07 02 04 51 02 0.512768
2013 07 02 04 51 03 0.519424
2013 07 02 04 51 04 0.526080
2013 07 02 04 51 05 0.532736
2013 07 02 04 51 06 0.539392
2013 07 02 04 51 07 0.546048
2013 07 02 04 51 08 0.552704
2013 07 02 04 51 09 0.559104
2013 07 02 04 51 10 0.314112
2013 07 02 04 51 11 0.320512
2013 07 02 04 51 12 0.327168
2013 07 02 04 51 13 0.333824
2013 07 02 04 51 14 0.340480
2013 07 02 04 51 15 0.347136
2013 07 02 04 51 16 0.353792
2013 07 02 04 51 17 0.360448
2013 07 02 04 51 18 0.367104
2013 07 02 04 51 19 0.373760
2013 07 02 04 51 20 0.380416
2013 07 02 04 51 21 0.387072
2013 07 02 04 51 22 0.393472
2013 07 02 04 51 23 0.400128
2013 07 02 04 51 24 0.406784
2013 07 02 04 51 25 0.413440
2013 07 02 04 51 26 0.420096
2013 07 02 04 51 27 0.426752
2013 07 02 04 51 28 0.433408
2013 07 02 04 51 29 0.440064
2013 07 02 04 51 30 0.446720
2013 07 02 04 51 31 0.453376
2013 07 02 04 51 32 0.459776
2013 07 02 04 51 33 0.466432
2013 07 02 04 51 35 0.731648
2013 07 02 04 51 37 0.744704
2013 07 02 04 51 39 0.506368
2013 07 02 04 51 42 0.274688
2013 07 02 04 51 43 0.532736
2013 07 02 04 51 45 0.294656
2013 07 02 04 51 50 0.327680
2013 07 02 04 51 54 0.102400
2013 07 02 04 51 56 0.115712
2013 07 02 04 51 57 0.374016
2013 07 02 04 51 59 0.387328
2013 07 02 04 52 02 0.658688
2013 07 02 04 52 03 0.917248
2013 07 02 04 52 05 0.930560
2013 07 02 04 52 07 0.188672
2013 07 02 04 52 08 0.195328
2013 07 02 04 52 12 0.473600
2013 07 02 04 52 13 0.480256
2013 07 02 04 52 15 0.493568
2013 07 02 04 52 17 0.758272
2013 07 02 04 52 19 0.016640
2013 07 02 04 52 20 0.023296
2013 07 02 04 52 21 0.029952
2013 07 02 04 52 22 0.288000
2013 07 02 04 52 23 0.294656
2013 07 02 04 52 24 0.301312
2013 07 02 04 52 25 0.307968
2013 07 02 04 52 26 0.314624
2013 07 02 04 52 27 0.321280
2013 07 02 04 52 28 0.327936
2013 07 02 04 52 29 0.334592
2013 07 02 04 52 30 0.341248
2013 07 02 04 52 31 0.347904
2013 07 02 04 52 32 0.354304
2013 07 02 04 52 33 0.360960
2013 07 02 04 52 34 0.367616
2013 07 02 04 52 35 0.374272
2013 07 02 04 52 36 0.380928
2013 07 02 04 52 37 0.387584
2013 07 02 04 52 38 0.394240
2013 07 02 04 52 39 0.400896
2013 07 02 04 52 40 0.407552
2013 07 02 04 52 41 0.414208
2013 07 02 04 52 42 0.420608
2013 07 02 04 52 43 0.427264
2013 07 02 04 52 44 0.433920
2013 07 02 04 52 45 0.440576
2013 07 02 04 52 46 0.447232
2013 07 02 04 52 47 0.453888
2013 07 02 04 52 48 0.460544
2013 07 02 04 52 49 0.467200
2013 07 02 04 52 50 0.473856
2013 07 02 04 52 51 0.480512
2013 07 02 04 52 52 0.486912
2013 07 02 04 52 53 0.493568
2013 07 02 04 52 54 0.500224
2013 07 02 04 52 55 0.506880
2013 07 02 04 52 56 0.765440
2013 07 02 04 52 58 0.023552
2013 07 02 04 52 59 0.030208
2013 07 02 04 53 00 0.036864
2013 07 02 04 53 01 0.043520
2013 07 02 04 53 02 0.049920
2013 07 02 04 53 03 0.056576
2013 07 02 04 53 04 0.063232
2013 07 02 04 53 05 0.069888
2013 07 02 04 53 06 0.076544
2013 07 02 04 53 07 0.083200
2013 07 02 04 53 08 0.089856
2013 07 02 04 53 09 0.096512
2013 07 02 04 53 10 0.103168
2013 07 02 04 53 11 0.109824
2013 07 02 04 53 12 0.116224
2013 07 02 04 53 13 0.122880
2013 07 02 04 53 14 0.129536
2013 07 02 04 53 15 0.136192
2013 07 02 04 53 16 0.142848
2013 07 02 04 53 17 0.149504
2013 07 02 04 53 18 0.156160
2013 07 02 04 53 19 0.162816
2013 07 02 04 53 20 0.169472
2013 07 02 04 53 21 0.175872
2013 07 02 04 53 22 0.182528
2013 07 02 04 53 23 0.189184
2013 07 02 04 53 24 0.195840
2013 07 02 04 53 25 0.202496
2013 07 02 04 53 26 0.209152
2013 07 02 04 53 27 0.215808
2013 07 02 04 53 28 0.222464
2013 07 02 04 53 29 0.229120
2013 07 02 04 53 30 0.235776
2013 07 02 04 53 31 0.242432
2013 07 02 04 53 32 0.248832
2013 07 02 04 53 33 0.255488
2013 07 02 04 53 34 0.262144
2013 07 02 04 53 35 0.268800
2013 07 02 04 53 36 0.275456
2013 07 02 04 53 37 0.282112
2013 07 02 04 53 38 0.288768
2013 07 02 04 53 39 0.295424
2013 07 02 04 53 40 0.302080
2013 07 02 04 53 41 0.308736
2013 07 02 04 53 42 0.315136
2013 07 02 04 53 43 0.321792
2013 07 02 04 53 44 0.328448
2013 07 02 04 53 45 0.335104
2013 07 02 04 53 46 0.341760
2013 07 02 04 53 47 0.348416
2013 07 02 04 53 48 0.355072
2013 07 02 04 53 49 0.361728
2013 07 02 04 53 50 0.368384
2013 07 02 04 53 51 0.375040
2013 07 02 04 53 52 0.381440
2013 07 02 04 53 53 0.388096
2013 07 02 04 53 54 0.394752
2013 07 02 04 53 55 0.401408
2013 07 02 04 53 56 0.408064
2013 07 02 04 53 57 0.414720
2013 07 02 04 53 58 0.421376
2013 07 02 04 53 59 0.428032
2013 07 02 04 54 00 0.434688
2013 07 02 04 54 01 0.441344
2013 07 02 04 54 02 0.448000
2013 07 02 04 54 03 0.454400
2013 07 02 04 54 04 0.461056
2013 07 02 04 54 05 0.467712
2013 07 02 04 54 06 0.474368
2013 07 02 04 54 07 0.481024
2013 07 02 04 54 08 0.487680
2013 07 02 04 54 09 0.494336
2013 07 02 04 54 10 0.500992
2013 07 02 04 54 11 0.507648
2013 07 02 04 54 12 0.514048
2013 07 02 04 54 13 0.520704
2013 07 02 04 54 14 0.527360
2013 07 02 04 54 15 0.534016
2013 07 02 04 54 16 0.540672
2013 07 02 04 54 17 0.547328
2013 07 02 04 54 18 0.553984
2013 07 02 04 54 19 0.560640
2013 07 02 04 54 20 0.567296
2013 07 02 04 54 21 0.573952
2013 07 02 04 54 22 0.580352
2013 07 02 04 54 23 0.587008
2013 07 02 04 54 24 0.593664
2013 07 02 04 54 25 0.600320
2013 07 02 04 54 26 0.606976
2013 07 02 04 54 27 0.613632
2013 07 02 04 54 28 0.620288
2013 07 02 04 54 29 0.626944
2013 07 02 04 54 30 0.633600
2013 07 02 04 54 31 0.891904
2013 07 02 04 54 32 0.898560
2013 07 02 04 54 33 0.905216
2013 07 02 04 54 34 0.911872
2013 07 02 04 54 35 0.918528
2013 07 02 04 54 36 0.925184
2013 07 02 04 54 37 0.931840
2013 07 02 04 54 38 0.938496
2013 07 02 04 54 39 0.944896
2013 07 02 04 54 40 0.951552
2013 07 02 04 54 41 0.958208
2013 07 02 04 54 42 0.964864
2013 07 02 04 54 43 0.971520
2013 07 02 04 54 44 0.978176
2013 07 02 04 54 45 0.984832
2013 07 02 04 54 46 0.991488
2013 07 02 04 54 47 0.998144
2013 07 02 04 54 49 0.004608
2013 07 02 04 54 50 0.011264
2013 07 02 04 54 51 0.017920
2013 07 02 04 54 52 0.024576
2013 07 02 04 54 53 0.031232
2013 07 02 04 54 54 0.037888
2013 07 02 04 54 55 0.044544
2013 07 02 04 54 56 0.051200
2013 07 02 04 54 57 0.057600
2013 07 02 04 54 58 0.064256
2013 07 02 04 54 59 0.070912
2013 07 02 04 55 00 0.077568
2013 07 02 04 55 01 0.084224
2013 07 02 04 55 02 0.090880
2013 07 02 04 55 03 0.097536
2013 07 02 04 55 04 0.355584
2013 07 02 04 55 05 0.362240
2013 07 02 04 55 06 0.368896
2013 07 02 04 55 07 0.375552
2013 07 02 04 55 08 0.382208
2013 07 02 04 55 09 0.388864
2013 07 02 04 55 10 0.395520
2013 07 02 04 55 11 0.402176
2013 07 02 04 55 12 0.408832
2013 07 02 04 55 13 0.415232
2013 07 02 04 55 14 0.421888
2013 07 02 04 55 15 0.428544
2013 07 02 04 55 16 0.435200
2013 07 02 04 55 17 0.441856
2013 07 02 04 55 18 0.448512
2013 07 02 04 55 19 0.455168
2013 07 02 04 55 20 0.461824
2013 07 02 04 55 21 0.468480
2013 07 02 04 55 22 0.474880
2013 07 02 04 55 23 0.481536
2013 07 02 04 55 24 0.488192
2013 07 02 04 55 25 0.494848
2013 07 02 04 55 26 0.501504
2013 07 02 04 55 27 0.508160
2013 07 02 04 55 28 0.514816
2013 07 02 04 55 29 0.521472
2013 07 02 04 55 30 0.528128
2013 07 02 04 55 31 0.534784
2013 07 02 04 55 32 0.541440
2013 07 02 04 55 33 0.547840
2013 07 02 04 55 34 0.554496
2013 07 02 04 55 35 0.561152
2013 07 02 04 55 36 0.567808
2013 07 02 04 55 37 0.826368
2013 07 02 04 55 38 0.832768
2013 07 02 04 55 40 0.091136
2013 07 02 04 55 41 0.097792
2013 07 02 04 55 42 0.104192
2013 07 02 04 55 43 0.110848
2013 07 02 04 55 44 0.117504
2013 07 02 04 55 45 0.124160
2013 07 02 04 55 46 0.130816
2013 07 02 04 55 47 0.137472
2013 07 02 04 55 48 0.144128
2013 07 02 04 55 49 0.150784
2013 07 02 04 55 50 0.157440
2013 07 02 04 55 51 0.164096
2013 07 02 04 55 52 0.170496
2013 07 02 04 55 53 0.177152
2013 07 02 04 55 54 0.183808
2013 07 02 04 55 55 0.190464
2013 07 02 04 55 56 0.197120
2013 07 02 04 55 57 0.203776
2013 07 02 04 55 58 0.210432
2013 07 02 04 55 59 0.217088
2013 07 02 04 56 00 0.223744
2013 07 02 04 56 01 0.230400
2013 07 02 04 56 02 0.236800
2013 07 02 04 56 03 0.243456
2013 07 02 04 56 04 0.250112
2013 07 02 04 56 05 0.256768
2013 07 02 04 56 06 0.263424
2013 07 02 04 56 07 0.270080
2013 07 02 04 56 08 0.276736
2013 07 02 04 56 09 0.283392
2013 07 02 04 56 10 0.290048
2013 07 02 04 56 11 0.296704
2013 07 02 04 56 12 0.303360
2013 07 02 04 56 13 0.309760
2013 07 02 04 56 14 0.316416
2013 07 02 04 56 15 0.323072
2013 07 02 04 56 16 0.581632
2013 07 02 04 56 17 0.588288
2013 07 02 04 56 18 0.594944
2013 07 02 04 56 19 0.601600
2013 07 02 04 56 20 0.608000
2013 07 02 04 56 21 0.614656
2013 07 02 04 56 22 0.621312
2013 07 02 04 56 23 0.627968
2013 07 02 04 56 24 0.634624
2013 07 02 04 56 25 0.641280
2013 07 02 04 56 26 0.647936
2013 07 02 04 56 27 0.654592
2013 07 02 04 56 28 0.660992
2013 07 02 04 56 29 0.667648
2013 07 02 04 56 30 0.674304
2013 07 02 04 56 31 0.680960
2013 07 02 04 56 32 0.687616
2013 07 02 04 56 33 0.694272
2013 07 02 04 56 34 0.700928
2013 07 02 04 56 35 0.707584
2013 07 02 04 56 36 0.714240
2013 07 02 04 56 37 0.720896
2013 07 02 04 56 38 0.727552
2013 07 02 04 56 39 0.734208
2013 07 02 04 56 40 0.740864
2013 07 02 04 56 41 0.747264
2013 07 02 04 56 42 0.753920
2013 07 02 04 56 43 0.760576
2013 07 02 04 56 44 0.767232
2013 07 02 04 56 45 0.773888
2013 07 02 04 56 46 0.780544
2013 07 02 04 56 47 0.787200
2013 07 02 04 56 48 0.793856
2013 07 02 04 56 49 0.800256
2013 07 02 04 56 50 0.806912
2013 07 02 04 56 51 0.813568
2013 07 02 04 56 52 0.820224
2013 07 02 04 56 53 0.826880
2013 07 02 04 56 54 0.833536
2013 07 02 04 56 55 0.840192
2013 07 02 04 56 56 0.846848
2013 07 02 04 56 57 0.853504
2013 07 02 04 56 58 0.860160
2013 07 02 04 56 59 0.866816
2013 07 02 04 57 00 0.873216
2013 07 02 04 57 01 0.879872
2013 07 02 04 57 02 0.886528
2013 07 02 04 57 03 0.893184
2013 07 02 04 57 04 0.899840
2013 07 02 04 57 05 0.906496
2013 07 02 04 57 06 0.913152
2013 07 02 04 57 07 0.919808
2013 07 02 04 57 08 0.926464
2013 07 02 04 57 09 0.932864
2013 07 02 04 57 10 0.939520
2013 07 02 04 57 11 0.946176
2013 07 02 04 57 12 0.952832
2013 07 02 04 57 13 0.959488
2013 07 02 04 57 14 0.966144
2013 07 02 04 57 15 0.972800
2013 07 02 04 57 16 0.979456
2013 07 02 04 57 17 0.986112
2013 07 02 04 57 18 0.992768
2013 07 02 04 57 19 0.999424
2013 07 02 04 57 21 0.005888
2013 07 02 04 57 22 0.012544
2013 07 02 04 57 23 0.019200
2013 07 02 04 57 24 0.025856
2013 07 02 04 57 25 0.032512
2013 07 02 04 57 26 0.039168
2013 07 02 04 57 27 0.045824
2013 07 02 04 57 28 0.052480
2013 07 02 04 57 29 0.059136
2013 07 02 04 57 30 0.065792
2013 07 02 04 57 31 0.072192
2013 07 02 04 57 32 0.078848
2013 07 02 04 57 33 0.085504
2013 07 02 04 57 34 0.092160
2013 07 02 04 57 35 0.098816
2013 07 02 04 57 36 0.105472
2013 07 02 04 57 37 0.112128
2013 07 02 04 57 38 0.118784
2013 07 02 04 57 39 0.125184
2013 07 02 04 57 40 0.131840
2013 07 02 04 57 41 0.138496
2013 07 02 04 57 42 0.145152
2013 07 02 04 57 43 0.151808
2013 07 02 04 57 44 0.158464
2013 07 02 04 57 45 0.165120
2013 07 02 04 57 46 0.171776
2013 07 02 04 57 47 0.178432
2013 07 02 04 57 48 0.185088
2013 07 02 04 57 49 0.191744
2013 07 02 04 57 50 0.198400
2013 07 02 04 57 50 0.953088
2013 07 02 04 57 51 0.959744
2013 07 02 04 57 52 0.966400
2013 07 02 04 57 53 0.973056
2013 07 02 04 57 54 0.979456
2013 07 02 04 57 55 0.986112
2013 07 02 04 57 56 0.992768
2013 07 02 04 57 57 0.999424
2013 07 02 04 57 59 0.006144
2013 07 02 04 58 00 0.012800
2013 07 02 04 58 01 0.019456
2013 07 02 04 58 02 0.026112
2013 07 02 04 58 03 0.032512
2013 07 02 04 58 04 0.039168
2013 07 02 04 58 05 0.045824
2013 07 02 04 58 06 0.052480
2013 07 02 04 58 07 0.059136
2013 07 02 04 58 08 0.065792
2013 07 02 04 58 09 0.072448
2013 07 02 04 58 10 0.079104
2013 07 02 04 58 11 0.085760
2013 07 02 04 58 12 0.092416
2013 07 02 04 58 13 0.098816
2013 07 02 04 58 14 0.105472
2013 07 02 04 58 15 0.112128
2013 07 02 04 58 16 0.118784
2013 07 02 04 58 17 0.125440
2013 07 02 04 58 18 0.132096
2013 07 02 04 58 19 0.138752
2013 07 02 04 58 20 0.145408
2013 07 02 04 58 21 0.152064
2013 07 02 04 58 22 0.158720
2013 07 02 04 58 23 0.417024
2013 07 02 04 58 24 0.423680
2013 07 02 04 58 25 0.430336
2013 07 02 04 58 26 0.436992
2013 07 02 04 58 27 0.443648
2013 07 02 04 58 28 0.450304
2013 07 02 04 58 29 0.456704
2013 07 02 04 58 30 0.463360
2013 07 02 04 58 31 0.470016
2013 07 02 04 58 32 0.476672
2013 07 02 04 58 33 0.483328
2013 07 02 04 58 34 0.489984
2013 07 02 04 58 35 0.496640
2013 07 02 04 58 36 0.503296
2013 07 02 04 58 37 0.509952
2013 07 02 04 58 38 0.516608
2013 07 02 04 58 39 0.523264
2013 07 02 04 58 40 0.529920
2013 07 02 04 58 41 0.536576
2013 07 02 04 58 42 0.542976
2013 07 02 04 58 43 0.549632
2013 07 02 04 58 44 0.556288
2013 07 02 04 58 45 0.562944
2013 07 02 04 58 46 0.569600
2013 07 02 04 58 47 0.576256
2013 07 02 04 58 48 0.582912
2013 07 02 04 58 49 0.589568
2013 07 02 04 58 50 0.595968
2013 07 02 04 58 51 0.602624
2013 07 02 04 58 52 0.609280
2013 07 02 04 58 53 0.615936
2013 07 02 04 58 54 0.622592
2013 07 02 04 58 55 0.629248
2013 07 02 04 58 56 0.635904
2013 07 02 04 58 57 0.642560
2013 07 02 04 58 58 0.649216
2013 07 02 04 58 59 0.655872
2013 07 02 04 59 00 0.662528
2013 07 02 04 59 01 0.668928
2013 07 02 04 59 02 0.675584
2013 07 02 04 59 03 0.682240
2013 07 02 04 59 04 0.688896
2013 07 02 04 59 05 0.946944
2013 07 02 04 59 06 0.953600
2013 07 02 04 59 07 0.960256
2013 07 02 04 59 08 0.715520
2013 07 02 04 59 09 0.722176
2013 07 02 04 59 10 0.728576
2013 07 02 04 59 11 0.735232
2013 07 02 04 59 12 0.741888
2013 07 02 04 59 13 0.748544
2013 07 02 04 59 14 0.755200
2013 07 02 04 59 15 0.761856
2013 07 02 04 59 16 0.768512
2013 07 02 04 59 17 0.775168
2013 07 02 04 59 18 0.781824
2013 07 02 04 59 19 0.788480
2013 07 02 04 59 20 0.795136
2013 07 02 04 59 21 0.801536
2013 07 02 04 59 22 0.808192
2013 07 02 04 59 23 0.814848
2013 07 02 04 59 24 0.821504
2013 07 02 04 59 25 0.828160
2013 07 02 04 59 26 0.834816
2013 07 02 04 59 27 0.841472
2013 07 02 04 59 28 0.848128
2013 07 02 04 59 29 0.854784
2013 07 02 04 59 30 0.861184
2013 07 02 04 59 31 0.867840
2013 07 02 04 59 32 0.874496
2013 07 02 04 59 33 0.881152
2013 07 02 04 59 34 0.887808
2013 07 02 04 59 35 0.894464
2013 07 02 04 59 36 0.901120
2013 07 02 04 59 38 0.159232
2013 07 02 04 59 39 0.165888
2013 07 02 04 59 40 0.172544
2013 07 02 04 59 41 0.179200
2013 07 02 04 59 42 0.185856
2013 07 02 04 59 43 0.192512
2013 07 02 04 59 44 0.198912
2013 07 02 04 59 45 0.205568
2013 07 02 04 59 46 0.212224
2013 07 02 04 59 47 0.218880
2013 07 02 04 59 48 0.225536
2013 07 02 04 59 49 0.232192
2013 07 02 04 59 50 0.238848
2013 07 02 04 59 51 0.245504
2013 07 02 04 59 52 0.252160
2013 07 02 04 59 53 0.258816
2013 07 02 04 59 54 0.265216
2013 07 02 04 59 55 0.271872
2013 07 02 04 59 56 0.278528
2013 07 02 04 59 57 0.285184
2013 07 02 04 59 58 0.291840
2013 07 02 04 59 59 0.298496
2013 07 02 05 00 00 0.305152
2013 07 02 05 00 01 0.311808
2013 07 02 05 00 02 0.318464
2013 07 02 05 00 03 0.325120
2013 07 02 05 00 04 0.331520
2013 07 02 05 00 05 0.338176
2013 07 02 05 00 06 0.344832
2013 07 02 05 00 07 0.351488
2013 07 02 05 00 08 0.358144
2013 07 02 05 00 09 0.616704
2013 07 02 05 00 10 0.623360
2013 07 02 05 00 11 0.630016
2013 07 02 05 00 12 0.636416
2013 07 02 05 00 13 0.643072
2013 07 02 05 00 14 0.649728
2013 07 02 05 00 15 0.656384
2013 07 02 05 00 16 0.663040
2013 07 02 05 00 17 0.669696
2013 07 02 05 00 18 0.676352
2013 07 02 05 00 19 0.683008
2013 07 02 05 00 20 0.689664
2013 07 02 05 00 21 0.696320
2013 07 02 05 00 22 0.702720
2013 07 02 05 00 23 0.709376
2013 07 02 05 00 24 0.716032
2013 07 02 05 00 25 0.722688
2013 07 02 05 00 26 0.729344
2013 07 02 05 00 27 0.736000
2013 07 02 05 00 28 0.742656
2013 07 02 05 00 29 0.749312
2013 07 02 05 00 30 0.755968
2013 07 02 05 00 31 0.762624
2013 07 02 05 00 32 0.769280
2013 07 02 05 00 33 0.775680
2013 07 02 05 00 34 0.782336
2013 07 02 05 00 35 0.788992
2013 07 02 05 00 36 0.795648
2013 07 02 05 00 37 0.550400
2013 07 02 05 00 38 0.557056
2013 07 02 05 00 39 0.563712
2013 07 02 05 00 40 0.570368
2013 07 02 05 00 41 0.577024
2013 07 02 05 00 42 0.583680
2013 07 02 05 00 43 0.590336
2013 07 02 05 00 44 0.596992
2013 07 02 05 00 45 0.603392
2013 07 02 05 00 46 0.610048
2013 07 02 05 00 47 0.616704
2013 07 02 05 00 48 0.623360
2013 07 02 05 00 49 0.630016
2013 07 02 05 00 50 0.636672
2013 07 02 05 00 51 0.643328
2013 07 02 05 00 52 0.649984
2013 07 02 05 00 53 0.656640
2013 07 02 05 00 54 0.663296
2013 07 02 05 00 55 0.669696
2013 07 02 05 00 56 0.676352
2013 07 02 05 00 57 0.683008
2013 07 02 05 00 58 0.689664
2013 07 02 05 00 59 0.696320
2013 07 02 05 01 00 0.702976
2013 07 02 05 01 01 0.709632
2013 07 02 05 01 02 0.716288
2013 07 02 05 01 03 0.722944
2013 07 02 05 01 04 0.729600
2013 07 02 05 01 05 0.736000
2013 07 02 05 01 06 0.742656
2013 07 02 05 01 07 0.749312
2013 07 02 05 01 08 0.755968
2013 07 02 05 01 09 0.762624
2013 07 02 05 01 10 0.769280
2013 07 02 05 01 11 0.775936
2013 07 02 05 01 12 0.782592
2013 07 02 05 01 13 0.789248
2013 07 02 05 01 14 0.795904
2013 07 02 05 01 15 0.802304
2013 07 02 05 01 16 0.808960
2013 07 02 05 01 17 0.815616
2013 07 02 05 01 18 0.822272
2013 07 02 05 01 19 0.828928
2013 07 02 05 01 20 0.835584
2013 07 02 05 01 21 0.842240
2013 07 02 05 01 22 0.848896
2013 07 02 05 01 23 0.855552
2013 07 02 05 01 24 0.862208
2013 07 02 05 01 25 0.868864
2013 07 02 05 01 26 0.875264
2013 07 02 05 01 27 0.881920
2013 07 02 05 01 28 0.888576
2013 07 02 05 01 29 0.895232
2013 07 02 05 01 30 0.901888
2013 07 02 05 01 31 0.908544
2013 07 02 05 01 32 0.915200
2013 07 02 05 01 33 0.921856
2013 07 02 05 01 34 0.928512
2013 07 02 05 01 35 0.935168
2013 07 02 05 01 36 0.941568
2013 07 02 05 01 37 0.948224
2013 07 02 05 01 38 0.954880
2013 07 02 05 01 39 0.961536
2013 07 02 05 01 40 0.968192
2013 07 02 05 01 41 0.974848
2013 07 02 05 01 42 0.981504
2013 07 02 05 01 43 0.988160
2013 07 02 05 01 44 0.994816
2013 07 02 05 01 46 0.001280
2013 07 02 05 01 47 0.007936
2013 07 02 05 01 48 0.014592
2013 07 02 05 01 49 0.021248
2013 07 02 05 01 50 0.027904
2013 07 02 05 01 51 0.034560
2013 07 02 05 01 52 0.041216
2013 07 02 05 01 53 0.047872
2013 07 02 05 01 54 0.054528
2013 07 02 05 01 55 0.060928
2013 07 02 05 01 56 0.067584
2013 07 02 05 01 57 0.074240
2013 07 02 05 01 58 0.080896
2013 07 02 05 01 59 0.087552
2013 07 02 05 02 00 0.094208
2013 07 02 05 02 01 0.100864
2013 07 02 05 02 02 0.107520
2013 07 02 05 02 03 0.114176
2013 07 02 05 02 04 0.120832
2013 07 02 05 02 05 0.127232
2013 07 02 05 02 06 0.133888
2013 07 02 05 02 07 0.140544
2013 07 02 05 02 08 0.147200
2013 07 02 05 02 09 0.153856
2013 07 02 05 02 10 0.160512
2013 07 02 05 02 11 0.167168
2013 07 02 05 02 12 0.173824
2013 07 02 05 02 13 0.180480
2013 07 02 05 02 14 0.187136
2013 07 02 05 02 15 0.193536
2013 07 02 05 02 16 0.200192
2013 07 02 05 02 17 0.206848
2013 07 02 05 02 18 0.213504
2013 07 02 05 02 19 0.220160
2013 07 02 05 02 20 0.226816
2013 07 02 05 02 21 0.233472
2013 07 02 05 02 22 0.240128
2013 07 02 05 02 23 0.246784
2013 07 02 05 02 24 0.253440
2013 07 02 05 02 25 0.259840
2013 07 02 05 02 26 0.266496
2013 07 02 05 02 27 0.273152
2013 07 02 05 02 28 0.279808
2013 07 02 05 02 29 0.286464
2013 07 02 05 02 30 0.293120
2013 07 02 05 02 31 0.299776
2013 07 02 05 02 32 0.306432
2013 07 02 05 02 33 0.313088
2013 07 02 05 02 34 0.319744
2013 07 02 05 02 35 0.326400
2013 07 02 05 02 36 0.332800
2013 07 02 05 02 37 0.339456
2013 07 02 05 02 38 0.346112
2013 07 02 05 02 39 0.352768
2013 07 02 05 02 40 0.359424
2013 07 02 05 02 41 0.366080
2013 07 02 05 02 42 0.372736
2013 07 02 05 02 43 0.379392
2013 07 02 05 02 44 0.386048
2013 07 02 05 02 45 0.392704
2013 07 02 05 02 46 0.399104
2013 07 02 05 02 47 0.405760
2013 07 02 05 02 48 0.412416
2013 07 02 05 02 49 0.419072
2013 07 02 05 02 50 0.425728
2013 07 02 05 02 51 0.432384
2013 07 02 05 02 52 0.439040
2013 07 02 05 02 53 0.445696
2013 07 02 05 02 54 0.452352
2013 07 02 05 02 55 0.459008
2013 07 02 05 02 56 0.465408
2013 07 02 05 02 57 0.472064
2013 07 02 05 02 58 0.478720
2013 07 02 05 02 59 0.485376
2013 07 02 05 03 00 0.492032
2013 07 02 05 03 01 0.498688
2013 07 02 05 03 02 0.505344
2013 07 02 05 03 03 0.512000
2013 07 02 05 03 04 0.518656
2013 07 02 05 03 05 0.273664
2013 07 02 05 03 06 0.028416
2013 07 02 05 03 07 0.035072
2013 07 02 05 03 08 0.041728
2013 07 02 05 03 09 0.048384
2013 07 02 05 03 10 0.055040
2013 07 02 05 03 11 0.061696
2013 07 02 05 03 12 0.068352
2013 07 02 05 03 13 0.075008
2013 07 02 05 03 14 0.081664
2013 07 02 05 03 15 0.088320
2013 07 02 05 03 16 0.094720
2013 07 02 05 03 17 0.101376
2013 07 02 05 03 18 0.108032
2013 07 02 05 03 19 0.114688
2013 07 02 05 03 20 0.121344
2013 07 02 05 03 21 0.128000
2013 07 02 05 03 22 0.134656
2013 07 02 05 03 23 0.141312
2013 07 02 05 03 24 0.147968
2013 07 02 05 03 25 0.154624
2013 07 02 05 03 26 0.161024
2013 07 02 05 03 27 0.167680
2013 07 02 05 03 28 0.174336
2013 07 02 05 03 29 0.180992
2013 07 02 05 03 30 0.187648
2013 07 02 05 03 31 0.194304
2013 07 02 05 03 32 0.200960
2013 07 02 05 03 33 0.207616
2013 07 02 05 03 34 0.214272
2013 07 02 05 03 35 0.220928
2013 07 02 05 03 36 0.227328
2013 07 02 05 03 37 0.233984
2013 07 02 05 03 38 0.240640
2013 07 02 05 03 39 0.247296
2013 07 02 05 03 40 0.505856
2013 07 02 05 03 41 0.512512
2013 07 02 05 03 42 0.518912
2013 07 02 05 03 43 0.525568
2013 07 02 05 03 44 0.532224
2013 07 02 05 03 45 0.538880
2013 07 02 05 03 46 0.545536
2013 07 02 05 03 47 0.552192
2013 07 02 05 03 48 0.558848
2013 07 02 05 03 49 0.565504
2013 07 02 05 03 50 0.572160
2013 07 02 05 03 51 0.578816
2013 07 02 05 03 52 0.585472
2013 07 02 05 03 53 0.592128
2013 07 02 05 03 54 0.598528
2013 07 02 05 03 55 0.605184
2013 07 02 05 03 56 0.611840
2013 07 02 05 03 57 0.618496
2013 07 02 05 03 58 0.625152
2013 07 02 05 03 59 0.631808
2013 07 02 05 04 00 0.638464
2013 07 02 05 04 01 0.645120
2013 07 02 05 04 02 0.651776
2013 07 02 05 04 03 0.658176
2013 07 02 05 04 04 0.664832
2013 07 02 05 04 05 0.671488
2013 07 02 05 04 06 0.678144
2013 07 02 05 04 07 0.684800
2013 07 02 05 04 08 0.691456
2013 07 02 05 04 09 0.698112
2013 07 02 05 04 10 0.704768
2013 07 02 05 04 11 0.962816
2013 07 02 05 04 12 0.969472
2013 07 02 05 04 13 0.976128
2013 07 02 05 04 14 0.982784
2013 07 02 05 04 16 0.241152
2013 07 02 05 04 17 0.247808
2013 07 02 05 04 18 0.254464
2013 07 02 05 04 19 0.261120
2013 07 02 05 04 20 0.267776
2013 07 02 05 04 21 0.274432
2013 07 02 05 04 22 0.029184
2013 07 02 05 04 23 0.035840
2013 07 02 05 04 24 0.042496
2013 07 02 05 04 25 0.049152
2013 07 02 05 04 26 0.055552
2013 07 02 05 04 27 0.062208
2013 07 02 05 04 28 0.068864
2013 07 02 05 04 29 0.075520
2013 07 02 05 04 30 0.082176
2013 07 02 05 04 31 0.088832
2013 07 02 05 04 32 0.095488
2013 07 02 05 04 33 0.102144
2013 07 02 05 04 34 0.108800
2013 07 02 05 04 35 0.115456
2013 07 02 05 04 36 0.122112
2013 07 02 05 04 37 0.128512
2013 07 02 05 04 38 0.135168
2013 07 02 05 04 39 0.141824
2013 07 02 05 04 40 0.148480
2013 07 02 05 04 41 0.155136
2013 07 02 05 04 42 0.161792
2013 07 02 05 04 43 0.168448
2013 07 02 05 04 44 0.175104
2013 07 02 05 04 45 0.433408
2013 07 02 05 04 46 0.440064
2013 07 02 05 04 47 0.446720
2013 07 02 05 04 48 0.453376
2013 07 02 05 04 49 0.460032
2013 07 02 05 04 50 0.466688
2013 07 02 05 04 51 0.473344
2013 07 02 05 04 52 0.480000
2013 07 02 05 04 53 0.486656
2013 07 02 05 04 54 0.493312
2013 07 02 05 04 55 0.499712
2013 07 02 05 04 56 0.506368
2013 07 02 05 04 57 0.513024
2013 07 02 05 04 58 0.519680
2013 07 02 05 04 59 0.526336
2013 07 02 05 05 00 0.532992
2013 07 02 05 05 01 0.539648
2013 07 02 05 05 02 0.546304
2013 07 02 05 05 03 0.552704
2013 07 02 05 05 04 0.559360
2013 07 02 05 05 05 0.566016
2013 07 02 05 05 06 0.572672
2013 07 02 05 05 07 0.579328
2013 07 02 05 05 08 0.585984
2013 07 02 05 05 09 0.592640
2013 07 02 05 05 10 0.599296
2013 07 02 05 05 11 0.605952
2013 07 02 05 05 12 0.612608
2013 07 02 05 05 13 0.619264
2013 07 02 05 05 14 0.625920
2013 07 02 05 05 15 0.632320
2013 07 02 05 05 16 0.638976
2013 07 02 05 05 17 0.645632
2013 07 02 05 05 18 0.652288
2013 07 02 05 05 19 0.658944
2013 07 02 05 05 20 0.665600
2013 07 02 05 05 21 0.672256
2013 07 02 05 05 22 0.678912
2013 07 02 05 05 23 0.685568
2013 07 02 05 05 24 0.692224
2013 07 02 05 05 25 0.698880
2013 07 02 05 05 26 0.705280
2013 07 02 05 05 27 0.711936
2013 07 02 05 05 28 0.718592
2013 07 02 05 05 29 0.725248
2013 07 02 05 05 30 0.731904
2013 07 02 05 05 31 0.738560
2013 07 02 05 05 32 0.745216
2013 07 02 05 05 33 0.751872
2013 07 02 05 05 34 0.758272
2013 07 02 05 05 35 0.764928
2013 07 02 05 05 36 0.771584
2013 07 02 05 05 37 0.778240
2013 07 02 05 05 38 0.784896
2013 07 02 05 05 39 0.791552
2013 07 02 05 05 40 0.798208
2013 07 02 05 05 41 0.804864
2013 07 02 05 05 42 0.811520
2013 07 02 05 05 43 0.818176
2013 07 02 05 05 44 0.824832
2013 07 02 05 05 45 0.831488
2013 07 02 05 05 46 0.837888
2013 07 02 05 05 47 0.844544
2013 07 02 05 05 48 0.851200
2013 07 02 05 05 49 0.857856
2013 07 02 05 05 50 0.864512
2013 07 02 05 05 51 0.871168
2013 07 02 05 05 52 0.877824
2013 07 02 05 05 53 0.884224
2013 07 02 05 05 54 0.890880
2013 07 02 05 05 55 0.897536
2013 07 02 05 05 56 0.904192
2013 07 02 05 05 57 0.910848
2013 07 02 05 05 58 0.917504
2013 07 02 05 05 59 0.924160
2013 07 02 05 06 00 0.930816
2013 07 02 05 06 01 0.937472
2013 07 02 05 06 02 0.943872
2013 07 02 05 06 03 0.950528
2013 07 02 05 06 04 0.957184
2013 07 02 05 06 05 0.963840
2013 07 02 05 06 06 0.970496
2013 07 02 05 06 07 0.977152
2013 07 02 05 06 08 0.983808
2013 07 02 05 06 09 0.990464
2013 07 02 05 06 10 0.996864
2013 07 02 05 06 11 0.751872
2013 07 02 05 06 12 0.758528
2013 07 02 05 06 13 0.765184
2013 07 02 05 06 14 0.771584
2013 07 02 05 06 15 0.778240
2013 07 02 05 06 16 0.784896
2013 07 02 05 06 17 0.791552
2013 07 02 05 06 18 0.798208
2013 07 02 05 06 19 0.804864
2013 07 02 05 06 20 0.811520
2013 07 02 05 06 22 0.069888
2013 07 02 05 06 23 0.076544
2013 07 02 05 06 24 0.334592
2013 07 02 05 06 25 0.341248
2013 07 02 05 06 26 0.347904
2013 07 02 05 06 27 0.354560
2013 07 02 05 06 28 0.361216
2013 07 02 05 06 29 0.367872
2013 07 02 05 06 30 0.374528
2013 07 02 05 06 31 0.380928
2013 07 02 05 06 32 0.387584
2013 07 02 05 06 33 0.394240
2013 07 02 05 06 34 0.400896
2013 07 02 05 06 35 0.407552
2013 07 02 05 06 36 0.414208
2013 07 02 05 06 37 0.420864
2013 07 02 05 06 38 0.427520
2013 07 02 05 06 39 0.434176
2013 07 02 05 06 40 0.440576
2013 07 02 05 06 41 0.447232
2013 07 02 05 06 42 0.453888
2013 07 02 05 06 43 0.460544
2013 07 02 05 06 44 0.467200
2013 07 02 05 06 45 0.473856
2013 07 02 05 06 46 0.480512
2013 07 02 05 06 47 0.487168
2013 07 02 05 06 48 0.493568
2013 07 02 05 06 49 0.500224
2013 07 02 05 06 50 0.506880
2013 07 02 05 06 51 0.513536
2013 07 02 05 06 52 0.520192
2013 07 02 05 06 53 0.526848
2013 07 02 05 06 54 0.533504
2013 07 02 05 06 55 0.540160
2013 07 02 05 06 56 0.546816
2013 07 02 05 06 57 0.553216
2013 07 02 05 06 58 0.559872
2013 07 02 05 06 59 0.566528
2013 07 02 05 07 00 0.573184
2013 07 02 05 07 01 0.579840
2013 07 02 05 07 02 0.586496
2013 07 02 05 07 03 0.593152
2013 07 02 05 07 04 0.599808
2013 07 02 05 07 05 0.606208
2013 07 02 05 07 06 0.612864
2013 07 02 05 07 07 0.619520
2013 07 02 05 07 08 0.626176
2013 07 02 05 07 09 0.632832
2013 07 02 05 07 10 0.639488
2013 07 02 05 07 11 0.646144
2013 07 02 05 07 12 0.652800
2013 07 02 05 07 13 0.659456
2013 07 02 05 07 14 0.665856
2013 07 02 05 07 15 0.672512
2013 07 02 05 07 16 0.679168
2013 07 02 05 07 17 0.685824
2013 07 02 05 07 18 0.692480
2013 07 02 05 07 19 0.699136
2013 07 02 05 07 20 0.705792
2013 07 02 05 07 21 0.712448
2013 07 02 05 07 22 0.970752
2013 07 02 05 07 23 0.977408
2013 07 02 05 07 24 0.984064
2013 07 02 05 07 25 0.990720
2013 07 02 05 07 26 0.997376
2013 07 02 05 07 28 0.004096
2013 07 02 05 07 29 0.010496
2013 07 02 05 07 30 0.017152
2013 07 02 05 07 31 0.023808
2013 07 02 05 07 32 0.030464
2013 07 02 05 07 33 0.037120
2013 07 02 05 07 34 0.043776
2013 07 02 05 07 35 0.050432
2013 07 02 05 07 36 0.056832
2013 07 02 05 07 36 0.811776
2013 07 02 05 07 37 0.818432
2013 07 02 05 07 38 0.825088
2013 07 02 05 07 39 0.831744
2013 07 02 05 07 40 0.838400
2013 07 02 05 07 42 0.096768
2013 07 02 05 07 43 0.103424
2013 07 02 05 07 44 0.110080
2013 07 02 05 07 45 0.116480
2013 07 02 05 07 46 0.123136
2013 07 02 05 07 47 0.129792
2013 07 02 05 07 48 0.136448
2013 07 02 05 07 49 0.143104
2013 07 02 05 07 50 0.149760
2013 07 02 05 07 51 0.156416
2013 07 02 05 07 52 0.163072
2013 07 02 05 07 53 0.169472
2013 07 02 05 07 54 0.176128
2013 07 02 05 07 55 0.182784
2013 07 02 05 07 56 0.189440
2013 07 02 05 07 57 0.196096
2013 07 02 05 07 58 0.202752
2013 07 02 05 07 59 0.209408
2013 07 02 05 08 00 0.216064
2013 07 02 05 08 01 0.222720
2013 07 02 05 08 02 0.229376
2013 07 02 05 08 03 0.235776
2013 07 02 05 08 04 0.242432
2013 07 02 05 08 05 0.249088
2013 07 02 05 08 06 0.255744
2013 07 02 05 08 07 0.262400
2013 07 02 05 08 08 0.269056
2013 07 02 05 08 09 0.275712
2013 07 02 05 08 10 0.282368
2013 07 02 05 08 11 0.289024
2013 07 02 05 08 12 0.295424
2013 07 02 05 08 13 0.302080
2013 07 02 05 08 14 0.308736
2013 07 02 05 08 15 0.315392
2013 07 02 05 08 16 0.322048
2013 07 02 05 08 17 0.328704
2013 07 02 05 08 18 0.335360
2013 07 02 05 08 19 0.342016
2013 07 02 05 08 20 0.348672
2013 07 02 05 08 21 0.355072
2013 07 02 05 08 22 0.361728
2013 07 02 05 08 23 0.368384
2013 07 02 05 08 24 0.375040
2013 07 02 05 08 25 0.381696
2013 07 02 05 08 26 0.388352
2013 07 02 05 08 27 0.395008
2013 07 02 05 08 28 0.401408
2013 07 02 05 08 29 0.408064
2013 07 02 05 08 30 0.414720
2013 07 02 05 08 31 0.421376
2013 07 02 05 08 32 0.428032
2013 07 02 05 08 33 0.434688
2013 07 02 05 08 34 0.441344
2013 07 02 05 08 35 0.448000
2013 07 02 05 08 36 0.454656
2013 07 02 05 08 37 0.461312
2013 07 02 05 08 38 0.467712
2013 07 02 05 08 39 0.474624
2013 07 02 05 08 40 0.481024
2013 07 02 05 08 41 0.487680
2013 07 02 05 08 42 0.494336
2013 07 02 05 08 43 0.500992
2013 07 02 05 08 44 0.507648
2013 07 02 05 08 45 0.514304
2013 07 02 05 08 46 0.520960
2013 07 02 05 08 47 0.527616
2013 07 02 05 08 48 0.534016
2013 07 02 05 08 49 0.540672
2013 07 02 05 08 50 0.547328
2013 07 02 05 08 51 0.553984
2013 07 02 05 08 52 0.560640
2013 07 02 05 08 53 0.567296
2013 07 02 05 08 54 0.573952
2013 07 02 05 08 55 0.580608
2013 07 02 05 08 56 0.587264
2013 07 02 05 08 57 0.593664
2013 07 02 05 08 58 0.600320
2013 07 02 05 08 59 0.606976
2013 07 02 05 09 00 0.613632
2013 07 02 05 09 01 0.620288
2013 07 02 05 09 02 0.626944
2013 07 02 05 09 03 0.633344
2013 07 02 05 09 04 0.640000
2013 07 02 05 09 05 0.646656
2013 07 02 05 09 06 0.653312
2013 07 02 05 09 07 0.659968
2013 07 02 05 09 08 0.666624
2013 07 02 05 09 09 0.673280
2013 07 02 05 09 10 0.679936
2013 07 02 05 09 11 0.686592
2013 07 02 05 09 12 0.693248
2013 07 02 05 09 13 0.699904
2013 07 02 05 09 14 0.706304
2013 07 02 05 09 15 0.712960
2013 07 02 05 09 16 0.719616
2013 07 02 05 09 17 0.726272
2013 07 02 05 09 18 0.732928
2013 07 02 05 09 19 0.739584
2013 07 02 05 09 20 0.746240
2013 07 02 05 09 21 0.752640
2013 07 02 05 09 22 0.759296
2013 07 02 05 09 23 0.765952
2013 07 02 05 09 24 0.772608
2013 07 02 05 09 25 0.779264
2013 07 02 05 09 26 0.785920
2013 07 02 05 09 27 0.792576
2013 07 02 05 09 28 0.799232
2013 07 02 05 09 29 0.805888
2013 07 02 05 09 30 0.812544
2013 07 02 05 09 31 0.819200
2013 07 02 05 09 32 0.825600
2013 07 02 05 09 33 0.832256
2013 07 02 05 09 34 0.838912
2013 07 02 05 09 35 0.845568
2013 07 02 05 09 36 0.852224
2013 07 02 05 09 37 0.858880
2013 07 02 05 09 38 0.865536
2013 07 02 05 09 39 0.871936
2013 07 02 05 09 40 0.878592
2013 07 02 05 09 41 0.885248
2013 07 02 05 09 42 0.891904
2013 07 02 05 09 43 0.898560
2013 07 02 05 09 44 0.905216
2013 07 02 05 09 45 0.911872
2013 07 02 05 09 46 0.918528
2013 07 02 05 09 47 0.925184
2013 07 02 05 09 48 0.931840
2013 07 02 05 09 49 0.938240
2013 07 02 05 09 50 0.944896
2013 07 02 05 09 51 0.951552
2013 07 02 05 09 52 0.958208
2013 07 02 05 09 53 0.964864
2013 07 02 05 09 54 0.971520
2013 07 02 05 09 55 0.978176
2013 07 02 05 09 56 0.984832
2013 07 02 05 09 57 0.991232
2013 07 02 05 09 58 0.997888
