2 0
3 1
4 2
5 3
6 0
7 1
8 2
9 3
10 0
11 1
12 2
13 3
14 0
15 1
16 2
17 3
18 0
19 1
20 2
21 3
22 0
23 1
24 2
25 3
26 0
27 1
28 2
29 3
30 0
31 1
32 2
33 3
34 0
35 1
36 2
37 3
38 0
39 1
40 2
41 3
42 0
43 1
44 2
45 3
46 0
47 1
48 2
49 3
50 0
51 1
52 2
53 3
54 0
55 1
56 2
57 3
58 0
59 1
60 2
61 3
62 0
63 1
64 2
65 3
66 0
67 1
68 2
69 3
70 0
71 1
72 2
73 3
74 0
75 1
76 2
77 3
78 0
79 1
80 2
81 3
82 0
83 2
84 1
85 3
86 0
87 2
88 1
89 3
90 0
91 2
92 1
93 3
94 0
95 2
96 3
97 1
98 0
99 2
100 3
101 1
102 0
103 2
104 3
105 1
106 0
107 2
108 3
109 1
110 0
111 2
112 3
113 1
114 0
115 2
116 3
117 1
118 0
119 2
120 3
121 1
122 0
123 2
124 3
125 1
126 0
127 2
128 3
129 1
130 0
131 2
132 3
133 1
134 0
135 2
136 3
137 1
138 2
139 0
140 3
141 1
142 2
143 0
144 3
145 1
146 2
147 0
148 3
149 1
150 2
151 0
152 3
153 1
154 2
155 0
156 3
157 1
158 2
159 0
160 3
161 1
162 2
163 0
164 3
165 1
166 2
167 0
168 3
169 1
170 2
171 0
172 3
173 1
174 2
175 0
176 3
177 1
178 2
179 0
180 3
181 1
182 2
183 0
184 3
185 1
186 2
187 0
188 3
189 1
190 2
191 0
192 3
193 1
194 2
195 0
196 3
197 1
198 2
199 0
200 3
201 1
202 2
203 0
204 3
205 1
206 2
207 0
208 3
209 1
210 2
211 0
212 1
213 3
214 2
215 0
216 1
217 3
218 2
219 0
220 1
221 3
222 2
223 0
224 1
225 2
226 3
227 0
228 2
229 1
230 3
231 0
232 2
233 1
234 3
235 0
236 2
237 1
238 3
239 0
240 2
241 1
242 3
243 0
244 2
245 1
246 3
247 0
248 2
249 3
250 1
251 0
252 2
253 3
254 1
255 0
256 2
257 3
258 1
259 2
260 0
261 3
262 1
263 2
264 3
265 0
266 1
267 2
268 3
269 0
270 1
271 2
272 3
273 0
274 1
275 2
276 3
277 0
278 1
279 2
280 3
281 0
282 1
283 2
284 3
285 0
286 1
287 2
288 3
289 0
290 1
291 2
292 3
293 0
294 1
295 2
296 3
297 0
298 1
299 2
300 3
301 0
302 1
303 2
304 3
305 0
306 1
307 2
308 3
309 0
310 1
311 2
312 3
313 0
314 1
315 2
316 3
317 0
318 1
319 2
320 3
321 0
322 1
323 2
324 3
325 0
326 1
327 2
328 3
329 0
330 1
331 2
332 3
333 0
334 1
335 2
336 3
337 0
338 1
339 2
340 3
341 0
342 1
343 2
344 3
345 0
346 1
347 2
348 3
349 0
350 1
351 2
352 3
353 0
354 1
355 2
356 3
357 0
358 1
359 2
360 3
361 0
362 1
363 2
364 3
365 0
366 1
367 2
368 3
369 0
370 1
371 2
372 3
373 0
374 1
375 2
376 3
377 0
378 1
379 2
380 3
381 0
382 1
383 2
384 3
385 0
386 1
387 2
388 3
389 0
390 1
391 2
392 3
393 0
394 1
395 2
396 3
397 0
398 1
399 2
400 3
401 0
402 1
403 2
404 3
405 0
406 1
407 2
408 3
409 0
410 1
411 2
412 3
413 0
414 1
415 2
416 3
417 0
418 1
419 2
420 3
421 0
422 1
423 2
424 3
425 0
426 1
427 2
428 3
429 0
430 1
431 2
432 3
433 0
434 1
435 2
436 3
437 0
438 1
439 2
440 3
441 0
442 1
443 2
444 3
445 0
446 1
447 2
448 3
449 0
450 1
451 2
452 3
453 0
454 1
455 2
456 3
457 0
458 1
459 2
460 3
461 0
462 1
463 2
464 3
465 0
466 1
467 2
468 3
469 0
470 1
471 2
472 3
473 0
474 1
475 2
476 3
477 0
478 1
479 2
480 3
481 0
482 1
483 2
484 3
485 0
486 1
487 2
488 3
489 0
490 1
491 2
492 3
493 1
494 0
495 2
496 3
497 1
498 0
499 2
500 1
501 3
502 0
503 2
504 1
505 3
506 0
507 2
508 1
509 3
510 0
511 2
512 1
513 3
514 0
515 2
516 1
517 3
518 0
519 2
520 1
521 3
522 0
523 2
524 1
525 3
526 0
527 2
528 1
529 0
530 2
531 3
532 1
533 0
534 2
535 3
536 1
537 0
538 2
539 3
540 1
541 0
542 2
543 3
544 1
545 0
546 2
547 3
548 1
549 0
550 2
551 3
552 1
553 0
554 2
555 3
556 1
557 0
558 2
559 3
560 1
561 0
562 2
563 3
564 1
565 0
566 2
567 3
568 1
569 0
570 2
571 3
572 1
573 0
574 2
575 3
576 1
577 0
578 2
579 3
580 1
581 0
582 2
583 3
584 1
585 0
586 2
587 3
588 1
589 0
590 2
591 3
592 1
593 0
594 2
595 3
596 1
597 0
598 2
599 3
600 1
601 0
602 2
603 3
604 1
605 0
606 2
607 3
608 1
609 0
610 2
611 3
612 1
613 0
614 2
615 3
616 1
617 0
618 2
619 3
620 1
621 0
622 2
623 3
624 1
625 0
626 2
627 3
628 1
629 0
630 2
631 3
632 1
633 0
634 2
635 3
636 1
637 0
638 2
639 3
640 1
641 0
642 2
643 3
644 1
645 0
646 2
647 3
648 1
649 2
650 0
651 3
652 1
653 2
654 0
655 3
656 1
657 2
658 0
659 3
660 1
661 2
662 0
663 3
664 1
665 2
666 0
667 3
668 1
669 2
670 0
671 1
672 3
673 2
674 0
675 1
676 2
677 3
678 0
679 1
680 2
681 0
682 3
683 1
684 2
685 0
686 1
687 3
688 2
689 0
690 1
691 3
692 2
693 0
694 1
695 3
696 2
697 0
698 1
699 3
700 2
701 0
702 1
703 3
704 2
705 0
706 1
707 3
708 2
709 0
710 1
711 3
712 2
713 0
714 1
715 3
716 2
717 0
718 1
719 3
720 2
721 0
722 1
723 3
724 2
725 0
726 1
727 3
728 2
729 0
730 1
731 3
732 2
733 0
734 1
735 3
736 2
737 0
738 1
739 3
740 2
741 0
742 1
743 3
744 2
745 0
746 1
747 3
748 2
749 0
750 1
751 3
752 2
753 0
754 1
755 3
756 2
757 0
758 1
759 3
760 2
761 0
762 1
763 3
764 2
765 0
766 1
767 3
768 2
769 0
770 1
771 3
772 2
773 0
774 1
775 3
776 2
777 0
778 1
779 3
780 2
781 0
782 1
783 3
784 2
785 0
786 1
787 3
788 2
789 0
790 1
791 3
792 2
793 0
794 1
795 3
796 2
797 0
798 1
799 3
800 2
801 0
802 1
803 3
804 2
805 0
806 1
807 2
808 3
809 0
810 1
811 2
812 3
813 0
814 1
815 2
816 3
817 0
818 1
819 2
820 3
821 0
822 1
823 2
824 3
825 0
826 1
827 2
828 3
829 0
830 1
831 2
832 3
833 0
834 1
835 2
836 3
837 0
838 1
839 2
840 3
841 0
842 1
843 2
844 3
845 0
846 1
847 2
848 3
849 0
850 1
851 2
852 3
853 0
854 1
855 2
856 3
857 0
858 1
859 2
860 3
861 0
862 1
863 2
864 3
865 0
866 1
867 2
868 3
869 0
870 1
871 2
872 3
873 0
874 1
875 2
876 3
877 0
878 1
879 2
880 3
881 0
882 1
883 2
884 3
885 0
886 1
887 2
888 3
889 0
890 1
891 2
892 3
893 0
894 1
895 2
896 3
897 1
898 0
899 2
900 3
901 1
902 0
903 2
904 3
905 1
906 0
907 2
908 3
909 1
910 0
911 2
912 3
913 1
914 2
915 0
916 3
917 1
918 2
919 0
920 3
921 1
922 2
923 0
924 3
925 1
926 2
927 0
928 3
929 1
930 2
931 0
932 3
933 1
934 2
935 0
936 3
937 1
938 2
939 0
940 3
941 1
942 2
943 0
944 3
945 1
946 2
947 0
948 3
949 1
950 2
951 0
952 3
953 1
954 2
955 0
956 3
957 1
958 2
959 0
960 3
961 1
962 2
963 0
964 3
965 1
966 2
967 0
968 1
969 3
970 2
971 0
972 1
973 3
974 2
975 0
976 1
977 3
978 2
979 0
980 1
981 3
982 2
983 0
984 1
985 3
986 2
987 0
988 1
989 3
990 2
991 1
992 0
993 3
994 2
995 1
996 0
997 3
998 2
999 1
1000 0
1001 3
1002 2
1003 1
1004 0
1005 3
1006 2
1007 1
1008 0
1009 3
1010 2
1011 1
1012 0
1013 3
1014 2
1015 1
1016 0
1017 3
1018 2
1019 1
1020 0
1021 3
1022 2
1023 1
1024 0
1025 3
1026 2
1027 1
1028 0
1029 3
1030 2
1031 1
1032 0
1033 3
1034 2
1035 1
1036 0
1037 3
1038 2
1039 1
1040 0
1041 3
1042 2
1043 1
1044 0
1045 3
1046 2
1047 1
1048 0
1049 3
1050 2
1051 1
1052 0
1053 3
1054 2
1055 1
1056 0
1057 3
1058 2
1059 1
1060 0
1061 3
1062 2
1063 1
1064 0
1065 3
1066 2
1067 1
1068 0
1069 3
1070 2
1071 1
1072 0
1073 3
1074 2
1075 1
1076 0
1077 3
1078 2
1079 1
1080 0
1081 3
1082 2
1083 1
1084 0
1085 2
1086 3
1087 1
1088 0
1089 2
1090 3
1091 1
1092 0
1093 2
1094 3
1095 1
1096 0
1097 2
1098 3
1099 1
1100 0
1101 2
1102 3
1103 1
1104 0
1105 2
1106 3
1107 1
1108 0
1109 2
1110 3
1111 1
1112 0
1113 2
1114 3
1115 1
1116 0
1117 2
1118 3
1119 1
1120 2
1121 0
1122 3
1123 1
1124 2
1125 0
1126 3
1127 1
1128 2
1129 0
1130 3
1131 1
1132 2
1133 0
1134 3
1135 1
1136 2
1137 0
1138 3
1139 1
1140 2
1141 0
1142 3
1143 1
1144 2
1145 0
1146 3
1147 1
1148 2
1149 0
1150 3
1151 1
1152 2
1153 0
1154 3
1155 1
1156 2
1157 0
1158 3
1159 1
1160 2
1161 0
1162 3
1163 1
1164 2
1165 0
1166 3
1167 1
1168 2
1169 0
1170 3
1171 1
1172 2
1173 0
1174 3
1175 1
1176 2
1177 0
1178 3
1179 1
1180 2
1181 0
1182 3
1183 1
1184 2
1185 0
1186 3
1187 1
1188 2
1189 0
1190 3
1191 1
1192 2
1193 0
1194 3
1195 1
1196 2
1197 0
1198 3
1199 1
1200 2
1201 0
1202 3
1203 1
1204 2
1205 0
1206 1
1207 3
1208 2
1209 0
1210 1
1211 3
1212 2
1213 0
1214 1
1215 3
1216 2
1217 0
1218 1
1219 3
1220 2
1221 0
1222 1
1223 3
1224 2
1225 0
1226 1
1227 3
1228 2
1229 0
1230 1
1231 3
1232 2
1233 0
1234 1
1235 3
1236 2
1237 0
1238 1
1239 3
1240 2
1241 0
1242 1
1243 3
1244 2
1245 0
1246 1
1247 3
1248 2
1249 0
1250 1
1251 3
1252 2
1253 0
1254 1
1255 3
1256 2
1257 0
1258 1
1259 3
1260 2
1261 0
1262 1
1263 3
1264 2
1265 0
1266 1
1267 3
1268 2
1269 0
1270 1
1271 3
1272 2
1273 0
1274 1
1275 2
1276 3
1277 0
1278 1
1279 2
1280 3
1281 1
1282 0
1283 2
1284 3
1285 1
1286 0
1287 2
1288 3
1289 1
1290 2
1291 0
1292 3
1293 1
1294 2
1295 0
1296 3
1297 1
1298 2
1299 0
1300 3
1301 1
1302 2
1303 0
1304 3
1305 1
1306 2
1307 0
1308 3
1309 1
1310 2
1311 0
1312 3
1313 1
1314 2
1315 0
1316 3
1317 1
1318 2
1319 0
1320 3
1321 1
1322 2
1323 0
1324 3
1325 1
1326 2
1327 0
1328 3
1329 1
1330 2
1331 0
1332 3
1333 1
1334 2
1335 0
1336 3
1337 1
1338 2
1339 0
1340 3
1341 1
1342 2
1343 0
1344 3
1345 1
1346 2
1347 0
1348 3
1349 1
1350 2
1351 0
1352 3
1353 1
1354 2
1355 0
1356 3
1357 1
1358 2
1359 0
1360 3
1361 1
1362 2
1363 0
1364 3
1365 1
1366 2
1367 0
1368 3
1369 1
1370 2
1371 0
1372 3
1373 1
1374 2
1375 0
1376 3
1377 1
1378 2
1379 0
1380 3
1381 1
1382 2
1383 0
1384 3
1385 1
1386 2
1387 0
1388 3
1389 1
1390 2
1391 0
1392 3
1393 1
1394 2
1395 0
1396 3
1397 1
1398 2
1399 0
1400 3
1401 1
1402 2
1403 0
1404 3
1405 1
1406 2
1407 0
1408 3
1409 1
1410 2
1411 0
1412 3
1413 1
1414 2
1415 0
1416 3
1417 1
1418 2
1419 0
1420 3
1421 1
1422 2
1423 0
1424 3
1425 1
1426 2
1427 0
1428 3
1429 1
1430 2
1431 0
1432 3
1433 2
1434 1
1435 0
1436 2
1437 3
1438 1
1439 0
1440 2
1441 3
1442 1
1443 0
1444 2
1445 3
1446 1
1447 0
1448 2
1449 3
1450 1
1451 0
1452 2
1453 3
1454 1
1455 0
1456 2
1457 3
1458 1
1459 0
1460 2
1461 3
1462 1
1463 0
1464 2
1465 3
1466 1
1467 0
1468 2
1469 3
1470 1
1471 0
1472 2
1473 3
1474 1
1475 0
1476 2
1477 3
1478 1
1479 0
1480 2
1481 3
1482 1
1483 0
1484 2
1485 3
1486 1
1487 0
1488 2
1489 3
1490 1
1491 0
1492 2
1493 3
1494 1
1495 0
1496 2
1497 3
1498 1
1499 0
1500 2
1501 3
1502 1
1503 0
1504 2
1505 3
1506 1
1507 0
1508 2
1509 3
1510 1
1511 0
1512 2
1513 3
1514 1
1515 0
1516 2
1517 3
1518 1
1519 0
1520 2
1521 3
1522 1
1523 0
1524 2
1525 3
1526 1
1527 0
1528 2
1529 3
1530 1
1531 0
1532 2
1533 3
1534 1
1535 0
1536 2
1537 3
1538 1
1539 0
1540 2
1541 3
1542 1
1543 0
1544 2
1545 3
1546 1
1547 0
1548 2
1549 3
1550 1
1551 0
1552 2
1553 3
1554 1
1555 0
1556 2
1557 3
1558 1
1559 0
1560 2
1561 1
1562 3
1563 0
1564 2
1565 1
1566 3
1567 0
1568 2
1569 1
1570 3
1571 0
1572 2
1573 1
1574 3
1575 0
1576 2
1577 1
1578 3
1579 0
1580 2
1581 1
1582 3
1583 0
1584 2
1585 1
1586 3
1587 0
1588 2
1589 3
1590 1
1591 2
1592 0
1593 3
1594 1
1595 2
1596 0
1597 3
1598 1
1599 2
1600 0
1601 3
1602 1
1603 2
1604 0
1605 3
1606 1
1607 2
1608 0
1609 3
1610 1
1611 2
1612 0
1613 3
1614 1
1615 2
1616 0
1617 3
1618 1
1619 2
1620 0
1621 3
1622 1
1623 2
1624 0
1625 3
1626 1
1627 2
1628 0
1629 3
1630 1
1631 2
1632 0
1633 3
1634 1
1635 2
1636 0
1637 3
1638 1
1639 2
1640 0
1641 3
1642 1
1643 2
1644 0
1645 3
1646 1
1647 2
1648 0
1649 3
1650 1
1651 2
1652 0
1653 3
1654 1
1655 2
1656 0
1657 3
1658 1
1659 2
1660 0
1661 3
1662 1
1663 2
1664 0
1665 3
1666 1
1667 2
1668 0
1669 3
1670 1
1671 2
1672 0
1673 3
1674 1
1675 2
1676 0
1677 3
1678 1
1679 2
1680 0
1681 3
1682 1
1683 2
1684 0
1685 3
1686 1
1687 2
1688 0
1689 3
1690 1
1691 2
1692 0
1693 3
1694 1
1695 2
1696 0
1697 3
1698 1
1699 2
1700 0
1701 3
1702 1
1703 2
1704 0
1705 3
1706 1
1707 2
1708 0
1709 3
1710 1
1711 2
1712 0
1713 3
1714 1
1715 2
1716 0
1717 3
1718 1
1719 2
1720 0
1721 3
1722 1
1723 2
1724 0
1725 1
1726 2
1727 3
1728 0
1729 1
1730 2
1731 3
1732 0
1733 1
1734 2
1735 3
1736 0
1737 1
1738 2
1739 3
1740 0
1741 1
1742 2
1743 3
1744 0
1745 1
1746 2
1747 3
1748 0
1749 1
1750 2
1751 3
1752 0
1753 1
1754 2
1755 3
1756 0
1757 1
1758 2
1759 3
1760 0
1761 1
1762 2
1763 3
1764 0
1765 1
1766 2
1767 3
1768 0
1769 1
1770 2
1771 3
1772 0
1773 1
1774 2
1775 3
1776 0
1777 1
1778 2
1779 3
1780 0
1781 1
1782 2
1783 3
1784 0
1785 1
1786 2
1787 3
1788 0
1789 1
1790 2
1791 3
1792 0
1793 1
1794 2
1795 3
1796 0
1797 1
1798 2
1799 3
1800 0
1801 1
1802 2
1803 3
1804 0
1805 1
1806 2
1807 3
1808 0
1809 1
1810 2
1811 3
1812 0
1813 1
1814 2
1815 0
1816 3
1817 1
1818 2
1819 0
1820 1
1821 3
1822 2
1823 0
1824 1
1825 3
1826 2
1827 0
1828 1
1829 3
1830 2
1831 0
1832 1
1833 3
1834 2
1835 0
1836 1
1837 3
1838 2
1839 0
1840 1
1841 3
1842 2
1843 0
1844 1
1845 3
1846 2
1847 0
1848 1
1849 3
1850 2
1851 0
1852 1
1853 3
1854 2
1855 0
1856 1
1857 3
1858 2
1859 0
1860 1
1861 3
1862 2
1863 0
1864 1
1865 3
1866 2
1867 0
1868 1
1869 3
1870 2
1871 0
1872 1
1873 3
1874 2
1875 0
1876 1
1877 3
1878 2
1879 0
1880 1
1881 3
1882 2
1883 0
1884 1
1885 3
1886 2
1887 0
1888 1
1889 3
1890 2
1891 0
1892 1
1893 3
1894 2
1895 0
1896 1
1897 3
1898 2
1899 0
1900 1
1901 3
1902 2
1903 0
1904 1
1905 3
1906 2
1907 0
1908 1
1909 3
1910 2
1911 0
1912 1
1913 3
1914 2
1915 0
1916 1
1917 3
1918 2
1919 0
1920 1
1921 3
1922 2
1923 0
1924 1
1925 3
1926 2
1927 0
1928 1
1929 3
1930 2
1931 0
1932 1
1933 3
1934 2
1935 0
1936 1
1937 3
1938 2
1939 0
1940 1
1941 3
1942 2
1943 0
1944 1
1945 3
1946 2
1947 0
1948 1
1949 3
1950 2
1951 0
1952 1
1953 2
1954 3
1955 0
1956 1
1957 2
1958 3
1959 0
1960 1
1961 2
1962 3
1963 1
1964 0
1965 2
1966 3
1967 1
1968 0
1969 2
1970 3
1971 1
1972 0
1973 2
1974 3
1975 1
1976 0
1977 2
1978 3
1979 1
1980 0
1981 2
1982 3
1983 1
1984 0
1985 2
1986 3
1987 1
1988 0
1989 2
1990 3
1991 1
1992 0
1993 2
1994 3
1995 1
1996 0
1997 2
1998 3
1999 1
2000 0
2001 2
2002 3
2003 1
2004 0
2005 2
2006 3
2007 1
2008 0
2009 2
2010 3
2011 1
2012 0
2013 2
2014 3
2015 1
2016 0
2017 2
2018 3
2019 1
2020 0
2021 2
2022 3
2023 1
2024 0
2025 2
2026 3
2027 1
2028 0
2029 2
2030 3
2031 1
2032 0
2033 2
2034 3
2035 1
2036 2
2037 0
2038 3
2039 1
2040 2
2041 0
2042 3
2043 1
2044 2
2045 0
2046 3
2047 1
2048 2
2049 0
2050 3
2051 1
2052 2
2053 0
2054 3
2055 1
2056 2
2057 0
2058 3
2059 1
2060 2
2061 0
2062 3
2063 1
2064 2
2065 0
2066 3
2067 1
2068 2
2069 0
2070 3
2071 1
2072 2
2073 0
2074 1
2075 3
2076 2
2077 0
2078 1
2079 3
2080 2
2081 0
2082 1
2083 3
2084 2
2085 0
2086 1
2087 2
2088 3
2089 0
2090 1
2091 2
2092 3
2093 0
2094 1
2095 2
2096 3
2097 0
2098 1
2099 2
2100 3
2101 0
2102 1
2103 2
2104 3
2105 0
2106 1
2107 2
2108 3
2109 0
2110 1
2111 2
2112 3
2113 0
2114 1
2115 2
2116 3
2117 0
2118 1
2119 2
2120 3
2121 0
2122 1
2123 2
2124 3
2125 0
2126 1
2127 2
2128 3
2129 0
2130 1
2131 2
2132 3
2133 0
2134 2
2135 1
2136 3
2137 0
2138 2
2139 1
2140 3
2141 0
2142 2
2143 1
2144 3
2145 0
2146 2
2147 1
2148 3
2149 0
2150 2
2151 1
2152 3
2153 0
2154 2
2155 1
2156 3
2157 0
2158 2
2159 1
2160 3
2161 0
2162 2
2163 1
2164 3
2165 0
2166 2
2167 1
2168 3
2169 0
2170 2
2171 1
2172 3
2173 0
2174 2
2175 1
2176 3
2177 0
2178 2
2179 1
2180 3
2181 0
2182 2
2183 1
2184 3
2185 0
2186 2
2187 1
2188 3
2189 0
2190 2
2191 1
2192 3
2193 0
2194 2
2195 1
2196 3
2197 0
2198 2
2199 1
2200 3
2201 0
2202 2
2203 1
2204 3
2205 0
2206 2
2207 1
2208 3
2209 2
2210 0
2211 1
2212 3
2213 2
2214 0
2215 1
2216 3
2217 2
2218 0
2219 1
2220 3
2221 2
2222 0
2223 1
2224 3
2225 2
2226 0
2227 1
2228 3
2229 2
2230 0
2231 1
2232 3
2233 2
2234 0
2235 1
2236 3
2237 2
2238 0
2239 1
2240 3
2241 2
2242 0
2243 1
2244 3
2245 2
2246 0
2247 1
2248 3
2249 2
2250 0
2251 1
2252 3
2253 2
2254 0
2255 1
2256 3
2257 2
2258 0
2259 1
2260 3
2261 2
2262 0
2263 1
2264 3
2265 2
2266 0
2267 1
2268 3
2269 2
2270 0
2271 1
2272 3
2273 2
2274 0
2275 1
2276 3
2277 2
2278 0
2279 1
2280 3
2281 2
2282 0
2283 1
2284 3
2285 2
2286 0
2287 1
2288 3
2289 2
2290 0
2291 1
2292 3
2293 2
2294 0
2295 1
2296 3
2297 2
2298 0
2299 1
2300 3
2301 2
2302 0
2303 1
2304 3
2305 2
2306 0
2307 1
2308 2
2309 3
2310 0
2311 1
2312 2
2313 0
2314 3
2315 1
2316 2
2317 0
2318 3
2319 1
2320 2
2321 0
2322 3
2323 1
2324 2
2325 0
2326 3
2327 1
2328 2
2329 0
2330 3
2331 1
2332 2
2333 0
2334 3
2335 1
2336 2
2337 0
2338 3
2339 1
2340 2
2341 0
2342 3
2343 1
2344 2
2345 0
2346 3
2347 1
2348 2
2349 0
2350 3
2351 1
2352 2
2353 0
2354 3
2355 1
2356 2
2357 0
2358 3
2359 1
2360 2
2361 0
2362 3
2363 1
2364 2
2365 0
2366 3
2367 1
2368 2
2369 0
2370 3
2371 1
2372 2
2373 0
2374 3
2375 1
2376 2
2377 0
2378 3
2379 1
2380 2
2381 0
2382 3
2383 1
2384 2
2385 0
2386 3
2387 1
2388 2
2389 0
2390 3
2391 1
2392 2
2393 0
2394 3
2395 1
2396 2
2397 0
2398 3
2399 1
2400 2
2401 0
2402 3
2403 1
2404 2
2405 0
2406 3
2407 1
2408 2
2409 0
2410 1
2411 3
2412 2
2413 0
2414 1
2415 3
2416 2
2417 0
2418 1
2419 3
2420 2
2421 0
2422 1
2423 3
2424 2
2425 0
2426 1
2427 3
2428 2
2429 0
2430 1
2431 3
2432 2
2433 0
2434 1
2435 3
2436 2
2437 0
2438 1
2439 3
2440 2
2441 0
2442 1
2443 3
2444 2
2445 0
2446 1
2447 3
2448 2
2449 0
2450 1
2451 3
2452 2
2453 0
2454 1
2455 3
2456 2
2457 0
2458 1
2459 3
2460 2
2461 0
2462 1
2463 3
2464 2
2465 0
2466 1
2467 3
2468 2
2469 0
2470 1
2471 3
2472 2
2473 0
2474 1
2475 3
2476 2
2477 0
2478 1
2479 3
2480 2
2481 0
2482 1
2483 3
2484 2
2485 0
2486 1
2487 3
2488 2
2489 0
2490 1
2491 3
2492 2
2493 0
2494 1
2495 3
2496 2
2497 1
2498 0
2499 3
2500 2
2501 1
2502 0
2503 3
2504 2
2505 1
2506 0
2507 3
2508 2
2509 1
2510 0
2511 3
2512 2
2513 1
2514 0
2515 3
2516 2
2517 1
2518 0
2519 3
2520 2
2521 1
2522 0
2523 2
2524 3
2525 1
2526 0
2527 2
2528 3
2529 1
2530 0
2531 2
2532 3
2533 1
2534 0
2535 2
2536 3
2537 1
2538 0
2539 2
2540 3
2541 1
2542 0
2543 2
2544 3
2545 1
2546 0
2547 2
2548 3
2549 1
2550 0
2551 2
2552 3
2553 1
2554 0
2555 2
2556 3
2557 1
2558 0
2559 2
2560 3
2561 1
2562 0
2563 2
2564 3
2565 1
2566 0
2567 2
2568 3
2569 1
2570 0
2571 2
2572 3
2573 1
2574 0
2575 2
2576 3
2577 1
2578 0
2579 2
2580 3
2581 1
2582 0
2583 2
2584 1
2585 3
2586 0
2587 2
2588 1
2589 3
2590 0
2591 2
2592 1
2593 3
2594 0
2595 2
2596 1
2597 3
2598 0
2599 2
2600 1
2601 3
2602 0
2603 2
2604 1
2605 3
2606 0
2607 2
2608 1
2609 3
2610 0
2611 2
2612 1
2613 0
2614 3
2615 2
2616 1
2617 0
2618 3
2619 2
2620 1
2621 0
2622 3
2623 2
2624 1
2625 0
2626 3
2627 2
2628 1
2629 0
2630 3
2631 2
2632 1
2633 0
2634 3
2635 2
2636 1
2637 0
2638 3
2639 2
2640 1
2641 0
2642 3
2643 2
2644 1
2645 0
2646 3
2647 2
2648 1
2649 0
2650 3
2651 2
2652 1
2653 0
2654 3
2655 2
2656 1
2657 0
2658 3
2659 2
2660 1
2661 0
2662 3
2663 2
2664 1
2665 0
2666 3
2667 2
2668 1
2669 0
2670 3
2671 2
2672 1
2673 0
2674 3
2675 2
2676 1
2677 0
2678 3
2679 2
2680 1
2681 0
2682 3
2683 2
2684 1
2685 0
2686 3
2687 2
2688 1
2689 0
2690 3
2691 2
2692 1
2693 0
2694 3
2695 2
2696 1
2697 0
2698 3
2699 2
2700 1
2701 0
2702 3
2703 2
2704 1
2705 0
2706 3
2707 2
2708 1
2709 0
2710 3
2711 2
2712 1
2713 0
2714 3
2715 2
2716 1
2717 0
2718 3
2719 2
2720 1
2721 0
2722 3
2723 2
2724 1
2725 0
2726 3
2727 2
2728 1
2729 0
2730 3
2731 2
2732 1
2733 0
2734 3
2735 2
2736 1
2737 0
2738 3
2739 2
2740 1
2741 0
2742 3
2743 2
2744 1
2745 0
2746 3
2747 2
2748 1
2749 0
2750 3
2751 2
2752 1
2753 0
2754 3
2755 2
2756 1
2757 0
2758 3
2759 2
2760 1
2761 0
2762 3
2763 2
2764 1
2765 0
2766 3
2767 2
2768 1
2769 0
2770 3
2771 2
2772 1
2773 0
2774 2
2775 3
2776 1
2777 0
2778 2
2779 3
2780 1
2781 0
2782 2
2783 3
2784 1
2785 0
2786 2
2787 3
2788 1
2789 0
2790 2
2791 3
2792 1
2793 0
2794 2
2795 1
2796 3
2797 0
2798 2
2799 1
2800 3
2801 0
2802 2
2803 1
2804 3
2805 0
2806 2
2807 1
2808 3
2809 0
2810 2
2811 1
2812 3
2813 0
2814 2
2815 1
2816 3
2817 0
2818 2
2819 1
2820 3
2821 0
2822 2
2823 1
2824 3
2825 0
2826 2
2827 1
2828 3
2829 0
2830 2
2831 1
2832 3
2833 0
2834 2
2835 1
2836 3
2837 2
2838 0
2839 1
2840 3
2841 2
2842 1
2843 0
2844 3
2845 2
2846 1
2847 0
2848 3
2849 2
