2 0
3 1
4 2
5 3
6 0
7 1
8 2
9 3
10 0
11 1
12 2
13 3
14 0
15 1
16 2
17 3
18 0
19 1
20 2
21 3
22 0
23 1
24 2
25 3
26 0
27 1
28 2
29 3
30 0
31 1
32 2
33 3
34 0
35 1
36 2
37 3
38 0
39 1
40 2
41 0
42 1
43 3
44 2
45 0
46 1
47 3
48 2
49 0
50 1
51 2
52 0
53 1
54 2
55 0
56 1
57 3
58 2
59 1
60 0
61 3
62 2
63 1
64 3
65 0
66 2
67 1
68 3
69 0
70 2
71 1
72 3
73 2
74 0
75 1
76 3
77 2
78 0
79 1
80 3
81 2
82 0
83 1
84 3
85 0
86 2
87 1
88 3
89 0
90 2
91 1
92 3
93 0
94 2
95 1
96 3
97 0
98 2
99 3
100 1
101 0
102 2
103 1
104 3
105 0
106 1
107 2
108 3
109 0
110 1
111 2
112 3
113 0
114 1
115 2
116 3
117 0
118 1
119 2
120 3
121 0
122 1
123 2
124 3
125 0
126 1
127 2
128 3
129 0
130 1
131 2
132 3
133 0
134 1
135 2
136 3
137 0
138 1
139 2
140 3
141 0
142 1
143 2
144 3
145 0
146 1
147 2
148 3
149 0
150 1
151 2
152 3
153 0
154 1
155 2
156 3
157 0
158 1
159 2
160 3
161 0
162 1
163 2
164 3
165 0
166 1
167 2
168 3
169 0
170 1
171 2
172 3
173 0
174 1
175 2
176 3
177 0
178 1
179 2
180 3
181 0
182 1
183 2
184 3
185 0
186 1
187 2
188 3
189 0
190 1
191 2
192 3
193 0
194 1
195 2
196 3
197 0
198 1
199 2
200 3
201 0
202 1
203 2
204 3
205 0
206 1
207 2
208 3
209 0
210 1
211 2
212 3
213 0
214 1
215 2
216 3
217 0
218 1
219 2
220 3
221 0
222 1
223 2
224 3
225 0
226 1
227 2
228 3
229 0
230 1
231 2
232 3
233 0
234 1
235 2
236 3
237 0
238 1
239 2
240 3
241 0
242 1
243 2
244 3
245 0
246 1
247 2
248 3
249 0
250 1
251 2
252 3
253 0
254 1
255 2
256 3
257 0
258 1
259 2
260 3
261 0
262 1
263 2
264 3
265 0
266 1
267 3
268 2
269 0
270 1
271 3
272 2
273 0
274 1
275 3
276 2
277 0
278 1
279 3
280 2
281 0
282 1
283 3
284 2
285 0
286 1
287 3
288 2
289 0
290 1
291 3
292 2
293 0
294 1
295 3
296 2
297 0
298 1
299 3
300 2
301 0
302 1
303 3
304 2
305 0
306 1
307 3
308 2
309 0
310 1
311 3
312 2
313 0
314 1
315 3
316 2
317 0
318 1
319 3
320 2
321 0
322 1
323 3
324 2
325 0
326 1
327 3
328 2
329 0
330 1
331 3
332 2
333 0
334 1
335 3
336 2
337 0
338 1
339 3
340 2
341 0
342 1
343 3
344 2
345 0
346 1
347 3
348 2
349 0
350 1
351 3
352 2
353 0
354 1
355 3
356 2
357 0
358 1
359 3
360 2
361 0
362 1
363 3
364 2
365 0
366 1
367 3
368 2
369 0
370 1
371 3
372 2
373 0
374 1
375 3
376 2
377 0
378 1
379 3
380 2
381 0
382 1
383 3
384 2
385 0
386 1
387 3
388 2
389 0
390 1
391 3
392 2
393 0
394 1
395 3
396 2
397 0
398 1
399 3
400 2
401 0
402 1
403 3
404 2
405 0
406 1
407 3
408 2
409 0
410 1
411 3
412 2
413 0
414 1
415 3
416 2
417 0
418 1
419 3
420 2
421 0
422 1
423 3
424 2
425 0
426 1
427 3
428 2
429 0
430 1
431 3
432 0
433 2
434 1
435 3
436 0
437 2
438 1
439 3
440 0
441 2
442 1
443 3
444 0
445 2
446 1
447 3
448 0
449 2
450 1
451 3
452 0
453 2
454 1
455 3
456 0
457 2
458 1
459 3
460 0
461 2
462 1
463 3
464 0
465 2
466 1
467 3
468 0
469 2
470 1
471 3
472 0
473 2
474 1
475 3
476 0
477 2
478 1
479 3
480 0
481 2
482 1
483 3
484 0
485 2
486 1
487 3
488 0
489 2
490 1
491 3
492 0
493 2
494 1
495 3
496 0
497 2
498 1
499 3
500 0
501 2
502 1
503 3
504 0
505 2
506 1
507 3
508 0
509 2
510 1
511 3
512 0
513 2
514 1
515 3
516 0
517 2
518 1
519 3
520 0
521 2
522 1
523 3
524 0
525 2
526 1
527 3
528 0
529 2
530 1
531 3
532 0
533 2
534 1
535 3
536 0
537 2
538 1
539 3
540 0
541 2
542 1
543 3
544 0
545 2
546 1
547 3
548 0
549 2
550 1
551 3
552 0
553 2
554 1
555 3
556 0
557 2
558 1
559 3
560 0
561 2
562 1
563 3
564 0
565 2
566 1
567 3
568 0
569 2
570 1
571 3
572 0
573 2
574 1
575 3
576 0
577 2
578 1
579 3
580 0
581 2
582 1
583 3
584 0
585 2
586 1
587 3
588 0
589 2
590 1
591 3
592 0
593 2
594 1
595 3
596 0
597 2
598 1
599 3
600 0
601 2
602 1
603 3
604 0
605 2
606 1
607 3
608 0
609 2
610 1
611 3
612 0
613 2
614 1
615 3
616 0
617 2
618 1
619 3
620 0
621 2
622 1
623 3
624 2
625 0
626 1
627 3
628 2
629 0
630 1
631 3
632 2
633 0
634 1
635 3
636 2
637 0
638 1
639 3
640 2
641 0
642 1
643 3
644 2
645 0
646 1
647 3
648 2
649 0
650 1
651 3
652 2
653 0
654 1
655 3
656 2
657 0
658 1
659 3
660 2
661 0
662 1
663 3
664 2
665 0
666 1
667 3
668 2
669 0
670 1
671 3
672 2
673 0
674 1
675 3
676 2
677 0
678 1
679 3
680 2
681 0
682 1
683 3
684 2
685 0
686 1
687 3
688 2
689 0
690 1
691 3
692 2
693 0
694 1
695 3
696 2
697 0
698 1
699 3
700 2
701 0
702 1
703 3
704 2
705 0
706 1
707 3
708 2
709 0
710 1
711 3
712 2
713 0
714 1
715 3
716 2
717 0
718 1
719 3
720 2
721 0
722 1
723 3
724 2
725 0
726 1
727 3
728 2
729 0
730 1
731 3
732 2
733 0
734 1
735 3
736 2
737 0
738 1
739 3
740 2
741 0
742 1
743 3
744 2
745 0
746 1
747 3
748 2
749 0
750 1
751 3
752 2
753 0
754 1
755 3
756 2
757 0
758 1
759 3
760 2
761 0
762 1
763 3
764 2
765 0
766 1
767 3
768 2
769 0
770 1
771 3
772 2
773 0
774 1
775 3
776 2
777 0
778 1
779 3
780 2
781 0
782 1
783 3
784 2
785 0
786 1
787 3
788 2
789 0
790 1
791 3
792 2
793 0
794 1
795 3
796 2
797 0
798 1
799 3
800 2
801 0
802 1
803 3
804 2
805 0
806 1
807 3
808 2
809 0
810 1
811 3
812 2
813 0
814 1
815 3
816 2
817 0
818 1
819 3
820 2
821 0
822 1
823 3
824 2
825 0
826 1
827 3
828 2
829 0
830 1
831 3
832 2
833 0
834 1
835 3
836 2
837 0
838 1
839 3
840 2
841 0
842 1
843 3
844 2
845 0
846 1
847 3
848 2
849 0
850 1
851 3
852 2
853 0
854 1
855 3
856 2
857 0
858 1
859 3
860 2
861 0
862 1
863 3
864 2
865 0
866 1
867 3
868 2
869 0
870 1
871 3
872 2
873 0
874 1
875 3
876 2
877 0
878 1
879 3
880 2
881 0
882 1
883 3
884 2
885 0
886 1
887 3
888 2
889 0
890 1
891 3
892 2
893 0
894 1
895 3
896 2
897 0
898 1
899 3
900 2
901 0
902 1
903 3
904 2
905 0
906 1
907 3
908 2
909 0
910 1
911 3
912 2
913 0
914 1
915 3
916 2
917 0
918 1
919 3
920 2
921 0
922 1
923 3
924 2
925 0
926 1
927 3
928 2
929 0
930 1
931 3
932 2
933 0
934 1
935 3
936 2
937 0
938 1
939 3
940 2
941 0
942 1
943 3
944 2
945 0
946 1
947 3
948 2
949 0
950 1
951 3
952 2
953 0
954 1
955 3
956 2
957 0
958 1
959 3
960 2
961 0
962 1
963 3
964 2
965 0
966 1
967 3
968 2
969 0
970 1
971 3
972 2
973 0
974 1
975 3
976 2
977 0
978 1
979 3
980 2
981 0
982 1
983 3
984 2
985 0
986 1
987 3
988 2
989 0
990 1
991 3
992 2
993 0
994 1
995 3
996 2
997 0
998 1
999 3
1000 2
1001 0
1002 1
1003 3
1004 2
1005 0
1006 1
1007 3
1008 2
1009 0
1010 1
1011 3
1012 2
1013 0
1014 1
1015 3
1016 2
1017 0
1018 1
1019 3
1020 2
1021 0
1022 1
1023 3
1024 2
1025 0
1026 1
1027 3
1028 2
1029 0
1030 1
1031 3
1032 2
1033 0
1034 1
1035 3
1036 2
1037 0
1038 1
1039 3
1040 2
1041 0
1042 1
1043 3
1044 2
1045 0
1046 1
1047 3
1048 2
1049 0
1050 1
1051 3
1052 2
1053 0
1054 1
1055 3
1056 2
1057 0
1058 1
1059 3
1060 2
1061 0
1062 1
1063 3
1064 2
1065 0
1066 1
1067 3
1068 2
1069 0
1070 1
1071 3
1072 2
1073 0
1074 1
1075 3
1076 2
1077 0
1078 1
1079 3
1080 2
1081 0
1082 1
1083 3
1084 2
1085 0
1086 1
1087 3
1088 2
1089 0
1090 1
1091 3
1092 2
1093 0
1094 1
1095 3
1096 2
1097 0
1098 1
1099 3
1100 2
1101 0
1102 1
1103 3
1104 2
1105 0
1106 1
1107 3
1108 2
1109 0
1110 1
1111 3
1112 2
1113 0
1114 1
1115 3
1116 2
1117 0
1118 1
1119 3
1120 2
1121 0
1122 1
1123 3
1124 2
1125 0
1126 1
1127 3
1128 2
1129 0
1130 1
1131 3
1132 2
1133 0
1134 1
1135 3
1136 2
1137 0
1138 1
1139 3
1140 2
1141 0
1142 1
1143 3
1144 2
1145 0
1146 1
1147 3
1148 2
1149 0
1150 1
1151 3
1152 2
1153 0
1154 1
1155 3
1156 2
1157 0
1158 1
1159 3
1160 2
1161 0
1162 1
1163 3
1164 2
1165 0
1166 1
1167 3
1168 2
1169 0
1170 1
1171 3
1172 2
1173 0
1174 1
1175 3
1176 2
1177 0
1178 1
1179 3
1180 2
1181 0
1182 1
1183 3
1184 2
1185 0
1186 1
1187 3
1188 2
1189 0
1190 1
1191 3
1192 2
1193 0
1194 1
1195 3
1196 2
1197 0
1198 1
1199 3
1200 2
1201 0
1202 1
1203 3
1204 2
1205 0
1206 1
1207 3
1208 2
1209 0
1210 1
1211 3
1212 2
1213 0
1214 1
1215 3
1216 2
1217 0
1218 1
1219 3
1220 2
1221 0
1222 1
1223 3
1224 2
1225 0
1226 1
1227 3
1228 2
1229 0
1230 1
1231 3
1232 2
1233 0
1234 1
1235 3
1236 2
1237 0
1238 1
1239 3
1240 2
1241 0
1242 1
1243 3
1244 2
1245 0
1246 1
1247 3
1248 2
1249 0
1250 1
1251 3
1252 2
1253 0
1254 1
1255 3
1256 2
1257 0
1258 1
1259 3
1260 2
1261 0
1262 1
1263 3
1264 2
1265 0
1266 1
1267 3
1268 2
1269 0
1270 1
1271 3
1272 2
1273 0
1274 1
1275 3
1276 0
1277 2
1278 1
1279 3
1280 0
1281 2
1282 1
1283 3
1284 0
1285 2
1286 1
1287 3
1288 0
1289 2
1290 1
1291 3
1292 0
1293 2
1294 1
1295 3
1296 0
1297 2
1298 1
1299 3
1300 0
1301 2
1302 1
1303 3
1304 0
1305 2
1306 1
1307 3
1308 0
1309 2
1310 1
1311 3
1312 0
1313 2
1314 1
1315 3
1316 0
1317 2
1318 1
1319 3
1320 0
1321 2
1322 1
1323 3
1324 0
1325 2
1326 1
1327 3
1328 0
1329 2
1330 1
1331 3
1332 0
1333 2
1334 1
1335 3
1336 0
1337 2
1338 1
1339 3
1340 0
1341 2
1342 1
1343 3
1344 0
1345 2
1346 1
1347 3
1348 0
1349 2
1350 1
1351 3
1352 0
1353 2
1354 1
1355 3
1356 0
1357 2
1358 1
1359 3
1360 0
1361 2
1362 1
1363 3
1364 0
1365 2
1366 1
1367 3
1368 0
1369 2
1370 1
1371 3
1372 2
1373 0
1374 1
1375 3
1376 2
1377 0
1378 1
1379 3
1380 2
1381 0
1382 1
1383 3
1384 2
1385 0
1386 1
1387 3
1388 2
1389 0
1390 1
1391 3
1392 2
1393 0
1394 1
1395 3
1396 2
1397 0
1398 1
1399 3
1400 2
1401 0
1402 1
1403 3
1404 2
1405 0
1406 1
1407 3
1408 2
1409 0
1410 1
1411 3
1412 2
1413 0
1414 1
1415 3
1416 2
1417 0
1418 1
1419 3
1420 2
1421 0
1422 1
1423 3
1424 2
1425 0
1426 1
1427 3
1428 2
1429 0
1430 1
1431 3
1432 2
1433 0
1434 1
1435 3
1436 2
1437 0
1438 1
1439 3
1440 2
1441 0
1442 1
1443 3
1444 2
1445 0
1446 1
1447 3
1448 2
1449 0
1450 1
1451 3
1452 2
1453 0
1454 1
1455 3
1456 2
1457 0
1458 1
1459 3
1460 2
1461 0
1462 1
1463 3
1464 2
1465 0
1466 1
1467 3
1468 2
1469 0
1470 1
1471 3
1472 2
1473 0
1474 1
1475 3
1476 2
1477 0
1478 1
1479 3
1480 2
1481 0
1482 1
1483 3
1484 2
1485 0
1486 1
1487 3
1488 2
1489 0
1490 1
1491 3
1492 2
1493 0
1494 1
1495 3
1496 2
1497 0
1498 1
1499 3
1500 2
1501 0
1502 1
1503 3
1504 2
1505 0
1506 1
1507 3
1508 2
1509 0
1510 1
1511 3
1512 2
1513 0
1514 1
1515 3
1516 2
1517 0
1518 1
1519 3
1520 2
1521 0
1522 1
1523 3
1524 2
1525 0
1526 1
1527 3
1528 2
1529 0
1530 1
1531 3
1532 2
1533 0
1534 1
1535 3
1536 2
1537 0
1538 1
1539 3
1540 2
1541 0
1542 1
1543 3
1544 2
1545 0
1546 1
1547 3
1548 0
1549 2
1550 1
1551 3
1552 0
1553 2
1554 1
1555 3
1556 0
1557 2
1558 1
1559 3
1560 0
1561 2
1562 1
1563 3
1564 0
1565 2
1566 1
1567 3
1568 0
1569 2
1570 1
1571 3
1572 0
1573 2
1574 1
1575 3
1576 0
1577 2
1578 1
1579 3
1580 0
1581 2
1582 1
1583 3
1584 0
1585 2
1586 1
1587 3
1588 0
1589 2
1590 1
1591 3
1592 0
1593 2
1594 1
1595 3
1596 0
1597 2
1598 1
1599 3
1600 0
1601 2
1602 1
1603 3
1604 0
1605 2
1606 1
1607 3
1608 0
1609 2
1610 1
1611 3
1612 0
1613 2
1614 1
1615 3
1616 0
1617 2
1618 1
1619 3
1620 0
1621 2
1622 1
1623 3
1624 0
1625 2
1626 1
1627 3
1628 0
1629 2
1630 1
1631 3
1632 0
1633 2
1634 1
1635 3
1636 0
1637 2
1638 1
1639 3
1640 0
1641 2
1642 1
1643 3
1644 0
1645 1
1646 2
1647 3
1648 0
1649 1
1650 2
1651 3
1652 0
1653 1
1654 2
1655 3
1656 0
1657 1
1658 2
1659 3
1660 0
1661 1
1662 2
1663 3
1664 0
1665 1
1666 2
1667 3
1668 0
1669 1
1670 2
1671 3
1672 0
1673 1
1674 2
1675 3
1676 0
1677 1
1678 2
1679 3
1680 0
1681 1
1682 2
1683 3
1684 0
1685 1
1686 2
1687 3
1688 0
1689 1
1690 2
1691 3
1692 0
1693 1
1694 2
1695 3
1696 0
1697 1
1698 2
1699 3
1700 0
1701 1
1702 2
1703 3
1704 0
1705 1
1706 2
1707 3
1708 0
1709 1
1710 2
1711 3
1712 0
1713 1
1714 2
1715 3
1716 0
1717 1
1718 2
1719 3
1720 0
1721 1
1722 2
1723 3
1724 0
1725 1
1726 2
1727 3
1728 0
1729 1
1730 2
1731 3
1732 0
1733 1
1734 2
1735 3
1736 0
1737 1
1738 2
1739 3
1740 0
1741 1
1742 2
1743 3
1744 0
1745 1
1746 2
1747 3
1748 0
1749 1
1750 2
1751 3
1752 0
1753 1
1754 2
1755 3
1756 0
1757 1
1758 2
1759 3
1760 0
1761 1
1762 2
1763 3
1764 0
1765 1
1766 2
1767 3
1768 0
1769 1
1770 2
1771 3
1772 0
1773 1
1774 2
1775 3
1776 0
1777 1
1778 2
1779 3
1780 0
1781 1
1782 2
1783 3
1784 0
1785 1
1786 2
1787 3
1788 0
1789 1
1790 2
1791 3
1792 0
1793 1
1794 2
1795 3
1796 0
1797 1
1798 2
1799 3
1800 0
1801 1
1802 2
1803 3
1804 0
1805 1
1806 2
1807 3
1808 0
1809 1
1810 2
1811 3
1812 0
1813 1
1814 3
1815 2
1816 0
1817 1
1818 3
1819 2
1820 0
1821 1
1822 3
1823 2
1824 0
1825 1
1826 3
1827 2
1828 0
1829 1
1830 3
1831 0
1832 2
1833 1
1834 3
1835 0
1836 2
1837 1
1838 3
1839 0
1840 2
1841 1
1842 3
1843 0
1844 2
1845 1
1846 3
1847 0
1848 2
1849 1
1850 3
1851 0
1852 2
1853 1
1854 3
1855 0
1856 2
1857 1
1858 3
1859 0
1860 2
1861 1
1862 3
1863 0
1864 2
1865 1
1866 3
1867 0
1868 2
1869 1
1870 3
1871 0
1872 2
1873 1
1874 3
1875 0
1876 2
1877 1
1878 3
1879 0
1880 2
1881 1
1882 3
1883 2
1884 0
1885 1
1886 3
1887 2
1888 0
1889 1
1890 3
1891 2
1892 0
1893 1
1894 3
1895 2
1896 0
1897 1
1898 3
1899 2
1900 0
1901 1
1902 3
1903 2
1904 0
1905 1
1906 3
1907 2
1908 0
1909 1
1910 3
1911 2
1912 0
1913 1
1914 3
1915 2
1916 0
1917 1
1918 3
1919 2
1920 0
1921 1
1922 3
1923 2
1924 0
1925 1
1926 3
1927 2
1928 0
1929 1
1930 3
1931 2
1932 0
1933 1
1934 3
1935 2
1936 0
1937 1
1938 3
1939 2
1940 0
1941 1
1942 3
1943 2
1944 0
1945 1
1946 3
1947 2
1948 0
1949 1
1950 3
1951 2
1952 0
1953 1
1954 3
1955 2
1956 0
1957 1
1958 3
1959 2
1960 0
1961 1
1962 3
1963 2
1964 0
1965 1
1966 3
1967 2
1968 0
1969 1
1970 3
1971 2
1972 0
1973 1
1974 3
1975 2
1976 0
1977 1
1978 3
1979 2
1980 0
1981 1
1982 3
1983 2
1984 0
1985 1
1986 3
1987 2
1988 0
1989 1
1990 3
1991 2
1992 0
1993 1
1994 3
1995 2
1996 0
1997 1
1998 3
1999 2
2000 0
2001 1
2002 3
2003 2
2004 0
2005 1
2006 3
2007 2
2008 0
2009 1
2010 3
2011 2
2012 0
2013 1
2014 3
2015 2
2016 0
2017 1
2018 3
2019 2
2020 0
2021 1
2022 3
2023 2
2024 0
2025 1
2026 3
2027 2
2028 0
2029 1
2030 3
2031 2
2032 0
2033 1
2034 3
2035 2
2036 0
2037 1
2038 3
2039 2
2040 0
2041 1
2042 3
2043 2
2044 0
2045 1
2046 3
2047 2
2048 0
2049 1
2050 3
2051 2
2052 0
2053 1
2054 3
2055 2
2056 0
2057 1
2058 3
2059 2
2060 0
2061 1
2062 3
2063 2
2064 0
2065 1
2066 3
2067 2
2068 0
2069 1
2070 3
2071 2
2072 0
2073 1
2074 3
2075 2
2076 0
2077 1
2078 3
2079 2
2080 0
2081 1
2082 3
2083 2
2084 0
2085 1
2086 3
2087 2
2088 0
2089 1
2090 3
2091 2
2092 0
2093 1
2094 3
2095 2
2096 0
2097 1
2098 3
2099 2
2100 0
2101 1
2102 3
2103 2
2104 0
2105 1
2106 3
2107 2
2108 0
2109 1
2110 3
2111 2
2112 0
2113 1
2114 3
2115 2
2116 0
2117 1
2118 3
2119 2
2120 0
2121 1
2122 3
2123 2
2124 0
2125 1
2126 3
2127 2
2128 0
2129 1
2130 3
2131 2
2132 0
2133 1
2134 3
2135 2
2136 0
2137 1
2138 3
2139 2
2140 0
2141 1
2142 3
2143 2
2144 0
2145 1
2146 3
2147 2
2148 0
2149 1
2150 3
2151 2
2152 0
2153 1
2154 3
2155 2
2156 0
2157 1
2158 3
2159 2
2160 0
2161 1
2162 3
2163 2
2164 0
2165 1
2166 3
2167 2
2168 0
2169 1
2170 3
2171 2
2172 0
2173 1
2174 3
2175 2
2176 0
2177 1
2178 3
2179 2
2180 0
2181 1
2182 3
2183 2
2184 0
2185 3
2186 1
2187 2
2188 0
2189 3
2190 1
2191 2
2192 0
2193 3
2194 1
2195 2
2196 0
2197 3
2198 1
2199 2
2200 0
2201 3
2202 1
2203 2
2204 0
2205 3
2206 1
2207 2
2208 0
2209 3
2210 1
2211 2
2212 0
2213 3
2214 1
2215 2
2216 0
2217 3
2218 1
2219 2
2220 3
2221 0
2222 1
2223 2
2224 3
2225 0
2226 1
2227 2
2228 3
2229 0
2230 1
2231 2
2232 3
2233 0
2234 1
2235 2
2236 3
2237 0
2238 1
2239 2
2240 3
2241 0
2242 1
2243 2
2244 3
2245 0
2246 1
2247 2
2248 3
2249 0
2250 1
2251 2
2252 3
2253 0
2254 1
2255 2
2256 3
2257 0
2258 1
2259 2
2260 3
2261 0
2262 1
2263 2
2264 3
2265 0
2266 1
2267 2
2268 3
2269 0
2270 1
2271 2
2272 3
2273 0
2274 1
2275 2
2276 3
2277 0
2278 1
2279 2
2280 3
2281 0
2282 1
2283 2
2284 3
2285 0
2286 1
2287 3
2288 2
2289 0
2290 1
2291 3
2292 2
2293 0
2294 1
2295 3
2296 2
2297 0
2298 1
2299 3
2300 2
2301 0
2302 1
2303 3
2304 2
2305 0
2306 1
2307 3
2308 2
2309 0
2310 1
2311 3
2312 2
2313 0
2314 1
2315 3
2316 2
2317 0
2318 1
2319 3
2320 2
2321 0
2322 1
2323 3
2324 2
2325 0
2326 1
2327 3
2328 2
2329 0
2330 1
2331 3
2332 2
2333 0
2334 1
2335 2
2336 3
2337 0
2338 1
2339 2
2340 3
2341 0
2342 1
2343 2
2344 3
2345 0
2346 1
2347 2
2348 3
2349 0
2350 1
2351 2
2352 3
2353 0
2354 1
2355 2
2356 3
2357 0
2358 1
2359 2
2360 3
2361 0
2362 1
2363 2
2364 3
2365 0
2366 1
2367 2
2368 3
2369 0
2370 1
2371 2
2372 3
2373 0
2374 1
2375 2
2376 3
2377 0
2378 1
2379 2
2380 3
2381 0
2382 1
2383 2
2384 3
2385 0
2386 1
2387 2
2388 3
2389 0
2390 1
2391 2
2392 3
2393 0
2394 1
2395 2
2396 3
2397 0
2398 1
2399 2
2400 3
2401 0
2402 1
2403 2
2404 0
2405 3
2406 1
2407 2
2408 0
2409 3
2410 1
2411 2
2412 0
2413 3
2414 1
2415 2
2416 0
2417 3
2418 1
2419 2
2420 0
2421 3
2422 1
2423 2
2424 0
2425 3
2426 1
2427 2
2428 0
2429 3
2430 1
2431 2
2432 0
2433 3
2434 1
2435 2
2436 0
2437 3
2438 1
2439 2
2440 0
2441 3
2442 1
2443 2
2444 0
2445 3
2446 1
2447 2
2448 0
2449 3
2450 1
2451 2
2452 0
2453 3
2454 1
2455 0
2456 2
2457 3
2458 1
2459 0
2460 2
2461 3
2462 1
2463 0
2464 2
2465 3
2466 1
2467 0
2468 2
2469 3
2470 1
2471 0
2472 2
2473 3
2474 1
2475 0
2476 2
2477 3
2478 1
2479 0
2480 2
2481 3
2482 1
2483 0
2484 2
2485 3
2486 1
2487 0
2488 2
2489 3
2490 1
2491 0
2492 2
2493 3
2494 1
2495 0
2496 2
2497 3
2498 1
2499 0
2500 2
2501 3
2502 1
2503 0
2504 2
2505 3
2506 1
2507 0
2508 2
2509 3
2510 1
2511 0
2512 2
2513 3
2514 1
2515 0
2516 2
2517 3
2518 1
2519 0
2520 2
2521 3
2522 1
2523 0
2524 2
2525 3
2526 1
2527 0
2528 2
2529 3
2530 1
2531 0
2532 2
2533 3
2534 1
2535 0
2536 2
2537 3
2538 1
2539 0
2540 2
2541 3
2542 1
2543 0
2544 2
2545 3
2546 1
2547 0
2548 2
2549 3
2550 1
2551 2
2552 0
2553 3
2554 1
2555 2
2556 3
2557 0
2558 1
2559 2
2560 3
2561 0
2562 1
2563 3
2564 2
2565 0
2566 1
2567 3
2568 2
2569 0
2570 1
2571 3
2572 2
2573 0
2574 1
2575 3
2576 2
2577 0
2578 1
2579 3
2580 2
2581 0
2582 1
2583 3
2584 2
2585 0
2586 1
2587 3
2588 2
2589 0
2590 1
2591 3
2592 2
2593 0
2594 1
2595 3
2596 2
2597 0
2598 1
2599 3
2600 2
2601 0
2602 1
2603 3
2604 2
2605 0
2606 1
2607 3
2608 2
2609 0
2610 1
2611 3
2612 2
2613 0
2614 1
2615 3
2616 2
2617 0
2618 1
2619 3
2620 2
2621 0
2622 1
2623 3
2624 2
2625 0
2626 1
2627 3
2628 2
2629 0
2630 1
2631 3
2632 2
2633 0
2634 1
2635 3
2636 2
2637 0
2638 1
2639 3
2640 2
2641 0
2642 1
2643 3
2644 2
2645 0
2646 1
2647 3
2648 2
2649 0
2650 1
2651 3
2652 2
2653 0
2654 1
2655 3
2656 2
2657 0
2658 1
2659 3
2660 2
2661 0
2662 1
2663 3
2664 2
2665 0
2666 1
2667 3
2668 2
2669 0
2670 1
2671 3
2672 2
2673 0
2674 1
2675 3
2676 2
2677 0
2678 1
2679 3
2680 2
2681 0
2682 1
2683 3
2684 2
2685 0
2686 1
2687 3
2688 2
2689 0
2690 1
2691 3
2692 2
2693 0
2694 1
2695 3
2696 2
2697 0
2698 1
2699 3
2700 2
2701 0
2702 1
2703 3
2704 2
2705 0
2706 1
2707 3
2708 2
2709 0
2710 1
2711 3
2712 2
2713 0
2714 1
2715 3
2716 2
2717 0
2718 1
2719 3
2720 2
2721 0
2722 1
2723 3
2724 2
2725 0
2726 1
2727 3
2728 2
2729 0
2730 1
2731 3
2732 2
2733 0
2734 1
2735 3
2736 2
2737 0
2738 1
2739 3
2740 2
2741 0
2742 1
2743 3
2744 2
2745 0
2746 1
2747 3
2748 2
2749 0
2750 1
2751 3
2752 2
2753 0
2754 1
2755 3
2756 2
2757 0
2758 1
2759 3
2760 2
2761 0
2762 1
2763 3
2764 2
2765 0
2766 1
2767 3
2768 2
2769 0
2770 1
2771 3
2772 2
2773 0
2774 1
2775 3
2776 2
2777 0
2778 1
2779 3
2780 2
2781 0
2782 1
2783 3
2784 2
2785 0
2786 1
2787 3
2788 2
2789 0
2790 1
2791 3
2792 2
2793 0
2794 1
2795 3
2796 2
2797 0
2798 1
2799 3
2800 2
2801 0
2802 1
2803 3
2804 2
2805 0
2806 1
2807 3
2808 2
2809 0
2810 1
2811 3
2812 2
2813 0
2814 1
2815 3
2816 2
2817 0
2818 1
2819 3
2820 2
2821 0
2822 1
2823 3
2824 2
2825 0
2826 1
2827 3
2828 2
2829 0
2830 1
2831 3
2832 2
2833 0
2834 1
2835 3
2836 2
2837 0
2838 1
2839 3
2840 2
2841 0
2842 1
2843 3
2844 2
2845 0
2846 1
2847 3
2848 2
2849 0
2850 1
2851 3
2852 2
2853 0
2854 1
2855 3
2856 2
2857 0
2858 1
2859 3
2860 2
2861 0
2862 1
2863 3
2864 2
2865 0
2866 1
2867 3
2868 2
2869 0
2870 1
2871 3
2872 2
2873 0
2874 1
2875 3
2876 2
2877 0
2878 1
2879 3
2880 2
2881 0
2882 1
2883 3
2884 2
2885 0
2886 1
2887 3
2888 2
2889 0
2890 1
2891 3
2892 2
2893 0
2894 1
2895 3
2896 2
2897 0
2898 1
2899 3
2900 2
2901 0
2902 1
2903 3
2904 2
2905 0
2906 1
2907 3
2908 2
2909 0
2910 1
2911 3
2912 2
2913 0
2914 1
2915 3
2916 2
2917 0
2918 1
2919 3
2920 2
2921 0
2922 1
2923 3
2924 2
2925 0
2926 1
2927 3
2928 2
2929 0
2930 1
2931 3
2932 2
2933 0
2934 1
2935 3
2936 2
2937 0
2938 1
2939 3
2940 2
2941 0
2942 1
2943 3
2944 2
2945 0
2946 1
2947 3
2948 2
2949 0
2950 1
2951 3
2952 2
2953 0
2954 1
2955 3
2956 2
2957 0
2958 1
2959 3
2960 2
2961 0
2962 1
2963 3
2964 2
2965 0
2966 1
2967 3
2968 2
2969 0
2970 1
2971 3
2972 2
2973 0
2974 1
2975 3
2976 2
2977 0
2978 1
2979 3
2980 2
2981 0
2982 1
2983 3
2984 2
2985 0
2986 1
2987 3
2988 2
2989 0
2990 1
2991 3
2992 2
2993 0
2994 1
2995 3
2996 2
2997 0
2998 1
2999 3
3000 2
3001 0
3002 1
3003 3
3004 2
3005 0
3006 1
3007 3
3008 2
3009 0
3010 1
3011 3
3012 2
3013 0
3014 1
3015 3
3016 2
3017 0
3018 1
3019 3
3020 2
3021 0
3022 1
3023 3
3024 2
3025 0
3026 1
3027 3
3028 2
3029 0
3030 1
3031 3
3032 2
3033 0
3034 1
3035 3
3036 2
3037 0
3038 1
3039 3
3040 2
3041 0
3042 1
3043 3
3044 2
3045 0
3046 1
3047 3
3048 2
3049 0
3050 1
3051 3
3052 2
3053 0
3054 1
3055 3
3056 2
3057 0
3058 1
3059 3
3060 2
3061 0
3062 1
3063 3
3064 2
3065 0
3066 1
3067 3
3068 2
3069 0
3070 1
3071 3
3072 2
3073 0
3074 1
3075 3
3076 2
3077 0
3078 1
3079 3
3080 2
3081 0
3082 1
3083 3
3084 2
3085 0
3086 1
3087 3
3088 2
3089 0
3090 1
3091 3
3092 2
3093 0
3094 1
3095 3
3096 2
3097 0
3098 1
3099 3
3100 2
3101 0
3102 1
3103 3
3104 2
3105 0
3106 1
3107 3
3108 2
3109 0
3110 1
3111 3
3112 2
3113 0
3114 1
3115 3
3116 2
3117 0
3118 1
3119 3
3120 2
3121 0
3122 1
3123 3
3124 2
3125 0
3126 1
3127 3
3128 2
3129 0
3130 1
3131 3
3132 2
3133 0
3134 1
3135 3
3136 2
3137 0
3138 1
3139 3
3140 2
3141 0
3142 1
3143 3
3144 2
3145 0
3146 1
3147 3
3148 2
3149 0
3150 1
3151 3
3152 2
3153 0
3154 1
3155 3
3156 2
3157 0
3158 1
3159 3
3160 2
3161 0
3162 1
3163 3
3164 2
3165 0
3166 1
3167 3
3168 2
3169 0
3170 1
3171 3
3172 2
3173 0
3174 1
3175 3
3176 2
3177 0
3178 1
3179 3
3180 2
3181 0
3182 1
3183 3
3184 2
3185 0
3186 1
3187 3
3188 2
3189 0
3190 1
3191 3
3192 2
3193 0
3194 1
3195 3
3196 2
3197 0
3198 1
3199 3
3200 2
3201 0
3202 1
3203 3
3204 0
3205 2
3206 1
3207 3
3208 0
3209 2
3210 1
3211 3
3212 0
3213 2
3214 1
3215 3
3216 0
3217 2
3218 1
3219 3
3220 0
3221 2
3222 1
3223 3
3224 0
3225 2
3226 1
3227 3
3228 0
3229 2
3230 1
3231 3
3232 0
3233 2
3234 1
3235 3
3236 0
3237 2
3238 1
3239 3
3240 0
3241 2
3242 1
3243 3
3244 0
3245 2
3246 1
3247 3
3248 0
3249 2
3250 1
3251 3
3252 0
3253 2
3254 1
3255 3
3256 0
3257 2
3258 1
3259 3
3260 0
3261 2
3262 1
3263 3
3264 0
3265 2
3266 1
3267 3
3268 0
3269 2
3270 1
3271 3
3272 0
3273 2
3274 1
3275 3
3276 0
3277 2
3278 1
3279 3
3280 0
3281 2
3282 1
3283 3
3284 0
3285 2
3286 1
3287 3
3288 0
3289 2
3290 1
3291 3
3292 0
3293 2
3294 1
3295 3
3296 0
3297 2
3298 1
3299 3
3300 0
3301 2
3302 1
3303 3
3304 0
3305 2
3306 1
3307 3
3308 0
3309 2
3310 1
3311 3
3312 0
3313 2
3314 1
3315 3
3316 0
3317 2
3318 1
3319 3
3320 0
3321 2
3322 1
3323 3
3324 0
3325 2
3326 1
3327 3
3328 0
3329 2
3330 1
3331 3
3332 0
3333 2
3334 1
3335 3
3336 0
3337 2
3338 1
3339 3
3340 0
3341 2
3342 1
3343 3
3344 0
3345 2
3346 1
3347 3
3348 0
3349 2
3350 1
3351 3
3352 0
3353 2
3354 1
3355 3
3356 0
3357 2
3358 1
3359 3
3360 0
3361 2
3362 1
3363 3
3364 0
3365 2
3366 1
3367 3
3368 0
3369 2
3370 1
3371 3
3372 0
3373 2
3374 1
3375 3
3376 0
3377 2
3378 1
3379 3
3380 0
3381 2
3382 1
3383 3
3384 0
3385 2
3386 1
3387 3
3388 0
3389 2
3390 1
3391 3
3392 0
3393 2
3394 1
3395 3
3396 0
3397 2
3398 1
3399 3
3400 0
3401 2
3402 1
3403 3
3404 0
3405 2
3406 1
3407 3
3408 0
3409 2
3410 1
3411 3
3412 0
3413 2
3414 1
3415 3
3416 0
3417 2
3418 1
3419 3
3420 0
3421 2
3422 1
3423 3
3424 0
3425 2
3426 1
3427 3
3428 0
3429 2
3430 1
3431 3
3432 0
3433 2
3434 1
3435 3
3436 0
3437 2
3438 1
3439 3
3440 0
3441 2
3442 1
3443 3
3444 0
3445 2
3446 1
3447 3
3448 0
3449 2
3450 1
3451 3
3452 0
3453 2
3454 1
3455 3
3456 0
3457 2
3458 1
3459 3
3460 0
3461 2
3462 1
3463 3
3464 0
3465 2
3466 1
3467 3
3468 0
3469 2
3470 1
3471 3
3472 0
3473 2
3474 1
3475 3
3476 0
3477 2
3478 1
3479 3
3480 0
3481 2
3482 1
3483 3
3484 0
3485 2
3486 1
3487 3
3488 0
3489 2
3490 1
3491 3
3492 0
3493 2
3494 1
3495 3
3496 0
3497 2
3498 1
3499 3
3500 0
3501 2
3502 1
3503 3
3504 0
3505 2
3506 1
3507 3
3508 0
3509 2
3510 1
3511 3
3512 0
3513 2
3514 1
3515 3
3516 0
3517 2
3518 1
3519 3
3520 0
3521 2
3522 1
3523 3
3524 0
3525 2
3526 1
3527 3
3528 0
3529 2
3530 1
3531 3
3532 0
3533 2
3534 1
3535 3
3536 0
3537 2
3538 1
3539 3
3540 0
3541 2
3542 1
3543 3
3544 0
3545 2
3546 1
3547 3
3548 0
3549 2
3550 1
3551 3
3552 0
3553 2
3554 1
3555 3
3556 0
3557 2
3558 1
3559 3
3560 0
3561 2
3562 1
3563 3
3564 0
3565 2
3566 1
3567 3
3568 0
3569 2
3570 1
3571 3
3572 0
3573 2
3574 1
3575 3
3576 0
3577 2
3578 1
3579 3
3580 0
3581 2
3582 1
3583 3
3584 0
3585 2
3586 1
3587 3
3588 0
3589 2
3590 1
3591 3
3592 0
3593 2
3594 1
3595 3
3596 0
3597 2
3598 1
3599 3
3600 0
3601 2
3602 1
3603 3
3604 0
3605 2
3606 1
3607 3
3608 0
3609 2
3610 1
3611 3
3612 0
3613 2
3614 1
3615 3
3616 0
3617 2
3618 1
3619 3
3620 0
3621 2
3622 1
3623 3
3624 0
3625 2
3626 1
3627 3
3628 0
3629 2
3630 1
3631 3
3632 0
3633 2
3634 1
3635 3
3636 0
3637 2
3638 1
3639 3
3640 0
3641 2
3642 1
3643 3
3644 0
3645 2
3646 1
3647 3
3648 0
3649 2
3650 1
3651 3
3652 0
3653 2
3654 1
3655 3
3656 0
3657 2
3658 1
3659 3
3660 0
3661 2
3662 1
3663 3
3664 0
3665 2
3666 1
3667 3
3668 0
3669 2
3670 1
3671 3
3672 0
3673 2
3674 1
3675 3
3676 0
3677 2
3678 1
3679 3
3680 0
3681 2
3682 1
3683 3
3684 0
3685 2
3686 1
3687 3
3688 0
3689 2
3690 1
3691 3
3692 0
3693 2
3694 1
3695 3
3696 0
3697 2
3698 1
3699 3
3700 0
3701 2
3702 1
3703 3
3704 0
3705 2
3706 1
3707 3
3708 0
3709 2
3710 1
3711 3
3712 0
3713 2
3714 1
3715 3
3716 0
3717 2
3718 1
3719 3
3720 0
3721 2
3722 1
3723 3
3724 0
3725 2
3726 1
3727 3
3728 2
3729 0
3730 3
3731 1
3732 2
3733 0
3734 3
3735 1
3736 2
3737 0
3738 3
3739 1
3740 2
3741 0
3742 3
3743 1
3744 2
3745 0
3746 3
3747 1
3748 2
3749 0
3750 3
3751 1
3752 2
3753 0
3754 3
3755 1
3756 2
3757 0
3758 3
3759 1
3760 2
3761 0
3762 3
3763 1
3764 2
3765 0
3766 3
3767 1
3768 2
3769 0
3770 3
3771 1
3772 2
3773 0
3774 3
3775 1
3776 2
3777 0
3778 3
3779 1
3780 2
3781 0
3782 3
3783 1
3784 2
3785 0
3786 3
3787 1
3788 2
3789 0
3790 3
3791 1
3792 2
3793 0
3794 3
3795 1
3796 2
3797 0
3798 3
3799 1
3800 2
3801 0
3802 3
3803 1
3804 2
3805 0
3806 3
3807 1
3808 2
3809 0
3810 3
3811 1
3812 2
3813 0
3814 3
3815 1
3816 2
3817 0
3818 3
3819 1
3820 2
3821 0
3822 3
3823 1
3824 2
3825 0
3826 3
3827 1
3828 2
3829 0
3830 3
3831 1
3832 2
3833 0
3834 3
3835 1
3836 2
3837 0
3838 3
3839 1
3840 2
3841 0
3842 3
3843 1
3844 2
3845 0
3846 3
3847 1
3848 2
3849 0
3850 3
3851 1
3852 2
3853 0
3854 3
3855 1
3856 2
3857 0
3858 3
3859 1
3860 2
3861 0
3862 3
3863 1
3864 2
3865 0
3866 3
3867 1
3868 2
3869 0
3870 3
3871 1
3872 2
3873 0
3874 3
3875 1
3876 2
3877 0
3878 3
3879 1
3880 2
3881 0
3882 3
3883 1
3884 2
3885 0
3886 3
3887 1
3888 2
3889 0
3890 3
3891 1
3892 2
3893 0
3894 3
3895 1
3896 2
3897 0
3898 3
3899 1
3900 2
3901 0
3902 3
3903 1
3904 2
3905 0
3906 3
3907 1
3908 2
3909 0
3910 3
3911 1
3912 2
3913 0
3914 3
3915 1
3916 2
3917 0
3918 3
3919 1
3920 2
3921 0
3922 3
3923 1
3924 2
3925 0
3926 3
3927 1
3928 2
3929 0
3930 3
3931 1
3932 2
3933 0
3934 3
3935 1
3936 2
3937 0
3938 3
3939 1
3940 2
3941 0
3942 3
3943 1
3944 2
3945 0
3946 3
3947 1
3948 2
3949 0
3950 3
3951 1
3952 2
3953 0
3954 3
3955 1
3956 2
3957 0
3958 3
3959 1
3960 2
3961 0
3962 3
3963 1
3964 2
3965 0
3966 3
3967 1
3968 2
3969 0
3970 3
3971 1
3972 2
3973 0
3974 3
3975 1
3976 2
3977 0
3978 3
3979 1
3980 2
3981 0
3982 3
3983 1
3984 2
3985 0
3986 3
3987 1
3988 2
3989 0
3990 3
3991 1
3992 2
3993 0
3994 3
3995 1
3996 2
3997 0
3998 3
3999 1
4000 2
4001 0
4002 3
4003 1
4004 2
4005 0
4006 3
4007 1
4008 2
4009 0
4010 3
4011 1
4012 2
4013 0
4014 3
4015 1
4016 2
4017 0
4018 3
4019 1
4020 2
4021 0
4022 3
4023 1
4024 2
4025 0
4026 3
4027 1
4028 2
4029 0
4030 3
4031 1
4032 2
4033 0
4034 3
4035 1
4036 2
4037 0
4038 3
4039 1
4040 2
4041 0
4042 3
4043 1
4044 2
4045 0
4046 3
4047 1
4048 2
4049 0
4050 3
4051 1
4052 2
4053 0
4054 3
4055 1
4056 2
4057 0
4058 3
4059 1
4060 2
4061 0
4062 3
4063 1
4064 2
4065 0
4066 3
4067 1
4068 2
4069 0
4070 3
4071 1
4072 2
4073 0
4074 3
4075 1
4076 2
4077 0
4078 3
4079 1
4080 2
4081 0
4082 3
4083 1
4084 2
4085 0
4086 3
4087 1
4088 2
4089 0
4090 3
4091 1
4092 2
4093 0
4094 3
4095 1
4096 2
4097 0
4098 3
4099 1
4100 2
4101 0
4102 3
4103 1
4104 2
4105 0
4106 3
4107 1
4108 2
4109 0
4110 3
4111 1
4112 2
4113 0
4114 3
4115 1
4116 2
4117 0
4118 3
4119 1
4120 2
4121 0
4122 3
4123 1
4124 2
4125 0
4126 3
4127 1
4128 2
4129 0
4130 3
4131 1
4132 2
4133 0
4134 3
4135 1
4136 2
4137 0
4138 3
4139 1
4140 2
4141 0
4142 3
4143 1
4144 2
4145 0
4146 3
4147 1
4148 2
4149 0
4150 3
4151 1
4152 2
4153 0
4154 3
4155 1
4156 2
4157 0
4158 3
4159 1
4160 2
4161 0
4162 3
4163 1
4164 2
4165 0
4166 3
4167 1
4168 2
4169 0
4170 3
4171 1
4172 2
4173 0
4174 3
4175 1
4176 2
4177 0
4178 3
4179 1
4180 2
4181 0
4182 3
4183 1
4184 2
4185 0
4186 3
4187 1
4188 2
4189 0
4190 3
4191 1
4192 0
4193 2
4194 3
4195 1
4196 0
4197 2
4198 3
4199 1
4200 0
4201 2
4202 3
4203 1
4204 0
4205 2
4206 3
4207 1
4208 0
4209 2
4210 3
4211 1
4212 0
4213 2
4214 3
4215 1
4216 0
4217 2
4218 3
4219 1
4220 0
4221 2
4222 3
4223 1
4224 0
4225 2
4226 3
4227 1
4228 0
4229 2
4230 3
4231 1
4232 0
4233 2
4234 3
4235 1
4236 0
4237 2
4238 3
4239 1
4240 0
4241 2
4242 3
4243 1
4244 0
4245 2
4246 3
4247 1
4248 0
4249 2
4250 3
4251 1
4252 0
4253 2
4254 3
4255 1
4256 0
4257 2
4258 3
4259 1
4260 0
4261 2
4262 3
4263 1
4264 0
4265 2
4266 3
4267 1
4268 0
4269 2
4270 3
4271 1
4272 0
4273 2
4274 3
4275 1
4276 0
4277 2
4278 3
4279 1
4280 0
4281 2
4282 3
4283 1
4284 0
4285 2
4286 3
4287 1
4288 0
4289 2
4290 3
4291 1
4292 0
4293 2
4294 3
4295 1
4296 0
4297 2
4298 3
4299 1
4300 0
4301 2
4302 3
4303 1
4304 0
4305 2
4306 3
4307 1
4308 0
4309 2
4310 3
4311 1
4312 0
4313 2
4314 3
4315 1
4316 2
4317 0
4318 3
4319 1
4320 2
4321 0
4322 3
