0	56472.1618133
1	56472.1619299
2	56472.1619316
3	56472.1619333
0	56472.1619356
1	56472.1619385
2	56472.1619414
3	56472.1619443
0	56472.1619473
1	56472.1619502
2	56472.1619531
3	56472.161956
0	56472.1619589
1	56472.1619618
2	56472.1619647
3	56472.1619676
0	56472.1619706
1	56472.1619735
2	56472.1619764
3	56472.1619793
0	56472.1619822
1	56472.1619851
2	56472.161988
3	56472.1619909
0	56472.1619939
1	56472.1619968
2	56472.1619997
3	56472.1620026
0	56472.1620055
1	56472.1620084
2	56472.1620113
3	56472.1620142
0	56472.1620172
1	56472.1620201
2	56472.162023
3	56472.1620259
0	56472.1620288
1	56472.1620317
2	56472.1620346
0	56472.1620375
1	56472.1620405
3	56472.1620434
2	56472.1620463
0	56472.1620492
1	56472.1620521
3	56472.162055
2	56472.1620579
0	56472.1620608
1	56472.1620638
2	56472.1620667
0	56472.1620745
1	56472.1620761
2	56472.1620778
0	56472.1620795
1	56472.1620812
3	56472.1620841
2	56472.1620871
1	56472.16209
0	56472.1620929
3	56472.1620958
2	56472.1620987
1	56472.1621016
3	56472.1621045
0	56472.1621074
2	56472.1621104
1	56472.1621133
3	56472.1621162
0	56472.1621191
2	56472.162122
1	56472.1621249
3	56472.1621278
2	56472.1621307
0	56472.1621337
1	56472.1621366
3	56472.1621395
2	56472.1621424
0	56472.1621453
1	56472.1621482
3	56472.1621511
2	56472.1621541
0	56472.162157
1	56472.1621599
3	56472.1621628
0	56472.1621657
2	56472.1621686
1	56472.1621715
3	56472.1621744
0	56472.1621774
2	56472.1621803
1	56472.1621832
3	56472.1621861
0	56472.162189
2	56472.1621919
1	56472.1621948
3	56472.1621977
0	56472.1622007
2	56472.1622036
3	56472.1622065
1	56472.1622094
0	56472.1622123
2	56472.1622152
1	56472.1622181
3	56472.162221
0	56472.162224
1	56472.1622269
2	56472.1622298
3	56472.1622327
0	56472.1622356
1	56472.1622385
2	56472.1622414
3	56472.1622443
0	56472.1622473
1	56472.1622502
2	56472.1622531
3	56472.162256
0	56472.1622589
1	56472.1622618
2	56472.1622647
3	56472.1622676
0	56472.1622706
1	56472.1622735
2	56472.1622764
3	56472.1622793
0	56472.1622822
1	56472.1622851
2	56472.162288
3	56472.1622909
0	56472.1622939
1	56472.1622968
2	56472.1622997
3	56472.1623026
0	56472.1623055
1	56472.1623084
2	56472.1623113
3	56472.1623143
0	56472.1623172
1	56472.1623201
2	56472.162323
3	56472.1623259
0	56472.1623288
1	56472.1623317
2	56472.1623346
3	56472.1623376
0	56472.1623405
1	56472.1623434
2	56472.1623463
3	56472.1623492
0	56472.1623521
1	56472.162355
2	56472.1623579
3	56472.1623609
0	56472.1623638
1	56472.1623667
2	56472.1623696
3	56472.1623725
0	56472.1623754
1	56472.1623783
2	56472.1623812
3	56472.1623842
0	56472.1623871
1	56472.16239
2	56472.1623929
3	56472.1623958
0	56472.1623987
1	56472.1624016
2	56472.1624045
3	56472.1624075
0	56472.1624104
1	56472.1624133
2	56472.1624162
3	56472.1624191
0	56472.162422
1	56472.1624249
2	56472.1624278
3	56472.1624308
0	56472.1624337
1	56472.1624366
2	56472.1624395
3	56472.1624424
0	56472.1624453
1	56472.1624482
2	56472.1624511
3	56472.1624541
0	56472.162457
1	56472.1624599
2	56472.1624628
3	56472.1624657
0	56472.1624686
1	56472.1624715
2	56472.1624744
3	56472.1624774
0	56472.1624803
1	56472.1624832
2	56472.1624861
3	56472.162489
0	56472.1624919
1	56472.1624948
2	56472.1624978
3	56472.1625007
0	56472.1625036
1	56472.1625065
2	56472.1625094
3	56472.1625123
0	56472.1625152
1	56472.1625181
2	56472.1625211
3	56472.162524
0	56472.1625269
1	56472.1625298
2	56472.1625327
3	56472.1625356
0	56472.1625385
1	56472.1625414
2	56472.1625444
3	56472.1625473
0	56472.1625502
1	56472.1625531
2	56472.162556
3	56472.1625589
0	56472.1625618
1	56472.1625647
2	56472.1625677
3	56472.1625706
0	56472.1625735
1	56472.1625764
2	56472.1625793
3	56472.1625822
0	56472.1625851
1	56472.162588
2	56472.162591
3	56472.1625939
0	56472.1625968
1	56472.1625997
2	56472.1626026
3	56472.1626055
0	56472.1626084
1	56472.1626113
2	56472.1626143
3	56472.1626172
0	56472.1626201
1	56472.162623
2	56472.1626259
3	56472.1626288
0	56472.1626317
1	56472.1626346
2	56472.1626376
3	56472.1626405
0	56472.1626434
1	56472.1626463
2	56472.1626492
3	56472.1626521
0	56472.162655
1	56472.162658
2	56472.1626609
3	56472.1626638
0	56472.1626667
1	56472.1626696
2	56472.1626725
3	56472.1626754
0	56472.1626783
1	56472.1626813
2	56472.1626842
3	56472.1626871
0	56472.16269
1	56472.1626929
3	56472.1626958
2	56472.1626987
0	56472.1627016
1	56472.1627046
3	56472.1627075
2	56472.1627104
0	56472.1627133
1	56472.1627162
3	56472.1627191
2	56472.162722
0	56472.1627249
1	56472.1627279
3	56472.1627308
2	56472.1627337
0	56472.1627366
1	56472.1627395
3	56472.1627424
2	56472.1627453
0	56472.1627482
1	56472.1627512
3	56472.1627541
2	56472.162757
0	56472.1627599
1	56472.1627628
3	56472.1627657
2	56472.1627686
0	56472.1627715
1	56472.1627745
3	56472.1627774
2	56472.1627803
0	56472.1627832
1	56472.1627861
3	56472.162789
2	56472.1627919
0	56472.1627948
1	56472.1627978
3	56472.1628007
2	56472.1628036
0	56472.1628065
1	56472.1628094
3	56472.1628123
2	56472.1628152
0	56472.1628181
1	56472.1628211
3	56472.162824
2	56472.1628269
0	56472.1628298
1	56472.1628327
3	56472.1628356
2	56472.1628385
0	56472.1628414
1	56472.1628444
3	56472.1628473
2	56472.1628502
0	56472.1628531
1	56472.162856
3	56472.1628589
2	56472.1628618
0	56472.1628648
1	56472.1628677
3	56472.1628706
2	56472.1628735
0	56472.1628764
1	56472.1628793
3	56472.1628822
2	56472.1628851
0	56472.1628881
1	56472.162891
3	56472.1628939
2	56472.1628968
0	56472.1628997
1	56472.1629026
3	56472.1629055
2	56472.1629084
0	56472.1629114
1	56472.1629143
3	56472.1629172
2	56472.1629201
0	56472.162923
1	56472.1629259
3	56472.1629288
2	56472.1629317
0	56472.1629347
1	56472.1629376
3	56472.1629405
2	56472.1629434
0	56472.1629463
1	56472.1629492
3	56472.1629521
2	56472.162955
0	56472.162958
1	56472.1629609
3	56472.1629638
2	56472.1629667
0	56472.1629696
1	56472.1629725
3	56472.1629754
2	56472.1629783
0	56472.1629813
1	56472.1629842
3	56472.1629871
2	56472.16299
0	56472.1629929
1	56472.1629958
3	56472.1629987
2	56472.1630016
0	56472.1630046
1	56472.1630075
3	56472.1630104
2	56472.1630133
0	56472.1630162
1	56472.1630191
3	56472.163022
2	56472.163025
0	56472.1630279
1	56472.1630308
3	56472.1630337
2	56472.1630366
0	56472.1630395
1	56472.1630424
3	56472.1630453
2	56472.1630483
0	56472.1630512
1	56472.1630541
3	56472.163057
2	56472.1630599
0	56472.1630628
1	56472.1630657
3	56472.1630686
2	56472.1630716
0	56472.1630745
1	56472.1630774
3	56472.1630803
2	56472.1630832
0	56472.1630861
1	56472.163089
3	56472.1630919
2	56472.1630949
0	56472.1630978
1	56472.1631007
3	56472.1631036
2	56472.1631065
0	56472.1631094
1	56472.1631123
3	56472.1631152
2	56472.1631182
0	56472.1631211
1	56472.163124
3	56472.1631269
2	56472.1631298
0	56472.1631327
1	56472.1631356
3	56472.1631385
2	56472.1631415
0	56472.1631444
1	56472.1631473
3	56472.1631502
2	56472.1631531
0	56472.163156
1	56472.1631589
3	56472.1631618
2	56472.1631648
0	56472.1631677
1	56472.1631706
3	56472.1631735
0	56472.1631764
2	56472.1631793
1	56472.1631822
3	56472.1631851
0	56472.1631881
2	56472.163191
1	56472.1631939
3	56472.1631968
0	56472.1631997
2	56472.1632026
1	56472.1632055
3	56472.1632085
0	56472.1632114
2	56472.1632143
1	56472.1632172
3	56472.1632201
0	56472.163223
2	56472.1632259
1	56472.1632288
3	56472.1632318
0	56472.1632347
2	56472.1632376
1	56472.1632405
3	56472.1632434
0	56472.1632463
2	56472.1632492
1	56472.1632521
3	56472.1632551
0	56472.163258
2	56472.1632609
1	56472.1632638
3	56472.1632667
0	56472.1632696
2	56472.1632725
1	56472.1632754
3	56472.1632784
0	56472.1632813
2	56472.1632842
1	56472.1632871
3	56472.16329
0	56472.1632929
2	56472.1632958
1	56472.1632987
3	56472.1633017
0	56472.1633046
2	56472.1633075
1	56472.1633104
3	56472.1633133
0	56472.1633162
2	56472.1633191
1	56472.163322
3	56472.163325
0	56472.1633279
2	56472.1633308
1	56472.1633337
3	56472.1633366
0	56472.1633395
2	56472.1633424
1	56472.1633454
3	56472.1633483
0	56472.1633512
2	56472.1633541
1	56472.163357
3	56472.1633599
0	56472.1633628
2	56472.1633657
1	56472.1633687
3	56472.1633716
0	56472.1633745
2	56472.1633774
1	56472.1633803
3	56472.1633832
0	56472.1633861
2	56472.163389
1	56472.163392
3	56472.1633949
0	56472.1633978
2	56472.1634007
1	56472.1634036
3	56472.1634065
0	56472.1634094
2	56472.1634123
1	56472.1634153
3	56472.1634182
0	56472.1634211
2	56472.163424
1	56472.1634269
3	56472.1634298
0	56472.1634327
2	56472.1634356
1	56472.1634386
3	56472.1634415
0	56472.1634444
2	56472.1634473
1	56472.1634502
3	56472.1634531
0	56472.163456
2	56472.1634589
1	56472.1634619
3	56472.1634648
0	56472.1634677
2	56472.1634706
1	56472.1634735
3	56472.1634764
0	56472.1634793
2	56472.1634822
1	56472.1634852
3	56472.1634881
0	56472.163491
2	56472.1634939
1	56472.1634968
3	56472.1634997
0	56472.1635026
2	56472.1635055
1	56472.1635085
3	56472.1635114
0	56472.1635143
2	56472.1635172
1	56472.1635201
3	56472.163523
0	56472.1635259
2	56472.1635288
1	56472.1635318
3	56472.1635347
0	56472.1635376
2	56472.1635405
1	56472.1635434
3	56472.1635463
0	56472.1635492
2	56472.1635521
1	56472.1635551
3	56472.163558
0	56472.1635609
2	56472.1635638
1	56472.1635667
3	56472.1635696
0	56472.1635725
2	56472.1635755
1	56472.1635784
3	56472.1635813
0	56472.1635842
2	56472.1635871
1	56472.16359
3	56472.1635929
0	56472.1635958
2	56472.1635988
1	56472.1636017
3	56472.1636046
0	56472.1636075
2	56472.1636104
1	56472.1636133
3	56472.1636162
0	56472.1636191
2	56472.1636221
1	56472.163625
3	56472.1636279
0	56472.1636308
2	56472.1636337
1	56472.1636366
3	56472.1636395
0	56472.1636424
2	56472.1636454
1	56472.1636483
3	56472.1636512
0	56472.1636541
2	56472.163657
1	56472.1636599
3	56472.1636628
0	56472.1636657
2	56472.1636687
1	56472.1636716
3	56472.1636745
0	56472.1636774
2	56472.1636803
1	56472.1636832
3	56472.1636861
0	56472.163689
2	56472.163692
1	56472.1636949
3	56472.1636978
0	56472.1637007
2	56472.1637036
1	56472.1637065
3	56472.1637094
0	56472.1637124
2	56472.1637153
1	56472.1637182
3	56472.1637211
0	56472.163724
2	56472.1637269
1	56472.1637298
3	56472.1637327
2	56472.1637357
0	56472.1637386
1	56472.1637415
3	56472.1637444
2	56472.1637473
0	56472.1637502
1	56472.1637531
3	56472.163756
2	56472.163759
0	56472.1637619
1	56472.1637648
3	56472.1637677
2	56472.1637706
0	56472.1637735
1	56472.1637764
3	56472.1637793
2	56472.1637823
0	56472.1637852
1	56472.1637881
3	56472.163791
2	56472.1637939
0	56472.1637968
1	56472.1637997
3	56472.1638026
2	56472.1638056
0	56472.1638085
1	56472.1638114
3	56472.1638143
2	56472.1638172
0	56472.1638201
1	56472.163823
3	56472.1638259
2	56472.1638289
0	56472.1638318
1	56472.1638347
3	56472.1638376
2	56472.1638405
0	56472.1638434
1	56472.1638463
3	56472.1638492
2	56472.1638522
0	56472.1638551
1	56472.163858
3	56472.1638609
2	56472.1638638
0	56472.1638667
1	56472.1638696
3	56472.1638725
2	56472.1638755
0	56472.1638784
1	56472.1638813
3	56472.1638842
2	56472.1638871
0	56472.16389
1	56472.1638929
3	56472.1638958
2	56472.1638988
0	56472.1639017
1	56472.1639046
3	56472.1639075
2	56472.1639104
0	56472.1639133
1	56472.1639162
3	56472.1639192
2	56472.1639221
0	56472.163925
1	56472.1639279
3	56472.1639308
2	56472.1639337
0	56472.1639366
1	56472.1639395
3	56472.1639425
2	56472.1639454
0	56472.1639483
1	56472.1639512
3	56472.1639541
2	56472.163957
0	56472.1639599
1	56472.1639628
3	56472.1639658
2	56472.1639687
0	56472.1639716
1	56472.1639745
3	56472.1639774
2	56472.1639803
0	56472.1639832
1	56472.1639861
3	56472.1639891
2	56472.163992
0	56472.1639949
1	56472.1639978
3	56472.1640007
2	56472.1640036
0	56472.1640065
1	56472.1640094
3	56472.1640124
2	56472.1640153
0	56472.1640182
1	56472.1640211
3	56472.164024
2	56472.1640269
0	56472.1640298
1	56472.1640327
3	56472.1640357
2	56472.1640386
0	56472.1640415
1	56472.1640444
3	56472.1640473
2	56472.1640502
0	56472.1640531
1	56472.164056
3	56472.164059
2	56472.1640619
0	56472.1640648
1	56472.1640677
3	56472.1640706
2	56472.1640735
0	56472.1640764
1	56472.1640794
3	56472.1640823
2	56472.1640852
0	56472.1640881
1	56472.164091
3	56472.1640939
2	56472.1640968
0	56472.1640997
1	56472.1641027
3	56472.1641056
2	56472.1641085
0	56472.1641114
1	56472.1641143
3	56472.1641172
2	56472.1641201
0	56472.164123
1	56472.164126
3	56472.1641289
2	56472.1641318
0	56472.1641347
1	56472.1641376
3	56472.1641405
2	56472.1641434
0	56472.1641463
1	56472.1641493
3	56472.1641522
2	56472.1641551
0	56472.164158
1	56472.1641609
3	56472.1641638
2	56472.1641667
0	56472.1641696
1	56472.1641726
3	56472.1641755
2	56472.1641784
0	56472.1641813
1	56472.1641842
3	56472.1641871
2	56472.16419
0	56472.1641929
1	56472.1641959
3	56472.1641988
2	56472.1642017
0	56472.1642046
1	56472.1642075
3	56472.1642104
2	56472.1642133
0	56472.1642162
1	56472.1642192
3	56472.1642221
2	56472.164225
0	56472.1642279
1	56472.1642308
3	56472.1642337
2	56472.1642366
0	56472.1642395
1	56472.1642425
3	56472.1642454
2	56472.1642483
0	56472.1642512
1	56472.1642541
3	56472.164257
2	56472.1642599
0	56472.1642628
1	56472.1642658
3	56472.1642687
2	56472.1642716
0	56472.1642745
1	56472.1642774
3	56472.1642803
2	56472.1642832
0	56472.1642862
1	56472.1642891
3	56472.164292
2	56472.1642949
0	56472.1642978
1	56472.1643007
3	56472.1643036
2	56472.1643065
0	56472.1643095
1	56472.1643124
3	56472.1643153
2	56472.1643182
0	56472.1643211
1	56472.164324
3	56472.1643269
2	56472.1643298
0	56472.1643328
1	56472.1643357
3	56472.1643386
2	56472.1643415
0	56472.1643444
1	56472.1643473
3	56472.1643502
2	56472.1643531
0	56472.1643561
1	56472.164359
3	56472.1643619
2	56472.1643648
0	56472.1643677
1	56472.1643706
3	56472.1643735
2	56472.1643764
0	56472.1643794
1	56472.1643823
3	56472.1643852
2	56472.1643881
0	56472.164391
1	56472.1643939
3	56472.1643968
2	56472.1643997
0	56472.1644027
1	56472.1644056
3	56472.1644085
2	56472.1644114
0	56472.1644143
1	56472.1644172
3	56472.1644201
2	56472.1644231
0	56472.164426
1	56472.1644289
3	56472.1644318
2	56472.1644347
0	56472.1644376
1	56472.1644405
3	56472.1644434
2	56472.1644464
0	56472.1644493
1	56472.1644522
3	56472.1644551
2	56472.164458
0	56472.1644609
1	56472.1644638
3	56472.1644667
2	56472.1644697
0	56472.1644726
1	56472.1644755
3	56472.1644784
2	56472.1644813
0	56472.1644842
1	56472.1644871
3	56472.16449
2	56472.164493
0	56472.1644959
1	56472.1644988
3	56472.1645017
2	56472.1645046
0	56472.1645075
1	56472.1645104
3	56472.1645133
2	56472.1645163
0	56472.1645192
1	56472.1645221
3	56472.164525
2	56472.1645279
0	56472.1645308
1	56472.1645337
3	56472.1645366
2	56472.1645396
0	56472.1645425
1	56472.1645454
3	56472.1645483
2	56472.1645512
0	56472.1645541
1	56472.164557
3	56472.1645599
2	56472.1645629
0	56472.1645658
1	56472.1645687
3	56472.1645716
2	56472.1645745
0	56472.1645774
1	56472.1645803
3	56472.1645832
2	56472.1645862
0	56472.1645891
1	56472.164592
3	56472.1645949
2	56472.1645978
0	56472.1646007
1	56472.1646036
3	56472.1646065
2	56472.1646095
0	56472.1646124
1	56472.1646153
3	56472.1646182
2	56472.1646211
0	56472.164624
1	56472.1646269
3	56472.1646299
2	56472.1646328
0	56472.1646357
1	56472.1646386
3	56472.1646415
2	56472.1646444
0	56472.1646473
1	56472.1646502
3	56472.1646532
2	56472.1646561
0	56472.164659
1	56472.1646619
3	56472.1646648
2	56472.1646677
0	56472.1646706
1	56472.1646735
3	56472.1646765
2	56472.1646794
0	56472.1646823
1	56472.1646852
3	56472.1646881
2	56472.164691
0	56472.1646939
1	56472.1646968
3	56472.1646998
2	56472.1647027
0	56472.1647056
1	56472.1647085
3	56472.1647114
2	56472.1647143
0	56472.1647172
1	56472.1647201
3	56472.1647231
2	56472.164726
0	56472.1647289
1	56472.1647318
3	56472.1647347
2	56472.1647376
0	56472.1647405
1	56472.1647434
3	56472.1647464
2	56472.1647493
0	56472.1647522
1	56472.1647551
3	56472.164758
2	56472.1647609
0	56472.1647638
1	56472.1647668
3	56472.1647697
2	56472.1647726
0	56472.1647755
1	56472.1647784
3	56472.1647813
2	56472.1647842
0	56472.1647871
1	56472.1647901
3	56472.164793
2	56472.1647959
0	56472.1647988
1	56472.1648017
3	56472.1648046
2	56472.1648075
0	56472.1648104
1	56472.1648134
3	56472.1648163
2	56472.1648192
0	56472.1648221
1	56472.164825
3	56472.1648279
2	56472.1648308
0	56472.1648337
1	56472.1648367
3	56472.1648396
2	56472.1648425
0	56472.1648454
1	56472.1648483
3	56472.1648512
2	56472.1648541
0	56472.164857
1	56472.16486
3	56472.1648629
2	56472.1648658
0	56472.1648687
1	56472.1648716
3	56472.1648745
2	56472.1648774
0	56472.1648803
1	56472.1648833
3	56472.1648862
2	56472.1648891
0	56472.164892
1	56472.1648949
3	56472.1648978
2	56472.1649007
0	56472.1649036
1	56472.1649066
3	56472.1649095
2	56472.1649124
0	56472.1649153
1	56472.1649182
3	56472.1649211
2	56472.164924
0	56472.1649269
1	56472.1649299
3	56472.1649328
2	56472.1649357
0	56472.1649386
1	56472.1649415
3	56472.1649444
2	56472.1649473
0	56472.1649502
1	56472.1649532
3	56472.1649561
2	56472.164959
0	56472.1649619
1	56472.1649648
3	56472.1649677
2	56472.1649706
0	56472.1649736
1	56472.1649765
3	56472.1649794
2	56472.1649823
0	56472.1649852
1	56472.1649881
3	56472.164991
2	56472.1649939
0	56472.1649969
1	56472.1649998
3	56472.1650027
2	56472.1650056
0	56472.1650085
1	56472.1650114
3	56472.1650143
2	56472.1650172
0	56472.1650202
1	56472.1650231
3	56472.165026
2	56472.1650289
0	56472.1650318
1	56472.1650347
3	56472.1650376
2	56472.1650405
0	56472.1650435
1	56472.1650464
3	56472.1650493
2	56472.1650522
0	56472.1650551
1	56472.165058
3	56472.1650609
2	56472.1650638
0	56472.1650668
1	56472.1650697
3	56472.1650726
2	56472.1650755
0	56472.1650784
1	56472.1650813
3	56472.1650842
2	56472.1650871
0	56472.1650901
1	56472.165093
3	56472.1650959
2	56472.1650988
0	56472.1651017
1	56472.1651046
3	56472.1651075
2	56472.1651104
0	56472.1651134
1	56472.1651163
3	56472.1651192
2	56472.1651221
0	56472.165125
1	56472.1651279
3	56472.1651308
2	56472.1651338
0	56472.1651367
1	56472.1651396
3	56472.1651425
2	56472.1651454
0	56472.1651483
1	56472.1651512
3	56472.1651541
2	56472.1651571
0	56472.16516
1	56472.1651629
3	56472.1651658
2	56472.1651687
0	56472.1651716
1	56472.1651745
3	56472.1651774
2	56472.1651804
0	56472.1651833
1	56472.1651862
3	56472.1651891
2	56472.165192
0	56472.1651949
1	56472.1651978
3	56472.1652007
2	56472.1652037
0	56472.1652066
1	56472.1652095
3	56472.1652124
2	56472.1652153
0	56472.1652182
1	56472.1652211
3	56472.165224
2	56472.165227
0	56472.1652299
1	56472.1652328
3	56472.1652357
2	56472.1652386
0	56472.1652415
1	56472.1652444
3	56472.1652473
2	56472.1652503
0	56472.1652532
1	56472.1652561
3	56472.165259
2	56472.1652619
0	56472.1652648
1	56472.1652677
3	56472.1652706
2	56472.1652736
0	56472.1652765
1	56472.1652794
3	56472.1652823
2	56472.1652852
0	56472.1652881
1	56472.165291
3	56472.1652939
2	56472.1652969
0	56472.1652998
1	56472.1653027
3	56472.1653056
2	56472.1653085
0	56472.1653114
1	56472.1653143
3	56472.1653172
2	56472.1653202
0	56472.1653231
1	56472.165326
3	56472.1653289
2	56472.1653318
0	56472.1653347
1	56472.1653376
3	56472.1653406
2	56472.1653435
0	56472.1653464
1	56472.1653493
3	56472.1653522
2	56472.1653551
0	56472.165358
1	56472.1653609
3	56472.1653639
2	56472.1653668
0	56472.1653697
1	56472.1653726
3	56472.1653755
2	56472.1653784
0	56472.1653813
1	56472.1653842
3	56472.1653872
2	56472.1653901
0	56472.165393
1	56472.1653959
3	56472.1653988
2	56472.1654017
0	56472.1654046
1	56472.1654075
3	56472.1654105
2	56472.1654134
0	56472.1654163
1	56472.1654192
3	56472.1654221
2	56472.165425
0	56472.1654279
1	56472.1654308
3	56472.1654338
2	56472.1654367
0	56472.1654396
1	56472.1654425
3	56472.1654454
2	56472.1654483
0	56472.1654512
1	56472.1654541
3	56472.1654571
2	56472.16546
0	56472.1654629
1	56472.1654658
3	56472.1654687
2	56472.1654716
0	56472.1654745
1	56472.1654775
3	56472.1654804
2	56472.1654833
0	56472.1654862
1	56472.1654891
3	56472.165492
2	56472.1654949
0	56472.1654978
1	56472.1655008
3	56472.1655037
2	56472.1655066
0	56472.1655095
1	56472.1655124
3	56472.1655153
2	56472.1655182
0	56472.1655211
1	56472.1655241
3	56472.165527
2	56472.1655299
0	56472.1655328
1	56472.1655357
3	56472.1655386
2	56472.1655415
0	56472.1655444
1	56472.1655474
3	56472.1655503
2	56472.1655532
0	56472.1655561
1	56472.165559
3	56472.1655619
2	56472.1655648
0	56472.1655677
1	56472.1655707
3	56472.1655736
2	56472.1655765
0	56472.1655794
1	56472.1655823
3	56472.1655852
2	56472.1655881
0	56472.165591
1	56472.165594
3	56472.1655969
2	56472.1655998
0	56472.1656027
1	56472.1656056
3	56472.1656085
2	56472.1656114
0	56472.1656143
1	56472.1656173
3	56472.1656202
2	56472.1656231
0	56472.165626
1	56472.1656289
3	56472.1656318
0	56472.1656347
2	56472.1656376
1	56472.1656406
3	56472.1656435
0	56472.1656464
2	56472.1656493
1	56472.1656522
3	56472.1656551
0	56472.165658
2	56472.1656609
1	56472.1656639
3	56472.1656668
0	56472.1656697
2	56472.1656726
1	56472.1656755
3	56472.1656784
0	56472.1656813
2	56472.1656843
1	56472.1656872
3	56472.1656901
0	56472.165693
2	56472.1656959
1	56472.1656988
3	56472.1657017
0	56472.1657046
2	56472.1657076
1	56472.1657105
3	56472.1657134
0	56472.1657163
2	56472.1657192
1	56472.1657221
3	56472.165725
0	56472.1657279
2	56472.1657309
1	56472.1657338
3	56472.1657367
0	56472.1657396
2	56472.1657425
1	56472.1657454
3	56472.1657483
0	56472.1657512
2	56472.1657542
1	56472.1657571
3	56472.16576
0	56472.1657629
2	56472.1657658
1	56472.1657687
3	56472.1657716
0	56472.1657745
2	56472.1657775
1	56472.1657804
3	56472.1657833
0	56472.1657862
2	56472.1657891
1	56472.165792
3	56472.1657949
0	56472.1657978
2	56472.1658008
1	56472.1658037
3	56472.1658066
0	56472.1658095
2	56472.1658124
1	56472.1658153
3	56472.1658182
0	56472.1658211
2	56472.1658241
1	56472.165827
3	56472.1658299
0	56472.1658328
2	56472.1658357
1	56472.1658386
3	56472.1658415
0	56472.1658445
2	56472.1658474
1	56472.1658503
3	56472.1658532
0	56472.1658561
2	56472.165859
1	56472.1658619
3	56472.1658648
0	56472.1658678
2	56472.1658707
1	56472.1658736
3	56472.1658765
0	56472.1658794
2	56472.1658823
1	56472.1658852
3	56472.1658881
0	56472.1658911
2	56472.165894
1	56472.1658969
3	56472.1658998
0	56472.1659027
2	56472.1659056
1	56472.1659085
3	56472.1659114
2	56472.1659144
0	56472.1659173
1	56472.1659202
3	56472.1659231
2	56472.165926
0	56472.1659289
1	56472.1659318
3	56472.1659347
2	56472.1659377
0	56472.1659406
1	56472.1659435
3	56472.1659464
2	56472.1659493
0	56472.1659522
1	56472.1659551
3	56472.165958
2	56472.165961
0	56472.1659639
1	56472.1659668
3	56472.1659697
2	56472.1659726
0	56472.1659755
1	56472.1659784
3	56472.1659814
2	56472.1659843
0	56472.1659872
1	56472.1659901
3	56472.165993
2	56472.1659959
0	56472.1659988
1	56472.1660017
3	56472.1660046
2	56472.1660076
0	56472.1660105
1	56472.1660134
3	56472.1660163
2	56472.1660192
0	56472.1660221
1	56472.166025
3	56472.1660279
2	56472.1660309
0	56472.1660338
1	56472.1660367
3	56472.1660396
2	56472.1660425
0	56472.1660454
1	56472.1660483
3	56472.1660513
2	56472.1660542
0	56472.1660571
1	56472.16606
3	56472.1660629
2	56472.1660658
0	56472.1660687
1	56472.1660716
3	56472.1660746
2	56472.1660775
0	56472.1660804
1	56472.1660833
3	56472.1660862
2	56472.1660891
0	56472.166092
1	56472.1660949
3	56472.1660979
2	56472.1661008
0	56472.1661037
1	56472.1661066
3	56472.1661095
2	56472.1661124
0	56472.1661153
1	56472.1661182
3	56472.1661212
2	56472.1661241
0	56472.166127
1	56472.1661299
3	56472.1661328
2	56472.1661357
0	56472.1661386
1	56472.1661415
3	56472.1661445
2	56472.1661474
0	56472.1661503
1	56472.1661532
3	56472.1661561
2	56472.166159
0	56472.1661619
1	56472.1661648
3	56472.1661678
2	56472.1661707
0	56472.1661736
1	56472.1661765
3	56472.1661794
2	56472.1661823
0	56472.1661852
1	56472.1661881
3	56472.1661911
2	56472.166194
0	56472.1661969
1	56472.1661998
3	56472.1662027
2	56472.1662056
0	56472.1662085
1	56472.1662115
3	56472.1662144
2	56472.1662173
0	56472.1662202
1	56472.1662231
3	56472.166226
2	56472.1662289
0	56472.1662318
1	56472.1662348
3	56472.1662377
2	56472.1662406
0	56472.1662435
1	56472.1662464
3	56472.1662493
2	56472.1662522
0	56472.1662551
1	56472.1662581
3	56472.166261
2	56472.1662639
0	56472.1662668
1	56472.1662697
3	56472.1662726
2	56472.1662755
0	56472.1662784
1	56472.1662814
3	56472.1662843
2	56472.1662872
0	56472.1662901
1	56472.166293
3	56472.1662959
2	56472.1662988
0	56472.1663017
1	56472.1663047
3	56472.1663076
2	56472.1663105
0	56472.1663134
1	56472.1663163
3	56472.1663192
2	56472.1663221
0	56472.166325
1	56472.166328
3	56472.1663309
2	56472.1663338
0	56472.1663367
1	56472.1663396
3	56472.1663425
2	56472.1663454
0	56472.1663483
1	56472.1663513
3	56472.1663542
2	56472.1663571
0	56472.16636
1	56472.1663629
3	56472.1663658
2	56472.1663687
0	56472.1663716
1	56472.1663746
3	56472.1663775
2	56472.1663804
0	56472.1663833
1	56472.1663862
3	56472.1663891
2	56472.166392
0	56472.166395
1	56472.1663979
3	56472.1664008
2	56472.1664037
0	56472.1664066
1	56472.1664095
3	56472.1664124
2	56472.1664153
0	56472.1664183
1	56472.1664212
3	56472.1664241
0	56472.166427
2	56472.1664299
1	56472.1664328
3	56472.1664357
0	56472.1664386
2	56472.1664416
1	56472.1664445
3	56472.1664474
0	56472.1664503
2	56472.1664532
1	56472.1664561
3	56472.166459
0	56472.1664619
2	56472.1664649
1	56472.1664678
3	56472.1664707
0	56472.1664736
2	56472.1664765
1	56472.1664794
3	56472.1664823
0	56472.1664852
2	56472.1664882
1	56472.1664911
3	56472.166494
0	56472.1664969
2	56472.1664998
1	56472.1665027
3	56472.1665056
0	56472.1665085
2	56472.1665115
1	56472.1665144
3	56472.1665173
0	56472.1665202
2	56472.1665231
1	56472.166526
3	56472.1665289
0	56472.1665318
2	56472.1665348
1	56472.1665377
3	56472.1665406
0	56472.1665435
2	56472.1665464
1	56472.1665493
3	56472.1665522
0	56472.1665552
2	56472.1665581
1	56472.166561
3	56472.1665639
0	56472.1665668
2	56472.1665697
1	56472.1665726
3	56472.1665755
0	56472.1665785
2	56472.1665814
1	56472.1665843
3	56472.1665872
0	56472.1665901
2	56472.166593
1	56472.1665959
3	56472.1665988
0	56472.1666018
2	56472.1666047
1	56472.1666076
3	56472.1666105
0	56472.1666134
2	56472.1666163
1	56472.1666192
3	56472.1666221
0	56472.1666251
2	56472.166628
1	56472.1666309
3	56472.1666338
0	56472.1666367
2	56472.1666396
1	56472.1666425
3	56472.1666454
0	56472.1666484
2	56472.1666513
1	56472.1666542
3	56472.1666571
0	56472.16666
2	56472.1666629
1	56472.1666658
3	56472.1666687
0	56472.1666717
2	56472.1666746
1	56472.1666775
3	56472.1666804
0	56472.1666833
2	56472.1666862
1	56472.1666891
3	56472.166692
0	56472.166695
2	56472.1666979
1	56472.1667008
3	56472.1667037
0	56472.1667066
1	56472.1667095
2	56472.1667124
3	56472.1667153
0	56472.1667183
1	56472.1667212
2	56472.1667241
3	56472.166727
0	56472.1667299
1	56472.1667328
2	56472.1667357
3	56472.1667386
0	56472.1667416
1	56472.1667445
2	56472.1667474
3	56472.1667503
0	56472.1667532
1	56472.1667561
2	56472.166759
3	56472.166762
0	56472.1667649
1	56472.1667678
2	56472.1667707
3	56472.1667736
0	56472.1667765
1	56472.1667794
2	56472.1667823
3	56472.1667853
0	56472.1667882
1	56472.1667911
2	56472.166794
3	56472.1667969
0	56472.1667998
1	56472.1668027
2	56472.1668056
3	56472.1668086
0	56472.1668115
1	56472.1668144
2	56472.1668173
3	56472.1668202
0	56472.1668231
1	56472.166826
2	56472.1668289
3	56472.1668319
0	56472.1668348
1	56472.1668377
2	56472.1668406
3	56472.1668435
0	56472.1668464
1	56472.1668493
2	56472.1668522
3	56472.1668552
0	56472.1668581
1	56472.166861
2	56472.1668639
3	56472.1668668
0	56472.1668697
1	56472.1668726
2	56472.1668755
3	56472.1668785
0	56472.1668814
1	56472.1668843
2	56472.1668872
3	56472.1668901
0	56472.166893
1	56472.1668959
2	56472.1668989
3	56472.1669018
0	56472.1669047
1	56472.1669076
2	56472.1669105
3	56472.1669134
0	56472.1669163
1	56472.1669192
2	56472.1669222
3	56472.1669251
0	56472.166928
1	56472.1669309
2	56472.1669338
3	56472.1669367
0	56472.1669396
1	56472.1669425
2	56472.1669455
3	56472.1669484
0	56472.1669513
1	56472.1669542
2	56472.1669571
3	56472.16696
0	56472.1669629
1	56472.1669658
2	56472.1669688
3	56472.1669717
0	56472.1669746
1	56472.1669775
2	56472.1669804
3	56472.1669833
0	56472.1669862
1	56472.1669891
2	56472.1669921
3	56472.166995
0	56472.1669979
1	56472.1670008
2	56472.1670037
3	56472.1670066
0	56472.1670095
1	56472.1670124
2	56472.1670154
3	56472.1670183
0	56472.1670212
1	56472.1670241
2	56472.167027
3	56472.1670299
0	56472.1670328
1	56472.1670357
2	56472.1670387
3	56472.1670416
0	56472.1670445
1	56472.1670474
2	56472.1670503
3	56472.1670532
0	56472.1670561
1	56472.167059
2	56472.167062
3	56472.1670649
0	56472.1670678
1	56472.1670707
2	56472.1670736
3	56472.1670765
0	56472.1670794
1	56472.1670823
2	56472.1670853
3	56472.1670882
0	56472.1670911
1	56472.167094
2	56472.1670969
3	56472.1670998
0	56472.1671027
1	56472.1671057
2	56472.1671086
3	56472.1671115
0	56472.1671144
1	56472.1671173
2	56472.1671202
3	56472.1671231
0	56472.167126
1	56472.167129
2	56472.1671319
3	56472.1671348
0	56472.1671377
1	56472.1671406
2	56472.1671435
3	56472.1671464
0	56472.1671493
1	56472.1671523
2	56472.1671552
3	56472.1671581
0	56472.167161
1	56472.1671639
2	56472.1671668
3	56472.1671697
0	56472.1671726
1	56472.1671756
2	56472.1671785
3	56472.1671814
0	56472.1671843
1	56472.1671872
2	56472.1671901
3	56472.167193
0	56472.1671959
1	56472.1671989
3	56472.1672018
2	56472.1672047
0	56472.1672076
1	56472.1672105
3	56472.1672134
2	56472.1672163
0	56472.1672192
1	56472.1672222
3	56472.1672251
2	56472.167228
0	56472.1672309
1	56472.1672338
3	56472.1672367
2	56472.1672396
0	56472.1672425
1	56472.1672455
3	56472.1672484
0	56472.1672513
2	56472.1672542
1	56472.1672571
3	56472.16726
0	56472.1672629
2	56472.1672659
1	56472.1672688
3	56472.1672717
0	56472.1672746
2	56472.1672775
1	56472.1672804
3	56472.1672833
0	56472.1672862
2	56472.1672892
1	56472.1672921
3	56472.167295
0	56472.1672979
2	56472.1673008
1	56472.1673037
3	56472.1673066
0	56472.1673095
2	56472.1673125
1	56472.1673154
3	56472.1673183
0	56472.1673212
2	56472.1673241
1	56472.167327
3	56472.1673299
0	56472.1673328
2	56472.1673358
1	56472.1673387
3	56472.1673416
0	56472.1673445
2	56472.1673474
1	56472.1673503
3	56472.1673532
0	56472.1673561
2	56472.1673591
1	56472.167362
3	56472.1673649
0	56472.1673678
2	56472.1673707
1	56472.1673736
3	56472.1673765
0	56472.1673794
2	56472.1673824
1	56472.1673853
3	56472.1673882
0	56472.1673911
2	56472.167394
1	56472.1673969
3	56472.1673998
2	56472.1674027
0	56472.1674057
1	56472.1674086
3	56472.1674115
2	56472.1674144
0	56472.1674173
1	56472.1674202
3	56472.1674231
2	56472.167426
0	56472.167429
1	56472.1674319
3	56472.1674348
2	56472.1674377
0	56472.1674406
1	56472.1674435
3	56472.1674464
2	56472.1674493
0	56472.1674523
1	56472.1674552
3	56472.1674581
2	56472.167461
0	56472.1674639
1	56472.1674668
3	56472.1674697
2	56472.1674727
0	56472.1674756
1	56472.1674785
3	56472.1674814
2	56472.1674843
0	56472.1674872
1	56472.1674901
3	56472.167493
2	56472.167496
0	56472.1674989
1	56472.1675018
3	56472.1675047
2	56472.1675076
0	56472.1675105
1	56472.1675134
3	56472.1675163
2	56472.1675193
0	56472.1675222
1	56472.1675251
3	56472.167528
2	56472.1675309
0	56472.1675338
1	56472.1675367
3	56472.1675396
2	56472.1675426
0	56472.1675455
1	56472.1675484
3	56472.1675513
2	56472.1675542
0	56472.1675571
1	56472.16756
3	56472.1675629
2	56472.1675659
0	56472.1675688
1	56472.1675717
3	56472.1675746
2	56472.1675775
0	56472.1675804
1	56472.1675833
3	56472.1675862
2	56472.1675892
0	56472.1675921
1	56472.167595
3	56472.1675979
2	56472.1676008
0	56472.1676037
1	56472.1676066
3	56472.1676095
2	56472.1676125
0	56472.1676154
1	56472.1676183
3	56472.1676212
2	56472.1676241
0	56472.167627
1	56472.1676299
3	56472.1676329
2	56472.1676358
0	56472.1676387
1	56472.1676416
3	56472.1676445
2	56472.1676474
0	56472.1676503
1	56472.1676532
3	56472.1676562
2	56472.1676591
0	56472.167662
1	56472.1676649
3	56472.1676678
2	56472.1676707
0	56472.1676736
1	56472.1676765
3	56472.1676795
2	56472.1676824
0	56472.1676853
1	56472.1676882
3	56472.1676911
2	56472.167694
0	56472.1676969
1	56472.1676998
3	56472.1677028
2	56472.1677057
0	56472.1677086
1	56472.1677115
3	56472.1677144
2	56472.1677173
0	56472.1677202
1	56472.1677231
3	56472.1677261
2	56472.167729
0	56472.1677319
1	56472.1677348
3	56472.1677377
2	56472.1677406
0	56472.1677435
1	56472.1677464
3	56472.1677494
2	56472.1677523
0	56472.1677552
1	56472.1677581
3	56472.167761
2	56472.1677639
0	56472.1677668
1	56472.1677697
3	56472.1677727
2	56472.1677756
0	56472.1677785
1	56472.1677814
3	56472.1677843
2	56472.1677872
0	56472.1677901
1	56472.167793
3	56472.167796
2	56472.1677989
0	56472.1678018
1	56472.1678047
3	56472.1678076
2	56472.1678105
0	56472.1678134
1	56472.1678163
3	56472.1678193
2	56472.1678222
0	56472.1678251
1	56472.167828
3	56472.1678309
2	56472.1678338
0	56472.1678367
1	56472.1678397
3	56472.1678426
2	56472.1678455
0	56472.1678484
1	56472.1678513
3	56472.1678542
2	56472.1678571
0	56472.16786
1	56472.167863
3	56472.1678659
2	56472.1678688
0	56472.1678717
1	56472.1678746
3	56472.1678775
2	56472.1678804
0	56472.1678833
1	56472.1678863
3	56472.1678892
2	56472.1678921
0	56472.167895
1	56472.1678979
3	56472.1679008
2	56472.1679037
0	56472.1679066
1	56472.1679096
3	56472.1679125
2	56472.1679154
0	56472.1679183
1	56472.1679212
3	56472.1679241
2	56472.167927
0	56472.1679299
1	56472.1679329
3	56472.1679358
2	56472.1679387
0	56472.1679416
1	56472.1679445
3	56472.1679474
2	56472.1679503
0	56472.1679532
1	56472.1679562
3	56472.1679591
2	56472.167962
0	56472.1679649
1	56472.1679678
3	56472.1679707
2	56472.1679736
0	56472.1679766
1	56472.1679795
3	56472.1679824
2	56472.1679853
0	56472.1679882
1	56472.1679911
3	56472.167994
2	56472.1679969
0	56472.1679999
1	56472.1680028
3	56472.1680057
2	56472.1680086
0	56472.1680115
1	56472.1680144
3	56472.1680173
2	56472.1680202
0	56472.1680232
1	56472.1680261
3	56472.168029
2	56472.1680319
0	56472.1680348
1	56472.1680377
3	56472.1680406
2	56472.1680435
0	56472.1680465
1	56472.1680494
3	56472.1680523
2	56472.1680552
0	56472.1680581
1	56472.168061
3	56472.1680639
2	56472.1680668
0	56472.1680698
1	56472.1680727
3	56472.1680756
2	56472.1680785
0	56472.1680814
1	56472.1680843
3	56472.1680872
2	56472.1680901
0	56472.1680931
1	56472.168096
3	56472.1680989
2	56472.1681018
0	56472.1681047
1	56472.1681076
3	56472.1681105
2	56472.1681134
0	56472.1681164
1	56472.1681193
3	56472.1681222
2	56472.1681251
0	56472.168128
1	56472.1681309
3	56472.1681338
2	56472.1681367
0	56472.1681397
1	56472.1681426
3	56472.1681455
2	56472.1681484
0	56472.1681513
1	56472.1681542
3	56472.1681571
2	56472.16816
0	56472.168163
1	56472.1681659
3	56472.1681688
2	56472.1681717
0	56472.1681746
1	56472.1681775
3	56472.1681804
2	56472.1681834
0	56472.1681863
1	56472.1681892
3	56472.1681921
2	56472.168195
0	56472.1681979
1	56472.1682008
3	56472.1682037
2	56472.1682067
0	56472.1682096
1	56472.1682125
3	56472.1682154
2	56472.1682183
0	56472.1682212
1	56472.1682241
3	56472.168227
2	56472.16823
0	56472.1682329
1	56472.1682358
3	56472.1682387
2	56472.1682416
0	56472.1682445
1	56472.1682474
3	56472.1682503
2	56472.1682533
0	56472.1682562
1	56472.1682591
3	56472.168262
2	56472.1682649
0	56472.1682678
1	56472.1682707
3	56472.1682736
2	56472.1682766
0	56472.1682795
3	56472.1682824
1	56472.1682853
2	56472.1682882
0	56472.1682911
3	56472.168294
1	56472.1682969
2	56472.1682999
0	56472.1683028
3	56472.1683057
1	56472.1683086
2	56472.1683115
0	56472.1683144
3	56472.1683173
1	56472.1683202
2	56472.1683232
0	56472.1683261
3	56472.168329
1	56472.1683319
2	56472.1683348
0	56472.1683377
3	56472.1683406
1	56472.1683436
2	56472.1683465
0	56472.1683494
3	56472.1683523
1	56472.1683552
2	56472.1683581
0	56472.168361
3	56472.1683639
1	56472.1683669
2	56472.1683698
0	56472.1683727
3	56472.1683756
1	56472.1683785
2	56472.1683814
3	56472.1683843
0	56472.1683872
1	56472.1683902
2	56472.1683931
3	56472.168396
0	56472.1683989
1	56472.1684018
2	56472.1684047
3	56472.1684076
0	56472.1684105
1	56472.1684135
2	56472.1684164
3	56472.1684193
0	56472.1684222
1	56472.1684251
2	56472.168428
3	56472.1684309
0	56472.1684338
1	56472.1684368
2	56472.1684397
3	56472.1684426
0	56472.1684455
1	56472.1684484
2	56472.1684513
3	56472.1684542
0	56472.1684571
1	56472.1684601
2	56472.168463
3	56472.1684659
0	56472.1684688
1	56472.1684717
2	56472.1684746
3	56472.1684775
0	56472.1684804
1	56472.1684834
2	56472.1684863
3	56472.1684892
0	56472.1684921
1	56472.168495
2	56472.1684979
3	56472.1685008
0	56472.1685037
1	56472.1685067
2	56472.1685096
3	56472.1685125
0	56472.1685154
1	56472.1685183
2	56472.1685212
3	56472.1685241
0	56472.168527
1	56472.16853
2	56472.1685329
3	56472.1685358
0	56472.1685387
1	56472.1685416
2	56472.1685445
3	56472.1685474
0	56472.1685504
1	56472.1685533
2	56472.1685562
3	56472.1685591
0	56472.168562
1	56472.1685649
2	56472.1685678
3	56472.1685707
0	56472.1685737
1	56472.1685766
3	56472.1685795
2	56472.1685824
0	56472.1685853
1	56472.1685882
3	56472.1685911
2	56472.168594
0	56472.168597
1	56472.1685999
3	56472.1686028
2	56472.1686057
0	56472.1686086
1	56472.1686115
3	56472.1686144
2	56472.1686173
0	56472.1686203
1	56472.1686232
3	56472.1686261
2	56472.168629
0	56472.1686319
1	56472.1686348
3	56472.1686377
2	56472.1686406
0	56472.1686436
1	56472.1686465
3	56472.1686494
2	56472.1686523
0	56472.1686552
1	56472.1686581
3	56472.168661
2	56472.1686639
0	56472.1686669
1	56472.1686698
3	56472.1686727
2	56472.1686756
0	56472.1686785
1	56472.1686814
3	56472.1686843
2	56472.1686872
0	56472.1686902
1	56472.1686931
3	56472.168696
2	56472.1686989
0	56472.1687018
1	56472.1687047
3	56472.1687076
2	56472.1687106
0	56472.1687135
1	56472.1687164
2	56472.1687193
3	56472.1687222
0	56472.1687251
1	56472.168728
2	56472.1687309
3	56472.1687339
0	56472.1687368
1	56472.1687397
2	56472.1687426
3	56472.1687455
0	56472.1687484
1	56472.1687513
2	56472.1687542
3	56472.1687572
0	56472.1687601
1	56472.168763
2	56472.1687659
3	56472.1687688
0	56472.1687717
1	56472.1687746
2	56472.1687775
3	56472.1687805
0	56472.1687834
1	56472.1687863
2	56472.1687892
3	56472.1687921
0	56472.168795
1	56472.1687979
2	56472.1688008
3	56472.1688038
0	56472.1688067
1	56472.1688096
2	56472.1688125
3	56472.1688154
0	56472.1688183
1	56472.1688212
2	56472.1688241
3	56472.1688271
0	56472.16883
1	56472.1688329
2	56472.1688358
3	56472.1688387
0	56472.1688416
1	56472.1688445
2	56472.1688474
3	56472.1688504
0	56472.1688533
1	56472.1688562
2	56472.1688591
3	56472.168862
0	56472.1688649
1	56472.1688678
2	56472.1688707
3	56472.1688737
0	56472.1688766
1	56472.1688795
2	56472.1688824
3	56472.1688853
0	56472.1688882
1	56472.1688911
2	56472.1688941
3	56472.168897
0	56472.1688999
1	56472.1689028
2	56472.1689057
3	56472.1689086
0	56472.1689115
1	56472.1689144
2	56472.1689174
0	56472.1689203
3	56472.1689232
1	56472.1689261
2	56472.168929
0	56472.1689319
3	56472.1689348
1	56472.1689377
2	56472.1689407
0	56472.1689436
3	56472.1689465
1	56472.1689494
2	56472.1689523
0	56472.1689552
3	56472.1689581
1	56472.168961
2	56472.168964
0	56472.1689669
3	56472.1689698
1	56472.1689727
2	56472.1689756
0	56472.1689785
3	56472.1689814
1	56472.1689843
2	56472.1689873
0	56472.1689902
3	56472.1689931
1	56472.168996
2	56472.1689989
0	56472.1690018
3	56472.1690047
1	56472.1690076
2	56472.1690106
0	56472.1690135
3	56472.1690164
1	56472.1690193
2	56472.1690222
0	56472.1690251
3	56472.169028
1	56472.169031
2	56472.1690339
0	56472.1690368
3	56472.1690397
1	56472.1690426
2	56472.1690455
0	56472.1690484
3	56472.1690513
1	56472.1690543
2	56472.1690572
0	56472.1690601
3	56472.169063
1	56472.1690659
0	56472.1690688
2	56472.1690717
3	56472.1690746
1	56472.1690776
0	56472.1690805
2	56472.1690834
3	56472.1690863
1	56472.1690892
0	56472.1690921
2	56472.169095
3	56472.1690979
1	56472.1691009
0	56472.1691038
2	56472.1691067
3	56472.1691096
1	56472.1691125
0	56472.1691154
2	56472.1691183
3	56472.1691212
1	56472.1691242
0	56472.1691271
2	56472.16913
3	56472.1691329
1	56472.1691358
0	56472.1691387
2	56472.1691416
3	56472.1691445
1	56472.1691475
0	56472.1691504
2	56472.1691533
3	56472.1691562
1	56472.1691591
0	56472.169162
2	56472.1691649
3	56472.1691678
1	56472.1691708
0	56472.1691737
2	56472.1691766
3	56472.1691795
1	56472.1691824
0	56472.1691853
2	56472.1691882
3	56472.1691911
1	56472.1691941
0	56472.169197
2	56472.1691999
3	56472.1692028
1	56472.1692057
0	56472.1692086
2	56472.1692115
3	56472.1692144
1	56472.1692174
0	56472.1692203
2	56472.1692232
3	56472.1692261
1	56472.169229
0	56472.1692319
2	56472.1692348
3	56472.1692377
1	56472.1692407
0	56472.1692436
2	56472.1692465
3	56472.1692494
1	56472.1692523
0	56472.1692552
2	56472.1692581
3	56472.1692611
1	56472.169264
0	56472.1692669
2	56472.1692698
3	56472.1692727
1	56472.1692756
0	56472.1692785
2	56472.1692814
3	56472.1692844
1	56472.1692873
0	56472.1692902
2	56472.1692931
3	56472.169296
1	56472.1692989
0	56472.1693018
2	56472.1693047
3	56472.1693077
1	56472.1693106
0	56472.1693135
2	56472.1693164
3	56472.1693193
1	56472.1693222
0	56472.1693251
2	56472.169328
3	56472.169331
1	56472.1693339
0	56472.1693368
2	56472.1693397
3	56472.1693426
1	56472.1693455
2	56472.1693484
0	56472.1693513
3	56472.1693543
1	56472.1693572
2	56472.1693601
3	56472.169363
0	56472.1693659
1	56472.1693688
2	56472.1693717
3	56472.1693746
0	56472.1693776
1	56472.1693805
3	56472.1693834
2	56472.1693863
0	56472.1693892
1	56472.1693921
3	56472.169395
2	56472.169398
0	56472.1694009
1	56472.1694038
3	56472.1694067
2	56472.1694096
0	56472.1694125
1	56472.1694154
3	56472.1694183
2	56472.1694213
0	56472.1694242
1	56472.1694271
3	56472.16943
2	56472.1694329
0	56472.1694358
1	56472.1694387
3	56472.1694416
2	56472.1694446
0	56472.1694475
1	56472.1694504
3	56472.1694533
2	56472.1694562
0	56472.1694591
1	56472.169462
3	56472.1694649
2	56472.1694679
0	56472.1694708
1	56472.1694737
3	56472.1694766
2	56472.1694795
0	56472.1694824
1	56472.1694853
3	56472.1694882
2	56472.1694912
0	56472.1694941
1	56472.169497
3	56472.1694999
2	56472.1695028
0	56472.1695057
1	56472.1695086
3	56472.1695115
2	56472.1695145
0	56472.1695174
1	56472.1695203
3	56472.1695232
2	56472.1695261
0	56472.169529
1	56472.1695319
3	56472.1695348
2	56472.1695378
0	56472.1695407
1	56472.1695436
3	56472.1695465
2	56472.1695494
0	56472.1695523
1	56472.1695552
3	56472.1695581
2	56472.1695611
0	56472.169564
1	56472.1695669
3	56472.1695698
2	56472.1695727
0	56472.1695756
1	56472.1695785
3	56472.1695814
2	56472.1695844
0	56472.1695873
1	56472.1695902
3	56472.1695931
2	56472.169596
0	56472.1695989
1	56472.1696018
3	56472.1696048
2	56472.1696077
0	56472.1696106
1	56472.1696135
3	56472.1696164
2	56472.1696193
0	56472.1696222
1	56472.1696251
3	56472.1696281
2	56472.169631
0	56472.1696339
1	56472.1696368
3	56472.1696397
2	56472.1696426
0	56472.1696455
1	56472.1696484
3	56472.1696514
2	56472.1696543
0	56472.1696572
1	56472.1696601
3	56472.169663
2	56472.1696659
0	56472.1696688
1	56472.1696717
3	56472.1696747
2	56472.1696776
0	56472.1696805
1	56472.1696834
3	56472.1696863
2	56472.1696892
0	56472.1696921
1	56472.169695
3	56472.169698
2	56472.1697009
0	56472.1697038
1	56472.1697067
3	56472.1697096
2	56472.1697125
0	56472.1697154
1	56472.1697183
3	56472.1697213
2	56472.1697242
0	56472.1697271
1	56472.16973
3	56472.1697329
2	56472.1697358
0	56472.1697387
1	56472.1697416
3	56472.1697446
2	56472.1697475
0	56472.1697504
1	56472.1697533
3	56472.1697562
2	56472.1697591
0	56472.169762
1	56472.169765
3	56472.1697679
2	56472.1697708
0	56472.1697737
1	56472.1697766
3	56472.1697795
2	56472.1697824
0	56472.1697853
1	56472.1697883
3	56472.1697912
2	56472.1697941
0	56472.169797
1	56472.1697999
3	56472.1698028
2	56472.1698057
0	56472.1698086
1	56472.1698116
3	56472.1698145
2	56472.1698174
0	56472.1698203
1	56472.1698232
3	56472.1698261
2	56472.169829
0	56472.1698319
1	56472.1698349
3	56472.1698378
2	56472.1698407
0	56472.1698436
1	56472.1698465
3	56472.1698494
2	56472.1698523
0	56472.1698552
1	56472.1698582
3	56472.1698611
2	56472.169864
0	56472.1698669
1	56472.1698698
3	56472.1698727
2	56472.1698756
0	56472.1698785
1	56472.1698815
3	56472.1698844
2	56472.1698873
0	56472.1698902
1	56472.1698931
3	56472.169896
2	56472.1698989
0	56472.1699018
1	56472.1699048
3	56472.1699077
2	56472.1699106
0	56472.1699135
1	56472.1699164
3	56472.1699193
2	56472.1699222
0	56472.1699251
1	56472.1699281
3	56472.169931
2	56472.1699339
0	56472.1699368
1	56472.1699397
3	56472.1699426
2	56472.1699455
0	56472.1699484
1	56472.1699514
3	56472.1699543
2	56472.1699572
0	56472.1699601
1	56472.169963
3	56472.1699659
2	56472.1699688
0	56472.1699718
1	56472.1699747
3	56472.1699776
2	56472.1699805
0	56472.1699834
1	56472.1699863
3	56472.1699892
2	56472.1699921
0	56472.1699951
1	56472.169998
3	56472.1700009
2	56472.1700038
0	56472.1700067
1	56472.1700096
3	56472.1700125
2	56472.1700154
0	56472.1700184
1	56472.1700213
3	56472.1700242
2	56472.1700271
0	56472.17003
1	56472.1700329
3	56472.1700358
2	56472.1700387
0	56472.1700417
1	56472.1700446
3	56472.1700475
2	56472.1700504
0	56472.1700533
1	56472.1700562
3	56472.1700591
2	56472.170062
0	56472.170065
1	56472.1700679
3	56472.1700708
2	56472.1700737
0	56472.1700766
1	56472.1700795
3	56472.1700824
2	56472.1700853
0	56472.1700883
1	56472.1700912
3	56472.1700941
2	56472.170097
0	56472.1700999
1	56472.1701028
3	56472.1701057
2	56472.1701086
0	56472.1701116
1	56472.1701145
3	56472.1701174
2	56472.1701203
0	56472.1701232
1	56472.1701261
3	56472.170129
2	56472.170132
0	56472.1701349
1	56472.1701378
3	56472.1701407
2	56472.1701436
0	56472.1701465
1	56472.1701494
3	56472.1701523
2	56472.1701553
0	56472.1701582
1	56472.1701611
3	56472.170164
2	56472.1701669
0	56472.1701698
1	56472.1701727
3	56472.1701756
2	56472.1701786
0	56472.1701815
1	56472.1701844
3	56472.1701873
2	56472.1701902
0	56472.1701931
1	56472.170196
3	56472.1701989
2	56472.1702019
0	56472.1702048
1	56472.1702077
3	56472.1702106
2	56472.1702135
0	56472.1702164
1	56472.1702193
3	56472.1702222
2	56472.1702252
0	56472.1702281
1	56472.170231
3	56472.1702339
2	56472.1702368
0	56472.1702397
1	56472.1702426
3	56472.1702455
2	56472.1702485
0	56472.1702514
1	56472.1702543
3	56472.1702572
2	56472.1702601
0	56472.170263
1	56472.1702659
3	56472.1702688
2	56472.1702718
0	56472.1702747
1	56472.1702776
3	56472.1702805
2	56472.1702834
0	56472.1702863
1	56472.1702892
3	56472.1702921
2	56472.1702951
0	56472.170298
1	56472.1703009
3	56472.1703038
2	56472.1703067
0	56472.1703096
1	56472.1703125
3	56472.1703154
2	56472.1703184
0	56472.1703213
1	56472.1703242
3	56472.1703271
2	56472.17033
0	56472.1703329
1	56472.1703358
3	56472.1703388
2	56472.1703417
0	56472.1703446
1	56472.1703475
3	56472.1703504
2	56472.1703533
0	56472.1703562
1	56472.1703591
3	56472.1703621
2	56472.170365
0	56472.1703679
1	56472.1703708
3	56472.1703737
2	56472.1703766
0	56472.1703795
1	56472.1703824
3	56472.1703854
2	56472.1703883
0	56472.1703912
1	56472.1703941
3	56472.170397
2	56472.1703999
0	56472.1704028
1	56472.1704057
3	56472.1704087
2	56472.1704116
0	56472.1704145
1	56472.1704174
3	56472.1704203
2	56472.1704232
0	56472.1704261
1	56472.170429
3	56472.170432
2	56472.1704349
0	56472.1704378
1	56472.1704407
3	56472.1704436
2	56472.1704465
0	56472.1704494
1	56472.1704523
3	56472.1704553
2	56472.1704582
0	56472.1704611
1	56472.170464
3	56472.1704669
2	56472.1704698
0	56472.1704727
1	56472.1704757
3	56472.1704786
2	56472.1704815
0	56472.1704844
1	56472.1704873
3	56472.1704902
2	56472.1704931
0	56472.170496
1	56472.170499
3	56472.1705019
2	56472.1705048
0	56472.1705077
1	56472.1705106
3	56472.1705135
2	56472.1705164
0	56472.1705193
1	56472.1705223
3	56472.1705252
2	56472.1705281
0	56472.170531
1	56472.1705339
3	56472.1705368
2	56472.1705397
0	56472.1705426
1	56472.1705456
3	56472.1705485
2	56472.1705514
0	56472.1705543
1	56472.1705572
3	56472.1705601
2	56472.170563
0	56472.1705659
1	56472.1705689
3	56472.1705718
2	56472.1705747
0	56472.1705776
1	56472.1705805
3	56472.1705834
2	56472.1705863
0	56472.1705892
1	56472.1705922
3	56472.1705951
2	56472.170598
0	56472.1706009
1	56472.1706038
3	56472.1706067
2	56472.1706096
0	56472.1706125
1	56472.1706155
3	56472.1706184
2	56472.1706213
0	56472.1706242
1	56472.1706271
3	56472.17063
2	56472.1706329
0	56472.1706358
1	56472.1706388
3	56472.1706417
2	56472.1706446
0	56472.1706475
1	56472.1706504
3	56472.1706533
2	56472.1706562
0	56472.1706591
1	56472.1706621
3	56472.170665
2	56472.1706679
0	56472.1706708
1	56472.1706737
3	56472.1706766
2	56472.1706795
0	56472.1706825
1	56472.1706854
3	56472.1706883
2	56472.1706912
0	56472.1706941
1	56472.170697
3	56472.1706999
2	56472.1707028
0	56472.1707058
1	56472.1707087
3	56472.1707116
2	56472.1707145
0	56472.1707174
1	56472.1707203
3	56472.1707232
2	56472.1707261
0	56472.1707291
1	56472.170732
3	56472.1707349
2	56472.1707378
0	56472.1707407
1	56472.1707436
3	56472.1707465
2	56472.1707494
0	56472.1707524
1	56472.1707553
3	56472.1707582
2	56472.1707611
0	56472.170764
1	56472.1707669
3	56472.1707698
2	56472.1707727
0	56472.1707757
1	56472.1707786
3	56472.1707815
2	56472.1707844
0	56472.1707873
1	56472.1707902
3	56472.1707931
2	56472.170796
0	56472.170799
1	56472.1708019
3	56472.1708048
2	56472.1708077
0	56472.1708106
1	56472.1708135
3	56472.1708164
2	56472.1708193
0	56472.1708223
1	56472.1708252
3	56472.1708281
2	56472.170831
0	56472.1708339
1	56472.1708368
3	56472.1708397
2	56472.1708427
0	56472.1708456
1	56472.1708485
3	56472.1708514
2	56472.1708543
0	56472.1708572
1	56472.1708601
3	56472.170863
2	56472.170866
0	56472.1708689
1	56472.1708718
3	56472.1708747
2	56472.1708776
0	56472.1708805
1	56472.1708834
3	56472.1708863
2	56472.1708893
0	56472.1708922
1	56472.1708951
3	56472.170898
2	56472.1709009
0	56472.1709038
1	56472.1709067
3	56472.1709096
2	56472.1709126
0	56472.1709155
1	56472.1709184
3	56472.1709213
2	56472.1709242
0	56472.1709271
1	56472.17093
3	56472.1709329
2	56472.1709359
0	56472.1709388
1	56472.1709417
3	56472.1709446
2	56472.1709475
0	56472.1709504
1	56472.1709533
3	56472.1709562
2	56472.1709592
0	56472.1709621
1	56472.170965
3	56472.1709679
2	56472.1709708
0	56472.1709737
1	56472.1709766
3	56472.1709795
2	56472.1709825
0	56472.1709854
1	56472.1709883
3	56472.1709912
2	56472.1709941
0	56472.170997
1	56472.1709999
3	56472.1710028
2	56472.1710058
0	56472.1710087
1	56472.1710116
3	56472.1710145
2	56472.1710174
0	56472.1710203
1	56472.1710232
3	56472.1710261
2	56472.1710291
0	56472.171032
1	56472.1710349
3	56472.1710378
2	56472.1710407
0	56472.1710436
1	56472.1710465
3	56472.1710495
2	56472.1710524
0	56472.1710553
1	56472.1710582
3	56472.1710611
2	56472.171064
0	56472.1710669
1	56472.1710698
3	56472.1710728
2	56472.1710757
0	56472.1710786
1	56472.1710815
3	56472.1710844
2	56472.1710873
0	56472.1710902
1	56472.1710931
3	56472.1710961
2	56472.171099
0	56472.1711019
1	56472.1711048
3	56472.1711077
2	56472.1711106
0	56472.1711135
1	56472.1711164
3	56472.1711194
2	56472.1711223
0	56472.1711252
1	56472.1711281
3	56472.171131
2	56472.1711339
0	56472.1711368
1	56472.1711397
3	56472.1711427
2	56472.1711456
0	56472.1711485
1	56472.1711514
3	56472.1711543
2	56472.1711572
0	56472.1711601
1	56472.171163
3	56472.171166
2	56472.1711689
0	56472.1711718
1	56472.1711747
3	56472.1711776
2	56472.1711805
0	56472.1711834
1	56472.1711864
3	56472.1711893
2	56472.1711922
0	56472.1711951
1	56472.171198
3	56472.1712009
2	56472.1712038
0	56472.1712067
1	56472.1712097
3	56472.1712126
2	56472.1712155
0	56472.1712184
1	56472.1712213
3	56472.1712242
2	56472.1712271
0	56472.17123
1	56472.171233
3	56472.1712359
2	56472.1712388
0	56472.1712417
1	56472.1712446
3	56472.1712475
0	56472.1712504
2	56472.1712533
1	56472.1712563
3	56472.1712592
0	56472.1712621
2	56472.171265
1	56472.1712679
3	56472.1712708
0	56472.1712737
2	56472.1712766
1	56472.1712796
3	56472.1712825
0	56472.1712854
2	56472.1712883
1	56472.1712912
3	56472.1712941
0	56472.171297
2	56472.1712999
1	56472.1713029
3	56472.1713058
0	56472.1713087
2	56472.1713116
1	56472.1713145
3	56472.1713174
0	56472.1713203
2	56472.1713232
1	56472.1713262
3	56472.1713291
0	56472.171332
2	56472.1713349
1	56472.1713378
3	56472.1713407
0	56472.1713436
2	56472.1713465
1	56472.1713495
3	56472.1713524
0	56472.1713553
2	56472.1713582
1	56472.1713611
3	56472.171364
0	56472.1713669
2	56472.1713698
1	56472.1713728
3	56472.1713757
0	56472.1713786
2	56472.1713815
1	56472.1713844
3	56472.1713873
0	56472.1713902
2	56472.1713932
1	56472.1713961
3	56472.171399
0	56472.1714019
2	56472.1714048
1	56472.1714077
3	56472.1714106
0	56472.1714135
2	56472.1714165
1	56472.1714194
3	56472.1714223
0	56472.1714252
2	56472.1714281
1	56472.171431
3	56472.1714339
0	56472.1714368
2	56472.1714398
1	56472.1714427
3	56472.1714456
0	56472.1714485
2	56472.1714514
1	56472.1714543
3	56472.1714572
0	56472.1714601
2	56472.1714631
1	56472.171466
3	56472.1714689
0	56472.1714718
2	56472.1714747
1	56472.1714776
3	56472.1714805
0	56472.1714834
2	56472.1714864
1	56472.1714893
3	56472.1714922
0	56472.1714951
2	56472.171498
1	56472.1715009
3	56472.1715038
0	56472.1715067
2	56472.1715097
1	56472.1715126
3	56472.1715155
0	56472.1715184
2	56472.1715213
1	56472.1715242
3	56472.1715271
0	56472.17153
2	56472.171533
1	56472.1715359
3	56472.1715388
0	56472.1715417
2	56472.1715446
1	56472.1715475
3	56472.1715504
0	56472.1715534
2	56472.1715563
1	56472.1715592
3	56472.1715621
0	56472.171565
2	56472.1715679
1	56472.1715708
3	56472.1715737
0	56472.1715767
2	56472.1715796
1	56472.1715825
3	56472.1715854
0	56472.1715883
2	56472.1715912
1	56472.1715941
3	56472.171597
0	56472.1716
2	56472.1716029
1	56472.1716058
3	56472.1716087
0	56472.1716116
2	56472.1716145
1	56472.1716174
3	56472.1716203
0	56472.1716233
2	56472.1716262
1	56472.1716291
3	56472.171632
0	56472.1716349
2	56472.1716378
1	56472.1716407
3	56472.1716436
0	56472.1716466
2	56472.1716495
1	56472.1716524
3	56472.1716553
0	56472.1716582
2	56472.1716611
1	56472.171664
3	56472.1716669
0	56472.1716699
2	56472.1716728
1	56472.1716757
3	56472.1716786
0	56472.1716815
2	56472.1716844
1	56472.1716873
3	56472.1716902
0	56472.1716932
2	56472.1716961
1	56472.171699
3	56472.1717019
0	56472.1717048
2	56472.1717077
1	56472.1717106
3	56472.1717135
0	56472.1717165
2	56472.1717194
1	56472.1717223
3	56472.1717252
0	56472.1717281
2	56472.171731
1	56472.1717339
3	56472.1717368
0	56472.1717398
2	56472.1717427
1	56472.1717456
3	56472.1717485
0	56472.1717514
2	56472.1717543
1	56472.1717572
3	56472.1717602
0	56472.1717631
2	56472.171766
1	56472.1717689
3	56472.1717718
0	56472.1717747
2	56472.1717776
1	56472.1717805
3	56472.1717835
0	56472.1717864
2	56472.1717893
1	56472.1717922
3	56472.1717951
0	56472.171798
2	56472.1718009
1	56472.1718038
3	56472.1718068
0	56472.1718097
2	56472.1718126
1	56472.1718155
3	56472.1718184
0	56472.1718213
2	56472.1718242
1	56472.1718271
3	56472.1718301
0	56472.171833
2	56472.1718359
1	56472.1718388
3	56472.1718417
0	56472.1718446
2	56472.1718475
1	56472.1718504
3	56472.1718534
0	56472.1718563
2	56472.1718592
1	56472.1718621
3	56472.171865
0	56472.1718679
2	56472.1718708
1	56472.1718737
3	56472.1718767
0	56472.1718796
2	56472.1718825
1	56472.1718854
3	56472.1718883
0	56472.1718912
2	56472.1718941
1	56472.1718971
3	56472.1719
0	56472.1719029
2	56472.1719058
1	56472.1719087
3	56472.1719116
0	56472.1719145
2	56472.1719174
1	56472.1719204
3	56472.1719233
0	56472.1719262
2	56472.1719291
1	56472.171932
3	56472.1719349
0	56472.1719378
2	56472.1719407
1	56472.1719437
3	56472.1719466
0	56472.1719495
2	56472.1719524
1	56472.1719553
3	56472.1719582
0	56472.1719611
2	56472.171964
1	56472.171967
3	56472.1719699
0	56472.1719728
2	56472.1719757
1	56472.1719786
3	56472.1719815
0	56472.1719844
2	56472.1719873
1	56472.1719903
3	56472.1719932
0	56472.1719961
2	56472.171999
1	56472.1720019
3	56472.1720048
0	56472.1720077
2	56472.1720106
1	56472.1720136
3	56472.1720165
0	56472.1720194
2	56472.1720223
1	56472.1720252
3	56472.1720281
0	56472.172031
2	56472.1720339
1	56472.1720369
3	56472.1720398
0	56472.1720427
2	56472.1720456
1	56472.1720485
3	56472.1720514
0	56472.1720543
2	56472.1720572
1	56472.1720602
3	56472.1720631
0	56472.172066
2	56472.1720689
1	56472.1720718
3	56472.1720747
0	56472.1720776
2	56472.1720805
1	56472.1720835
3	56472.1720864
0	56472.1720893
2	56472.1720922
1	56472.1720951
3	56472.172098
0	56472.1721009
2	56472.1721039
1	56472.1721068
3	56472.1721097
0	56472.1721126
2	56472.1721155
1	56472.1721184
3	56472.1721213
0	56472.1721242
2	56472.1721272
1	56472.1721301
3	56472.172133
0	56472.1721359
2	56472.1721388
1	56472.1721417
3	56472.1721446
0	56472.1721475
2	56472.1721505
1	56472.1721534
3	56472.1721563
0	56472.1721592
2	56472.1721621
1	56472.172165
3	56472.1721679
0	56472.1721708
2	56472.1721738
1	56472.1721767
3	56472.1721796
0	56472.1721825
2	56472.1721854
1	56472.1721883
3	56472.1721912
0	56472.1721941
2	56472.1721971
1	56472.1722
3	56472.1722029
0	56472.1722058
2	56472.1722087
1	56472.1722116
3	56472.1722145
0	56472.1722174
2	56472.1722204
1	56472.1722233
3	56472.1722262
0	56472.1722291
2	56472.172232
1	56472.1722349
3	56472.1722378
0	56472.1722407
2	56472.1722437
1	56472.1722466
3	56472.1722495
0	56472.1722524
2	56472.1722553
1	56472.1722582
3	56472.1722611
0	56472.1722641
2	56472.172267
1	56472.1722699
3	56472.1722728
0	56472.1722757
2	56472.1722786
1	56472.1722815
3	56472.1722844
0	56472.1722874
2	56472.1722903
1	56472.1722932
3	56472.1722961
0	56472.172299
2	56472.1723019
1	56472.1723048
3	56472.1723077
0	56472.1723107
2	56472.1723136
1	56472.1723165
3	56472.1723194
0	56472.1723223
2	56472.1723252
1	56472.1723281
3	56472.172331
0	56472.172334
2	56472.1723369
1	56472.1723398
3	56472.1723427
0	56472.1723456
2	56472.1723485
1	56472.1723514
3	56472.1723543
0	56472.1723573
2	56472.1723602
1	56472.1723631
3	56472.172366
0	56472.1723689
2	56472.1723718
1	56472.1723747
3	56472.1723776
0	56472.1723806
2	56472.1723835
1	56472.1723864
3	56472.1723893
0	56472.1723922
2	56472.1723951
1	56472.172398
3	56472.1724009
0	56472.1724039
2	56472.1724068
1	56472.1724097
3	56472.1724126
0	56472.1724155
2	56472.1724184
1	56472.1724213
3	56472.1724242
0	56472.1724272
2	56472.1724301
1	56472.172433
3	56472.1724359
0	56472.1724388
2	56472.1724417
1	56472.1724446
3	56472.1724475
0	56472.1724505
2	56472.1724534
1	56472.1724563
3	56472.1724592
0	56472.1724621
2	56472.172465
1	56472.1724679
3	56472.1724709
0	56472.1724738
2	56472.1724767
1	56472.1724796
3	56472.1724825
0	56472.1724854
2	56472.1724883
1	56472.1724912
3	56472.1724942
0	56472.1724971
2	56472.1725
1	56472.1725029
3	56472.1725058
0	56472.1725087
2	56472.1725116
1	56472.1725145
3	56472.1725175
0	56472.1725204
2	56472.1725233
1	56472.1725262
3	56472.1725291
0	56472.172532
2	56472.1725349
1	56472.1725378
3	56472.1725408
0	56472.1725437
2	56472.1725466
1	56472.1725495
3	56472.1725524
0	56472.1725553
2	56472.1725582
1	56472.1725611
3	56472.1725641
0	56472.172567
2	56472.1725699
1	56472.1725728
3	56472.1725757
0	56472.1725786
2	56472.1725815
1	56472.1725844
3	56472.1725874
0	56472.1725903
2	56472.1725932
1	56472.1725961
3	56472.172599
0	56472.1726019
2	56472.1726048
1	56472.1726078
3	56472.1726107
0	56472.1726136
2	56472.1726165
1	56472.1726194
3	56472.1726223
0	56472.1726252
2	56472.1726281
1	56472.1726311
3	56472.172634
0	56472.1726369
2	56472.1726398
1	56472.1726427
3	56472.1726456
0	56472.1726485
2	56472.1726514
1	56472.1726544
3	56472.1726573
0	56472.1726602
2	56472.1726631
1	56472.172666
3	56472.1726689
0	56472.1726718
2	56472.1726747
1	56472.1726777
3	56472.1726806
0	56472.1726835
2	56472.1726864
1	56472.1726893
3	56472.1726922
0	56472.1726951
2	56472.172698
1	56472.172701
3	56472.1727039
0	56472.1727068
2	56472.1727097
1	56472.1727126
3	56472.1727155
0	56472.1727184
2	56472.1727213
1	56472.1727243
3	56472.1727272
0	56472.1727301
2	56472.172733
1	56472.1727359
3	56472.1727388
0	56472.1727417
2	56472.1727446
1	56472.1727476
3	56472.1727505
0	56472.1727534
2	56472.1727563
1	56472.1727592
3	56472.1727621
0	56472.172765
2	56472.1727679
1	56472.1727709
3	56472.1727738
2	56472.1727767
0	56472.1727796
3	56472.1727825
1	56472.1727854
2	56472.1727883
0	56472.1727912
3	56472.1727942
1	56472.1727971
2	56472.1728
0	56472.1728029
3	56472.1728058
1	56472.1728087
2	56472.1728116
0	56472.1728146
3	56472.1728175
1	56472.1728204
2	56472.1728233
0	56472.1728262
3	56472.1728291
1	56472.172832
2	56472.1728349
0	56472.1728379
3	56472.1728408
1	56472.1728437
2	56472.1728466
0	56472.1728495
3	56472.1728524
1	56472.1728553
2	56472.1728582
0	56472.1728612
3	56472.1728641
1	56472.172867
2	56472.1728699
0	56472.1728728
3	56472.1728757
1	56472.1728786
2	56472.1728815
0	56472.1728845
3	56472.1728874
1	56472.1728903
2	56472.1728932
0	56472.1728961
3	56472.172899
1	56472.1729019
2	56472.1729048
0	56472.1729078
3	56472.1729107
1	56472.1729136
2	56472.1729165
0	56472.1729194
3	56472.1729223
1	56472.1729252
2	56472.1729281
0	56472.1729311
3	56472.172934
1	56472.1729369
2	56472.1729398
0	56472.1729427
3	56472.1729456
1	56472.1729485
2	56472.1729514
0	56472.1729544
3	56472.1729573
1	56472.1729602
2	56472.1729631
0	56472.172966
3	56472.1729689
1	56472.1729718
2	56472.1729748
0	56472.1729777
3	56472.1729806
1	56472.1729835
2	56472.1729864
0	56472.1729893
3	56472.1729922
1	56472.1729951
2	56472.1729981
0	56472.173001
3	56472.1730039
1	56472.1730068
2	56472.1730097
0	56472.1730126
3	56472.1730155
1	56472.1730184
2	56472.1730214
0	56472.1730243
3	56472.1730272
1	56472.1730301
2	56472.173033
0	56472.1730359
3	56472.1730388
1	56472.1730417
2	56472.1730447
0	56472.1730476
3	56472.1730505
1	56472.1730534
2	56472.1730563
0	56472.1730592
3	56472.1730621
1	56472.173065
2	56472.173068
0	56472.1730709
3	56472.1730738
1	56472.1730767
2	56472.1730796
0	56472.1730825
3	56472.1730854
1	56472.1730883
2	56472.1730913
0	56472.1730942
3	56472.1730971
1	56472.1731
2	56472.1731029
0	56472.1731058
3	56472.1731087
1	56472.1731116
2	56472.1731146
0	56472.1731175
3	56472.1731204
1	56472.1731233
2	56472.1731262
0	56472.1731291
3	56472.173132
1	56472.1731349
2	56472.1731379
0	56472.1731408
3	56472.1731437
1	56472.1731466
2	56472.1731495
0	56472.1731524
3	56472.1731553
1	56472.1731582
2	56472.1731612
0	56472.1731641
3	56472.173167
1	56472.1731699
2	56472.1731728
0	56472.1731757
3	56472.1731786
1	56472.1731816
2	56472.1731845
0	56472.1731874
3	56472.1731903
1	56472.1731932
2	56472.1731961
0	56472.173199
3	56472.1732019
1	56472.1732049
2	56472.1732078
0	56472.1732107
3	56472.1732136
1	56472.1732165
2	56472.1732194
0	56472.1732223
3	56472.1732252
1	56472.1732282
2	56472.1732311
0	56472.173234
3	56472.1732369
1	56472.1732398
2	56472.1732427
0	56472.1732456
3	56472.1732485
1	56472.1732515
2	56472.1732544
0	56472.1732573
3	56472.1732602
1	56472.1732631
2	56472.173266
0	56472.1732689
3	56472.1732718
1	56472.1732748
2	56472.1732777
0	56472.1732806
3	56472.1732835
1	56472.1732864
2	56472.1732893
0	56472.1732922
3	56472.1732951
1	56472.1732981
2	56472.173301
0	56472.1733039
3	56472.1733068
1	56472.1733097
2	56472.1733126
0	56472.1733155
3	56472.1733184
1	56472.1733214
2	56472.1733243
0	56472.1733272
3	56472.1733301
1	56472.173333
2	56472.1733359
0	56472.1733388
3	56472.1733418
1	56472.1733447
2	56472.1733476
0	56472.1733505
3	56472.1733534
1	56472.1733563
2	56472.1733592
0	56472.1733621
3	56472.1733651
1	56472.173368
2	56472.1733709
0	56472.1733738
3	56472.1733767
1	56472.1733796
2	56472.1733825
0	56472.1733854
3	56472.1733884
1	56472.1733913
2	56472.1733942
0	56472.1733971
3	56472.1734
1	56472.1734029
2	56472.1734058
0	56472.1734087
3	56472.1734117
1	56472.1734146
2	56472.1734175
0	56472.1734204
3	56472.1734233
1	56472.1734262
2	56472.1734291
0	56472.173432
3	56472.173435
1	56472.1734379
2	56472.1734408
0	56472.1734437
3	56472.1734466
1	56472.1734495
2	56472.1734524
0	56472.1734553
3	56472.1734583
1	56472.1734612
2	56472.1734641
0	56472.173467
3	56472.1734699
1	56472.1734728
2	56472.1734757
0	56472.1734786
3	56472.1734816
1	56472.1734845
2	56472.1734874
0	56472.1734903
3	56472.1734932
1	56472.1734961
2	56472.173499
0	56472.1735019
3	56472.1735049
1	56472.1735078
2	56472.1735107
0	56472.1735136
3	56472.1735165
1	56472.1735194
2	56472.1735223
0	56472.1735253
3	56472.1735282
1	56472.1735311
2	56472.173534
0	56472.1735369
3	56472.1735398
1	56472.1735427
2	56472.1735456
0	56472.1735486
3	56472.1735515
1	56472.1735544
2	56472.1735573
0	56472.1735602
3	56472.1735631
1	56472.173566
2	56472.1735689
0	56472.1735719
3	56472.1735748
1	56472.1735777
2	56472.1735806
0	56472.1735835
3	56472.1735864
1	56472.1735893
2	56472.1735922
0	56472.1735952
3	56472.1735981
1	56472.173601
2	56472.1736039
0	56472.1736068
3	56472.1736097
1	56472.1736126
2	56472.1736155
0	56472.1736185
3	56472.1736214
1	56472.1736243
2	56472.1736272
0	56472.1736301
3	56472.173633
1	56472.1736359
2	56472.1736388
0	56472.1736418
3	56472.1736447
1	56472.1736476
2	56472.1736505
0	56472.1736534
3	56472.1736563
1	56472.1736592
2	56472.1736621
0	56472.1736651
3	56472.173668
1	56472.1736709
2	56472.1736738
0	56472.1736767
3	56472.1736796
1	56472.1736825
2	56472.1736855
0	56472.1736884
3	56472.1736913
1	56472.1736942
2	56472.1736971
0	56472.1737
3	56472.1737029
1	56472.1737058
2	56472.1737088
0	56472.1737117
3	56472.1737146
1	56472.1737175
2	56472.1737204
0	56472.1737233
3	56472.1737262
1	56472.1737291
2	56472.1737321
0	56472.173735
3	56472.1737379
1	56472.1737408
2	56472.1737437
0	56472.1737466
3	56472.1737495
1	56472.1737524
2	56472.1737554
0	56472.1737583
3	56472.1737612
1	56472.1737641
2	56472.173767
0	56472.1737699
3	56472.1737728
1	56472.1737757
2	56472.1737787
0	56472.1737816
3	56472.1737845
1	56472.1737874
2	56472.1737903
0	56472.1737932
3	56472.1737961
1	56472.173799
2	56472.173802
0	56472.1738049
3	56472.1738078
1	56472.1738107
2	56472.1738136
0	56472.1738165
3	56472.1738194
1	56472.1738223
2	56472.1738253
0	56472.1738282
3	56472.1738311
1	56472.173834
2	56472.1738369
0	56472.1738398
3	56472.1738427
1	56472.1738456
2	56472.1738486
0	56472.1738515
3	56472.1738544
1	56472.1738573
2	56472.1738602
0	56472.1738631
3	56472.173866
1	56472.1738689
2	56472.1738719
0	56472.1738748
3	56472.1738777
1	56472.1738806
2	56472.1738835
0	56472.1738864
3	56472.1738893
1	56472.1738923
2	56472.1738952
0	56472.1738981
3	56472.173901
1	56472.1739039
2	56472.1739068
0	56472.1739097
3	56472.1739126
1	56472.1739156
2	56472.1739185
0	56472.1739214
3	56472.1739243
1	56472.1739272
2	56472.1739301
0	56472.173933
3	56472.1739359
1	56472.1739389
2	56472.1739418
0	56472.1739447
3	56472.1739476
1	56472.1739505
2	56472.1739534
0	56472.1739563
3	56472.1739592
1	56472.1739622
2	56472.1739651
0	56472.173968
3	56472.1739709
1	56472.1739738
2	56472.1739767
0	56472.1739796
3	56472.1739825
1	56472.1739855
2	56472.1739884
0	56472.1739913
3	56472.1739942
1	56472.1739971
2	56472.174
0	56472.1740029
3	56472.1740058
1	56472.1740088
2	56472.1740117
0	56472.1740146
3	56472.1740175
1	56472.1740204
2	56472.1740233
0	56472.1740262
3	56472.1740292
1	56472.1740321
2	56472.174035
0	56472.1740379
3	56472.1740408
1	56472.1740437
2	56472.1740466
0	56472.1740495
3	56472.1740525
1	56472.1740554
2	56472.1740583
0	56472.1740612
3	56472.1740641
1	56472.174067
2	56472.1740699
0	56472.1740728
3	56472.1740758
1	56472.1740787
2	56472.1740816
0	56472.1740845
3	56472.1740874
1	56472.1740903
2	56472.1740932
0	56472.1740961
3	56472.1740991
1	56472.174102
2	56472.1741049
0	56472.1741078
3	56472.1741107
1	56472.1741136
2	56472.1741165
0	56472.1741194
3	56472.1741224
1	56472.1741253
0	56472.1741282
2	56472.1741311
3	56472.174134
1	56472.1741369
0	56472.1741398
2	56472.1741427
3	56472.1741457
1	56472.1741486
0	56472.1741515
2	56472.1741544
3	56472.1741573
1	56472.1741602
0	56472.1741631
2	56472.174166
3	56472.174169
1	56472.1741719
0	56472.1741748
2	56472.1741777
3	56472.1741806
1	56472.1741835
0	56472.1741864
2	56472.1741893
3	56472.1741923
1	56472.1741952
0	56472.1741981
2	56472.174201
3	56472.1742039
1	56472.1742068
0	56472.1742097
2	56472.1742126
3	56472.1742156
1	56472.1742185
0	56472.1742214
2	56472.1742243
3	56472.1742272
1	56472.1742301
0	56472.174233
2	56472.174236
3	56472.1742389
1	56472.1742418
0	56472.1742447
2	56472.1742476
3	56472.1742505
1	56472.1742534
0	56472.1742563
2	56472.1742593
3	56472.1742622
1	56472.1742651
0	56472.174268
2	56472.1742709
3	56472.1742738
1	56472.1742767
0	56472.1742796
2	56472.1742826
3	56472.1742855
1	56472.1742884
0	56472.1742913
2	56472.1742942
3	56472.1742971
1	56472.1743
0	56472.1743029
2	56472.1743059
3	56472.1743088
1	56472.1743117
0	56472.1743146
2	56472.1743175
3	56472.1743204
1	56472.1743233
0	56472.1743262
2	56472.1743292
3	56472.1743321
1	56472.174335
0	56472.1743379
2	56472.1743408
3	56472.1743437
1	56472.1743466
0	56472.1743495
2	56472.1743525
3	56472.1743554
1	56472.1743583
0	56472.1743612
2	56472.1743641
3	56472.174367
1	56472.1743699
0	56472.1743728
2	56472.1743758
3	56472.1743787
1	56472.1743816
0	56472.1743845
2	56472.1743874
3	56472.1743903
1	56472.1743932
0	56472.1743962
2	56472.1743991
3	56472.174402
1	56472.1744049
0	56472.1744078
2	56472.1744107
3	56472.1744136
1	56472.1744165
0	56472.1744195
2	56472.1744224
3	56472.1744253
1	56472.1744282
0	56472.1744311
2	56472.174434
3	56472.1744369
1	56472.1744398
0	56472.1744428
2	56472.1744457
3	56472.1744486
1	56472.1744515
0	56472.1744544
2	56472.1744573
3	56472.1744602
1	56472.1744631
0	56472.1744661
2	56472.174469
3	56472.1744719
1	56472.1744748
0	56472.1744777
2	56472.1744806
3	56472.1744835
1	56472.1744864
2	56472.1744894
0	56472.1744923
3	56472.1744952
