2013 07 27 03 56 00 0.936207 15
2013 07 27 03 56 01 0.942607 15
2013 07 27 03 56 02 0.949263 15
2013 07 27 03 56 03 0.955919 15
2013 07 27 03 56 04 0.962575 15
2013 07 27 03 56 05 0.969231 15
2013 07 27 03 56 06 0.975887 15
2013 07 27 03 56 07 0.982543 15
2013 07 27 03 56 08 0.989199 15
2013 07 27 03 56 09 0.995855 15
2013 07 27 03 56 11 0.002319 15
2013 07 27 03 56 12 0.008975 15
2013 07 27 03 56 13 0.015631 15
2013 07 27 03 56 14 0.022287 15
2013 07 27 03 56 15 0.028943 15
2013 07 27 03 56 16 0.035599 15
2013 07 27 03 56 17 0.042255 15
2013 07 27 03 56 18 0.048911 15
2013 07 27 03 56 19 0.055567 15
2013 07 27 03 56 20 0.062223 15
2013 07 27 03 56 21 0.068879 15
2013 07 27 03 56 22 0.075279 15
2013 07 27 03 56 23 0.081935 15
2013 07 27 03 56 24 0.088591 15
2013 07 27 03 56 25 0.095247 15
2013 07 27 03 56 26 0.101903 15
2013 07 27 03 56 27 0.108559 15
2013 07 27 03 56 28 0.115215 15
2013 07 27 03 56 29 0.121871 15
2013 07 27 03 56 30 0.128527 15
2013 07 27 03 56 31 0.135183 15
2013 07 27 03 56 32 0.141839 15
2013 07 27 03 56 33 0.148495 15
2013 07 27 03 56 34 0.154895 15
2013 07 27 03 56 35 0.161551 15
2013 07 27 03 56 36 0.168207 15
2013 07 27 03 56 37 0.174863 15
2013 07 27 03 56 38 0.181519 15
2013 07 27 03 56 39 0.188175 15
2013 07 27 03 56 40 0.194831 15
2013 07 27 03 56 41 0.201487 15
2013 07 27 03 56 42 0.208143 15
2013 07 27 03 56 43 0.214799 15
2013 07 27 03 56 44 0.221455 15
2013 07 27 03 56 45 0.227855 15
2013 07 27 03 56 46 0.234511 15
2013 07 27 03 56 47 0.241167 15
2013 07 27 03 56 48 0.247823 15
2013 07 27 03 56 49 0.254479 15
2013 07 27 03 56 50 0.261135 15
2013 07 27 03 56 51 0.267791 15
2013 07 27 03 56 52 0.022799 15
2013 07 27 03 56 53 0.029455 15
2013 07 27 03 56 54 0.036111 15
2013 07 27 03 56 55 0.042767 15
2013 07 27 03 56 56 0.049423 15
2013 07 27 03 56 57 0.056079 15
2013 07 27 03 56 58 0.062735 15
2013 07 27 03 56 59 0.069391 15
2013 07 27 03 57 00 0.076047 15
2013 07 27 03 57 01 0.082703 15
2013 07 27 03 57 02 0.089359 15
2013 07 27 03 57 03 0.096015 15
2013 07 27 03 57 04 0.102671 15
2013 07 27 03 57 05 0.109071 15
2013 07 27 03 57 06 0.115727 15
2013 07 27 03 57 07 0.122383 15
2013 07 27 03 57 08 0.129039 15
2013 07 27 03 57 09 0.135695 15
2013 07 27 03 57 10 0.142351 15
2013 07 27 03 57 11 0.149007 15
2013 07 27 03 57 12 0.155663 15
2013 07 27 03 57 13 0.162063 15
2013 07 27 03 57 14 0.168719 15
2013 07 27 03 57 15 0.175375 15
2013 07 27 03 57 16 0.182031 15
2013 07 27 03 57 17 0.188687 15
2013 07 27 03 57 18 0.195343 15
2013 07 27 03 57 19 0.201999 15
2013 07 27 03 57 20 0.208655 15
2013 07 27 03 57 21 0.215311 15
2013 07 27 03 57 22 0.221967 15
2013 07 27 03 57 23 0.228623 15
2013 07 27 03 57 24 0.235279 15
2013 07 27 03 57 25 0.241935 15
2013 07 27 03 57 26 0.248591 15
2013 07 27 03 57 27 0.255247 15
2013 07 27 03 57 28 0.261647 15
2013 07 27 03 57 29 0.268303 15
2013 07 27 03 57 30 0.274959 15
2013 07 27 03 57 31 0.281615 15
2013 07 27 03 57 32 0.288271 15
2013 07 27 03 57 33 0.294927 15
2013 07 27 03 57 34 0.301583 15
2013 07 27 03 57 35 0.308239 15
2013 07 27 03 57 36 0.314639 15
2013 07 27 03 57 37 0.321295 15
2013 07 27 03 57 38 0.327951 15
2013 07 27 03 57 39 0.334607 15
2013 07 27 03 57 40 0.341263 15
2013 07 27 03 57 41 0.347919 15
2013 07 27 03 57 42 0.354575 15
2013 07 27 03 57 43 0.361231 15
2013 07 27 03 57 44 0.367887 15
2013 07 27 03 57 45 0.374543 15
2013 07 27 03 57 46 0.381199 15
2013 07 27 03 57 47 0.387855 15
2013 07 27 03 57 48 0.394511 15
2013 07 27 03 57 49 0.401167 15
2013 07 27 03 57 50 0.407823 15
2013 07 27 03 57 51 0.665871 15
2013 07 27 03 57 52 0.672527 15
2013 07 27 03 57 53 0.679183 15
2013 07 27 03 57 54 0.685583 15
2013 07 27 03 57 55 0.692239 15
2013 07 27 03 57 56 0.698895 15
2013 07 27 03 57 57 0.705551 15
2013 07 27 03 57 58 0.712207 15
2013 07 27 03 57 59 0.718863 15
2013 07 27 03 58 00 0.725519 15
2013 07 27 03 58 01 0.732175 15
2013 07 27 03 58 02 0.738831 15
2013 07 27 03 58 03 0.745487 15
2013 07 27 03 58 04 0.752143 15
2013 07 27 03 58 05 0.758543 15
2013 07 27 03 58 06 0.765199 15
2013 07 27 03 58 07 0.771855 15
2013 07 27 03 58 08 0.778511 15
2013 07 27 03 58 09 0.785167 15
2013 07 27 03 58 10 0.791823 15
2013 07 27 03 58 11 0.798479 15
2013 07 27 03 58 12 0.805135 15
2013 07 27 03 58 13 0.811791 15
2013 07 27 03 58 14 0.566799 15
2013 07 27 03 58 15 0.573455 15
2013 07 27 03 58 16 0.580111 15
2013 07 27 03 58 17 0.586767 15
2013 07 27 03 58 18 0.593423 15
2013 07 27 03 58 19 0.600079 15
2013 07 27 03 58 20 0.606735 15
2013 07 27 03 58 21 0.613391 15
2013 07 27 03 58 22 0.619791 15
2013 07 27 03 58 23 0.626447 15
2013 07 27 03 58 24 0.633103 15
2013 07 27 03 58 25 0.639759 15
2013 07 27 03 58 26 0.646415 15
2013 07 27 03 58 27 0.653071 15
2013 07 27 03 58 28 0.659727 15
2013 07 27 03 58 29 0.666383 15
2013 07 27 03 58 30 0.673039 15
2013 07 27 03 58 31 0.679695 15
2013 07 27 03 58 32 0.686351 15
2013 07 27 03 58 33 0.693007 15
2013 07 27 03 58 34 0.699663 15
2013 07 27 03 58 35 0.706319 15
2013 07 27 03 58 36 0.712719 15
2013 07 27 03 58 37 0.719375 15
2013 07 27 03 58 38 0.726031 15
2013 07 27 03 58 39 0.732687 15
2013 07 27 03 58 40 0.739343 15
2013 07 27 03 58 41 0.745999 15
2013 07 27 03 58 42 0.752655 15
2013 07 27 03 58 43 0.759311 15
2013 07 27 03 58 44 0.765967 15
2013 07 27 03 58 45 0.772623 15
2013 07 27 03 58 46 0.779279 15
2013 07 27 03 58 47 0.785935 15
2013 07 27 03 58 48 0.792335 15
2013 07 27 03 58 49 0.798991 15
2013 07 27 03 58 50 0.805647 15
2013 07 27 03 58 51 0.812303 15
2013 07 27 03 58 52 0.818959 15
2013 07 27 03 58 53 0.825615 15
2013 07 27 03 58 54 0.832271 15
2013 07 27 03 58 55 0.838927 15
2013 07 27 03 58 56 0.845583 15
2013 07 27 03 58 57 0.851983 15
2013 07 27 03 58 58 0.858639 15
2013 07 27 03 58 59 0.865295 15
2013 07 27 03 59 00 0.871951 15
2013 07 27 03 59 01 0.878607 15
2013 07 27 03 59 02 0.885263 15
2013 07 27 03 59 03 0.891919 15
2013 07 27 03 59 04 0.898575 15
2013 07 27 03 59 05 0.905231 15
2013 07 27 03 59 06 0.911887 15
2013 07 27 03 59 07 0.918543 15
2013 07 27 03 59 08 0.673295 15
2013 07 27 03 59 09 0.679951 15
2013 07 27 03 59 10 0.686607 15
2013 07 27 03 59 11 0.693263 15
2013 07 27 03 59 12 0.699919 15
2013 07 27 03 59 13 0.706319 15
2013 07 27 03 59 14 0.712975 15
2013 07 27 03 59 15 0.719631 15
2013 07 27 03 59 16 0.726287 15
2013 07 27 03 59 17 0.732943 15
2013 07 27 03 59 18 0.739599 15
2013 07 27 03 59 19 0.746255 15
2013 07 27 03 59 20 0.752911 15
2013 07 27 03 59 21 0.759567 15
2013 07 27 03 59 22 0.766223 15
2013 07 27 03 59 23 0.772879 15
2013 07 27 03 59 24 0.779535 15
2013 07 27 03 59 25 0.785935 15
2013 07 27 03 59 26 0.792591 15
2013 07 27 03 59 27 0.799247 15
2013 07 27 03 59 28 0.805903 15
2013 07 27 03 59 29 0.812559 15
2013 07 27 03 59 30 0.819215 15
2013 07 27 03 59 31 0.825871 15
2013 07 27 03 59 32 0.832527 15
2013 07 27 03 59 33 0.839183 15
2013 07 27 03 59 34 0.845839 15
2013 07 27 03 59 35 0.852495 15
2013 07 27 03 59 36 0.858895 15
2013 07 27 03 59 37 0.865551 15
2013 07 27 03 59 38 0.872207 15
2013 07 27 03 59 39 0.878863 15
2013 07 27 03 59 40 0.885519 15
2013 07 27 03 59 41 0.892175 15
2013 07 27 03 59 42 0.898831 15
2013 07 27 03 59 43 0.905487 15
2013 07 27 03 59 44 0.912143 15
2013 07 27 03 59 45 0.918799 15
2013 07 27 03 59 46 0.925455 15
2013 07 27 03 59 47 0.931855 15
2013 07 27 03 59 48 0.938511 15
2013 07 27 03 59 49 0.945167 15
2013 07 27 03 59 50 0.951823 15
2013 07 27 03 59 51 0.958479 15
2013 07 27 03 59 52 0.965135 15
2013 07 27 03 59 53 0.971791 15
2013 07 27 03 59 54 0.978447 15
2013 07 27 03 59 55 0.985103 15
2013 07 27 03 59 56 0.991759 15
2013 07 27 03 59 57 0.998415 15
2013 07 27 03 59 59 0.004879 15
2013 07 27 04 00 00 0.011535 15
2013 07 27 04 00 01 0.018191 15
2013 07 27 04 00 02 0.024847 15
2013 07 27 04 00 03 0.031503 15
2013 07 27 04 00 04 0.038159 15
2013 07 27 04 00 05 0.044815 15
2013 07 27 04 00 06 0.051471 15
2013 07 27 04 00 07 0.058127 15
2013 07 27 04 00 08 0.064527 15
2013 07 27 04 00 09 0.071183 15
2013 07 27 04 00 10 0.077839 15
2013 07 27 04 00 11 0.084495 15
2013 07 27 04 00 12 0.091151 15
2013 07 27 04 00 13 0.097807 15
2013 07 27 04 00 14 0.104463 15
2013 07 27 04 00 15 0.111119 15
2013 07 27 04 00 16 0.117775 15
2013 07 27 04 00 17 0.124431 15
2013 07 27 04 00 18 0.131087 15
2013 07 27 04 00 19 0.137743 15
2013 07 27 04 00 20 0.144143 15
2013 07 27 04 00 21 0.150799 15
2013 07 27 04 00 22 0.157455 15
2013 07 27 04 00 23 0.164111 15
2013 07 27 04 00 24 0.170767 15
2013 07 27 04 00 25 0.177423 15
2013 07 27 04 00 26 0.184079 15
2013 07 27 04 00 27 0.190735 15
2013 07 27 04 00 28 0.197391 15
2013 07 27 04 00 29 0.204047 15
2013 07 27 04 00 29 0.958991 15
2013 07 27 04 00 30 0.965647 15
2013 07 27 04 00 31 0.972303 15
2013 07 27 04 00 32 0.978959 15
2013 07 27 04 00 33 0.985615 15
2013 07 27 04 00 34 0.992271 15
2013 07 27 04 00 35 0.998927 15
2013 07 27 04 00 37 0.005391 15
2013 07 27 04 00 38 0.012047 15
2013 07 27 04 00 39 0.018703 15
2013 07 27 04 00 40 0.025359 15
2013 07 27 04 00 41 0.032015 15
2013 07 27 04 00 42 0.038671 15
2013 07 27 04 00 43 0.045327 15
2013 07 27 04 00 44 0.051983 15
2013 07 27 04 00 45 0.058639 15
2013 07 27 04 00 46 0.065295 15
2013 07 27 04 00 47 0.071951 15
2013 07 27 04 00 48 0.078607 15
2013 07 27 04 00 49 0.085263 15
2013 07 27 04 00 50 0.091663 15
2013 07 27 04 00 51 0.098319 15
2013 07 27 04 00 52 0.104975 15
2013 07 27 04 00 53 0.111631 15
2013 07 27 04 00 54 0.118287 15
2013 07 27 04 00 55 0.124943 15
2013 07 27 04 00 56 0.131599 15
2013 07 27 04 00 57 0.138255 15
2013 07 27 04 00 58 0.144911 15
2013 07 27 04 00 59 0.151311 15
2013 07 27 04 01 00 0.157967 15
2013 07 27 04 01 01 0.164879 15
2013 07 27 04 01 02 0.171279 15
2013 07 27 04 01 03 0.177935 15
2013 07 27 04 01 04 0.184591 15
2013 07 27 04 01 05 0.191247 15
2013 07 27 04 01 06 0.197903 15
2013 07 27 04 01 07 0.204559 15
2013 07 27 04 01 08 0.211215 15
2013 07 27 04 01 09 0.217871 15
2013 07 27 04 01 10 0.224527 15
2013 07 27 04 01 11 0.230927 15
2013 07 27 04 01 12 0.237583 15
2013 07 27 04 01 13 0.244239 15
2013 07 27 04 01 14 0.250895 15
2013 07 27 04 01 15 0.257551 15
2013 07 27 04 01 16 0.264207 15
2013 07 27 04 01 17 0.270863 15
2013 07 27 04 01 18 0.277519 15
2013 07 27 04 01 19 0.284175 15
2013 07 27 04 01 20 0.290831 15
2013 07 27 04 01 21 0.297487 15
2013 07 27 04 01 22 0.304143 15
2013 07 27 04 01 23 0.310543 15
2013 07 27 04 01 24 0.317455 15
2013 07 27 04 01 25 0.323855 15
2013 07 27 04 01 26 0.330511 15
2013 07 27 04 01 27 0.337167 15
2013 07 27 04 01 28 0.343823 15
2013 07 27 04 01 29 0.350479 15
2013 07 27 04 01 30 0.357135 15
2013 07 27 04 01 31 0.363791 15
2013 07 27 04 01 32 0.370447 15
2013 07 27 04 01 33 0.376847 15
2013 07 27 04 01 34 0.383503 15
2013 07 27 04 01 35 0.390159 15
2013 07 27 04 01 36 0.396815 15
2013 07 27 04 01 37 0.403471 15
2013 07 27 04 01 38 0.410127 15
2013 07 27 04 01 39 0.416783 15
2013 07 27 04 01 40 0.423439 15
2013 07 27 04 01 41 0.430095 15
2013 07 27 04 01 42 0.436751 15
2013 07 27 04 01 43 0.443407 15
2013 07 27 04 01 44 0.449807 15
2013 07 27 04 01 45 0.456719 15
2013 07 27 04 01 46 0.463119 15
2013 07 27 04 01 47 0.469775 15
2013 07 27 04 01 48 0.476431 15
2013 07 27 04 01 49 0.483087 15
2013 07 27 04 01 50 0.489743 15
2013 07 27 04 01 51 0.496399 15
2013 07 27 04 01 52 0.503055 15
2013 07 27 04 01 53 0.509711 15
2013 07 27 04 01 54 0.516367 15
2013 07 27 04 01 55 0.523023 15
2013 07 27 04 01 56 0.529679 15
2013 07 27 04 01 57 0.536335 15
2013 07 27 04 01 58 0.542735 15
2013 07 27 04 01 59 0.549391 15
2013 07 27 04 02 00 0.556047 15
2013 07 27 04 02 01 0.562703 15
2013 07 27 04 02 02 0.569359 15
2013 07 27 04 02 03 0.576015 15
2013 07 27 04 02 04 0.582671 15
2013 07 27 04 02 05 0.589327 15
2013 07 27 04 02 06 0.595983 15
2013 07 27 04 02 07 0.602639 15
2013 07 27 04 02 08 0.609039 15
2013 07 27 04 02 09 0.615695 15
2013 07 27 04 02 10 0.622351 15
2013 07 27 04 02 11 0.629007 15
2013 07 27 04 02 12 0.635663 15
2013 07 27 04 02 13 0.642319 15
2013 07 27 04 02 14 0.648975 15
2013 07 27 04 02 15 0.655631 15
2013 07 27 04 02 16 0.662287 15
2013 07 27 04 02 17 0.668943 15
2013 07 27 04 02 18 0.675599 15
2013 07 27 04 02 19 0.682255 15
2013 07 27 04 02 20 0.688655 15
2013 07 27 04 02 21 0.695311 15
2013 07 27 04 02 22 0.701967 15
2013 07 27 04 02 23 0.708623 15
2013 07 27 04 02 24 0.715279 15
2013 07 27 04 02 25 0.721935 15
2013 07 27 04 02 26 0.728591 15
2013 07 27 04 02 27 0.735247 15
2013 07 27 04 02 28 0.741903 15
2013 07 27 04 02 29 0.748559 15
2013 07 27 04 02 30 0.754959 15
2013 07 27 04 02 31 0.761615 15
2013 07 27 04 02 32 0.768271 15
2013 07 27 04 02 33 0.774927 15
2013 07 27 04 02 34 0.781583 15
2013 07 27 04 02 35 0.788239 15
2013 07 27 04 02 36 0.794895 15
2013 07 27 04 02 37 0.801551 15
2013 07 27 04 02 38 0.808207 15
2013 07 27 04 02 39 0.814863 15
2013 07 27 04 02 40 0.821519 15
2013 07 27 04 02 41 0.828175 15
2013 07 27 04 02 42 0.834575 15
2013 07 27 04 02 43 0.841231 15
2013 07 27 04 02 44 0.847887 15
2013 07 27 04 02 45 0.854543 15
2013 07 27 04 02 46 0.861455 15
2013 07 27 04 02 47 0.867855 15
2013 07 27 04 02 48 0.874511 15
2013 07 27 04 02 49 0.881167 15
2013 07 27 04 02 50 0.887823 15
2013 07 27 04 02 51 0.894479 15
2013 07 27 04 02 52 0.900879 15
2013 07 27 04 02 53 0.907535 15
2013 07 27 04 02 54 0.914191 15
2013 07 27 04 02 55 0.920847 15
2013 07 27 04 02 56 0.927503 15
2013 07 27 04 02 57 0.934159 15
2013 07 27 04 02 58 0.940815 15
2013 07 27 04 02 59 0.947471 15
2013 07 27 04 03 00 0.954127 15
2013 07 27 04 03 01 0.960783 15
2013 07 27 04 03 02 0.967439 15
2013 07 27 04 03 03 0.974095 15
2013 07 27 04 03 04 0.980751 15
2013 07 27 04 03 05 0.987407 15
2013 07 27 04 03 06 0.994063 15
2013 07 27 04 03 08 0.000527 15
2013 07 27 04 03 09 0.007183 15
2013 07 27 04 03 10 0.013839 15
2013 07 27 04 03 11 0.020495 15
2013 07 27 04 03 12 0.027151 15
2013 07 27 04 03 13 0.033807 15
2013 07 27 04 03 14 0.040463 15
2013 07 27 04 03 15 0.047119 15
2013 07 27 04 03 16 0.053519 15
2013 07 27 04 03 17 0.060175 15
2013 07 27 04 03 18 0.066831 15
2013 07 27 04 03 19 0.073487 15
2013 07 27 04 03 20 0.080143 15
2013 07 27 04 03 21 0.086799 15
2013 07 27 04 03 22 0.093455 15
2013 07 27 04 03 23 0.100111 15
2013 07 27 04 03 24 0.106767 15
2013 07 27 04 03 25 0.113167 15
2013 07 27 04 03 26 0.119823 15
2013 07 27 04 03 27 0.126479 15
2013 07 27 04 03 28 0.133135 15
2013 07 27 04 03 29 0.139791 15
2013 07 27 04 03 30 0.146447 15
2013 07 27 04 03 31 0.153103 15
2013 07 27 04 03 32 0.159759 15
2013 07 27 04 03 33 0.166415 15
2013 07 27 04 03 34 0.173071 15
2013 07 27 04 03 35 0.179727 15
2013 07 27 04 03 36 0.186383 15
2013 07 27 04 03 37 0.193039 15
2013 07 27 04 03 38 0.199695 15
2013 07 27 04 03 39 0.206095 15
2013 07 27 04 03 40 0.212751 15
2013 07 27 04 03 41 0.219407 15
2013 07 27 04 03 42 0.226063 15
2013 07 27 04 03 43 0.232719 15
2013 07 27 04 03 44 0.239375 15
2013 07 27 04 03 45 0.246031 15
2013 07 27 04 03 46 0.252687 15
2013 07 27 04 03 47 0.259343 15
2013 07 27 04 03 48 0.265999 15
2013 07 27 04 03 49 0.272655 15
2013 07 27 04 03 50 0.279055 15
2013 07 27 04 03 51 0.285711 15
2013 07 27 04 03 52 0.292367 15
2013 07 27 04 03 53 0.299023 15
2013 07 27 04 03 54 0.305679 15
2013 07 27 04 03 55 0.312335 15
2013 07 27 04 03 56 0.570383 15
2013 07 27 04 03 57 0.577039 15
2013 07 27 04 03 58 0.583695 15
2013 07 27 04 03 59 0.590351 15
2013 07 27 04 04 00 0.597007 15
2013 07 27 04 04 01 0.603663 15
2013 07 27 04 04 02 0.610319 15
2013 07 27 04 04 03 0.616975 15
2013 07 27 04 04 04 0.623631 15
2013 07 27 04 04 05 0.630031 15
2013 07 27 04 04 06 0.636687 15
2013 07 27 04 04 07 0.643343 15
2013 07 27 04 04 08 0.649999 15
2013 07 27 04 04 09 0.656655 15
2013 07 27 04 04 10 0.663311 15
2013 07 27 04 04 11 0.418319 15
2013 07 27 04 04 12 0.424975 15
2013 07 27 04 04 13 0.431631 15
2013 07 27 04 04 14 0.438287 15
2013 07 27 04 04 15 0.444943 15
2013 07 27 04 04 16 0.451599 15
2013 07 27 04 04 17 0.458255 15
2013 07 27 04 04 18 0.464911 15
2013 07 27 04 04 19 0.471567 15
2013 07 27 04 04 20 0.478223 15
2013 07 27 04 04 21 0.484879 15
2013 07 27 04 04 22 0.491535 15
2013 07 27 04 04 23 0.498191 15
2013 07 27 04 04 24 0.504591 15
2013 07 27 04 04 25 0.511247 15
2013 07 27 04 04 26 0.266255 15
2013 07 27 04 04 27 0.272655 15
2013 07 27 04 04 28 0.027919 15
2013 07 27 04 04 29 0.034575 15
2013 07 27 04 04 30 0.041231 15
2013 07 27 04 04 31 0.047887 15
2013 07 27 04 04 32 0.054543 15
2013 07 27 04 04 33 0.060943 15
2013 07 27 04 04 34 0.067599 15
2013 07 27 04 04 35 0.074255 15
2013 07 27 04 04 36 0.080911 15
2013 07 27 04 04 37 0.087567 15
2013 07 27 04 04 38 0.094223 15
2013 07 27 04 04 39 0.100879 15
2013 07 27 04 04 40 0.107535 15
2013 07 27 04 04 41 0.114191 15
2013 07 27 04 04 42 0.120847 15
2013 07 27 04 04 43 0.127503 15
2013 07 27 04 04 44 0.134159 15
2013 07 27 04 04 45 0.140815 15
2013 07 27 04 04 46 0.147471 15
2013 07 27 04 04 47 0.153871 15
2013 07 27 04 04 48 0.160527 15
2013 07 27 04 04 49 0.167183 15
2013 07 27 04 04 50 0.173839 15
2013 07 27 04 04 51 0.180495 15
2013 07 27 04 04 52 0.187151 15
2013 07 27 04 04 53 0.193807 15
2013 07 27 04 04 54 0.200463 15
2013 07 27 04 04 55 0.206863 15
2013 07 27 04 04 56 0.213519 15
2013 07 27 04 04 57 0.220175 15
2013 07 27 04 04 58 0.226831 15
2013 07 27 04 04 59 0.233487 15
2013 07 27 04 05 00 0.240143 15
2013 07 27 04 05 01 0.246799 15
2013 07 27 04 05 02 0.253455 15
2013 07 27 04 05 03 0.260111 15
2013 07 27 04 05 04 0.266767 15
2013 07 27 04 05 05 0.273423 15
2013 07 27 04 05 06 0.280079 15
2013 07 27 04 05 07 0.286735 15
2013 07 27 04 05 08 0.293391 15
2013 07 27 04 05 09 0.299791 15
2013 07 27 04 05 10 0.306447 15
2013 07 27 04 05 11 0.313103 15
2013 07 27 04 05 12 0.319759 15
2013 07 27 04 05 13 0.326415 15
2013 07 27 04 05 14 0.333071 15
2013 07 27 04 05 15 0.339727 15
2013 07 27 04 05 16 0.346383 15
2013 07 27 04 05 17 0.353039 15
2013 07 27 04 05 18 0.359439 15
2013 07 27 04 05 19 0.366095 15
2013 07 27 04 05 20 0.372751 15
2013 07 27 04 05 21 0.379407 15
2013 07 27 04 05 22 0.386063 15
2013 07 27 04 05 23 0.392719 15
2013 07 27 04 05 24 0.399375 15
2013 07 27 04 05 25 0.406031 15
2013 07 27 04 05 26 0.412687 15
2013 07 27 04 05 27 0.419343 15
2013 07 27 04 05 28 0.425999 15
2013 07 27 04 05 29 0.432655 15
2013 07 27 04 05 30 0.439311 15
2013 07 27 04 05 31 0.445711 15
2013 07 27 04 05 32 0.452367 15
2013 07 27 04 05 33 0.459023 15
2013 07 27 04 05 34 0.465679 15
2013 07 27 04 05 35 0.472335 15
2013 07 27 04 05 36 0.478991 15
2013 07 27 04 05 37 0.485647 15
2013 07 27 04 05 38 0.492303 15
2013 07 27 04 05 39 0.498959 15
2013 07 27 04 05 40 0.505359 15
2013 07 27 04 05 41 0.512271 15
2013 07 27 04 05 42 0.518927 15
2013 07 27 04 05 43 0.525327 15
2013 07 27 04 05 44 0.531983 15
2013 07 27 04 05 45 0.538639 15
2013 07 27 04 05 46 0.545295 15
2013 07 27 04 05 47 0.551951 15
2013 07 27 04 05 48 0.558607 15
2013 07 27 04 05 49 0.565263 15
2013 07 27 04 05 50 0.571919 15
2013 07 27 04 05 51 0.578319 15
2013 07 27 04 05 52 0.584975 15
2013 07 27 04 05 53 0.591631 15
2013 07 27 04 05 54 0.598287 15
2013 07 27 04 05 55 0.604943 15
2013 07 27 04 05 56 0.611599 15
2013 07 27 04 05 57 0.618255 15
2013 07 27 04 05 58 0.624911 15
2013 07 27 04 05 59 0.631567 15
2013 07 27 04 06 00 0.638223 15
2013 07 27 04 06 01 0.644879 15
2013 07 27 04 06 02 0.651535 15
2013 07 27 04 06 03 0.658191 15
2013 07 27 04 06 04 0.664591 15
2013 07 27 04 06 05 0.419599 15
2013 07 27 04 06 06 0.426255 15
2013 07 27 04 06 07 0.432911 15
2013 07 27 04 06 08 0.439311 15
2013 07 27 04 06 09 0.445967 15
2013 07 27 04 06 10 0.452623 15
2013 07 27 04 06 11 0.459279 15
2013 07 27 04 06 12 0.465935 15
2013 07 27 04 06 13 0.472591 15
2013 07 27 04 06 14 0.479247 15
2013 07 27 04 06 15 0.485903 15
2013 07 27 04 06 16 0.492559 15
2013 07 27 04 06 17 0.499215 15
2013 07 27 04 06 18 0.505871 15
2013 07 27 04 06 19 0.512271 15
2013 07 27 04 06 20 0.518927 15
2013 07 27 04 06 21 0.525583 15
2013 07 27 04 06 22 0.532239 15
2013 07 27 04 06 23 0.538895 15
2013 07 27 04 06 24 0.545551 15
2013 07 27 04 06 25 0.552207 15
2013 07 27 04 06 26 0.558863 15
2013 07 27 04 06 27 0.565519 15
2013 07 27 04 06 28 0.572175 15
2013 07 27 04 06 29 0.578831 15
2013 07 27 04 06 30 0.585231 15
2013 07 27 04 06 31 0.591887 15
2013 07 27 04 06 32 0.598543 15
2013 07 27 04 06 33 0.605199 15
2013 07 27 04 06 34 0.611855 15
2013 07 27 04 06 35 0.618511 15
2013 07 27 04 06 36 0.625167 15
2013 07 27 04 06 37 0.631823 15
2013 07 27 04 06 38 0.638479 15
2013 07 27 04 06 39 0.645135 15
2013 07 27 04 06 40 0.651791 15
2013 07 27 04 06 41 0.658447 15
2013 07 27 04 06 42 0.664847 15
2013 07 27 04 06 43 0.671503 15
2013 07 27 04 06 44 0.678159 15
2013 07 27 04 06 45 0.684815 15
2013 07 27 04 06 46 0.691471 15
2013 07 27 04 06 47 0.698127 15
2013 07 27 04 06 48 0.704783 15
2013 07 27 04 06 49 0.711439 15
2013 07 27 04 06 50 0.718095 15
2013 07 27 04 06 51 0.724751 15
2013 07 27 04 06 52 0.731407 15
2013 07 27 04 06 53 0.738063 15
2013 07 27 04 06 54 0.744463 15
2013 07 27 04 06 55 0.751119 15
2013 07 27 04 06 56 0.757775 15
2013 07 27 04 06 57 0.764431 15
2013 07 27 04 06 58 0.771087 15
2013 07 27 04 06 59 0.777743 15
2013 07 27 04 07 00 0.784399 15
2013 07 27 04 07 01 0.791055 15
2013 07 27 04 07 02 0.797711 15
2013 07 27 04 07 03 0.804367 15
2013 07 27 04 07 04 0.811023 15
2013 07 27 04 07 05 0.817423 15
2013 07 27 04 07 06 0.824079 15
2013 07 27 04 07 07 0.830735 15
2013 07 27 04 07 08 0.837391 15
2013 07 27 04 07 09 0.844047 15
2013 07 27 04 07 10 0.850703 15
2013 07 27 04 07 11 0.857359 15
2013 07 27 04 07 12 0.864015 15
2013 07 27 04 07 13 0.870671 15
2013 07 27 04 07 14 0.625679 15
2013 07 27 04 07 15 0.632335 15
2013 07 27 04 07 16 0.638991 15
2013 07 27 04 07 17 0.645647 15
2013 07 27 04 07 18 0.652303 15
2013 07 27 04 07 19 0.658959 15
2013 07 27 04 07 20 0.665615 15
2013 07 27 04 07 21 0.672271 15
2013 07 27 04 07 22 0.678927 15
2013 07 27 04 07 23 0.685583 15
2013 07 27 04 07 24 0.692239 15
2013 07 27 04 07 25 0.698639 15
2013 07 27 04 07 26 0.705295 15
2013 07 27 04 07 27 0.711951 15
2013 07 27 04 07 28 0.718607 15
2013 07 27 04 07 29 0.725263 15
2013 07 27 04 07 30 0.731919 15
2013 07 27 04 07 31 0.738575 15
2013 07 27 04 07 32 0.744975 15
2013 07 27 04 07 33 0.751887 15
2013 07 27 04 07 34 0.758287 15
2013 07 27 04 07 35 0.764943 15
2013 07 27 04 07 36 0.771599 15
2013 07 27 04 07 37 0.778255 15
2013 07 27 04 07 38 0.784911 15
2013 07 27 04 07 39 0.791567 15
2013 07 27 04 07 40 0.798223 15
2013 07 27 04 07 41 0.804879 15
2013 07 27 04 07 42 0.811535 15
2013 07 27 04 07 43 0.818191 15
2013 07 27 04 07 44 0.824847 15
2013 07 27 04 07 45 0.831503 15
2013 07 27 04 07 46 0.838159 15
2013 07 27 04 07 47 0.844559 15
2013 07 27 04 07 48 0.851215 15
2013 07 27 04 07 49 0.857871 15
2013 07 27 04 07 50 0.864527 15
2013 07 27 04 07 51 0.871183 15
2013 07 27 04 07 52 0.877839 15
2013 07 27 04 07 53 0.884495 15
2013 07 27 04 07 54 0.891151 15
2013 07 27 04 07 55 0.897807 15
2013 07 27 04 07 56 0.904207 15
2013 07 27 04 07 57 0.910863 15
2013 07 27 04 07 58 0.917519 15
2013 07 27 04 07 59 0.924175 15
2013 07 27 04 08 00 0.930831 15
2013 07 27 04 08 01 0.937487 15
2013 07 27 04 08 02 0.944143 15
2013 07 27 04 08 03 0.950799 15
2013 07 27 04 08 04 0.957455 15
2013 07 27 04 08 05 0.964111 15
2013 07 27 04 08 06 0.970767 15
2013 07 27 04 08 07 0.977423 15
2013 07 27 04 08 08 0.984079 15
2013 07 27 04 08 09 0.990479 15
2013 07 27 04 08 10 0.997135 15
2013 07 27 04 08 12 0.003855 15
2013 07 27 04 08 13 0.010511 15
2013 07 27 04 08 14 0.017167 15
2013 07 27 04 08 15 0.023823 15
2013 07 27 04 08 16 0.030479 15
2013 07 27 04 08 17 0.036879 15
2013 07 27 04 08 18 0.043535 15
2013 07 27 04 08 19 0.050191 15
2013 07 27 04 08 20 0.056847 15
2013 07 27 04 08 21 0.063503 15
2013 07 27 04 08 22 0.070159 15
2013 07 27 04 08 23 0.076815 15
2013 07 27 04 08 24 0.083471 15
2013 07 27 04 08 25 0.090127 15
2013 07 27 04 08 26 0.096783 15
2013 07 27 04 08 27 0.103439 15
2013 07 27 04 08 28 0.110095 15
2013 07 27 04 08 29 0.116751 15
2013 07 27 04 08 30 0.123151 15
2013 07 27 04 08 31 0.129807 15
2013 07 27 04 08 32 0.136463 15
2013 07 27 04 08 33 0.143119 15
2013 07 27 04 08 34 0.149775 15
2013 07 27 04 08 35 0.156431 15
2013 07 27 04 08 36 0.163087 15
2013 07 27 04 08 37 0.169743 15
2013 07 27 04 08 38 0.176143 15
2013 07 27 04 08 39 0.182799 15
2013 07 27 04 08 40 0.189455 15
2013 07 27 04 08 41 0.196111 15
2013 07 27 04 08 42 0.202767 15
2013 07 27 04 08 43 0.209423 15
2013 07 27 04 08 44 0.216079 15
2013 07 27 04 08 45 0.222735 15
2013 07 27 04 08 46 0.229391 15
2013 07 27 04 08 47 0.236047 15
2013 07 27 04 08 48 0.242703 15
2013 07 27 04 08 49 0.249359 15
2013 07 27 04 08 50 0.256015 15
2013 07 27 04 08 51 0.262671 15
2013 07 27 04 08 52 0.269071 15
2013 07 27 04 08 53 0.275727 15
2013 07 27 04 08 54 0.282383 15
2013 07 27 04 08 55 0.289039 15
2013 07 27 04 08 56 0.295695 15
2013 07 27 04 08 57 0.302351 15
2013 07 27 04 08 58 0.309007 15
2013 07 27 04 08 59 0.315663 15
2013 07 27 04 09 00 0.322319 15
2013 07 27 04 09 01 0.328975 15
2013 07 27 04 09 02 0.335631 15
2013 07 27 04 09 03 0.342287 15
2013 07 27 04 09 04 0.348687 15
2013 07 27 04 09 05 0.355343 15
2013 07 27 04 09 06 0.361999 15
2013 07 27 04 09 07 0.368655 15
2013 07 27 04 09 08 0.375311 15
2013 07 27 04 09 09 0.381967 15
2013 07 27 04 09 10 0.388623 15
2013 07 27 04 09 11 0.395279 15
2013 07 27 04 09 12 0.401679 15
2013 07 27 04 09 13 0.408335 15
2013 07 27 04 09 14 0.414991 15
2013 07 27 04 09 15 0.169999 15
2013 07 27 04 09 16 0.176655 15
2013 07 27 04 09 17 0.183311 15
2013 07 27 04 09 18 0.189711 15
2013 07 27 04 09 19 0.196367 15
2013 07 27 04 09 20 0.203023 15
2013 07 27 04 09 21 0.209679 15
2013 07 27 04 09 22 0.216335 15
2013 07 27 04 09 23 0.222991 15
2013 07 27 04 09 24 0.229647 15
2013 07 27 04 09 25 0.236303 15
2013 07 27 04 09 26 0.242959 15
2013 07 27 04 09 27 0.249615 15
2013 07 27 04 09 28 0.256271 15
2013 07 27 04 09 29 0.262671 15
2013 07 27 04 09 30 0.269583 15
2013 07 27 04 09 31 0.275983 15
2013 07 27 04 09 32 0.282639 15
2013 07 27 04 09 33 0.289295 15
2013 07 27 04 09 34 0.295951 15
2013 07 27 04 09 35 0.302607 15
2013 07 27 04 09 36 0.309263 15
2013 07 27 04 09 37 0.315919 15
2013 07 27 04 09 38 0.322575 15
2013 07 27 04 09 39 0.329231 15
2013 07 27 04 09 40 0.335631 15
2013 07 27 04 09 41 0.342287 15
2013 07 27 04 09 42 0.348943 15
2013 07 27 04 09 43 0.355599 15
2013 07 27 04 09 44 0.362255 15
2013 07 27 04 09 45 0.368911 15
2013 07 27 04 09 46 0.375567 15
2013 07 27 04 09 47 0.382223 15
2013 07 27 04 09 48 0.388879 15
2013 07 27 04 09 49 0.395535 15
2013 07 27 04 09 50 0.402191 15
2013 07 27 04 09 51 0.408847 15
2013 07 27 04 09 52 0.415247 15
2013 07 27 04 09 53 0.421903 15
2013 07 27 04 09 54 0.428559 15
2013 07 27 04 09 55 0.435215 15
2013 07 27 04 09 56 0.441871 15
2013 07 27 04 09 57 0.448527 15
2013 07 27 04 09 58 0.455183 15
2013 07 27 04 09 59 0.461839 15
2013 07 27 04 10 00 0.468495 15
2013 07 27 04 10 01 0.475151 15
2013 07 27 04 10 02 0.481807 15
2013 07 27 04 10 03 0.488207 15
2013 07 27 04 10 04 0.494863 15
2013 07 27 04 10 05 0.501519 15
2013 07 27 04 10 06 0.508175 15
2013 07 27 04 10 07 0.514831 15
2013 07 27 04 10 08 0.521487 15
2013 07 27 04 10 09 0.528143 15
2013 07 27 04 10 10 0.534799 15
2013 07 27 04 10 11 0.541455 15
2013 07 27 04 10 12 0.296463 15
2013 07 27 04 10 13 0.303119 15
2013 07 27 04 10 14 0.309775 15
2013 07 27 04 10 15 0.064527 15
2013 07 27 04 10 16 0.071183 15
2013 07 27 04 10 17 0.077839 15
2013 07 27 04 10 18 0.084495 15
2013 07 27 04 10 19 0.091151 15
2013 07 27 04 10 20 0.097807 15
2013 07 27 04 10 21 0.104463 15
2013 07 27 04 10 22 0.111119 15
2013 07 27 04 10 23 0.117775 15
2013 07 27 04 10 24 0.124175 15
2013 07 27 04 10 25 0.130831 15
2013 07 27 04 10 25 0.886031 15
2013 07 27 04 10 26 0.892687 15
2013 07 27 04 10 27 0.899343 15
2013 07 27 04 10 28 0.905999 15
2013 07 27 04 10 29 0.912655 15
2013 07 27 04 10 30 0.919311 15
2013 07 27 04 10 31 0.925967 15
2013 07 27 04 10 32 0.932623 15
2013 07 27 04 10 33 0.939023 15
2013 07 27 04 10 34 0.945679 15
2013 07 27 04 10 35 0.952591 15
2013 07 27 04 10 36 0.707343 15
2013 07 27 04 10 37 0.713743 15
2013 07 27 04 10 38 0.720399 15
2013 07 27 04 10 39 0.727055 15
2013 07 27 04 10 40 0.733711 15
2013 07 27 04 10 41 0.740367 15
2013 07 27 04 10 42 0.747023 15
2013 07 27 04 10 43 0.753679 15
2013 07 27 04 10 44 0.760335 15
2013 07 27 04 10 45 0.766991 15
2013 07 27 04 10 46 0.773647 15
2013 07 27 04 10 47 0.780303 15
2013 07 27 04 10 48 0.786959 15
2013 07 27 04 10 49 0.793359 15
2013 07 27 04 10 50 0.800015 15
2013 07 27 04 10 51 0.806671 15
2013 07 27 04 10 52 0.813327 15
2013 07 27 04 10 53 0.819983 15
2013 07 27 04 10 54 0.826639 15
2013 07 27 04 10 55 0.833295 15
2013 07 27 04 10 56 0.839951 15
2013 07 27 04 10 57 0.846607 15
2013 07 27 04 10 58 0.853263 15
2013 07 27 04 10 59 0.859919 15
2013 07 27 04 11 00 0.614927 15
2013 07 27 04 11 01 0.621583 15
2013 07 27 04 11 02 0.628239 15
2013 07 27 04 11 03 0.634895 15
2013 07 27 04 11 04 0.641551 15
2013 07 27 04 11 05 0.648207 15
2013 07 27 04 11 06 0.654607 15
2013 07 27 04 11 07 0.661263 15
2013 07 27 04 11 08 0.667919 15
2013 07 27 04 11 09 0.674575 15
2013 07 27 04 11 10 0.681231 15
2013 07 27 04 11 11 0.687887 15
2013 07 27 04 11 12 0.694543 15
2013 07 27 04 11 13 0.701199 15
