0	56472.1618133
2	56472.1618162
3	56472.1618191
2	56472.1618249
0	56472.1618278
3	56472.1618336
2	56472.1618366
0	56472.1618453
3	56472.1618482
2	56472.161854
3	56472.1618628
0	56472.1618686
2	56472.1618715
3	56472.1618744
2	56472.1618832
0	56472.1618861
3	56472.161889
2	56472.1618948
3	56472.1619006
2	56472.1619036
0	56472.1619094
3	56472.1619123
0	56472.161921
2	56472.1619239
3	56472.1619269
2	56472.1619327
3	56472.1619385
0	56472.1619414
2	56472.1619443
3	56472.1619502
2	56472.1619531
0	56472.161956
3	56472.1619647
2	56472.1619676
0	56472.1619705
2	56472.1619764
3	56472.1619822
2	56472.1619851
0	56472.161988
3	56472.1619938
2	56472.1619968
0	56472.1620026
3	56472.1620055
2	56472.1620084
0	56472.1620142
3	56472.1620172
2	56472.1620201
0	56472.1620288
2	56472.1620317
3	56472.1620346
0	56472.1620434
3	56472.1620463
2	56472.1620492
0	56472.1620579
3	56472.1620638
2	56472.1620667
2	56472.1620812
0	56472.1620871
3	56472.16209
2	56472.1620929
0	56472.1621104
3	56472.1621162
2	56472.1621191
0	56472.1621249
3	56472.1621278
2	56472.1621307
3	56472.1621453
0	56472.1621482
2	56472.1621511
3	56472.1621628
0	56472.1621686
2	56472.1621744
3	56472.1621773
2	56472.1621919
0	56472.1621948
3	56472.1622006
2	56472.1622123
0	56472.162221
3	56472.162224
2	56472.1622298
0	56472.1622443
3	56472.1622502
2	56472.1622531
2	56472.1622589
3	56472.1622676
0	56472.1622735
2	56472.1622793
3	56472.1622851
2	56472.1622939
0	56472.1623026
3	56472.1623055
2	56472.1623113
3	56472.1623201
2	56472.1623259
0	56472.1623317
3	56472.1623405
2	56472.1623463
0	56472.1623579
3	56472.1623609
2	56472.1623638
0	56472.1623812
3	56472.1623842
2	56472.1623871
0	56472.1624016
3	56472.1624045
2	56472.1624075
0	56472.1624249
3	56472.1624278
2	56472.1624308
0	56472.1624424
2	56472.1624453
3	56472.1624482
2	56472.1624657
3	56472.1624686
0	56472.1624715
2	56472.1624774
3	56472.1624832
2	56472.1624861
0	56472.1624919
3	56472.1625065
0	56472.1625094
2	56472.1625152
3	56472.162521
0	56472.162524
2	56472.1625356
3	56472.1625414
0	56472.1625473
2	56472.1625502
0	56472.1625618
3	56472.1625677
2	56472.1625706
0	56472.1625793
3	56472.162588
2	56472.162591
0	56472.1625997
3	56472.1626055
2	56472.1626084
0	56472.162623
3	56472.1626259
2	56472.1626317
3	56472.1626405
2	56472.1626434
0	56472.1626463
3	56472.162655
2	56472.1626609
0	56472.1626725
3	56472.1626812
2	56472.1626842
0	56472.1626929
3	56472.1627045
2	56472.1627075
0	56472.1627191
2	56472.1627249
3	56472.1627279
2	56472.1627453
0	56472.1627512
3	56472.1627541
2	56472.162757
3	56472.1627715
2	56472.1627745
0	56472.1627803
3	56472.162789
2	56472.1627919
0	56472.1627978
3	56472.1628036
2	56472.1628065
3	56472.1628181
0	56472.1628211
2	56472.162824
3	56472.1628385
0	56472.1628414
2	56472.1628473
0	56472.1628589
3	56472.1628618
2	56472.1628735
0	56472.1628793
3	56472.1628851
2	56472.1628939
0	56472.1629113
3	56472.1629172
2	56472.162923
0	56472.1629259
3	56472.1629376
2	56472.1629405
0	56472.1629434
3	56472.162958
2	56472.1629609
0	56472.1629638
3	56472.1629725
2	56472.1629783
0	56472.1629813
3	56472.1629871
2	56472.1629958
0	56472.1629987
3	56472.1630046
2	56472.1630104
0	56472.1630191
3	56472.1630308
2	56472.1630337
0	56472.1630395
3	56472.1630453
2	56472.1630482
0	56472.1630599
3	56472.1630716
2	56472.1630745
0	56472.1630803
3	56472.1630978
2	56472.1631007
0	56472.1631094
2	56472.1631152
3	56472.1631182
0	56472.1631298
2	56472.1631327
3	56472.1631356
2	56472.1631415
3	56472.1631531
0	56472.1631589
2	56472.1631648
3	56472.1631677
2	56472.1631793
0	56472.1631822
3	56472.1631881
2	56472.1632026
0	56472.1632084
3	56472.1632172
0	56472.1632317
2	56472.1632376
3	56472.1632405
2	56472.163255
0	56472.163258
3	56472.1632609
2	56472.1632696
3	56472.1632813
0	56472.1632842
2	56472.16329
3	56472.1633017
0	56472.1633046
2	56472.1633162
3	56472.163322
0	56472.1633308
2	56472.1633337
3	56472.1633366
0	56472.1633453
2	56472.1633541
3	56472.163357
0	56472.1633628
2	56472.1633686
0	56472.1633774
3	56472.1633803
2	56472.1633832
3	56472.1634007
2	56472.1634065
0	56472.1634094
3	56472.163424
0	56472.1634269
2	56472.1634298
3	56472.1634473
2	56472.1634502
0	56472.1634531
3	56472.1634648
2	56472.1634677
0	56472.1634735
3	56472.1634822
2	56472.1634852
0	56472.1634939
3	56472.1634997
2	56472.1635026
0	56472.1635143
3	56472.1635172
2	56472.1635201
2	56472.1635376
0	56472.1635405
3	56472.1635434
2	56472.1635551
3	56472.1635609
0	56472.1635638
2	56472.1635813
3	56472.16359
0	56472.1635929
2	56472.1636075
3	56472.1636133
0	56472.1636221
2	56472.163625
3	56472.1636308
0	56472.1636454
2	56472.1636483
3	56472.1636541
2	56472.1636687
3	56472.1636716
0	56472.1636745
3	56472.163692
2	56472.1636949
0	56472.1636978
2	56472.1637153
3	56472.1637182
0	56472.1637211
0	56472.1637327
2	56472.1637356
3	56472.1637386
0	56472.163756
2	56472.1637589
3	56472.1637619
3	56472.1637823
2	56472.1637852
0	56472.1637881
0	56472.1637997
2	56472.1638026
3	56472.1638085
0	56472.1638172
2	56472.1638201
3	56472.163823
2	56472.1638405
3	56472.1638434
0	56472.1638463
2	56472.163858
3	56472.1638609
0	56472.1638667
2	56472.1638784
3	56472.1638842
0	56472.1638871
0	56472.1639017
3	56472.1639075
2	56472.1639104
2	56472.1639279
3	56472.1639308
0	56472.1639337
0	56472.1639454
2	56472.1639512
3	56472.1639541
0	56472.1639657
2	56472.1639687
3	56472.1639745
0	56472.163992
2	56472.1639978
3	56472.1640007
0	56472.1640211
3	56472.164024
2	56472.1640269
3	56472.1640386
2	56472.1640444
0	56472.1640473
3	56472.1640502
0	56472.1640677
2	56472.1640706
3	56472.1640735
0	56472.1640939
2	56472.1640968
3	56472.1640997
0	56472.1641172
2	56472.1641201
3	56472.164123
2	56472.1641405
3	56472.1641463
0	56472.1641493
2	56472.1641551
3	56472.1641667
0	56472.1641696
2	56472.1641726
3	56472.1641813
0	56472.1641842
2	56472.1641929
3	56472.1641959
0	56472.1642075
2	56472.1642104
3	56472.1642133
2	56472.1642337
3	56472.1642366
0	56472.1642395
0	56472.1642541
2	56472.1642599
3	56472.1642628
0	56472.1642687
2	56472.1642774
3	56472.1642803
2	56472.1642891
0	56472.164292
3	56472.1643065
0	56472.1643094
2	56472.1643153
0	56472.1643298
3	56472.1643328
2	56472.1643386
3	56472.1643473
0	56472.1643502
2	56472.1643648
3	56472.1643677
0	56472.1643735
2	56472.164391
3	56472.1643968
0	56472.1643997
2	56472.1644201
3	56472.164423
0	56472.164426
3	56472.1644347
2	56472.1644376
0	56472.1644463
3	56472.1644522
2	56472.1644609
3	56472.1644755
0	56472.1644784
2	56472.1644842
3	56472.1645017
0	56472.1645046
2	56472.1645104
3	56472.1645192
0	56472.1645366
2	56472.1645454
3	56472.1645483
0	56472.164557
2	56472.1645599
3	56472.1645629
2	56472.1645774
3	56472.1645803
0	56472.1645832
0	56472.1646007
2	56472.1646036
3	56472.1646065
3	56472.1646182
2	56472.1646211
0	56472.164624
0	56472.1646415
2	56472.1646444
3	56472.1646473
2	56472.164659
0	56472.1646648
3	56472.1646706
2	56472.1646735
0	56472.1646823
3	56472.164691
2	56472.1646939
0	56472.1647027
3	56472.1647143
2	56472.1647201
3	56472.1647231
0	56472.164726
2	56472.1647405
3	56472.1647434
0	56472.1647493
2	56472.1647609
3	56472.1647638
0	56472.1647697
3	56472.1647842
2	56472.1647871
0	56472.16479
0	56472.1648104
2	56472.1648133
3	56472.1648163
0	56472.1648308
2	56472.1648366
3	56472.1648396
0	56472.1648541
2	56472.164857
3	56472.16486
0	56472.1648803
2	56472.1648862
3	56472.1648891
0	56472.1649095
2	56472.1649124
3	56472.1649153
2	56472.1649415
3	56472.1649444
0	56472.1649473
2	56472.1649561
3	56472.164959
0	56472.1649648
3	56472.1649735
2	56472.1649765
0	56472.1649852
3	56472.1649939
2	56472.1649968
0	56472.1650143
3	56472.1650172
2	56472.1650201
3	56472.1650347
2	56472.1650376
0	56472.1650405
3	56472.1650551
2	56472.165058
0	56472.1650609
3	56472.1650726
2	56472.1650755
0	56472.1650813
3	56472.165093
2	56472.1650959
0	56472.1651017
3	56472.1651134
2	56472.1651163
0	56472.1651221
3	56472.1651308
0	56472.1651367
2	56472.1651425
0	56472.1651541
3	56472.16516
2	56472.1651629
0	56472.1651774
3	56472.1651803
2	56472.1651833
0	56472.1651978
3	56472.1652124
0	56472.1652153
2	56472.1652182
3	56472.1652299
0	56472.1652386
2	56472.1652503
3	56472.1652532
0	56472.1652619
3	56472.1652706
2	56472.1652736
0	56472.1652881
3	56472.1652939
2	56472.1652969
3	56472.1653172
2	56472.1653231
3	56472.1653493
2	56472.1653522
0	56472.1653551
3	56472.1653609
2	56472.1653638
0	56472.1653668
3	56472.1653755
2	56472.1653813
0	56472.1653901
3	56472.1653959
2	56472.1654046
3	56472.1654134
0	56472.1654163
2	56472.165425
3	56472.1654279
0	56472.1654367
2	56472.1654483
3	56472.1654512
0	56472.1654571
0	56472.1654629
2	56472.1654687
3	56472.1654716
0	56472.1654833
2	56472.1654891
3	56472.1654949
0	56472.1655007
2	56472.1655153
3	56472.1655182
0	56472.165524
2	56472.1655328
3	56472.1655415
0	56472.1655503
2	56472.165559
3	56472.1655707
0	56472.1655765
2	56472.1655881
3	56472.165591
0	56472.165594
2	56472.1656085
3	56472.1656114
0	56472.1656143
0	56472.1656347
2	56472.1656376
3	56472.1656406
0	56472.1656522
3	56472.1656697
2	56472.1656726
0	56472.1656755
0	56472.165693
2	56472.1656988
3	56472.1657017
0	56472.1657134
3	56472.1657192
2	56472.1657221
0	56472.1657367
2	56472.1657542
3	56472.1657571
0	56472.1657687
2	56472.1657804
3	56472.1657833
0	56472.165792
2	56472.1658008
3	56472.1658037
0	56472.1658211
3	56472.1658241
2	56472.165827
3	56472.1658299
2	56472.1658444
3	56472.1658474
0	56472.1658503
2	56472.1658648
3	56472.1658677
0	56472.1658707
2	56472.1658852
3	56472.1658881
0	56472.1658969
3	56472.1659056
2	56472.1659085
0	56472.165926
3	56472.1659347
2	56472.1659377
0	56472.1659493
2	56472.1659551
3	56472.165958
0	56472.1659639
2	56472.1659697
3	56472.1659726
0	56472.1659843
2	56472.165993
3	56472.1659959
0	56472.1660046
2	56472.1660221
3	56472.166025
0	56472.1660279
0	56472.1660396
2	56472.1660425
3	56472.1660454
0	56472.1660658
2	56472.1660687
3	56472.1660716
0	56472.1660833
3	56472.1660978
0	56472.1661008
2	56472.1661037
3	56472.1661095
0	56472.1661212
2	56472.1661357
3	56472.1661386
0	56472.1661445
2	56472.166159
3	56472.1661619
0	56472.1661678
2	56472.1661794
3	56472.1661823
0	56472.1661881
3	56472.1661969
2	56472.1662056
3	56472.1662114
0	56472.1662144
2	56472.1662289
3	56472.1662347
0	56472.1662377
2	56472.1662551
3	56472.1662581
0	56472.166261
2	56472.1662784
3	56472.1662814
0	56472.1662843
2	56472.1662959
3	56472.1662988
0	56472.1663017
2	56472.1663192
3	56472.1663221
0	56472.166325
2	56472.1663425
3	56472.1663454
0	56472.1663513
2	56472.1663629
3	56472.1663658
0	56472.1663746
3	56472.1663833
2	56472.1663862
0	56472.166392
3	56472.1663949
2	56472.1664095
0	56472.1664124
3	56472.1664182
0	56472.1664299
2	56472.1664328
3	56472.1664415
0	56472.1664474
2	56472.166459
3	56472.1664649
0	56472.1664765
2	56472.1664852
3	56472.1664882
0	56472.1664998
2	56472.1665056
3	56472.1665085
0	56472.1665173
0	56472.1665377
0	56472.1665639
2	56472.1665755
3	56472.1665814
0	56472.1665843
3	56472.1665872
2	56472.166593
0	56472.1666076
3	56472.1666105
2	56472.1666221
0	56472.1666309
3	56472.1666338
2	56472.1666454
3	56472.1666513
0	56472.16666
2	56472.1666687
3	56472.1666775
3	56472.1666775
2	56472.1666804
0	56472.1666862
2	56472.166692
3	56472.166695
0	56472.1667095
2	56472.1667183
3	56472.1667212
0	56472.1667328
3	56472.1667416
2	56472.1667445
0	56472.1667561
3	56472.166759
2	56472.1667619
3	56472.1667707
0	56472.1667765
2	56472.1667852
3	56472.166794
0	56472.1667998
2	56472.1668085
0	56472.1668173
3	56472.1668202
2	56472.1668319
0	56472.1668406
3	56472.1668464
2	56472.1668581
3	56472.1668639
0	56472.1668668
2	56472.1668843
3	56472.1668872
0	56472.1668901
0	56472.1668988
2	56472.1669076
3	56472.1669105
0	56472.1669221
2	56472.1669338
3	56472.1669367
0	56472.1669425
2	56472.1669542
3	56472.1669571
0	56472.1669629
0	56472.1669804
2	56472.1669921
3	56472.166995
0	56472.1670008
3	56472.1670154
0	56472.1670241
0	56472.1670503
3	56472.1670561
2	56472.167059
0	56472.1670707
3	56472.1670736
2	56472.1670765
3	56472.1670823
0	56472.167094
2	56472.1670998
3	56472.1671027
0	56472.1671173
2	56472.1671289
3	56472.1671319
0	56472.1671377
2	56472.1671581
3	56472.1671581
2	56472.167161
0	56472.1671668
0	56472.1671843
2	56472.1671872
3	56472.1671901
0	56472.1672047
3	56472.1672076
2	56472.1672105
3	56472.1672163
0	56472.1672251
2	56472.1672309
3	56472.1672367
0	56472.1672455
2	56472.1672513
3	56472.1672542
0	56472.1672658
2	56472.1672746
3	56472.1672775
0	56472.1672833
3	56472.167295
2	56472.1672979
0	56472.1673008
0	56472.1673154
3	56472.1673183
2	56472.1673212
3	56472.1673358
0	56472.1673416
2	56472.1673474
0	56472.1673561
3	56472.1673591
2	56472.1673824
0	56472.1673882
3	56472.1673911
2	56472.1673998
0	56472.1674027
3	56472.1674144
2	56472.1674231
0	56472.167426
3	56472.1674319
2	56472.1674493
3	56472.1674523
0	56472.1674552
0	56472.1674756
2	56472.1674785
3	56472.1674814
0	56472.1675018
3	56472.1675105
2	56472.1675163
3	56472.1675222
0	56472.1675309
2	56472.1675513
3	56472.1675542
0	56472.1675629
2	56472.1675717
3	56472.1675746
0	56472.1675862
2	56472.1676037
3	56472.1676066
0	56472.1676125
0	56472.167627
2	56472.1676358
3	56472.1676387
0	56472.1676503
2	56472.1676649
3	56472.1676678
0	56472.1676707
0	56472.1676853
2	56472.1676911
3	56472.167694
0	56472.1677144
3	56472.1677173
2	56472.1677202
0	56472.167729
3	56472.1677406
2	56472.1677435
0	56472.1677464
3	56472.167761
2	56472.1677668
0	56472.1677756
3	56472.1677872
0	56472.1677901
2	56472.167796
0	56472.1678076
3	56472.1678105
2	56472.1678134
0	56472.1678251
3	56472.1678396
2	56472.1678426
0	56472.1678484
3	56472.16786
2	56472.1678629
0	56472.1678659
3	56472.1678804
2	56472.1678833
0	56472.1678892
3	56472.1678979
2	56472.1679154
0	56472.1679183
3	56472.1679241
0	56472.1679416
2	56472.1679445
3	56472.1679503
0	56472.1679649
2	56472.1679707
3	56472.1679765
0	56472.1679911
3	56472.1680028
0	56472.1680173
3	56472.1680406
2	56472.1680435
0	56472.1680465
3	56472.1680581
0	56472.1680639
2	56472.1680668
3	56472.1680785
0	56472.1680814
2	56472.1680931
3	56472.168096
0	56472.1680989
0	56472.1681222
2	56472.1681251
3	56472.168128
0	56472.1681426
2	56472.1681455
2	56472.1681513
3	56472.1681542
0	56472.1681571
0	56472.1681833
3	56472.1681863
2	56472.1681892
0	56472.1682037
2	56472.1682096
3	56472.1682125
0	56472.1682183
0	56472.1682358
3	56472.1682387
2	56472.1682416
0	56472.1682562
3	56472.1682591
2	56472.168262
0	56472.1682795
3	56472.1682824
2	56472.1682882
3	56472.1682969
0	56472.1682999
2	56472.1683144
3	56472.1683202
0	56472.1683232
2	56472.1683348
0	56472.1683465
3	56472.1683494
2	56472.1683581
0	56472.1683698
3	56472.1683756
2	56472.1683872
0	56472.1683931
3	56472.1684047
2	56472.1684164
0	56472.1684193
3	56472.1684338
0	56472.1684397
2	56472.1684484
3	56472.1684542
0	56472.168463
2	56472.1684688
3	56472.1684804
0	56472.1684892
0	56472.1685037
2	56472.1685067
3	56472.1685096
0	56472.1685241
3	56472.1685387
2	56472.1685416
0	56472.1685445
0	56472.1685591
2	56472.1685736
3	56472.1685766
0	56472.1685795
0	56472.1686028
2	56472.1686057
3	56472.1686086
0	56472.1686203
2	56472.1686261
3	56472.168629
0	56472.1686319
0	56472.1686523
2	56472.168661
3	56472.1686639
0	56472.1686785
3	56472.1686872
2	56472.1686931
0	56472.1686989
3	56472.1687105
2	56472.1687164
0	56472.1687222
3	56472.168728
2	56472.1687397
0	56472.1687484
3	56472.1687513
2	56472.168763
0	56472.1687717
3	56472.1687746
2	56472.1687921
0	56472.1687979
3	56472.1688008
2	56472.1688183
0	56472.1688212
3	56472.1688271
2	56472.1688445
0	56472.1688474
3	56472.1688591
0	56472.1688649
2	56472.1688707
3	56472.1688824
0	56472.1688882
2	56472.1688911
0	56472.1689057
3	56472.1689144
2	56472.1689173
0	56472.1689232
3	56472.1689319
2	56472.1689436
0	56472.1689465
3	56472.1689494
0	56472.1689669
2	56472.1689698
0	56472.1689902
2	56472.1690076
0	56472.1690106
3	56472.1690135
0	56472.1690368
2	56472.1690397
3	56472.1690426
0	56472.1690513
0	56472.1690717
2	56472.1690746
3	56472.1690775
0	56472.169095
2	56472.1691038
3	56472.1691067
0	56472.1691154
3	56472.1691183
3	56472.16913
2	56472.1691329
0	56472.1691387
0	56472.1691649
2	56472.1691678
3	56472.1691708
3	56472.1691766
0	56472.1691853
2	56472.169197
3	56472.1691999
0	56472.1692115
2	56472.169229
3	56472.1692319
0	56472.1692377
3	56472.1692552
2	56472.1692581
0	56472.169264
2	56472.1692814
3	56472.1692843
0	56472.1692902
0	56472.1693106
2	56472.1693135
3	56472.1693164
0	56472.1693368
3	56472.1693426
2	56472.1693455
0	56472.1693543
2	56472.1693688
3	56472.1693717
0	56472.1693746
2	56472.1694038
3	56472.1694067
0	56472.1694096
0	56472.1694183
3	56472.1694212
2	56472.1694242
0	56472.1694329
3	56472.1694358
2	56472.1694562
0	56472.169462
3	56472.1694708
0	56472.1694824
2	56472.1694912
0	56472.1695028
3	56472.1695057
0	56472.1695232
2	56472.1695261
3	56472.1695348
0	56472.1695436
2	56472.1695523
3	56472.1695611
0	56472.1695669
0	56472.1695902
3	56472.169596
0	56472.1696164
2	56472.1696193
3	56472.1696222
0	56472.1696426
2	56472.1696543
3	56472.1696572
0	56472.1696688
3	56472.1696717
2	56472.1696834
3	56472.1696921
0	56472.169695
2	56472.1697154
0	56472.1697213
2	56472.1697213
3	56472.1697242
0	56472.1697475
3	56472.1697533
0	56472.1697708
0	56472.1698028
0	56472.1698174
2	56472.1698319
3	56472.1698349
0	56472.1698465
2	56472.1698523
3	56472.1698552
0	56472.1698669
3	56472.1698756
2	56472.1698785
0	56472.1698815
3	56472.1698902
2	56472.169896
0	56472.1699048
2	56472.1699077
3	56472.1699106
0	56472.1699251
2	56472.1699339
2	56472.1699368
3	56472.1699368
3	56472.1699397
0	56472.1699455
2	56472.1699572
3	56472.169963
0	56472.1699688
2	56472.1699805
0	56472.1699892
3	56472.1699921
2	56472.1700096
0	56472.1700154
3	56472.1700183
0	56472.1700387
2	56472.1700417
3	56472.1700446
0	56472.1700679
2	56472.1700737
3	56472.1700766
0	56472.170097
2	56472.1701057
3	56472.1701086
0	56472.1701232
3	56472.170129
3	56472.1701523
0	56472.1701582
0	56472.1701844
0	56472.1702193
2	56472.1702222
3	56472.1702252
0	56472.1702368
2	56472.1702397
3	56472.1702426
0	56472.1702572
2	56472.1702718
3	56472.1702747
2	56472.1702776
0	56472.1702805
3	56472.1703009
0	56472.1703038
2	56472.1703067
0	56472.1703184
2	56472.1703184
3	56472.1703213
2	56472.1703242
3	56472.1703242
3	56472.17033
0	56472.1703387
2	56472.1703533
0	56472.1703562
3	56472.1703591
0	56472.1703795
2	56472.1703824
3	56472.1703854
0	56472.1703941
2	56472.1703999
3	56472.1704028
0	56472.1704116
2	56472.1704232
3	56472.1704349
0	56472.1704378
2	56472.1704436
0	56472.1704553
3	56472.1704582
2	56472.170464
0	56472.1704756
3	56472.1704786
2	56472.1704873
3	56472.1704989
0	56472.1705019
2	56472.1705135
3	56472.1705193
0	56472.1705252
2	56472.1705397
3	56472.1705426
0	56472.1705543
2	56472.1705718
3	56472.1705747
0	56472.1705834
2	56472.1706009
3	56472.1706038
0	56472.1706184
2	56472.1706271
3	56472.17063
0	56472.1706358
3	56472.1706591
0	56472.1706621
0	56472.1706854
2	56472.170697
3	56472.1706999
0	56472.1707087
3	56472.1707116
2	56472.1707261
3	56472.170729
0	56472.170732
0	56472.1707494
2	56472.1707553
3	56472.1707582
0	56472.1707698
3	56472.1707844
2	56472.1707873
0	56472.1707902
2	56472.1708019
3	56472.1708019
0	56472.1708048
2	56472.1708106
0	56472.170831
3	56472.1708368
2	56472.1708397
0	56472.1708485
3	56472.170863
2	56472.1708659
0	56472.1708718
3	56472.1708805
2	56472.1708863
0	56472.1708922
3	56472.1708951
2	56472.1709096
3	56472.1709126
0	56472.1709242
2	56472.1709329
3	56472.1709359
0	56472.1709475
2	56472.1709533
3	56472.1709562
0	56472.1709679
3	56472.1709795
2	56472.1709825
3	56472.1710028
2	56472.1710058
3	56472.1710349
2	56472.1710378
0	56472.1710407
0	56472.1710582
2	56472.1710611
3	56472.171064
0	56472.1710815
2	56472.1710873
3	56472.1710902
0	56472.1711077
3	56472.1711106
2	56472.1711135
3	56472.1711223
0	56472.1711339
2	56472.1711368
0	56472.1711397
3	56472.1711427
0	56472.1711572
2	56472.1711747
3	56472.1711776
0	56472.1711805
0	56472.1712009
2	56472.1712096
3	56472.1712126
0	56472.1712271
2	56472.1712329
3	56472.1712359
0	56472.1712446
2	56472.1712621
3	56472.171265
0	56472.1712679
0	56472.1712883
3	56472.1712912
2	56472.1712941
3	56472.171297
0	56472.1713087
2	56472.1713262
3	56472.1713291
0	56472.171332
0	56472.1713524
2	56472.1713553
3	56472.1713582
3	56472.1713669
0	56472.1713757
2	56472.1713873
2	56472.1714106
3	56472.1714339
2	56472.1714427
3	56472.1714456
0	56472.1714485
0	56472.1714601
2	56472.1714631
3	56472.171466
0	56472.1714834
2	56472.1714922
3	56472.1714951
3	56472.1715126
2	56472.1715155
0	56472.1715184
3	56472.1715213
3	56472.1715359
0	56472.1715446
0	56472.1715475
2	56472.1715504
3	56472.1715533
0	56472.1715708
2	56472.1715766
3	56472.1715796
0	56472.1715941
3	56472.1716058
2	56472.1716087
0	56472.1716203
3	56472.1716291
2	56472.171632
0	56472.1716378
3	56472.1716466
2	56472.1716524
0	56472.1716553
3	56472.1716669
2	56472.1716786
0	56472.1716815
3	56472.1716844
0	56472.1717048
2	56472.1717135
3	56472.1717165
0	56472.1717194
3	56472.1717368
2	56472.1717427
0	56472.1717456
3	56472.1717514
2	56472.1717601
0	56472.1717631
3	56472.1717747
0	56472.1717834
2	56472.1717864
3	56472.171798
0	56472.1718038
2	56472.1718126
3	56472.171833
0	56472.1718359
2	56472.1718417
3	56472.1718446
0	56472.1718504
2	56472.171865
3	56472.1718679
0	56472.1718737
2	56472.1718825
3	56472.1718854
0	56472.171897
2	56472.1719029
3	56472.1719058
2	56472.1719203
0	56472.1719233
3	56472.1719262
2	56472.1719407
3	56472.1719495
0	56472.1719524
2	56472.171964
3	56472.1719757
0	56472.1719786
2	56472.1719844
3	56472.171999
0	56472.1720019
2	56472.1720048
3	56472.1720194
0	56472.1720252
2	56472.172031
3	56472.1720369
0	56472.1720485
2	56472.1720572
3	56472.1720602
0	56472.1720718
2	56472.1720864
3	56472.1720893
0	56472.1720951
2	56472.1721068
3	56472.1721097
0	56472.1721126
2	56472.1721388
3	56472.1721417
0	56472.1721446
0	56472.1721592
3	56472.1721679
2	56472.1721708
0	56472.1721796
3	56472.1721825
2	56472.1721883
3	56472.1721971
0	56472.1722
2	56472.1722116
3	56472.1722145
0	56472.1722233
2	56472.1722466
3	56472.1722495
3	56472.172264
2	56472.172267
3	56472.1722844
0	56472.1722873
2	56472.1722903
3	56472.1722961
2	56472.1723077
0	56472.1723106
3	56472.1723194
2	56472.1723281
0	56472.172334
3	56472.1723427
2	56472.1723543
0	56472.1723602
3	56472.172366
2	56472.1723747
3	56472.1723835
0	56472.1723864
0	56472.1723893
2	56472.1723951
3	56472.1724009
0	56472.1724155
2	56472.1724184
3	56472.1724213
2	56472.1724446
0	56472.1724475
3	56472.1724505
2	56472.1724679
3	56472.1724708
0	56472.1724767
3	56472.1724941
2	56472.1725
0	56472.1725029
3	56472.1725116
0	56472.1725262
2	56472.1725291
3	56472.172532
2	56472.1725495
3	56472.1725524
0	56472.1725553
0	56472.1725757
2	56472.1725844
0	56472.172599
0	56472.1726281
0	56472.1726514
2	56472.1726631
3	56472.172666
0	56472.1726689
2	56472.1726864
3	56472.1726893
0	56472.1726922
2	56472.1727068
3	56472.1727097
0	56472.1727126
3	56472.1727272
0	56472.172733
2	56472.1727388
3	56472.1727417
0	56472.1727534
3	56472.172765
2	56472.1727679
3	56472.1727679
2	56472.1727709
0	56472.1727796
2	56472.1727912
3	56472.1727942
0	56472.1728029
2	56472.1728116
3	56472.1728145
0	56472.1728262
2	56472.172832
3	56472.1728349
0	56472.1728495
3	56472.1728524
2	56472.1728553
3	56472.1728728
2	56472.1728757
0	56472.1728786
3	56472.1728903
2	56472.1728932
0	56472.172899
3	56472.1729194
2	56472.1729223
0	56472.1729281
3	56472.1729456
2	56472.1729485
0	56472.1729573
2	56472.1729689
3	56472.1729718
0	56472.1729835
3	56472.1729893
2	56472.1729922
3	56472.1730155
2	56472.1730184
0	56472.1730476
3	56472.1730505
2	56472.1730534
0	56472.1730592
3	56472.1730621
2	56472.1730709
0	56472.1730767
3	56472.1730913
2	56472.1731
0	56472.1731058
3	56472.1731146
0	56472.1731233
2	56472.1731262
0	56472.1731408
3	56472.1731437
2	56472.1731524
0	56472.1731553
0	56472.1731641
3	56472.173167
2	56472.1731786
0	56472.1731874
3	56472.1731903
2	56472.1732048
3	56472.1732078
0	56472.1732107
2	56472.1732311
3	56472.173234
0	56472.1732369
2	56472.1732515
3	56472.1732544
0	56472.1732573
3	56472.1732689
2	56472.1732718
0	56472.1732777
3	56472.1732922
2	56472.1732951
0	56472.173301
3	56472.1733184
2	56472.1733214
0	56472.1733272
2	56472.1733417
3	56472.1733447
0	56472.1733563
2	56472.1733592
3	56472.173365
2	56472.1733796
3	56472.1733825
0	56472.1733884
2	56472.1734029
3	56472.1734058
0	56472.1734204
2	56472.1734291
3	56472.173432
0	56472.1734495
3	56472.1734612
2	56472.1734641
0	56472.1734699
3	56472.1734757
2	56472.1734786
0	56472.1734961
3	56472.1735019
2	56472.1735049
0	56472.1735165
2	56472.1735282
3	56472.1735311
0	56472.173534
3	56472.1735515
2	56472.1735544
0	56472.1735573
2	56472.1735748
3	56472.1735777
0	56472.1735806
0	56472.173601
2	56472.1736039
3	56472.1736068
0	56472.1736185
2	56472.1736243
3	56472.1736272
0	56472.1736447
2	56472.1736476
3	56472.1736505
3	56472.1736651
2	56472.1736709
0	56472.1736738
0	56472.1736884
2	56472.1736942
3	56472.1736971
0	56472.1737087
2	56472.1737175
3	56472.1737204
0	56472.173732
2	56472.1737379
3	56472.1737437
2	56472.1737554
0	56472.1737583
3	56472.1737641
2	56472.1737757
0	56472.1737816
3	56472.1737874
2	56472.1737961
3	56472.173802
0	56472.1738107
2	56472.1738165
0	56472.1738398
2	56472.1738427
3	56472.173866
0	56472.1738719
2	56472.1738777
3	56472.1738806
2	56472.1738922
0	56472.1738981
3	56472.173901
2	56472.1739185
0	56472.1739272
3	56472.1739301
2	56472.1739447
0	56472.1739505
3	56472.1739534
3	56472.173968
2	56472.1739709
3	56472.1739738
0	56472.1739767
0	56472.1739913
2	56472.1739971
3	56472.174
0	56472.1740117
2	56472.1740146
3	56472.1740175
0	56472.174035
2	56472.1740466
3	56472.1740495
0	56472.1740554
3	56472.1740728
2	56472.1740757
0	56472.1740787
2	56472.1740932
3	56472.1740961
0	56472.1740991
2	56472.1741107
3	56472.1741136
0	56472.1741165
2	56472.1741282
3	56472.1741311
0	56472.1741369
2	56472.1741427
3	56472.1741457
0	56472.1741602
2	56472.1741631
3	56472.174166
2	56472.1741806
3	56472.1741835
0	56472.1741864
2	56472.174201
3	56472.1742039
0	56472.1742068
2	56472.1742214
3	56472.1742243
0	56472.1742301
3	56472.1742476
0	56472.1742651
2	56472.1742825
3	56472.1742855
0	56472.1742942
3	56472.1742971
2	56472.1743
3	56472.1743117
2	56472.1743233
0	56472.1743262
3	56472.1743321
0	56472.1743495
2	56472.1743525
3	56472.1743554
0	56472.1743728
2	56472.1743787
3	56472.1743816
2	56472.1743903
0	56472.1743991
2	56472.1744107
3	56472.1744136
0	56472.1744224
