1	56472.1618132
0	56472.1618161
2	56472.161819
3	56472.1618219
1	56472.1618249
0	56472.1618278
2	56472.1618307
3	56472.1618336
1	56472.1618365
0	56472.1618394
2	56472.1618423
1	56472.1618452
0	56472.1618482
3	56472.1618511
2	56472.161854
1	56472.1618569
3	56472.1618598
0	56472.1618627
1	56472.1618656
2	56472.1618685
0	56472.1618715
3	56472.1618744
1	56472.1618773
0	56472.1618802
1	56472.1618831
2	56472.161886
3	56472.1618889
0	56472.1618918
1	56472.1618948
0	56472.1618977
1	56472.1619006
2	56472.1619035
3	56472.1619064
0	56472.1619093
1	56472.1619122
0	56472.1619151
1	56472.1619181
2	56472.161921
3	56472.1619239
1	56472.1619268
0	56472.1619297
3	56472.1619326
2	56472.1619355
1	56472.1619384
0	56472.1619414
1	56472.1619443
0	56472.1619472
1	56472.1619501
3	56472.161953
2	56472.1619559
0	56472.1619588
1	56472.1619617
2	56472.1619647
3	56472.1619676
1	56472.1619705
1	56472.1619734
0	56472.1619763
3	56472.1619792
2	56472.1619821
1	56472.161985
0	56472.161988
3	56472.1619909
1	56472.1619938
1	56472.1619967
2	56472.1619996
3	56472.1620025
0	56472.1620054
1	56472.1620083
0	56472.1620113
2	56472.1620142
3	56472.1620171
0	56472.16202
1	56472.1620229
0	56472.1620258
1	56472.1620287
2	56472.1620317
3	56472.1620346
0	56472.1620375
1	56472.1620404
0	56472.1620433
1	56472.1620462
2	56472.1620491
3	56472.162052
0	56472.162055
1	56472.1620579
3	56472.1620608
0	56472.1620637
2	56472.1620666
1	56472.1620695
3	56472.1620724
1	56472.1620753
0	56472.1620783
2	56472.1620812
3	56472.1620841
1	56472.162087
0	56472.1620899
2	56472.1620928
3	56472.1620957
1	56472.1620986
0	56472.1621016
0	56472.1621045
1	56472.1621074
2	56472.1621103
3	56472.1621132
0	56472.1621161
1	56472.162119
2	56472.1621219
3	56472.1621249
0	56472.1621278
1	56472.1621307
2	56472.1621336
3	56472.1621365
0	56472.1621394
1	56472.1621423
0	56472.1621452
1	56472.1621482
3	56472.1621511
2	56472.162154
3	56472.1621569
1	56472.1621598
0	56472.1621627
1	56472.1621656
2	56472.1621685
3	56472.1621715
0	56472.1621744
1	56472.1621773
0	56472.1621802
2	56472.1621831
3	56472.162186
0	56472.1621889
1	56472.1621919
0	56472.1621948
2	56472.1621977
3	56472.1622006
1	56472.1622035
0	56472.1622064
1	56472.1622093
0	56472.1622122
3	56472.1622152
2	56472.1622181
1	56472.162221
0	56472.1622239
1	56472.1622268
2	56472.1622297
3	56472.1622326
0	56472.1622355
1	56472.1622385
0	56472.1622414
2	56472.1622443
3	56472.1622472
1	56472.1622501
0	56472.162253
1	56472.1622559
0	56472.1622588
2	56472.1622618
3	56472.1622647
1	56472.1622676
0	56472.1622705
1	56472.1622763
0	56472.1622792
3	56472.1622821
2	56472.1622851
1	56472.162288
0	56472.1622909
3	56472.1622938
1	56472.1622967
2	56472.1622996
0	56472.1623054
3	56472.1623084
1	56472.1623113
0	56472.16232
1	56472.1623229
2	56472.1623258
3	56472.1623287
0	56472.1623346
1	56472.1623375
2	56472.1623433
3	56472.1623462
0	56472.1623491
1	56472.162352
0	56472.162355
1	56472.1623579
2	56472.1623637
3	56472.1623666
0	56472.1623695
1	56472.1623724
0	56472.1623783
1	56472.1623812
2	56472.1623841
3	56472.162387
0	56472.1623899
1	56472.1623928
3	56472.1623957
2	56472.1623987
0	56472.1624016
1	56472.1624045
3	56472.1624074
2	56472.1624103
3	56472.1624132
0	56472.162419
1	56472.162422
1	56472.1624278
3	56472.1624307
0	56472.1624336
2	56472.1624365
1	56472.1624394
3	56472.1624423
0	56472.1624453
1	56472.1624511
2	56472.162454
3	56472.1624569
0	56472.1624598
1	56472.1624627
0	56472.1624686
2	56472.1624715
3	56472.1624744
1	56472.1624773
0	56472.1624802
1	56472.1624831
0	56472.162486
2	56472.1624948
3	56472.1624977
1	56472.1625006
0	56472.1625035
1	56472.1625093
2	56472.1625123
3	56472.1625152
0	56472.1625181
1	56472.1625239
0	56472.1625268
3	56472.1625356
2	56472.1625385
1	56472.1625414
0	56472.1625443
1	56472.1625472
0	56472.1625501
3	56472.1625559
2	56472.1625589
1	56472.1625618
3	56472.1625647
0	56472.1625676
1	56472.1625705
0	56472.1625734
2	56472.1625763
3	56472.1625792
1	56472.1625822
0	56472.1625851
0	56472.1625909
1	56472.1625938
2	56472.1625967
3	56472.1625996
0	56472.1626055
1	56472.1626084
2	56472.1626113
3	56472.1626142
0	56472.16262
1	56472.1626229
1	56472.1626346
0	56472.1626375
2	56472.1626404
3	56472.1626433
0	56472.1626462
1	56472.1626491
2	56472.1626579
3	56472.1626608
0	56472.1626637
1	56472.1626666
0	56472.1626695
1	56472.1626724
3	56472.1626754
0	56472.1626783
2	56472.1626812
1	56472.1626841
3	56472.162687
0	56472.1626928
1	56472.1626957
2	56472.1626987
3	56472.1627016
0	56472.1627045
1	56472.1627103
2	56472.1627132
3	56472.1627161
0	56472.162719
1	56472.162722
2	56472.1627278
3	56472.1627307
0	56472.1627336
1	56472.1627365
0	56472.1627424
1	56472.1627453
2	56472.1627482
3	56472.1627511
0	56472.162754
1	56472.1627569
2	56472.1627627
3	56472.1627657
0	56472.1627686
1	56472.1627715
1	56472.1627773
0	56472.1627802
2	56472.162786
3	56472.162789
0	56472.1627919
1	56472.1627948
0	56472.1627977
1	56472.1628006
3	56472.1628064
2	56472.1628093
0	56472.1628123
1	56472.1628152
3	56472.162821
2	56472.1628239
1	56472.1628268
3	56472.1628297
0	56472.1628326
1	56472.1628414
0	56472.1628443
2	56472.1628472
3	56472.1628501
1	56472.162853
0	56472.1628559
1	56472.1628589
2	56472.1628647
3	56472.1628676
0	56472.1628705
1	56472.1628734
0	56472.1628822
1	56472.1628851
2	56472.162888
3	56472.1628909
0	56472.1628938
1	56472.1628967
0	56472.1629026
1	56472.1629055
3	56472.1629084
2	56472.1629113
1	56472.1629142
0	56472.1629171
3	56472.1629229
2	56472.1629259
0	56472.1629288
1	56472.1629317
3	56472.1629346
0	56472.1629462
1	56472.1629492
2	56472.1629521
3	56472.162955
0	56472.1629579
1	56472.1629608
1	56472.1629666
0	56472.1629695
2	56472.1629725
3	56472.1629754
1	56472.1629783
0	56472.1629812
1	56472.162987
2	56472.1629899
3	56472.1629928
0	56472.1629958
1	56472.1630016
0	56472.1630045
1	56472.1630103
2	56472.1630132
3	56472.1630161
0	56472.1630191
1	56472.163022
0	56472.1630249
3	56472.1630278
2	56472.1630307
3	56472.1630336
1	56472.1630365
0	56472.1630394
2	56472.1630453
3	56472.1630482
1	56472.1630511
0	56472.1630569
1	56472.1630598
2	56472.1630627
3	56472.1630657
0	56472.1630686
1	56472.1630744
3	56472.1630802
0	56472.1630831
2	56472.1630861
3	56472.163089
1	56472.1630919
0	56472.1630948
1	56472.1630977
2	56472.1631006
3	56472.1631035
0	56472.1631064
1	56472.1631094
0	56472.1631123
2	56472.1631181
3	56472.163121
1	56472.1631239
0	56472.1631268
1	56472.1631356
0	56472.1631385
2	56472.1631414
3	56472.1631443
1	56472.1631472
0	56472.1631501
2	56472.163153
3	56472.163156
1	56472.1631589
0	56472.1631647
3	56472.1631676
2	56472.1631734
1	56472.1631763
0	56472.1631793
1	56472.1631851
0	56472.163188
3	56472.1631909
2	56472.1631938
3	56472.1631967
1	56472.1631996
0	56472.1632026
1	56472.1632113
0	56472.1632142
2	56472.1632171
3	56472.16322
1	56472.1632229
0	56472.1632259
1	56472.1632346
0	56472.1632375
2	56472.1632404
3	56472.1632433
0	56472.1632463
1	56472.1632492
3	56472.1632521
2	56472.163255
3	56472.1632579
1	56472.1632608
0	56472.1632637
2	56472.1632754
3	56472.1632783
1	56472.1632812
0	56472.1632841
1	56472.163287
0	56472.1632899
2	56472.1632958
3	56472.1632987
1	56472.1633016
0	56472.1633045
1	56472.1633074
0	56472.1633103
3	56472.1633162
2	56472.1633191
1	56472.163322
0	56472.1633249
3	56472.1633278
1	56472.1633336
0	56472.1633365
2	56472.1633395
3	56472.1633424
1	56472.1633482
0	56472.1633511
2	56472.163354
3	56472.1633569
1	56472.1633628
0	56472.1633657
2	56472.1633686
3	56472.1633715
0	56472.1633744
1	56472.1633773
2	56472.1633831
3	56472.1633861
0	56472.163389
1	56472.1633919
0	56472.1633977
1	56472.1634006
2	56472.1634035
3	56472.1634064
0	56472.1634094
1	56472.1634123
0	56472.1634181
1	56472.163421
2	56472.1634239
3	56472.1634268
0	56472.1634297
1	56472.1634327
0	56472.1634414
1	56472.1634443
2	56472.1634472
3	56472.1634501
1	56472.1634531
0	56472.163456
2	56472.1634589
3	56472.1634618
0	56472.1634676
1	56472.1634705
3	56472.1634734
2	56472.1634793
0	56472.1634822
1	56472.1634851
3	56472.163488
0	56472.1634909
1	56472.1634938
1	56472.1634997
0	56472.1635026
2	56472.1635055
3	56472.1635084
1	56472.1635113
0	56472.1635142
2	56472.1635171
3	56472.16352
1	56472.163523
0	56472.1635259
1	56472.1635288
0	56472.1635346
3	56472.1635375
2	56472.1635404
1	56472.1635433
0	56472.1635463
3	56472.1635492
2	56472.163555
1	56472.1635579
3	56472.1635608
0	56472.1635637
1	56472.1635666
2	56472.1635725
3	56472.1635754
0	56472.1635783
1	56472.1635812
0	56472.163587
1	56472.16359
2	56472.1635929
3	56472.1635958
0	56472.1635987
1	56472.1636016
0	56472.1636103
2	56472.1636133
1	56472.1636162
3	56472.1636191
0	56472.163622
1	56472.1636249
3	56472.1636278
2	56472.1636307
0	56472.1636336
1	56472.1636366
3	56472.1636395
0	56472.1636424
1	56472.1636453
2	56472.1636482
3	56472.1636511
0	56472.163654
1	56472.1636569
2	56472.1636628
3	56472.1636657
0	56472.1636715
1	56472.1636744
2	56472.1636773
3	56472.1636802
0	56472.1636861
1	56472.163689
3	56472.1636948
2	56472.1636977
0	56472.1637006
1	56472.1637035
0	56472.1637094
1	56472.1637123
3	56472.1637152
2	56472.1637181
0	56472.163721
1	56472.1637239
0	56472.1637327
1	56472.1637356
3	56472.1637385
2	56472.1637414
3	56472.1637443
0	56472.1637472
1	56472.1637501
0	56472.1637531
1	56472.163756
2	56472.1637589
3	56472.1637618
0	56472.1637676
1	56472.1637705
2	56472.1637764
0	56472.1637822
1	56472.1637851
3	56472.1637908
0	56472.1637938
2	56472.1637968
3	56472.1637997
1	56472.1638026
3	56472.1638055
0	56472.1638084
1	56472.1638113
2	56472.1638142
3	56472.1638171
0	56472.1638201
1	56472.163823
0	56472.1638259
1	56472.1638288
2	56472.1638317
3	56472.1638346
0	56472.1638375
1	56472.1638404
0	56472.1638492
1	56472.1638521
3	56472.163855
2	56472.1638579
0	56472.1638608
1	56472.1638637
2	56472.1638696
3	56472.1638725
1	56472.1638783
0	56472.1638812
2	56472.163887
3	56472.16389
1	56472.1638929
0	56472.1638958
1	56472.1638987
0	56472.1639045
2	56472.1639074
3	56472.1639103
1	56472.1639133
0	56472.1639162
1	56472.163922
0	56472.1639249
3	56472.1639278
2	56472.1639307
1	56472.1639366
0	56472.1639395
3	56472.1639424
2	56472.1639453
0	56472.1639482
1	56472.1639511
0	56472.163957
1	56472.1639599
2	56472.1639628
3	56472.1639657
1	56472.1639715
0	56472.1639744
2	56472.1639773
3	56472.1639803
1	56472.1639919
0	56472.1639948
2	56472.1639977
3	56472.1640006
1	56472.1640036
0	56472.1640065
1	56472.1640094
2	56472.1640123
3	56472.1640152
0	56472.1640181
1	56472.164021
0	56472.1640269
1	56472.1640327
2	56472.1640356
3	56472.1640385
0	56472.1640414
1	56472.1640443
0	56472.1640472
1	56472.164056
0	56472.1640589
2	56472.1640618
3	56472.1640647
1	56472.1640676
0	56472.1640705
3	56472.1640735
2	56472.1640764
3	56472.1640793
1	56472.1640822
0	56472.1640851
1	56472.1640938
0	56472.1640968
2	56472.1640997
3	56472.1641026
1	56472.1641055
0	56472.1641084
1	56472.1641142
2	56472.1641171
3	56472.1641201
0	56472.164123
1	56472.1641259
0	56472.1641317
1	56472.1641375
2	56472.1641404
3	56472.1641434
0	56472.1641463
1	56472.1641492
0	56472.164155
1	56472.1641608
2	56472.1641638
3	56472.1641667
0	56472.1641696
1	56472.1641725
0	56472.1641783
2	56472.1641812
3	56472.1641841
1	56472.1641871
0	56472.1641929
1	56472.1641987
2	56472.1642016
3	56472.1642045
0	56472.1642074
1	56472.1642133
0	56472.1642162
2	56472.1642191
3	56472.164222
1	56472.1642249
0	56472.1642278
3	56472.1642395
1	56472.1642424
2	56472.1642453
0	56472.1642482
3	56472.1642511
1	56472.164254
0	56472.164257
2	56472.1642599
3	56472.1642628
1	56472.1642657
0	56472.1642686
2	56472.1642744
0	56472.1642773
1	56472.1642803
3	56472.1642832
0	56472.1642861
1	56472.164289
2	56472.1642919
3	56472.1642948
0	56472.1643007
1	56472.1643036
2	56472.1643065
3	56472.1643094
0	56472.1643123
1	56472.1643152
1	56472.164324
0	56472.1643269
2	56472.1643298
3	56472.1643327
1	56472.1643356
0	56472.1643385
1	56472.1643443
2	56472.1643473
3	56472.1643502
0	56472.1643531
1	56472.164356
0	56472.1643589
2	56472.1643676
3	56472.1643706
1	56472.1643735
0	56472.1643764
1	56472.1643793
0	56472.1643822
3	56472.164388
2	56472.1643909
3	56472.1643939
1	56472.1643997
0	56472.1644026
2	56472.1644055
3	56472.1644084
1	56472.1644113
0	56472.1644142
1	56472.1644172
0	56472.164423
2	56472.1644259
3	56472.1644288
1	56472.1644317
0	56472.1644346
2	56472.1644405
3	56472.1644434
1	56472.1644463
0	56472.1644492
1	56472.1644521
0	56472.164455
2	56472.1644608
3	56472.1644638
1	56472.1644667
0	56472.1644696
1	56472.1644812
0	56472.1644841
2	56472.1644871
3	56472.16449
1	56472.1644929
0	56472.1644958
3	56472.1644987
2	56472.1645016
1	56472.1645045
0	56472.1645075
1	56472.1645162
0	56472.1645191
2	56472.164522
3	56472.1645249
1	56472.1645278
0	56472.1645308
3	56472.1645366
2	56472.1645395
1	56472.1645424
0	56472.1645453
3	56472.1645482
1	56472.1645511
0	56472.1645541
2	56472.1645628
3	56472.1645657
1	56472.1645686
0	56472.1645715
2	56472.1645744
3	56472.1645774
0	56472.1645803
1	56472.1645832
0	56472.1645861
2	56472.164589
3	56472.1645919
1	56472.1645948
0	56472.1646036
2	56472.1646065
3	56472.1646094
1	56472.1646123
0	56472.1646152
1	56472.1646181
2	56472.164621
3	56472.164624
0	56472.1646269
1	56472.1646298
0	56472.1646385
1	56472.1646414
2	56472.1646443
3	56472.1646473
1	56472.1646502
0	56472.1646531
3	56472.1646618
0	56472.1646647
2	56472.1646677
1	56472.1646706
0	56472.1646764
1	56472.1646793
3	56472.1646851
2	56472.164688
0	56472.164691
3	56472.1646939
1	56472.1646968
0	56472.1647026
2	56472.1647055
3	56472.1647084
1	56472.1647113
0	56472.1647172
1	56472.1647201
2	56472.1647259
3	56472.1647288
0	56472.1647317
1	56472.1647346
0	56472.1647405
1	56472.1647434
2	56472.1647463
3	56472.1647492
1	56472.1647521
0	56472.164755
3	56472.1647609
2	56472.1647638
0	56472.1647667
1	56472.1647696
0	56472.1647725
1	56472.1647754
2	56472.1647842
3	56472.1647871
0	56472.16479
1	56472.1647929
0	56472.1648016
1	56472.1648045
2	56472.1648075
3	56472.1648104
0	56472.1648162
1	56472.1648191
3	56472.164822
2	56472.1648249
0	56472.1648308
1	56472.1648337
3	56472.1648366
0	56472.1648395
1	56472.1648424
2	56472.1648453
3	56472.1648482
0	56472.1648511
1	56472.1648541
2	56472.1648628
3	56472.1648657
0	56472.1648686
1	56472.1648715
0	56472.1648745
1	56472.1648774
2	56472.1648803
3	56472.1648832
0	56472.1648861
1	56472.164889
2	56472.1648919
3	56472.1648948
0	56472.1648978
1	56472.1649007
2	56472.1649094
0	56472.1649123
3	56472.1649152
1	56472.1649181
3	56472.1649211
0	56472.1649269
2	56472.1649298
1	56472.1649327
3	56472.1649356
0	56472.1649385
1	56472.1649414
2	56472.1649444
3	56472.1649473
0	56472.1649502
1	56472.1649531
0	56472.1649589
1	56472.1649618
2	56472.1649647
3	56472.1649677
0	56472.1649706
1	56472.1649735
0	56472.1649822
3	56472.1649851
1	56472.164988
2	56472.164991
3	56472.1649939
0	56472.1649968
1	56472.1649997
0	56472.1650026
1	56472.1650055
2	56472.1650084
3	56472.1650114
0	56472.1650172
1	56472.1650201
2	56472.1650259
3	56472.1650288
0	56472.1650347
1	56472.1650376
1	56472.1650463
0	56472.1650492
3	56472.1650521
2	56472.165055
3	56472.165058
0	56472.1650609
1	56472.1650638
2	56472.1650667
3	56472.1650696
0	56472.1650725
1	56472.1650754
1	56472.1650783
0	56472.1650813
2	56472.1650871
3	56472.16509
1	56472.1650929
0	56472.1650958
1	56472.1651016
0	56472.1651046
2	56472.1651075
3	56472.1651104
1	56472.1651133
0	56472.1651162
2	56472.1651249
3	56472.1651279
1	56472.1651308
0	56472.1651337
1	56472.1651366
0	56472.1651424
3	56472.1651453
2	56472.1651482
1	56472.1651512
0	56472.1651541
1	56472.165157
2	56472.1651628
3	56472.1651657
0	56472.1651686
1	56472.1651715
0	56472.1651745
1	56472.1651832
2	56472.1651861
3	56472.165189
0	56472.1651919
1	56472.1651948
0	56472.1652007
2	56472.1652065
3	56472.1652094
1	56472.1652123
0	56472.1652152
3	56472.1652182
1	56472.1652211
2	56472.165224
3	56472.1652269
0	56472.1652298
1	56472.1652327
2	56472.1652356
3	56472.1652385
0	56472.1652415
1	56472.1652444
0	56472.1652502
2	56472.1652531
3	56472.165256
1	56472.1652589
0	56472.1652618
1	56472.1652677
0	56472.1652735
2	56472.1652764
3	56472.1652793
1	56472.1652822
0	56472.1652851
1	56472.165291
0	56472.1652939
2	56472.1652968
3	56472.1652997
1	56472.1653026
0	56472.1653055
1	56472.1653143
0	56472.1653172
2	56472.1653201
3	56472.165323
1	56472.1653288
0	56472.1653317
2	56472.1653347
3	56472.1653376
1	56472.1653405
0	56472.1653463
1	56472.1653521
2	56472.165355
3	56472.165358
0	56472.1653609
1	56472.1653696
0	56472.1653725
2	56472.1653754
3	56472.1653784
1	56472.1653813
0	56472.1653842
1	56472.16539
0	56472.1653929
2	56472.1653958
3	56472.1653987
1	56472.1654017
0	56472.1654046
1	56472.1654133
0	56472.1654162
2	56472.1654191
3	56472.165422
1	56472.165425
0	56472.1654308
2	56472.1654366
3	56472.1654395
1	56472.1654424
0	56472.1654483
1	56472.1654512
2	56472.165457
3	56472.1654599
0	56472.1654628
1	56472.1654657
0	56472.1654716
1	56472.1654745
2	56472.1654774
3	56472.1654803
0	56472.1654832
1	56472.1654861
0	56472.1654919
1	56472.1654978
3	56472.1655007
2	56472.1655036
0	56472.1655065
1	56472.1655094
0	56472.1655123
3	56472.1655182
2	56472.1655211
1	56472.165524
0	56472.1655269
1	56472.1655356
3	56472.1655385
2	56472.1655415
0	56472.1655444
1	56472.1655473
3	56472.1655531
2	56472.165556
0	56472.1655589
1	56472.1655618
0	56472.1655677
3	56472.1655706
2	56472.1655735
1	56472.1655764
0	56472.1655793
1	56472.1655822
2	56472.1655881
3	56472.165591
0	56472.1655939
1	56472.1655968
0	56472.1655997
3	56472.1656026
1	56472.1656085
2	56472.1656114
0	56472.1656143
3	56472.1656172
1	56472.1656201
0	56472.165623
1	56472.1656288
2	56472.1656318
3	56472.1656347
0	56472.1656376
1	56472.1656405
2	56472.1656521
3	56472.1656551
0	56472.165658
1	56472.1656609
0	56472.1656638
1	56472.1656667
2	56472.1656696
3	56472.1656725
0	56472.1656754
1	56472.1656784
3	56472.1656813
0	56472.1656871
1	56472.16569
2	56472.1656929
3	56472.1656958
0	56472.1656987
1	56472.1657017
2	56472.1657075
3	56472.1657104
0	56472.1657133
1	56472.1657162
0	56472.165722
1	56472.165725
2	56472.1657308
3	56472.1657337
1	56472.1657366
0	56472.1657395
1	56472.1657454
3	56472.1657483
2	56472.1657512
0	56472.1657541
1	56472.165757
0	56472.1657628
3	56472.1657657
1	56472.1657687
2	56472.1657716
3	56472.1657745
0	56472.1657774
1	56472.1657803
0	56472.1657861
1	56472.165789
2	56472.165792
3	56472.1657949
0	56472.1657978
1	56472.1658007
0	56472.1658094
2	56472.1658123
3	56472.1658153
1	56472.1658182
0	56472.1658211
1	56472.165824
0	56472.1658298
2	56472.1658327
3	56472.1658356
1	56472.1658415
3	56472.1658444
0	56472.1658473
1	56472.1658502
2	56472.1658531
3	56472.165856
0	56472.1658589
1	56472.1658619
2	56472.1658648
3	56472.1658677
0	56472.1658706
1	56472.1658735
2	56472.1658793
3	56472.1658822
1	56472.1658852
0	56472.1658881
1	56472.165891
0	56472.1658939
2	56472.1658968
3	56472.1658997
1	56472.1659026
0	56472.1659055
2	56472.1659143
3	56472.1659172
1	56472.1659201
0	56472.165923
1	56472.1659259
0	56472.1659289
2	56472.1659347
3	56472.1659376
1	56472.1659405
0	56472.1659434
2	56472.1659522
3	56472.1659551
0	56472.165958
1	56472.1659609
2	56472.1659667
3	56472.1659696
0	56472.1659725
1	56472.1659755
1	56472.1659813
0	56472.1659842
1	56472.16599
2	56472.1659929
3	56472.1659958
0	56472.1659988
1	56472.1660017
0	56472.1660075
3	56472.1660104
2	56472.1660133
1	56472.1660162
0	56472.1660191
1	56472.1660279
0	56472.1660308
2	56472.1660337
3	56472.1660366
1	56472.1660395
0	56472.1660424
0	56472.1660512
1	56472.1660541
2	56472.166057
3	56472.1660599
0	56472.1660657
3	56472.1660687
1	56472.1660716
2	56472.1660745
3	56472.1660774
0	56472.1660803
1	56472.1660832
2	56472.1660891
3	56472.166092
0	56472.1660949
1	56472.1660978
0	56472.1661007
1	56472.1661036
2	56472.1661094
3	56472.1661124
0	56472.1661153
1	56472.1661182
0	56472.166124
1	56472.1661269
2	56472.1661327
3	56472.1661357
0	56472.1661386
1	56472.1661415
3	56472.1661444
0	56472.1661473
2	56472.1661502
1	56472.1661531
3	56472.166156
0	56472.1661619
1	56472.1661648
2	56472.1661677
3	56472.1661706
0	56472.1661764
1	56472.1661793
2	56472.1661823
3	56472.1661852
0	56472.1661881
1	56472.166191
2	56472.1661968
3	56472.1661997
0	56472.1662026
1	56472.1662056
0	56472.1662114
1	56472.1662143
3	56472.1662172
2	56472.1662201
1	56472.166223
0	56472.1662259
1	56472.1662347
2	56472.1662376
3	56472.1662405
0	56472.1662434
0	56472.1662463
1	56472.1662492
3	56472.1662522
2	56472.1662551
0	56472.166258
3	56472.1662609
1	56472.1662638
0	56472.1662725
1	56472.1662755
2	56472.1662784
3	56472.1662813
0	56472.1662842
1	56472.1662871
2	56472.1662929
3	56472.1662959
0	56472.1662988
1	56472.1663017
0	56472.1663075
1	56472.1663104
2	56472.1663133
3	56472.1663162
1	56472.1663192
0	56472.1663221
2	56472.1663279
3	56472.1663308
0	56472.1663337
1	56472.1663366
0	56472.1663395
1	56472.1663425
3	56472.1663454
2	56472.1663483
0	56472.1663512
1	56472.1663541
3	56472.166357
1	56472.1663628
0	56472.1663658
2	56472.1663716
3	56472.1663745
1	56472.1663774
0	56472.1663803
3	56472.1663861
2	56472.1663891
3	56472.166392
0	56472.1663949
1	56472.1663978
1	56472.1664036
0	56472.1664065
2	56472.1664094
3	56472.1664124
1	56472.1664153
0	56472.1664182
1	56472.1664269
0	56472.1664298
2	56472.1664327
3	56472.1664357
1	56472.1664386
0	56472.1664415
3	56472.1664502
2	56472.1664531
1	56472.1664561
0	56472.166459
1	56472.1664619
0	56472.1664648
2	56472.1664677
3	56472.1664706
1	56472.1664735
0	56472.1664764
2	56472.1664823
3	56472.1664852
0	56472.166491
1	56472.1664939
2	56472.1664968
3	56472.1664997
0	56472.1665027
1	56472.1665056
3	56472.1665085
2	56472.1665114
0	56472.1665143
1	56472.1665172
3	56472.1665201
1	56472.166526
0	56472.1665289
2	56472.1665318
0	56472.1665347
3	56472.1665376
1	56472.1665405
2	56472.1665493
0	56472.1665522
3	56472.1665551
1	56472.166558
0	56472.1665609
1	56472.1665638
0	56472.1665667
2	56472.1665696
3	56472.1665726
1	56472.1665755
3	56472.1665813
0	56472.1665842
2	56472.1665871
1	56472.1665929
3	56472.1665959
0	56472.1665988
1	56472.1666046
2	56472.1666075
3	56472.1666104
0	56472.1666133
1	56472.1666162
0	56472.1666192
2	56472.1666221
3	56472.166625
1	56472.1666279
0	56472.1666308
1	56472.1666395
0	56472.1666425
2	56472.1666454
3	56472.1666483
1	56472.1666541
0	56472.166657
3	56472.1666658
2	56472.1666687
1	56472.1666716
0	56472.1666745
3	56472.1666774
0	56472.1666832
1	56472.1666862
2	56472.1666891
3	56472.166692
0	56472.1666949
1	56472.1666978
2	56472.1667036
3	56472.1667065
0	56472.1667095
1	56472.1667124
0	56472.1667211
1	56472.166724
3	56472.1667269
2	56472.1667298
0	56472.1667328
1	56472.1667357
3	56472.1667386
0	56472.1667415
2	56472.1667444
3	56472.1667473
1	56472.1667502
0	56472.1667531
2	56472.166759
3	56472.1667619
1	56472.1667648
0	56472.1667677
1	56472.1667735
0	56472.1667764
3	56472.1667794
2	56472.1667823
1	56472.1667852
2	56472.166791
3	56472.1667939
0	56472.1667968
1	56472.1667998
0	56472.1668027
2	56472.1668056
3	56472.1668085
1	56472.1668114
0	56472.1668201
1	56472.1668231
2	56472.166826
3	56472.1668289
0	56472.1668318
1	56472.1668347
0	56472.1668376
2	56472.1668405
3	56472.1668434
1	56472.1668464
0	56472.1668493
1	56472.166858
0	56472.1668609
2	56472.1668638
3	56472.1668667
1	56472.1668697
0	56472.1668726
2	56472.1668784
3	56472.1668813
1	56472.1668842
0	56472.1668871
1	56472.1668988
0	56472.1669017
2	56472.1669046
3	56472.1669075
1	56472.1669133
0	56472.1669163
3	56472.1669192
2	56472.1669221
1	56472.166925
0	56472.1669279
3	56472.1669308
1	56472.1669366
0	56472.1669396
2	56472.1669425
3	56472.1669454
0	56472.1669483
1	56472.1669512
0	56472.1669599
2	56472.1669629
3	56472.1669658
1	56472.1669687
0	56472.1669716
1	56472.1669745
3	56472.1669774
2	56472.1669803
0	56472.1669832
1	56472.1669862
2	56472.1669949
3	56472.1669978
0	56472.1670007
1	56472.1670036
0	56472.1670095
1	56472.1670124
2	56472.1670182
3	56472.1670211
0	56472.167024
1	56472.1670269
0	56472.1670299
1	56472.1670328
3	56472.1670357
2	56472.1670415
0	56472.1670444
1	56472.1670473
3	56472.1670502
0	56472.1670532
1	56472.1670561
2	56472.167059
3	56472.1670619
1	56472.1670648
0	56472.1670677
2	56472.1670735
3	56472.1670765
1	56472.1670794
0	56472.1670823
1	56472.1670881
2	56472.167091
3	56472.1670939
0	56472.1670968
1	56472.1670998
3	56472.1671056
2	56472.1671085
0	56472.1671114
1	56472.1671143
3	56472.1671172
0	56472.1671201
1	56472.1671231
2	56472.167126
3	56472.1671289
0	56472.1671347
1	56472.1671376
2	56472.1671434
3	56472.1671464
0	56472.1671493
1	56472.1671522
0	56472.1671551
1	56472.167158
2	56472.1671638
3	56472.1671668
0	56472.1671697
1	56472.1671726
0	56472.1671784
1	56472.1671813
3	56472.1671842
2	56472.1671871
3	56472.1671901
0	56472.167193
1	56472.1671959
2	56472.1672046
3	56472.1672075
0	56472.1672104
1	56472.1672134
0	56472.1672192
1	56472.1672221
2	56472.1672279
3	56472.1672308
0	56472.1672337
1	56472.1672367
0	56472.1672425
1	56472.1672454
2	56472.1672483
3	56472.1672512
0	56472.1672541
1	56472.167257
3	56472.1672629
0	56472.1672658
1	56472.1672687
2	56472.1672716
3	56472.1672745
0	56472.1672774
1	56472.1672803
2	56472.1672862
3	56472.1672891
0	56472.167292
1	56472.1672949
1	56472.1673036
0	56472.1673066
2	56472.1673095
3	56472.1673124
1	56472.1673153
0	56472.1673182
1	56472.1673211
2	56472.167324
3	56472.1673269
0	56472.1673299
1	56472.1673328
0	56472.1673444
1	56472.1673473
3	56472.1673502
2	56472.1673532
0	56472.1673561
1	56472.167359
0	56472.1673648
3	56472.1673677
2	56472.1673706
1	56472.1673736
0	56472.1673765
3	56472.1673823
1	56472.1673852
0	56472.1673881
2	56472.167391
3	56472.1673939
1	56472.1673969
0	56472.1673998
2	56472.1674027
3	56472.1674056
1	56472.1674085
0	56472.1674114
1	56472.1674172
3	56472.1674202
2	56472.1674231
0	56472.167426
1	56472.1674289
3	56472.1674318
0	56472.1674347
2	56472.1674376
3	56472.1674405
1	56472.1674435
0	56472.1674464
1	56472.1674493
2	56472.1674522
3	56472.1674551
0	56472.167458
1	56472.1674638
0	56472.1674668
2	56472.1674726
3	56472.1674755
1	56472.1674784
0	56472.1674813
1	56472.1674871
2	56472.167493
3	56472.1674959
0	56472.1674988
1	56472.1675017
0	56472.1675075
2	56472.1675105
3	56472.1675134
1	56472.1675163
0	56472.1675192
1	56472.1675221
3	56472.167525
2	56472.1675279
0	56472.1675308
3	56472.1675338
1	56472.1675367
0	56472.1675396
1	56472.1675425
2	56472.1675454
3	56472.1675483
0	56472.1675512
1	56472.1675571
0	56472.1675629
3	56472.1675658
2	56472.1675687
1	56472.1675716
0	56472.1675774
1	56472.1675804
3	56472.1675833
2	56472.1675862
0	56472.167592
1	56472.1675949
3	56472.1675978
2	56472.1676007
0	56472.1676037
1	56472.1676066
3	56472.1676095
0	56472.1676153
1	56472.1676182
2	56472.1676211
3	56472.167624
1	56472.167627
0	56472.1676299
2	56472.1676386
3	56472.1676415
0	56472.1676444
1	56472.1676473
0	56472.1676532
1	56472.1676561
2	56472.167659
3	56472.1676619
0	56472.1676648
1	56472.1676677
1	56472.1676765
2	56472.1676794
3	56472.1676823
0	56472.1676852
1	56472.1676881
2	56472.167691
3	56472.1676939
0	56472.1676969
1	56472.1676998
3	56472.1677056
0	56472.1677085
1	56472.1677114
2	56472.1677143
3	56472.1677173
1	56472.1677202
0	56472.1677231
2	56472.167726
3	56472.1677289
1	56472.1677318
0	56472.1677347
2	56472.1677435
3	56472.1677464
1	56472.1677493
0	56472.1677522
1	56472.1677551
0	56472.167758
2	56472.1677639
3	56472.1677668
1	56472.1677697
0	56472.1677726
1	56472.1677813
3	56472.1677842
0	56472.1677872
2	56472.1677901
3	56472.167793
1	56472.1677959
0	56472.1677988
2	56472.1678017
3	56472.1678046
1	56472.1678075
0	56472.1678105
0	56472.1678163
1	56472.1678192
2	56472.1678221
3	56472.167825
1	56472.1678279
0	56472.1678308
1	56472.1678367
0	56472.1678396
2	56472.1678425
3	56472.1678454
1	56472.1678512
0	56472.1678541
3	56472.16786
2	56472.1678629
1	56472.1678658
0	56472.1678687
1	56472.1678745
0	56472.1678775
3	56472.1678804
2	56472.1678833
1	56472.1678862
3	56472.1678891
0	56472.167892
1	56472.1678978
2	56472.1679008
3	56472.1679037
0	56472.1679066
1	56472.1679095
2	56472.1679182
3	56472.1679211
0	56472.1679241
1	56472.167927
0	56472.1679299
1	56472.1679357
3	56472.1679386
2	56472.1679415
0	56472.1679444
1	56472.1679474
3	56472.1679503
0	56472.1679532
1	56472.167959
2	56472.1679619
3	56472.1679648
0	56472.1679677
1	56472.1679707
0	56472.1679765
2	56472.1679794
3	56472.1679823
1	56472.1679852
0	56472.1679881
1	56472.167994
3	56472.1679998
2	56472.1680027
0	56472.1680056
1	56472.1680085
3	56472.1680114
2	56472.1680143
0	56472.1680173
3	56472.1680202
1	56472.1680231
0	56472.168026
1	56472.1680289
2	56472.1680318
3	56472.1680347
0	56472.1680406
1	56472.1680435
2	56472.1680464
3	56472.1680493
1	56472.1680522
0	56472.1680551
0	56472.1680609
1	56472.1680639
2	56472.1680668
3	56472.1680697
0	56472.1680726
1	56472.1680755
0	56472.1680843
1	56472.1680872
2	56472.1680901
3	56472.168093
2	56472.1681017
3	56472.1681046
0	56472.1681076
1	56472.1681105
1	56472.1681134
0	56472.1681163
2	56472.1681221
3	56472.168125
1	56472.1681279
0	56472.1681309
1	56472.1681338
3	56472.1681367
0	56472.1681396
2	56472.1681425
3	56472.1681454
1	56472.1681483
0	56472.1681512
1	56472.1681571
2	56472.16816
0	56472.1681629
3	56472.1681658
1	56472.1681716
0	56472.1681745
2	56472.1681775
3	56472.1681804
1	56472.1681833
0	56472.1681862
1	56472.1681949
0	56472.1681978
2	56472.1682008
3	56472.1682037
1	56472.1682095
0	56472.1682124
3	56472.1682153
2	56472.1682182
1	56472.1682212
0	56472.168227
1	56472.1682299
2	56472.1682357
3	56472.1682386
0	56472.1682415
1	56472.1682445
0	56472.1682474
1	56472.1682532
2	56472.1682561
3	56472.168259
0	56472.1682619
1	56472.1682678
0	56472.1682707
2	56472.1682765
3	56472.1682794
1	56472.1682823
0	56472.1682852
1	56472.1682881
2	56472.1682911
3	56472.168294
0	56472.1682998
1	56472.1683027
3	56472.1683056
2	56472.1683085
3	56472.1683114
0	56472.1683144
1	56472.1683173
0	56472.1683231
2	56472.168326
1	56472.1683289
3	56472.1683318
1	56472.1683347
0	56472.1683377
3	56472.1683406
2	56472.1683435
1	56472.1683464
0	56472.1683493
2	56472.1683551
3	56472.168358
1	56472.168361
0	56472.1683639
1	56472.1683697
0	56472.1683726
3	56472.1683755
2	56472.1683784
3	56472.1683813
1	56472.1683843
0	56472.1683872
2	56472.168393
1	56472.1683959
0	56472.1683988
3	56472.1684017
1	56472.1684076
0	56472.1684105
2	56472.1684134
3	56472.1684163
1	56472.1684221
0	56472.168425
2	56472.1684309
3	56472.1684338
1	56472.1684367
0	56472.1684396
1	56472.1684454
0	56472.1684483
2	56472.1684513
3	56472.1684542
1	56472.16846
0	56472.1684629
2	56472.1684687
3	56472.1684716
1	56472.1684746
0	56472.1684775
1	56472.1684833
0	56472.1684862
2	56472.1684891
3	56472.168492
1	56472.1684979
0	56472.1685008
2	56472.1685066
3	56472.1685095
1	56472.1685124
0	56472.1685153
3	56472.1685182
1	56472.1685212
2	56472.1685241
0	56472.168527
3	56472.1685299
1	56472.1685328
0	56472.1685357
1	56472.1685445
2	56472.1685474
3	56472.1685503
0	56472.1685532
1	56472.168559
0	56472.1685619
2	56472.1685648
3	56472.1685678
1	56472.1685707
0	56472.1685736
1	56472.1685823
0	56472.1685852
2	56472.1685881
3	56472.1685911
3	56472.168594
0	56472.1685969
1	56472.1685998
2	56472.1686027
3	56472.1686056
0	56472.1686115
1	56472.1686144
2	56472.1686173
3	56472.1686202
1	56472.1686231
0	56472.168626
1	56472.1686289
2	56472.1686318
3	56472.1686348
0	56472.1686377
1	56472.1686406
3	56472.1686435
0	56472.1686464
2	56472.1686493
1	56472.1686522
0	56472.168661
3	56472.1686639
2	56472.1686668
1	56472.1686697
0	56472.1686726
3	56472.1686755
1	56472.1686784
0	56472.1686814
2	56472.1686843
3	56472.1686872
1	56472.168693
0	56472.1686959
2	56472.1687017
3	56472.1687047
1	56472.1687076
0	56472.1687105
1	56472.1687134
2	56472.1687192
3	56472.1687221
0	56472.168725
1	56472.168728
0	56472.1687338
1	56472.1687367
2	56472.1687396
3	56472.1687425
0	56472.1687454
1	56472.1687483
0	56472.1687571
1	56472.16876
2	56472.1687629
3	56472.1687658
0	56472.1687687
1	56472.1687716
3	56472.1687746
2	56472.1687775
0	56472.1687804
1	56472.1687833
0	56472.168795
1	56472.1687979
2	56472.1688008
3	56472.1688037
0	56472.1688066
3	56472.1688095
1	56472.1688124
2	56472.1688153
3	56472.1688183
0	56472.1688212
1	56472.1688241
2	56472.1688299
3	56472.1688328
0	56472.1688357
1	56472.1688386
0	56472.1688416
1	56472.1688445
2	56472.1688532
3	56472.1688561
0	56472.168859
1	56472.1688619
0	56472.1688649
1	56472.1688678
2	56472.1688707
3	56472.1688736
0	56472.1688765
1	56472.1688794
3	56472.1688823
2	56472.1688882
3	56472.1688911
0	56472.168894
1	56472.1688969
2	56472.1689027
3	56472.1689056
0	56472.1689115
1	56472.1689144
2	56472.1689202
3	56472.1689231
0	56472.168926
1	56472.1689289
2	56472.1689348
0	56472.1689377
1	56472.1689406
3	56472.1689435
0	56472.1689464
1	56472.1689493
2	56472.1689522
3	56472.1689552
0	56472.1689581
1	56472.168961
1	56472.1689668
0	56472.1689697
2	56472.1689755
3	56472.1689785
0	56472.1689814
1	56472.1689843
0	56472.1689901
1	56472.168993
3	56472.1689959
2	56472.1689988
0	56472.1690047
1	56472.1690076
3	56472.1690105
2	56472.1690134
0	56472.1690221
1	56472.1690251
3	56472.169028
2	56472.1690309
0	56472.1690338
1	56472.1690367
0	56472.1690425
1	56472.1690454
3	56472.1690513
2	56472.1690542
0	56472.1690571
1	56472.16906
0	56472.1690658
1	56472.1690687
3	56472.1690717
2	56472.1690746
3	56472.1690775
0	56472.1690804
1	56472.1690833
0	56472.1690891
1	56472.169092
2	56472.169095
3	56472.1690979
0	56472.1691066
1	56472.1691095
2	56472.1691124
3	56472.1691153
0	56472.1691241
1	56472.169127
2	56472.1691328
3	56472.1691357
0	56472.1691386
1	56472.1691416
0	56472.1691503
1	56472.1691532
2	56472.1691561
3	56472.169159
0	56472.1691649
1	56472.1691678
2	56472.1691707
3	56472.1691736
0	56472.1691765
1	56472.1691794
3	56472.1691823
0	56472.1691853
1	56472.1691882
2	56472.1691911
3	56472.169194
0	56472.1691969
1	56472.1691998
2	56472.1692086
3	56472.1692115
0	56472.1692144
1	56472.1692173
2	56472.1692231
3	56472.169226
1	56472.1692289
0	56472.1692319
1	56472.1692348
0	56472.1692377
2	56472.1692406
3	56472.1692435
1	56472.1692464
0	56472.1692493
1	56472.1692522
2	56472.1692581
3	56472.169261
0	56472.1692639
1	56472.1692668
0	56472.1692726
1	56472.1692755
3	56472.1692785
2	56472.1692814
0	56472.1692843
1	56472.1692872
3	56472.169293
0	56472.1692959
2	56472.1692988
1	56472.1693018
3	56472.1693047
0	56472.1693105
1	56472.1693134
2	56472.1693163
3	56472.1693192
0	56472.169328
1	56472.1693309
3	56472.1693338
2	56472.1693367
3	56472.1693396
0	56472.1693425
1	56472.1693455
0	56472.1693513
1	56472.1693542
2	56472.1693571
3	56472.16936
1	56472.1693629
0	56472.1693658
2	56472.1693717
3	56472.1693746
1	56472.1693775
0	56472.1693804
0	56472.1693862
1	56472.1693891
2	56472.1693921
3	56472.169395
0	56472.1693979
1	56472.1694008
3	56472.1694037
0	56472.1694095
1	56472.1694124
2	56472.1694154
3	56472.1694183
1	56472.169427
0	56472.1694299
2	56472.1694328
3	56472.1694357
0	56472.1694387
1	56472.1694416
3	56472.1694445
0	56472.1694474
1	56472.1694503
2	56472.1694532
3	56472.1694561
1	56472.169459
0	56472.169462
1	56472.1694707
0	56472.1694736
2	56472.1694765
3	56472.1694794
1	56472.1694823
0	56472.1694853
3	56472.1694911
2	56472.169494
1	56472.1694969
0	56472.1694998
1	56472.1695027
0	56472.1695086
3	56472.1695115
2	56472.1695144
1	56472.1695173
3	56472.1695202
2	56472.169526
0	56472.169529
3	56472.1695319
1	56472.1695348
2	56472.1695406
3	56472.1695435
0	56472.1695464
1	56472.1695493
1	56472.1695523
0	56472.1695552
3	56472.1695581
2	56472.169561
1	56472.1695668
0	56472.1695697
2	56472.1695756
3	56472.1695785
1	56472.1695814
0	56472.1695843
1	56472.169593
0	56472.1695959
2	56472.1695989
3	56472.1696018
1	56472.1696076
0	56472.1696105
2	56472.1696163
3	56472.1696192
1	56472.1696251
0	56472.169628
3	56472.1696309
2	56472.1696338
1	56472.1696396
0	56472.1696425
3	56472.1696455
1	56472.1696513
0	56472.1696542
2	56472.1696571
3	56472.16966
1	56472.1696658
0	56472.1696688
2	56472.1696746
3	56472.1696775
1	56472.1696804
0	56472.1696833
1	56472.1696921
0	56472.169695
2	56472.1696979
3	56472.1697008
1	56472.1697066
0	56472.1697095
3	56472.1697125
2	56472.1697183
1	56472.1697212
0	56472.1697241
3	56472.169727
2	56472.1697358
1	56472.1697387
3	56472.1697416
0	56472.1697445
1	56472.1697503
0	56472.1697532
2	56472.1697561
3	56472.1697591
1	56472.1697649
0	56472.1697678
2	56472.1697736
3	56472.1697765
1	56472.1697794
0	56472.1697824
1	56472.1697882
0	56472.1697911
3	56472.169794
2	56472.1697969
3	56472.1697998
1	56472.1698057
0	56472.1698086
2	56472.1698144
3	56472.1698173
1	56472.1698202
0	56472.1698231
2	56472.1698319
3	56472.1698348
1	56472.1698377
0	56472.1698406
2	56472.1698493
3	56472.1698523
0	56472.1698552
1	56472.1698581
3	56472.169861
0	56472.1698639
2	56472.1698668
1	56472.1698697
3	56472.1698727
0	56472.1698756
1	56472.1698785
2	56472.1698814
0	56472.1698843
3	56472.1698872
1	56472.1698901
0	56472.169893
2	56472.1699018
3	56472.1699047
1	56472.1699076
0	56472.1699105
1	56472.1699163
0	56472.1699193
2	56472.1699222
3	56472.1699251
1	56472.1699309
0	56472.1699338
3	56472.1699396
2	56472.1699426
3	56472.1699455
1	56472.1699484
0	56472.1699513
2	56472.1699571
3	56472.16996
0	56472.1699629
1	56472.1699659
0	56472.1699717
1	56472.1699775
2	56472.1699804
3	56472.1699833
0	56472.1699862
1	56472.1699921
3	56472.169995
2	56472.1699979
0	56472.1700008
1	56472.1700066
3	56472.1700095
0	56472.1700125
2	56472.1700154
3	56472.1700183
1	56472.1700212
0	56472.1700241
1	56472.1700299
0	56472.1700329
2	56472.1700358
3	56472.1700387
1	56472.1700445
0	56472.1700474
2	56472.1700503
3	56472.1700532
1	56472.1700562
0	56472.1700591
1	56472.1700707
0	56472.1700736
2	56472.1700765
3	56472.1700795
0	56472.1700882
2	56472.1700911
3	56472.170094
1	56472.1700969
0	56472.1700998
3	56472.1701057
1	56472.1701086
0	56472.1701115
2	56472.1701144
3	56472.1701173
1	56472.1701231
0	56472.1701261
2	56472.170129
3	56472.1701319
1	56472.1701377
0	56472.1701406
2	56472.1701435
3	56472.1701464
1	56472.1701523
0	56472.1701552
3	56472.1701581
2	56472.170161
3	56472.1701639
1	56472.1701668
0	56472.1701697
2	56472.1701727
3	56472.1701756
0	56472.1701785
1	56472.1701814
2	56472.1701901
3	56472.170193
0	56472.170196
1	56472.1701989
2	56472.1702105
3	56472.1702134
0	56472.1702163
1	56472.1702193
0	56472.1702222
3	56472.1702251
1	56472.170228
0	56472.1702309
2	56472.1702338
3	56472.1702367
1	56472.1702397
0	56472.1702426
2	56472.1702455
3	56472.1702484
1	56472.1702542
0	56472.1702571
2	56472.1702659
3	56472.1702688
0	56472.1702717
1	56472.1702746
0	56472.1702804
1	56472.1702833
2	56472.1702863
3	56472.1702892
0	56472.1702921
1	56472.170295
3	56472.1703008
2	56472.1703037
3	56472.1703066
0	56472.1703096
1	56472.1703125
0	56472.1703183
1	56472.1703212
2	56472.1703241
3	56472.170327
0	56472.1703299
1	56472.1703358
0	56472.1703387
2	56472.1703416
3	56472.1703445
1	56472.1703532
0	56472.1703562
2	56472.170362
3	56472.1703649
0	56472.1703678
1	56472.1703707
0	56472.1703765
3	56472.1703795
2	56472.1703824
1	56472.1703853
3	56472.1703882
0	56472.1703911
1	56472.170394
2	56472.1704028
3	56472.1704057
0	56472.1704086
1	56472.1704115
0	56472.1704144
1	56472.1704173
3	56472.1704202
2	56472.1704232
3	56472.1704261
0	56472.170429
1	56472.1704319
0	56472.1704377
2	56472.1704406
3	56472.1704435
1	56472.1704465
0	56472.1704494
3	56472.1704552
2	56472.1704581
1	56472.170461
0	56472.1704639
3	56472.1704698
2	56472.1704727
1	56472.1704756
0	56472.1704785
3	56472.1704872
2	56472.1704901
1	56472.1704931
0	56472.170496
3	56472.1705018
0	56472.1705047
1	56472.1705076
2	56472.1705105
3	56472.1705134
0	56472.1705164
1	56472.1705193
0	56472.1705251
1	56472.170528
2	56472.1705309
3	56472.1705338
0	56472.1705367
1	56472.1705397
2	56472.1705484
3	56472.1705513
1	56472.1705542
0	56472.1705571
2	56472.170563
3	56472.1705659
1	56472.1705688
0	56472.1705717
1	56472.1705833
0	56472.1705863
2	56472.1705892
3	56472.1705921
3	56472.170595
1	56472.1705979
0	56472.1706008
2	56472.1706037
3	56472.1706067
1	56472.1706125
0	56472.1706154
2	56472.1706212
3	56472.1706241
1	56472.170627
0	56472.17063
0	56472.1706416
1	56472.1706445
2	56472.1706474
3	56472.1706503
0	56472.1706533
1	56472.1706562
0	56472.1706591
2	56472.170662
3	56472.1706649
1	56472.1706707
0	56472.1706736
3	56472.1706795
2	56472.1706824
1	56472.1706853
0	56472.1706882
3	56472.1706911
1	56472.1706969
0	56472.1706999
2	56472.1707028
3	56472.1707057
1	56472.1707115
0	56472.1707144
2	56472.1707232
3	56472.1707261
1	56472.170729
0	56472.1707319
2	56472.1707406
3	56472.1707435
1	56472.1707465
0	56472.1707494
0	56472.170761
1	56472.1707639
2	56472.1707669
3	56472.1707698
3	56472.1707727
2	56472.1707756
1	56472.1707785
0	56472.1707814
3	56472.1707843
2	56472.1707902
3	56472.1707931
1	56472.170796
0	56472.1707989
2	56472.1708076
3	56472.1708105
1	56472.1708135
0	56472.1708164
0	56472.1708251
1	56472.170828
2	56472.1708309
3	56472.1708338
0	56472.1708397
1	56472.1708426
2	56472.1708513
3	56472.1708542
0	56472.1708571
1	56472.1708601
0	56472.170863
2	56472.1708659
3	56472.1708688
1	56472.1708746
0	56472.1708775
3	56472.1708863
2	56472.1708892
1	56472.1708921
0	56472.170895
3	56472.1709008
2	56472.1709067
3	56472.1709096
1	56472.1709125
0	56472.1709154
2	56472.1709241
3	56472.170927
1	56472.17093
0	56472.1709329
1	56472.1709416
0	56472.1709445
2	56472.1709474
3	56472.1709504
1	56472.1709562
0	56472.1709591
2	56472.170962
3	56472.1709649
1	56472.1709707
0	56472.1709737
2	56472.1709795
3	56472.1709824
0	56472.1709853
1	56472.1709882
2	56472.170997
3	56472.1709999
0	56472.1710028
1	56472.1710057
0	56472.1710086
1	56472.1710115
0	56472.1710144
2	56472.1710173
3	56472.1710203
1	56472.171029
0	56472.1710319
2	56472.1710348
3	56472.1710377
1	56472.1710436
0	56472.1710465
2	56472.1710494
3	56472.1710523
1	56472.1710581
0	56472.171061
2	56472.1710669
3	56472.1710698
0	56472.1710727
1	56472.1710756
3	56472.1710814
2	56472.1710843
0	56472.1710872
1	56472.1710902
3	56472.1710989
2	56472.1711018
0	56472.1711047
3	56472.1711076
1	56472.1711106
0	56472.1711135
1	56472.1711164
0	56472.1711193
2	56472.1711222
3	56472.1711251
1	56472.1711339
0	56472.1711368
3	56472.1711426
2	56472.1711455
1	56472.1711513
0	56472.1711542
1	56472.171163
0	56472.1711659
2	56472.1711688
3	56472.1711717
2	56472.1711805
3	56472.1711834
0	56472.1711863
1	56472.1711892
0	56472.1712008
3	56472.1712038
1	56472.1712067
2	56472.1712096
0	56472.1712125
3	56472.1712154
1	56472.1712183
0	56472.1712212
2	56472.1712241
3	56472.1712271
1	56472.17123
0	56472.1712329
1	56472.1712387
0	56472.1712416
2	56472.1712445
3	56472.1712474
1	56472.1712533
0	56472.1712562
2	56472.1712591
3	56472.171262
1	56472.1712678
0	56472.1712707
2	56472.1712766
3	56472.1712795
1	56472.1712824
0	56472.1712853
0	56472.171294
1	56472.171297
2	56472.1712999
3	56472.1713028
0	56472.1713086
1	56472.1713115
2	56472.1713174
3	56472.1713203
1	56472.1713261
0	56472.171329
2	56472.1713377
3	56472.1713407
1	56472.1713436
0	56472.1713465
2	56472.1713552
3	56472.1713581
1	56472.171361
0	56472.171364
2	56472.1713727
3	56472.1713756
0	56472.1713785
1	56472.1713814
2	56472.1713873
3	56472.1713902
0	56472.1713931
1	56472.171396
0	56472.1714018
2	56472.1714047
3	56472.1714076
1	56472.1714106
0	56472.1714135
2	56472.1714193
3	56472.1714222
1	56472.171428
0	56472.1714309
3	56472.1714426
2	56472.1714455
1	56472.1714484
0	56472.1714513
1	56472.1714601
0	56472.171463
2	56472.1714659
3	56472.1714688
1	56472.1714746
0	56472.1714776
3	56472.1714805
2	56472.1714834
3	56472.1714863
1	56472.1714892
0	56472.1714921
2	56472.1715038
3	56472.1715067
0	56472.1715096
1	56472.1715125
2	56472.1715212
0	56472.1715242
3	56472.1715271
1	56472.17153
0	56472.1715329
1	56472.1715387
0	56472.1715416
2	56472.1715445
3	56472.1715475
1	56472.1715533
0	56472.1715562
1	56472.1715708
0	56472.1715737
2	56472.1715766
3	56472.1715795
3	56472.1715824
2	56472.1715853
3	56472.1715882
1	56472.1715911
0	56472.1715941
1	56472.1716028
0	56472.1716057
2	56472.1716086
3	56472.1716115
1	56472.1716174
0	56472.1716203
2	56472.1716261
3	56472.171629
0	56472.1716377
1	56472.1716407
3	56472.1716494
2	56472.1716523
0	56472.1716552
1	56472.1716581
3	56472.171661
2	56472.1716669
0	56472.1716698
1	56472.1716727
3	56472.1716756
0	56472.1716814
1	56472.1716844
2	56472.1716873
3	56472.1716902
0	56472.1716989
2	56472.1717018
3	56472.1717047
1	56472.1717077
0	56472.1717106
3	56472.1717135
2	56472.1717164
3	56472.1717193
1	56472.1717222
0	56472.1717251
2	56472.171731
3	56472.1717339
1	56472.1717368
0	56472.1717397
1	56472.1717484
0	56472.1717513
2	56472.1717572
3	56472.1717601
0	56472.171763
1	56472.1717659
2	56472.1717746
3	56472.1717776
0	56472.1717805
1	56472.1717834
0	56472.1717863
2	56472.171795
3	56472.1717979
1	56472.1718009
0	56472.1718038
3	56472.1718067
1	56472.1718096
0	56472.1718125
2	56472.1718154
3	56472.1718183
1	56472.1718271
0	56472.17183
2	56472.1718387
3	56472.1718416
1	56472.1718446
0	56472.1718475
1	56472.1718533
0	56472.1718562
2	56472.1718591
3	56472.171862
1	56472.1718708
0	56472.1718737
3	56472.1718766
2	56472.1718795
0	56472.1718824
3	56472.1718853
1	56472.1718882
0	56472.1718912
2	56472.1718941
3	56472.171897
1	56472.1719028
0	56472.1719057
2	56472.1719115
3	56472.1719145
1	56472.1719174
0	56472.1719203
1	56472.1719319
0	56472.1719348
2	56472.1719378
3	56472.1719407
1	56472.1719465
0	56472.1719494
3	56472.1719523
2	56472.1719552
3	56472.1719581
1	56472.1719611
0	56472.171964
2	56472.1719727
3	56472.1719756
1	56472.1719785
0	56472.1719814
2	56472.1719873
3	56472.1719902
1	56472.1719931
0	56472.171996
3	56472.1720018
2	56472.1720047
1	56472.1720077
0	56472.1720106
3	56472.1720135
2	56472.1720193
1	56472.1720222
0	56472.1720251
3	56472.172028
0	56472.1720339
1	56472.1720368
2	56472.1720397
3	56472.1720426
0	56472.1720484
1	56472.1720514
3	56472.1720572
2	56472.1720601
0	56472.1720659
1	56472.1720688
2	56472.1720805
3	56472.1720834
0	56472.1720863
1	56472.1720892
0	56472.1720921
1	56472.172095
0	56472.172098
3	56472.1721009
2	56472.1721038
1	56472.1721096
0	56472.1721125
3	56472.1721154
2	56472.1721183
3	56472.1721213
1	56472.1721242
0	56472.1721271
1	56472.1721329
0	56472.1721358
2	56472.1721387
3	56472.1721416
1	56472.1721475
0	56472.1721504
2	56472.1721591
3	56472.172162
1	56472.1721679
0	56472.1721708
2	56472.1721766
3	56472.1721795
0	56472.1721853
1	56472.1721882
0	56472.1721912
1	56472.1721999
0	56472.1722028
3	56472.1722057
2	56472.1722086
3	56472.1722145
2	56472.1722174
1	56472.1722203
0	56472.1722232
3	56472.1722261
1	56472.1722319
0	56472.1722349
2	56472.1722407
3	56472.1722436
0	56472.1722465
1	56472.1722494
1	56472.1722611
0	56472.172264
2	56472.1722669
3	56472.1722698
0	56472.1722756
1	56472.1722785
3	56472.1722844
2	56472.1722873
0	56472.1722902
1	56472.1722931
0	56472.1722989
2	56472.1723018
3	56472.1723048
1	56472.1723106
0	56472.1723135
2	56472.1723164
3	56472.1723193
1	56472.1723251
0	56472.1723281
2	56472.1723339
3	56472.1723368
1	56472.1723397
0	56472.1723426
3	56472.1723484
2	56472.1723514
1	56472.1723543
0	56472.1723572
3	56472.1723601
0	56472.1723659
1	56472.1723688
2	56472.1723717
3	56472.1723747
1	56472.1723834
0	56472.1723863
2	56472.1723892
3	56472.1723921
1	56472.172398
0	56472.1724009
2	56472.1724125
1	56472.1724154
0	56472.1724184
3	56472.1724213
0	56472.1724271
1	56472.1724329
2	56472.1724358
3	56472.1724387
0	56472.1724417
1	56472.1724475
0	56472.1724504
2	56472.1724533
3	56472.1724562
1	56472.172462
0	56472.172465
2	56472.1724737
3	56472.1724766
1	56472.1724795
0	56472.1724824
2	56472.1724912
3	56472.1724941
1	56472.172497
0	56472.1724999
3	56472.1725086
2	56472.1725116
1	56472.1725145
0	56472.1725174
3	56472.1725203
0	56472.172529
1	56472.1725319
2	56472.1725349
3	56472.1725378
0	56472.1725407
1	56472.1725436
2	56472.1725494
3	56472.1725523
0	56472.1725553
1	56472.1725582
0	56472.1725611
2	56472.1725698
3	56472.1725727
1	56472.1725756
0	56472.1725786
1	56472.1725873
0	56472.1725902
2	56472.1725931
3	56472.172596
1	56472.1726019
0	56472.1726048
2	56472.1726106
3	56472.1726135
0	56472.1726164
1	56472.1726193
3	56472.1726252
2	56472.1726281
0	56472.172631
1	56472.1726339
0	56472.1726397
2	56472.1726426
3	56472.1726455
1	56472.1726485
0	56472.1726514
1	56472.1726543
2	56472.1726572
3	56472.1726601
0	56472.1726688
1	56472.1726718
2	56472.1726747
3	56472.1726776
0	56472.1726805
1	56472.1726863
0	56472.1726892
2	56472.1726921
3	56472.1726951
1	56472.1727009
0	56472.1727038
2	56472.1727125
3	56472.1727154
1	56472.1727184
0	56472.1727213
3	56472.1727271
1	56472.17273
2	56472.1727329
0	56472.1727358
3	56472.1727387
1	56472.1727446
0	56472.1727475
2	56472.1727504
3	56472.1727533
1	56472.1727562
0	56472.1727591
1	56472.1727679
0	56472.1727708
2	56472.1727737
3	56472.1727766
0	56472.1727824
1	56472.1727854
2	56472.1727912
3	56472.1727941
0	56472.172797
1	56472.1727999
0	56472.1728057
2	56472.1728087
3	56472.1728116
1	56472.1728145
0	56472.1728174
1	56472.1728261
2	56472.172829
3	56472.172832
0	56472.1728378
1	56472.1728436
2	56472.1728465
3	56472.1728494
0	56472.1728523
1	56472.1728582
0	56472.1728611
3	56472.172864
2	56472.1728669
1	56472.1728698
0	56472.1728727
3	56472.1728756
1	56472.1728786
0	56472.1728815
2	56472.1728844
3	56472.1728873
1	56472.1728931
0	56472.172896
1	56472.1729077
2	56472.1729106
3	56472.1729135
0	56472.1729164
1	56472.1729193
0	56472.1729223
2	56472.1729252
3	56472.1729281
1	56472.1729339
0	56472.1729368
2	56472.1729397
3	56472.1729426
1	56472.1729485
0	56472.1729514
2	56472.1729543
3	56472.1729572
1	56472.1729689
0	56472.1729718
2	56472.1729747
3	56472.1729776
1	56472.1729834
0	56472.1729863
2	56472.1729892
3	56472.1729922
1	56472.1730009
0	56472.1730038
3	56472.1730096
2	56472.1730125
0	56472.1730155
1	56472.1730184
3	56472.1730213
1	56472.17303
0	56472.1730329
2	56472.1730358
3	56472.1730388
1	56472.1730475
0	56472.1730504
2	56472.1730533
3	56472.1730562
1	56472.1730591
0	56472.1730621
0	56472.1730708
1	56472.1730737
2	56472.1730766
3	56472.1730795
1	56472.1730912
0	56472.1730941
2	56472.173097
3	56472.1730999
1	56472.1731057
0	56472.1731087
2	56472.1731145
3	56472.1731174
1	56472.1731203
0	56472.1731232
2	56472.1731349
3	56472.1731378
0	56472.1731407
1	56472.1731436
3	56472.1731524
2	56472.1731553
1	56472.1731582
0	56472.1731611
3	56472.173164
1	56472.1731698
0	56472.1731727
2	56472.1731757
3	56472.1731786
1	56472.1731844
0	56472.1731873
2	56472.1731931
3	56472.173196
0	56472.1732019
1	56472.1732048
2	56472.1732106
3	56472.1732135
0	56472.1732164
1	56472.1732193
0	56472.1732223
1	56472.1732281
0	56472.173231
2	56472.1732339
3	56472.1732368
1	56472.1732397
0	56472.1732426
3	56472.1732456
2	56472.1732485
0	56472.1732572
1	56472.1732601
3	56472.173263
2	56472.173266
3	56472.1732689
1	56472.1732747
0	56472.1732776
2	56472.1732805
3	56472.1732834
1	56472.1732893
0	56472.1732922
2	56472.173298
3	56472.1733009
1	56472.1733067
0	56472.1733096
3	56472.1733184
2	56472.1733213
0	56472.1733242
1	56472.1733271
0	56472.1733329
1	56472.1733359
3	56472.1733388
2	56472.1733417
0	56472.1733446
3	56472.1733475
1	56472.1733504
0	56472.1733533
2	56472.1733592
3	56472.1733621
1	56472.173365
0	56472.1733679
2	56472.1733795
3	56472.1733825
1	56472.1733854
0	56472.1733883
1	56472.1733912
0	56472.1733941
2	56472.1733999
3	56472.1734028
1	56472.1734058
0	56472.1734087
2	56472.1734174
3	56472.1734203
1	56472.1734232
0	56472.1734261
0	56472.173432
1	56472.1734349
2	56472.1734378
3	56472.1734407
0	56472.1734465
1	56472.1734494
2	56472.1734553
3	56472.1734582
0	56472.173464
1	56472.1734669
3	56472.1734728
2	56472.1734757
1	56472.1734786
0	56472.1734815
2	56472.1734931
3	56472.1734961
0	56472.173499
1	56472.1735019
1	56472.1735077
0	56472.1735106
3	56472.1735135
2	56472.1735164
3	56472.1735194
1	56472.1735223
0	56472.1735252
2	56472.1735339
3	56472.1735368
1	56472.1735397
0	56472.1735427
2	56472.1735485
3	56472.1735514
0	56472.1735543
1	56472.1735572
2	56472.173566
3	56472.1735689
0	56472.1735718
1	56472.1735747
2	56472.1735805
3	56472.1735834
0	56472.1735863
1	56472.1735893
0	56472.1735922
1	56472.173598
0	56472.1736009
2	56472.1736038
3	56472.1736067
1	56472.1736126
0	56472.1736155
3	56472.1736213
2	56472.1736242
1	56472.1736271
0	56472.17363
3	56472.173633
2	56472.1736417
1	56472.1736446
0	56472.1736475
3	56472.1736504
1	56472.1736592
0	56472.1736621
2	56472.173665
3	56472.1736679
1	56472.1736737
0	56472.1736766
2	56472.1736854
3	56472.1736883
1	56472.1736912
0	56472.1736941
1	56472.1736999
0	56472.1737029
2	56472.1737058
3	56472.1737087
1	56472.1737145
0	56472.1737174
2	56472.1737262
3	56472.1737291
0	56472.173732
1	56472.1737349
2	56472.1737436
3	56472.1737465
1	56472.1737495
0	56472.1737524
2	56472.173764
3	56472.1737669
1	56472.1737698
0	56472.1737728
0	56472.1737757
1	56472.1737786
0	56472.1737815
2	56472.1737844
3	56472.1737873
1	56472.1737931
0	56472.1737961
3	56472.173799
2	56472.1738019
1	56472.1738106
0	56472.1738135
3	56472.1738164
2	56472.1738223
1	56472.1738252
0	56472.1738281
3	56472.173831
1	56472.1738398
0	56472.1738427
2	56472.1738456
3	56472.1738485
0	56472.1738514
1	56472.1738543
3	56472.1738601
2	56472.1738631
0	56472.173866
3	56472.1738689
1	56472.1738718
0	56472.1738747
2	56472.1738776
1	56472.1738834
3	56472.1738864
0	56472.1738893
2	56472.1738951
3	56472.173898
1	56472.1739009
0	56472.1739038
2	56472.1739097
3	56472.1739126
1	56472.1739155
0	56472.1739184
2	56472.1739242
3	56472.1739271
1	56472.17393
0	56472.173933
1	56472.1739417
0	56472.1739446
2	56472.1739504
3	56472.1739533
1	56472.1739592
0	56472.1739621
2	56472.1739708
3	56472.1739737
0	56472.1739767
1	56472.1739796
0	56472.1739825
3	56472.1739854
2	56472.1739883
1	56472.1739912
3	56472.1739941
0	56472.173997
1	56472.1740029
0	56472.1740058
2	56472.1740087
3	56472.1740116
1	56472.1740174
0	56472.1740203
2	56472.174032
3	56472.1740349
1	56472.1740378
0	56472.1740407
2	56472.1740466
3	56472.1740495
1	56472.1740524
0	56472.1740553
1	56472.174064
0	56472.1740669
2	56472.1740699
3	56472.1740728
1	56472.1740815
0	56472.1740844
3	56472.1740902
2	56472.1740932
0	56472.1740961
1	56472.174099
0	56472.1741019
3	56472.1741048
2	56472.1741077
3	56472.1741106
1	56472.1741135
0	56472.1741165
1	56472.1741252
2	56472.1741281
0	56472.174131
3	56472.1741339
1	56472.1741427
0	56472.1741456
2	56472.1741485
3	56472.1741514
0	56472.1741543
1	56472.1741572
1	56472.1741689
0	56472.1741718
3	56472.1741747
2	56472.1741776
3	56472.1741805
1	56472.1741835
0	56472.1741864
2	56472.1741893
3	56472.1741922
1	56472.174198
0	56472.1742009
2	56472.1742038
3	56472.1742068
0	56472.1742097
1	56472.1742126
2	56472.1742155
3	56472.1742184
0	56472.1742213
1	56472.1742271
0	56472.1742359
2	56472.1742388
3	56472.1742417
1	56472.1742446
0	56472.1742475
3	56472.1742504
2	56472.1742534
1	56472.1742563
0	56472.1742592
0	56472.174265
1	56472.1742679
3	56472.1742708
2	56472.1742737
3	56472.1742767
0	56472.1742796
1	56472.1742825
2	56472.1742941
1	56472.174297
3	56472.1743
0	56472.1743029
0	56472.1743058
3	56472.1743087
1	56472.1743116
2	56472.1743145
3	56472.1743174
0	56472.1743204
1	56472.1743233
0	56472.1743291
1	56472.174332
2	56472.1743349
3	56472.1743378
0	56472.1743407
1	56472.1743437
2	56472.1743524
3	56472.1743553
0	56472.1743582
1	56472.1743611
0	56472.174364
2	56472.1743757
3	56472.1743786
1	56472.1743815
0	56472.1743844
1	56472.1743903
0	56472.1743932
3	56472.1743961
2	56472.174399
3	56472.1744048
1	56472.1744077
0	56472.1744106
