2 0  
3 1  
4 3  
5 2  
6 0  
7 1  
8 3  
9 2  
10 0  
11 1  
12 3  
13 2  
14 0  
15 1  
16 3  
17 2  
18 0  
19 1  
20 3  
21 2  
22 0  
23 1  
24 3  
25 2  
26 0  
27 1  
28 3  
29 2  
30 0  
31 1  
32 3  
33 2  
34 0  
35 1  
36 3  
37 2  
38 0  
39 1  
40 3  
41 2  
42 0  
43 1  
44 3  
45 0  
46 2  
47 1  
48 3  
49 0  
50 2  
51 1  
52 3  
53 0  
54 2  
55 1  
56 3  
57 0  
58 2  
59 1  
60 3  
61 0  
62 2  
63 1  
64 3  
65 0  
66 1  
67 2  
68 3  
69 0  
70 1  
71 3  
72 2  
73 0  
74 1  
75 3  
76 2  
77 0  
78 1  
79 3  
80 2  
81 0  
82 1  
83 3  
84 0  
85 2  
86 1  
87 3  
88 0  
89 1  
90 2  
91 3  
92 0  
93 1  
94 2  
95 3  
96 0  
97 1  
98 2  
99 3  
100 0  
101 1  
102 2  
103 3  
104 0  
105 1  
106 2  
107 3  
108 0  
109 1  
110 2  
111 3  
112 0  
113 1  
114 2  
115 3  
116 0  
117 1  
118 2  
119 3  
120 0  
121 1  
122 2  
123 3  
124 0  
125 1  
126 2  
127 3  
128 0  
129 1  
130 2  
131 3  
132 0  
133 1  
134 2  
135 3  
136 0  
137 1  
138 2  
139 3  
140 0  
141 1  
142 2  
143 3  
144 0  
145 1  
146 2  
147 3  
148 0  
149 1  
150 2  
151 3  
152 0  
153 1  
154 2  
155 3  
156 0  
157 1  
158 2  
159 3  
160 0  
161 1  
162 2  
163 3  
164 0  
165 1  
166 2  
167 3  
168 0  
169 1  
170 2  
171 3  
172 0  
173 1  
174 2  
175 3  
176 0  
177 1  
178 2  
179 3  
180 0  
181 1  
182 2  
183 3  
184 0  
185 1  
186 2  
187 3  
188 0  
189 1  
190 2  
191 3  
192 0  
193 1  
194 2  
195 3  
196 0  
197 1  
198 2  
199 3  
200 0  
201 1  
202 2  
203 3  
204 0  
205 1  
206 2  
207 0  
208 3  
209 1  
210 2  
211 0  
212 3  
213 1  
214 2  
215 0  
216 3  
217 1  
218 2  
219 0  
220 3  
221 1  
222 2  
223 0  
224 3  
225 1  
226 2  
227 0  
228 3  
229 1  
230 2  
231 0  
232 3  
233 1  
234 2  
235 0  
236 3  
237 1  
238 2  
239 0  
240 3  
241 1  
242 2  
243 0  
244 3  
245 1  
246 2  
247 0  
248 3  
249 1  
250 2  
251 0  
252 3  
253 1  
254 2  
255 0  
256 3  
257 1  
258 2  
259 0  
260 3  
261 1  
262 2  
263 0  
264 3  
265 1  
266 2  
267 0  
268 3  
269 1  
270 0  
271 2  
272 3  
273 1  
274 0  
275 3  
276 2  
277 1  
278 0  
279 3  
280 2  
281 1  
282 0  
283 3  
284 2  
285 1  
286 0  
287 3  
288 2  
289 1  
290 0  
291 3  
292 2  
293 1  
294 0  
295 3  
296 2  
297 1  
298 0  
299 3  
300 2  
301 1  
302 0  
303 3  
304 2  
305 1  
306 0  
307 3  
308 2  
309 1  
310 0  
311 3  
312 2  
313 1  
314 0  
315 3  
316 2  
317 1  
318 0  
319 3  
320 2  
321 1  
322 0  
323 3  
324 2  
325 1  
326 0  
327 3  
328 2  
329 1  
330 0  
331 3  
332 2  
333 1  
334 0  
335 3  
336 2  
337 1  
338 0  
339 3  
340 2  
341 1  
342 0  
343 3  
344 2  
345 1  
346 0  
347 3  
348 2  
349 1  
350 0  
351 3  
352 2  
353 1  
354 0  
355 3  
356 2  
357 1  
358 0  
359 3  
360 2  
361 1  
362 0  
363 3  
364 2  
365 1  
366 0  
367 3  
368 2  
369 1  
370 0  
371 3  
372 2  
373 1  
374 0  
375 3  
376 2  
377 1  
378 0  
379 3  
380 2  
381 1  
382 0  
383 3  
384 2  
385 1  
386 3  
387 0  
388 2  
389 1  
390 3  
391 0  
392 2  
393 1  
394 3  
395 0  
396 2  
397 1  
398 3  
399 0  
400 2  
401 1  
402 3  
403 0  
404 2  
405 1  
406 3  
407 0  
408 2  
409 1  
410 3  
411 0  
412 2  
413 1  
414 3  
415 0  
416 2  
417 1  
418 3  
419 0  
420 2  
421 1  
422 3  
423 0  
424 2  
425 1  
426 3  
427 0  
428 2  
429 1  
430 3  
431 0  
432 2  
433 1  
434 3  
435 0  
436 2  
437 1  
438 3  
439 0  
440 2  
441 1  
442 3  
443 0  
444 2  
445 1  
446 3  
447 0  
448 2  
449 1  
450 3  
451 0  
452 2  
453 3  
454 1  
455 0  
456 2  
457 3  
458 1  
459 0  
460 2  
461 3  
462 1  
463 0  
464 2  
465 3  
466 1  
467 0  
468 2  
469 3  
470 1  
471 0  
472 2  
473 3  
474 1  
475 0  
476 2  
477 3  
478 1  
479 0  
480 2  
481 3  
482 1  
483 0  
484 2  
485 3  
486 1  
487 0  
488 2  
489 3  
490 1  
491 0  
492 2  
493 3  
494 1  
495 0  
496 2  
497 3  
498 1  
499 0  
500 2  
501 3  
502 1  
503 0  
504 2  
505 3  
506 1  
507 0  
508 2  
509 3  
510 1  
511 0  
512 2  
513 3  
514 1  
515 0  
516 2  
517 3  
518 1  
519 0  
520 2  
521 3  
522 1  
523 0  
524 2  
525 3  
526 1  
527 0  
528 2  
529 3  
530 1  
531 0  
532 2  
533 3  
534 1  
535 0  
536 2  
537 3  
538 1  
539 0  
540 2  
541 3  
542 1  
543 0  
544 2  
545 3  
546 1  
547 0  
548 2  
549 3  
550 1  
551 0  
552 2  
553 3  
554 1  
555 0  
556 2  
557 1  
558 3  
559 0  
560 2  
561 1  
562 3  
563 0  
564 2  
565 1  
566 3  
567 0  
568 2  
569 1  
570 3  
571 0  
572 2  
573 1  
574 3  
575 0  
576 2  
577 1  
578 3  
579 0  
580 2  
581 1  
582 3  
583 0  
584 2  
585 1  
586 3  
587 0  
588 2  
589 1  
590 3  
591 0  
592 2  
593 1  
594 3  
595 0  
596 2  
597 1  
598 3  
599 0  
600 2  
601 1  
602 3  
603 0  
604 2  
605 1  
606 3  
607 0  
608 2  
609 1  
610 3  
611 2  
612 0  
613 1  
614 3  
615 2  
616 1  
617 0  
618 3  
619 2  
620 1  
621 3  
622 0  
623 2  
624 1  
625 3  
626 2  
627 0  
628 1  
629 3  
630 2  
631 0  
632 1  
633 3  
634 2  
635 0  
636 1  
637 3  
638 2  
639 0  
640 1  
641 3  
642 2  
643 0  
644 1  
645 3  
646 2  
647 0  
648 1  
649 3  
650 2  
651 0  
652 1  
653 3  
654 2  
655 0  
656 1  
657 3  
658 2  
659 0  
660 1  
661 3  
662 2  
663 0  
664 1  
665 3  
666 2  
667 0  
668 1  
669 3  
670 2  
671 0  
672 1  
673 3  
674 2  
675 0  
676 1  
677 3  
678 2  
679 0  
680 1  
681 3  
682 2  
683 0  
684 1  
685 3  
686 2  
687 0  
688 1  
689 3  
690 2  
691 0  
692 1  
693 3  
694 2  
695 0  
696 1  
697 3  
698 2  
699 0  
700 1  
701 3  
702 2  
703 0  
704 1  
705 3  
706 2  
707 0  
708 1  
709 3  
710 2  
711 0  
712 1  
713 3  
714 2  
715 0  
716 1  
717 3  
718 2  
719 0  
720 1  
721 3  
722 2  
723 0  
724 1  
725 3  
726 2  
727 0  
728 1  
729 3  
730 2  
731 0  
732 1  
733 3  
734 2  
735 0  
736 1  
737 3  
738 2  
739 0  
740 1  
741 3  
742 2  
743 0  
744 1  
745 3  
746 2  
747 0  
748 1  
749 3  
750 2  
751 0  
752 1  
753 3  
754 2  
755 0  
756 1  
757 3  
758 2  
759 0  
760 1  
761 3  
762 2  
763 0  
764 1  
765 3  
766 2  
767 0  
768 1  
769 3  
770 2  
771 0  
772 1  
773 3  
774 2  
775 0  
776 1  
777 3  
778 2  
779 0  
780 1  
781 3  
782 2  
783 0  
784 1  
785 3  
786 2  
787 0  
788 1  
789 3  
790 2  
791 0  
792 1  
793 3  
794 2  
795 0  
796 1  
797 3  
798 2  
799 0  
800 1  
801 3  
802 2  
803 0  
804 1  
805 3  
806 2  
807 0  
808 1  
809 3  
810 2  
811 0  
812 1  
813 3  
814 2  
815 0  
816 1  
817 3  
818 2  
819 0  
820 1  
821 3  
822 2  
823 0  
824 1  
825 3  
826 2  
827 0  
828 1  
829 3  
830 2  
831 0  
832 1  
833 3  
834 2  
835 0  
836 1  
837 3  
838 2  
839 0  
840 1  
841 2  
842 3  
843 0  
844 1  
845 2  
846 3  
847 0  
848 1  
849 2  
850 3  
851 0  
852 1  
853 2  
854 3  
855 0  
856 1  
857 2  
858 3  
859 0  
860 1  
861 2  
862 3  
863 0  
864 1  
865 2  
866 3  
867 0  
868 1  
869 2  
870 3  
871 1  
872 0  
873 2  
874 3  
875 1  
876 2  
877 0  
878 3  
879 1  
880 2  
881 3  
882 0  
883 1  
884 2  
885 3  
886 0  
887 1  
888 2  
889 3  
890 0  
891 1  
892 2  
893 3  
894 0  
895 1  
896 2  
897 3  
898 1  
899 0  
900 2  
901 3  
902 1  
903 0  
904 2  
905 3  
906 1  
907 2  
908 0  
909 3  
910 1  
911 2  
912 0  
913 3  
914 1  
915 2  
916 0  
917 3  
918 1  
919 2  
920 0  
921 3  
922 1  
923 2  
924 0  
925 3  
926 1  
927 2  
928 0  
929 3  
930 1  
931 2  
932 0  
933 3  
934 1  
935 2  
936 0  
937 3  
938 1  
939 2  
940 0  
941 3  
942 1  
943 2  
944 0  
945 3  
946 1  
947 2  
948 0  
949 3  
950 1  
951 2  
952 0  
953 3  
954 1  
955 2  
956 0  
957 3  
958 1  
959 2  
960 0  
961 3  
962 1  
963 2  
964 0  
965 3  
966 1  
967 2  
968 0  
969 3  
970 1  
971 2  
972 0  
973 3  
974 1  
975 2  
976 0  
977 3  
978 1  
979 2  
980 0  
981 3  
982 1  
983 2  
984 0  
985 3  
986 1  
987 2  
988 0  
989 3  
990 1  
991 2  
992 0  
993 3  
994 1  
995 2  
996 0  
997 3  
998 1  
999 2  
1000 0  
1001 3  
1002 1  
1003 2  
1004 0  
1005 3  
1006 1  
1007 2  
1008 0  
1009 3  
1010 1  
1011 2  
1012 0  
1013 3  
1014 1  
1015 2  
1016 0  
1017 3  
1018 1  
1019 2  
1020 0  
1021 3  
1022 1  
1023 2  
1024 0  
1025 3  
1026 1  
1027 2  
1028 0  
1029 3  
1030 1  
1031 2  
1032 0  
1033 3  
1034 1  
1035 2  
1036 0  
1037 3  
1038 1  
1039 2  
1040 0  
1041 3  
1042 1  
1043 2  
1044 0  
1045 3  
1046 1  
1047 2  
1048 0  
1049 3  
1050 1  
1051 2  
1052 0  
1053 3  
1054 1  
1055 0  
1056 2  
1057 3  
1058 1  
1059 0  
1060 2  
1061 3  
1062 1  
1063 0  
1064 2  
1065 3  
1066 1  
1067 0  
1068 2  
1069 3  
1070 1  
1071 0  
1072 2  
1073 3  
1074 0  
1075 1  
1076 2  
1077 3  
1078 0  
1079 2  
1080 1  
1081 3  
1082 0  
1083 2  
1084 1  
1085 3  
1086 0  
1087 2  
1088 1  
1089 3  
1090 0  
1091 2  
1092 1  
1093 3  
1094 0  
1095 2  
1096 1  
1097 3  
1098 0  
1099 2  
1100 1  
1101 3  
1102 0  
1103 2  
1104 1  
1105 3  
1106 0  
1107 2  
1108 1  
1109 3  
1110 0  
1111 2  
1112 1  
1113 3  
1114 0  
1115 2  
1116 1  
1117 3  
1118 0  
1119 2  
1120 1  
1121 3  
1122 0  
1123 2  
1124 1  
1125 3  
1126 0  
1127 2  
1128 1  
1129 3  
1130 0  
1131 2  
1132 1  
1133 3  
1134 0  
1135 2  
1136 1  
1137 3  
1138 0  
1139 2  
1140 1  
1141 3  
1142 0  
1143 2  
1144 1  
1145 3  
1146 0  
1147 2  
1148 1  
1149 3  
1150 0  
1151 2  
1152 1  
1153 3  
1154 0  
1155 2  
1156 1  
1157 3  
1158 0  
1159 2  
1160 1  
1161 3  
1162 0  
1163 2  
1164 1  
1165 3  
1166 0  
1167 2  
1168 1  
1169 3  
1170 0  
1171 2  
1172 1  
1173 3  
1174 0  
1175 2  
1176 1  
1177 3  
1178 0  
1179 2  
1180 1  
1181 3  
1182 0  
1183 2  
1184 1  
1185 3  
1186 0  
1187 2  
1188 1  
1189 3  
1190 0  
1191 2  
1192 1  
1193 3  
1194 0  
1195 2  
1196 1  
1197 3  
1198 0  
1199 2  
1200 1  
1201 3  
1202 0  
1203 2  
1204 1  
1205 3  
1206 0  
1207 2  
1208 1  
1209 3  
1210 0  
1211 2  
1212 1  
1213 3  
1214 0  
1215 2  
1216 1  
1217 3  
1218 0  
1219 2  
1220 1  
1221 3  
1222 0  
1223 2  
1224 1  
1225 3  
1226 0  
1227 2  
1228 1  
1229 3  
1230 0  
1231 2  
1232 1  
1233 3  
1234 0  
1235 2  
1236 1  
1237 3  
1238 0  
1239 2  
1240 1  
1241 3  
1242 0  
1243 2  
1244 1  
1245 3  
1246 0  
1247 2  
1248 1  
1249 3  
1250 0  
1251 2  
1252 1  
1253 3  
1254 0  
1255 2  
1256 1  
1257 3  
1258 0  
1259 2  
1260 1  
1261 3  
1262 0  
1263 2  
1264 1  
1265 3  
1266 0  
1267 2  
1268 1  
1269 3  
1270 0  
1271 2  
1272 1  
1273 3  
1274 0  
1275 2  
1276 1  
1277 3  
1278 0  
1279 2  
1280 1  
1281 3  
1282 0  
1283 2  
1284 1  
1285 3  
1286 0  
1287 2  
1288 1  
1289 3  
1290 0  
1291 2  
1292 1  
1293 3  
1294 0  
1295 2  
1296 1  
1297 3  
1298 0  
1299 2  
1300 1  
1301 3  
1302 0  
1303 2  
1304 1  
1305 3  
1306 0  
1307 2  
1308 1  
1309 0  
1310 3  
1311 2  
1312 1  
1313 0  
1314 3  
1315 2  
1316 1  
1317 0  
1318 3  
1319 2  
1320 1  
1321 0  
1322 3  
1323 2  
1324 1  
1325 0  
1326 3  
1327 2  
1328 0  
1329 1  
1330 3  
1331 2  
1332 0  
1333 1  
1334 3  
1335 2  
1336 0  
1337 1  
1338 3  
1339 2  
1340 0  
1341 1  
1342 3  
1343 2  
1344 0  
1345 1  
1346 3  
1347 2  
1348 0  
1349 1  
1350 3  
1351 2  
1352 0  
1353 1  
1354 3  
1355 2  
1356 0  
1357 1  
1358 3  
1359 2  
1360 0  
1361 1  
1362 3  
1363 2  
1364 0  
1365 1  
1366 3  
1367 2  
1368 0  
1369 1  
1370 3  
1371 2  
1372 0  
1373 1  
1374 3  
1375 2  
1376 0  
1377 1  
1378 3  
1379 2  
1380 0  
1381 1  
1382 3  
1383 2  
1384 0  
1385 1  
1386 3  
1387 2  
1388 0  
1389 1  
1390 3  
1391 2  
1392 0  
1393 1  
1394 3  
1395 2  
1396 0  
1397 1  
1398 3  
1399 2  
1400 0  
1401 1  
1402 2  
1403 3  
1404 0  
1405 1  
1406 2  
1407 3  
1408 0  
1409 1  
1410 2  
1411 3  
1412 0  
1413 1  
1414 2  
1415 3  
1416 0  
1417 1  
1418 2  
1419 3  
1420 0  
1421 1  
1422 2  
1423 3  
1424 0  
1425 1  
1426 2  
1427 3  
1428 0  
1429 1  
1430 2  
1431 3  
1432 0  
1433 1  
1434 2  
1435 3  
1436 0  
1437 1  
1438 2  
1439 3  
1440 0  
1441 1  
1442 2  
1443 3  
1444 1  
1445 0  
1446 2  
1447 3  
1448 1  
1449 0  
1450 2  
1451 3  
1452 1  
1453 0  
1454 2  
1455 3  
1456 1  
1457 0  
1458 2  
1459 3  
1460 1  
1461 0  
1462 2  
1463 3  
1464 1  
1465 0  
1466 2  
1467 3  
1468 1  
1469 0  
1470 2  
1471 3  
1472 1  
1473 0  
1474 2  
1475 3  
1476 1  
1477 0  
1478 2  
1479 3  
1480 1  
1481 0  
1482 2  
1483 3  
1484 1  
1485 0  
1486 2  
1487 3  
1488 1  
1489 0  
1490 2  
1491 3  
1492 1  
1493 0  
1494 2  
1495 3  
1496 1  
1497 0  
1498 2  
1499 3  
1500 1  
1501 0  
1502 3  
1503 2  
1504 1  
1505 0  
1506 3  
1507 1  
1508 2  
1509 0  
1510 3  
1511 1  
1512 0  
1513 2  
1514 3  
1515 1  
1516 0  
1517 3  
1518 2  
1519 1  
1520 0  
1521 3  
1522 2  
1523 1  
1524 0  
1525 3  
1526 2  
1527 1  
1528 0  
1529 3  
1530 2  
1531 1  
1532 0  
1533 3  
1534 2  
1535 1  
1536 0  
1537 3  
1538 2  
1539 1  
1540 0  
1541 3  
1542 2  
1543 1  
1544 0  
1545 3  
1546 2  
1547 1  
1548 0  
1549 3  
1550 2  
1551 1  
1552 0  
1553 3  
1554 2  
1555 1  
1556 0  
1557 3  
1558 2  
1559 1  
1560 0  
1561 3  
1562 2  
1563 1  
1564 0  
1565 3  
1566 2  
1567 1  
1568 0  
1569 3  
1570 2  
1571 1  
1572 0  
1573 3  
1574 2  
1575 1  
1576 0  
1577 3  
1578 2  
1579 1  
1580 0  
1581 3  
1582 2  
1583 1  
1584 0  
1585 3  
1586 2  
1587 1  
1588 0  
1589 3  
1590 2  
1591 1  
1592 0  
1593 3  
1594 2  
1595 1  
1596 0  
1597 3  
1598 2  
1599 1  
1600 0  
1601 3  
1602 2  
1603 1  
1604 0  
1605 3  
1606 2  
1607 1  
1608 0  
1609 3  
1610 2  
1611 1  
1612 0  
1613 3  
1614 2  
1615 1  
1616 0  
1617 3  
1618 2  
1619 1  
1620 0  
1621 3  
1622 2  
1623 1  
1624 0  
1625 3  
1626 2  
1627 1  
1628 0  
1629 3  
1630 2  
1631 1  
1632 0  
1633 3  
1634 2  
1635 1  
1636 0  
1637 3  
1638 2  
1639 1  
1640 0  
1641 3  
1642 2  
1643 1  
1644 0  
1645 3  
1646 2  
1647 1  
1648 0  
1649 3  
1650 2  
1651 1  
1652 0  
1653 3  
1654 2  
1655 1  
1656 0  
1657 3  
1658 2  
1659 1  
1660 0  
1661 3  
1662 2  
1663 1  
1664 0  
1665 3  
1666 2  
1667 1  
1668 0  
1669 3  
1670 2  
1671 1  
1672 0  
1673 3  
1674 2  
1675 1  
1676 0  
1677 3  
1678 2  
1679 1  
1680 0  
1681 3  
1682 1  
1683 2  
1684 0  
1685 3  
1686 1  
1687 2  
1688 0  
1689 3  
1690 1  
1691 2  
1692 0  
1693 3  
1694 1  
1695 2  
1696 0  
1697 3  
1698 1  
1699 2  
1700 0  
1701 3  
1702 1  
1703 0  
1704 2  
1705 3  
1706 1  
1707 0  
1708 3  
1709 2  
1710 1  
1711 0  
1712 3  
1713 2  
1714 1  
1715 0  
1716 3  
1717 1  
1718 2  
1719 0  
1720 3  
1721 1  
1722 0  
1723 2  
1724 3  
1725 1  
1726 0  
1727 2  
1728 3  
1729 1  
1730 0  
1731 2  
1732 3  
1733 1  
1734 0  
1735 2  
1736 3  
1737 1  
1738 0  
1739 2  
1740 3  
1741 1  
1742 0  
1743 2  
1744 3  
1745 1  
1746 0  
1747 2  
1748 3  
1749 1  
1750 0  
1751 2  
1752 3  
1753 1  
1754 0  
1755 2  
1756 3  
1757 1  
1758 0  
1759 2  
1760 3  
1761 1  
1762 0  
1763 2  
1764 3  
1765 1  
1766 0  
1767 2  
1768 3  
1769 1  
1770 0  
1771 2  
1772 3  
1773 1  
1774 0  
1775 2  
1776 3  
1777 1  
1778 0  
1779 2  
1780 3  
1781 1  
1782 0  
1783 2  
1784 3  
1785 1  
1786 0  
1787 2  
1788 3  
1789 1  
1790 0  
1791 2  
1792 3  
1793 1  
1794 0  
1795 2  
1796 3  
1797 1  
1798 0  
1799 2  
1800 3  
1801 1  
1802 0  
1803 2  
1804 3  
1805 1  
1806 0  
1807 2  
1808 3  
1809 1  
1810 0  
1811 2  
1812 3  
1813 1  
1814 0  
1815 2  
1816 3  
1817 1  
1818 0  
1819 2  
1820 3  
1821 1  
1822 0  
1823 2  
1824 3  
1825 1  
1826 0  
1827 2  
1828 3  
1829 1  
1830 0  
1831 2  
1832 3  
1833 1  
1834 0  
1835 2  
1836 3  
1837 1  
1838 0  
1839 2  
1840 3  
1841 1  
1842 0  
1843 2  
1844 3  
1845 1  
1846 0  
1847 2  
1848 3  
1849 1  
1850 0  
1851 2  
1852 3  
1853 1  
1854 0  
1855 2  
1856 3  
1857 1  
1858 0  
1859 2  
1860 3  
1861 1  
1862 0  
1863 2  
1864 3  
1865 1  
1866 0  
1867 2  
1868 3  
1869 1  
1870 0  
1871 2  
1872 3  
1873 1  
1874 0  
1875 2  
1876 3  
1877 1  
1878 0  
1879 3  
1880 2  
1881 1  
1882 0  
1883 3  
1884 2  
1885 1  
1886 0  
1887 3  
1888 1  
1889 2  
1890 0  
1891 3  
1892 1  
1893 2  
1894 0  
1895 3  
1896 1  
1897 2  
1898 0  
1899 3  
1900 1  
1901 2  
1902 0  
1903 3  
1904 1  
1905 2  
1906 0  
1907 3  
1908 1  
1909 2  
1910 0  
1911 3  
1912 1  
1913 2  
1914 0  
1915 3  
1916 1  
1917 2  
1918 0  
1919 3  
1920 1  
1921 2  
1922 0  
1923 3  
1924 1  
1925 2  
1926 0  
1927 3  
1928 1  
1929 2  
1930 0  
1931 3  
1932 1  
1933 2  
1934 0  
1935 3  
1936 1  
1937 2  
1938 0  
1939 3  
1940 1  
1941 2  
1942 0  
1943 3  
1944 1  
1945 2  
1946 0  
1947 3  
1948 1  
1949 2  
1950 0  
1951 3  
1952 1  
1953 2  
1954 0  
1955 3  
1956 1  
1957 2  
1958 0  
1959 3  
1960 1  
1961 2  
1962 0  
1963 3  
1964 1  
1965 2  
1966 0  
1967 3  
1968 1  
1969 2  
1970 0  
1971 3  
1972 1  
1973 2  
1974 0  
1975 3  
1976 1  
1977 2  
1978 0  
1979 3  
1980 1  
1981 2  
1982 0  
1983 3  
1984 1  
1985 2  
1986 0  
1987 3  
1988 1  
1989 2  
1990 0  
1991 3  
1992 1  
1993 2  
1994 0  
1995 3  
1996 1  
1997 2  
1998 0  
1999 3  
2000 1  
2001 2  
2002 0  
2003 3  
2004 1  
2005 2  
2006 0  
2007 3  
2008 1  
2009 2  
2010 0  
2011 3  
2012 1  
2013 2  
2014 0  
2015 3  
2016 1  
2017 2  
2018 0  
2019 3  
2020 1  
2021 2  
2022 0  
2023 3  
2024 1  
2025 2  
2026 0  
2027 3  
2028 1  
2029 2  
2030 0  
2031 3  
2032 1  
2033 2  
2034 0  
2035 3  
2036 1  
2037 2  
2038 0  
2039 3  
2040 1  
2041 2  
2042 0  
2043 3  
2044 1  
2045 2  
2046 0  
2047 3  
2048 1  
2049 2  
2050 0  
2051 3  
2052 1  
2053 2  
2054 0  
2055 3  
2056 1  
2057 2  
2058 0  
2059 3  
2060 1  
2061 2  
2062 0  
2063 3  
2064 1  
2065 2  
2066 0  
2067 3  
2068 1  
2069 2  
2070 0  
2071 3  
2072 1  
2073 2  
2074 0  
2075 3  
2076 1  
2077 2  
2078 0  
2079 3  
2080 1  
2081 2  
2082 0  
2083 3  
2084 1  
2085 2  
2086 0  
2087 3  
2088 1  
2089 2  
2090 0  
2091 3  
2092 1  
2093 2  
2094 3  
2095 0  
2096 1  
2097 2  
2098 3  
2099 0  
2100 1  
2101 2  
2102 3  
2103 0  
2104 1  
2105 2  
2106 3  
2107 0  
2108 1  
2109 2  
2110 3  
2111 0  
2112 1  
2113 2  
2114 3  
2115 0  
2116 1  
2117 2  
2118 3  
2119 0  
2120 1  
2121 2  
2122 3  
2123 0  
2124 1  
2125 2  
2126 3  
2127 0  
2128 1  
2129 2  
2130 3  
2131 0  
2132 1  
2133 2  
2134 3  
2135 0  
2136 1  
2137 2  
2138 3  
2139 0  
2140 1  
2141 2  
2142 3  
2143 0  
2144 1  
2145 2  
2146 3  
2147 0  
2148 1  
2149 2  
2150 3  
2151 0  
2152 1  
2153 3  
2154 2  
2155 0  
2156 1  
2157 3  
2158 2  
2159 0  
2160 1  
2161 3  
2162 2  
2163 0  
2164 1  
2165 3  
2166 2  
2167 0  
2168 1  
2169 3  
2170 2  
2171 0  
2172 1  
2173 3  
2174 2  
2175 0  
2176 1  
2177 3  
2178 2  
2179 0  
2180 1  
2181 3  
2182 2  
2183 0  
2184 1  
2185 3  
2186 2  
2187 0  
2188 1  
2189 3  
2190 2  
2191 0  
2192 1  
2193 3  
2194 2  
2195 0  
2196 1  
2197 3  
2198 2  
2199 0  
2200 1  
2201 3  
2202 2  
2203 0  
2204 1  
2205 3  
2206 2  
2207 0  
2208 1  
2209 3  
2210 2  
2211 0  
2212 1  
2213 3  
2214 2  
2215 0  
2216 1  
2217 3  
2218 2  
2219 0  
2220 1  
2221 3  
2222 2  
2223 0  
2224 1  
2225 3  
2226 2  
2227 0  
2228 1  
2229 3  
2230 2  
2231 0  
2232 1  
2233 3  
2234 2  
2235 0  
2236 1  
2237 3  
2238 2  
2239 0  
2240 1  
2241 3  
2242 2  
2243 0  
2244 1  
2245 3  
2246 2  
2247 0  
2248 1  
2249 3  
2250 2  
2251 0  
2252 1  
2253 3  
2254 2  
2255 0  
2256 1  
2257 3  
2258 2  
2259 0  
2260 1  
2261 3  
2262 2  
2263 0  
2264 1  
2265 3  
2266 2  
2267 1  
2268 0  
2269 3  
2270 2  
2271 1  
2272 0  
2273 3  
2274 2  
2275 1  
2276 0  
2277 3  
2278 2  
2279 1  
2280 0  
2281 3  
2282 2  
2283 1  
2284 0  
2285 3  
2286 2  
2287 1  
2288 0  
2289 3  
2290 2  
2291 1  
2292 0  
2293 3  
2294 2  
2295 1  
2296 0  
2297 3  
2298 2  
2299 1  
2300 0  
2301 3  
2302 2  
2303 1  
2304 0  
2305 3  
2306 2  
2307 1  
2308 0  
2309 3  
2310 2  
2311 1  
2312 0  
2313 3  
2314 2  
2315 1  
2316 0  
2317 3  
2318 2  
2319 1  
2320 0  
2321 3  
2322 2  
2323 1  
2324 0  
2325 3  
2326 2  
2327 1  
2328 0  
2329 3  
2330 2  
2331 1  
2332 0  
2333 3  
2334 2  
2335 1  
2336 0  
2337 3  
2338 2  
2339 1  
2340 0  
2341 3  
2342 2  
2343 1  
2344 0  
2345 3  
2346 2  
2347 1  
2348 0  
2349 3  
2350 2  
2351 1  
2352 0  
2353 3  
2354 2  
2355 1  
2356 0  
2357 3  
2358 2  
2359 1  
2360 0  
2361 3  
2362 2  
2363 1  
2364 0  
2365 3  
2366 2  
2367 1  
2368 0  
2369 3  
2370 2  
2371 1  
2372 0  
2373 3  
2374 2  
2375 1  
2376 0  
2377 3  
2378 2  
2379 1  
2380 0  
2381 3  
2382 2  
2383 1  
2384 0  
2385 3  
2386 2  
2387 0  
2388 1  
2389 3  
2390 0  
2391 2  
2392 3  
2393 1  
2394 0  
2395 2  
2396 3  
2397 1  
2398 0  
2399 3  
2400 2  
2401 1  
2402 0  
2403 3  
2404 2  
2405 1  
2406 0  
2407 3  
2408 2  
2409 1  
2410 0  
2411 3  
2412 2  
2413 1  
2414 0  
2415 3  
2416 1  
2417 2  
2418 0  
2419 3  
2420 1  
2421 2  
2422 0  
2423 3  
2424 1  
2425 2  
2426 0  
2427 3  
2428 1  
2429 2  
2430 0  
2431 3  
2432 1  
2433 2  
2434 0  
2435 3  
2436 1  
2437 2  
2438 0  
2439 3  
2440 1  
2441 2  
2442 0  
2443 3  
2444 1  
2445 2  
2446 0  
2447 3  
2448 1  
2449 2  
2450 0  
2451 3  
2452 1  
2453 2  
2454 0  
2455 3  
2456 1  
2457 2  
2458 0  
2459 3  
2460 1  
2461 2  
2462 0  
2463 3  
2464 1  
2465 2  
2466 0  
2467 3  
2468 1  
2469 2  
2470 0  
2471 3  
2472 1  
2473 2  
2474 0  
2475 3  
2476 1  
2477 2  
2478 0  
2479 3  
2480 1  
2481 2  
2482 0  
2483 3  
2484 1  
2485 2  
2486 0  
2487 3  
2488 1  
2489 2  
2490 0  
2491 3  
2492 1  
2493 2  
2494 0  
2495 3  
2496 1  
2497 2  
2498 0  
2499 3  
2500 1  
2501 2  
2502 0  
2503 3  
2504 1  
2505 2  
2506 0  
2507 3  
2508 1  
2509 2  
2510 0  
2511 3  
2512 1  
2513 2  
2514 0  
2515 3  
2516 1  
2517 2  
2518 3  
2519 0  
2520 1  
2521 2  
2522 3  
2523 0  
2524 1  
2525 2  
2526 3  
2527 0  
2528 1  
2529 2  
2530 3  
2531 0  
2532 1  
2533 2  
2534 3  
2535 0  
2536 1  
2537 2  
2538 3  
2539 0  
2540 1  
2541 2  
2542 3  
2543 0  
2544 1  
2545 2  
2546 3  
2547 0  
2548 1  
2549 2  
2550 3  
2551 0  
2552 1  
2553 2  
2554 3  
2555 0  
2556 1  
2557 2  
2558 3  
2559 0  
2560 1  
2561 2  
2562 3  
2563 0  
2564 1  
2565 2  
2566 3  
2567 0  
2568 1  
2569 2  
2570 3  
2571 0  
2572 1  
2573 2  
2574 3  
2575 0  
2576 1  
2577 2  
2578 3  
2579 0  
2580 1  
2581 3  
2582 2  
2583 0  
2584 1  
2585 3  
2586 2  
2587 0  
2588 1  
2589 3  
2590 0  
2591 2  
2592 1  
2593 3  
2594 0  
2595 2  
2596 1  
2597 3  
2598 0  
2599 2  
2600 1  
2601 3  
2602 0  
2603 2  
2604 1  
2605 3  
2606 0  
2607 2  
2608 1  
2609 3  
2610 0  
2611 2  
2612 1  
2613 3  
2614 0  
2615 2  
2616 1  
2617 3  
2618 0  
2619 2  
2620 1  
2621 3  
2622 0  
2623 2  
2624 1  
2625 3  
2626 0  
2627 2  
2628 1  
2629 3  
2630 0  
2631 2  
2632 1  
2633 3  
2634 0  
2635 2  
2636 1  
2637 3  
2638 0  
2639 2  
2640 1  
2641 0  
2642 3  
2643 2  
2644 1  
2645 0  
2646 3  
2647 2  
2648 1  
2649 0  
2650 3  
2651 2  
2652 1  
2653 0  
2654 3  
2655 2  
2656 1  
2657 0  
2658 3  
2659 2  
2660 1  
2661 0  
2662 3  
2663 2  
2664 1  
2665 0  
2666 3  
2667 2  
2668 1  
2669 0  
2670 3  
2671 2  
2672 1  
2673 0  
2674 3  
2675 2  
2676 1  
2677 0  
2678 3  
2679 2  
2680 1  
2681 0  
2682 3  
2683 2  
2684 1  
2685 0  
2686 3  
2687 2  
2688 1  
2689 0  
2690 3  
2691 2  
2692 1  
2693 0  
2694 3  
2695 2  
2696 1  
2697 0  
2698 3  
2699 2  
2700 1  
2701 0  
2702 3  
2703 2  
2704 1  
2705 0  
2706 3  
2707 2  
2708 1  
2709 0  
2710 3  
2711 2  
2712 1  
2713 0  
2714 3  
2715 2  
2716 1  
2717 0  
2718 3  
2719 2  
2720 1  
2721 0  
2722 3  
2723 2  
2724 1  
2725 0  
2726 3  
2727 2  
2728 1  
2729 0  
2730 3  
2731 2  
2732 1  
2733 0  
2734 3  
2735 2  
2735 1  
2736 0  
2736 3  
2737 2  
2737 1  
2738 0  
2739 3  
2740 2  
2740 1  
2740 0  
2741 3  
2742 2  
2742 1  
2742 0  
2742 3  
2742 2  
2742 1  
2742 0  
2742 3  
2742 2  
2742 1  
2742 0  
2742 3  
2742 2  
2742 1  
2742 0  
2742 3  
2742 2  
2742 1  
2742 0  
2742 3  
2742 1  
2742 2  
2742 0  
2742 3  
2742 1  
2742 2  
2742 3  
2742 0  
2742 1  
2742 2  
2742 3  
2742 0  
2742 1  
2742 2  
2742 3  
2742 0  
2742 1  
2742 2  
2742 3  
2742 0  
2742 1  
2742 2  
2742 3  
2742 0  
2742 1  
2742 2  
2742 3  
2742 0  
2742 1  
2742 2  
2742 3  
2742 0  
2742 1  
2742 2  
2742 3  
2742 0  
2742 1  
2742 3  
2742 2  
2742 0  
2742 1  
2742 3  
2742 0  
2742 2  
2742 1  
2742 3  
2742 0  
2742 1  
2742 2  
2742 3  
2742 0  
2742 1  
2742 2  
2742 3  
2742 0  
2742 1  
2742 2  
2742 3  
2742 0  
2742 1  
2742 2  
2742 3  
2742 0  
2742 1  
2742 2  
2742 3  
2742 0  
2742 1  
2742 2  
2742 3  
2742 0  
2742 1  
2742 2  
2742 3  
2742 0  
2742 1  
2742 2  
2742 3  
2742 0  
2742 1  
2742 2  
2742 3  
2742 0  
2742 1  
2742 2  
2742 3  
2742 0  
2742 1  
2742 2  
2742 3  
2742 0  
2742 1  
2742 2  
2742 3  
2742 0  
2742 1  
2742 2  
2742 3  
2742 0  
2742 1  
2742 2  
2742 3  
2742 0  
2742 1  
2742 2  
2742 3  
2742 0  
2742 1  
2742 2  
2742 3  
2742 0  
2742 1  
2742 2  
2742 3  
2742 0  
2742 1  
2742 2  
2742 3  
2742 0  
2742 1  
2742 2  
2742 3  
2742 0  
2742 1  
2742 2  
2742 3  
2742 0  
2742 1  
2742 2  
2742 3  
2742 0  
2742 1  
2742 2  
2742 3  
2742 0  
2742 1  
2742 2  
2742 3  
2742 0  
2742 1  
2742 2  
2742 3  
2742 0  
2742 1  
2742 2  
2742 3  
2742 0  
2742 1  
2742 2  
2742 3  
2742 0  
2742 1  
2742 2  
2742 3  
2742 0  
2742 1  
2742 2  
2742 3  
2742 0  
2742 1  
2742 2  
2742 3  
2742 0  
2742 1  
2742 2  
2742 3  
2742 0  
2742 1  
2742 2  
2742 3  
2742 0  
2742 1  
2742 2  
2742 3  
2742 0  
2742 1  
2742 2  
2742 3  
2742 0  
2742 1  
2742 2  
2742 3  
2742 0  
2742 1  
2742 2  
2742 3  
2742 0  
2742 1  
2742 2  
2742 3  
2742 0  
2742 1  
2742 2  
2742 3  
2742 0  
2742 1  
2742 2  
2742 3  
2742 0  
2742 1  
2742 2  
2742 3  
2742 0  
2742 1  
2742 2  
2742 3  
2742 0  
2742 1  
2742 2  
2742 3  
2742 0  
2742 1  
2742 2  
2742 3  
2742 0  
2742 1  
2742 2  
2742 3  
2742 0  
2742 1  
2742 2  
2742 3  
2742 0  
2742 1  
2742 2  
2742 3  
2742 0  
2742 1  
2742 3  
2742 2  
2742 0  
2742 1  
2742 3  
2742 2  
2742 0  
2742 1  
2742 3  
2742 2  
2742 0  
2742 1  
2742 3  
2742 2  
2742 0  
2742 1  
2742 3  
2742 2  
2742 0  
2742 1  
2742 3  
2742 2  
2742 0  
2742 1  
2742 3  
2742 2  
2742 0  
2742 1  
2742 3  
2742 2  
2742 0  
2742 1  
2742 3  
2742 2  
2742 0  
2742 1  
2742 3  
2742 2  
2742 0  
2742 1  
2742 3  
2742 0  
2742 2  
2742 3  
2742 1  
2742 0  
2742 3  
2742 2  
2742 1  
2742 0  
2742 3  
2742 2  
2742 1  
2742 0  
2742 3  
2742 2  
2742 1  
2742 0  
2742 3  
2742 2  
2742 1  
2742 0  
2742 3  
2742 1  
2742 2  
2742 0  
2742 3  
2742 1  
2742 0  
2742 2  
2742 3  
2742 1  
2742 0  
2742 2  
2742 3  
2742 1  
2742 0  
2742 2  
2742 3  
2742 1  
2742 0  
2742 2  
2742 3  
2742 1  
2742 0  
2742 2  
2742 3  
2742 1  
2742 0  
2742 2  
2742 3  
2742 1  
2742 0  
2742 2  
2742 3  
2742 1  
2742 0  
2742 2  
2742 3  
2742 1  
2742 0  
2742 2  
2742 3  
2742 1  
2742 0  
2742 2  
2742 3  
2742 1  
2742 0  
2742 2  
2742 3  
2742 1  
2742 0  
2742 2  
2742 3  
2742 1  
2742 0  
2742 2  
2742 3  
2742 1  
2742 0  
2742 2  
2742 3  
2742 1  
2742 0  
2742 2  
2742 3  
2742 1  
2742 0  
2742 2  
2742 3  
2742 1  
2742 0  
2742 2  
2742 3  
2742 1  
2742 0  
2742 2  
2742 3  
2742 1  
2742 0  
2742 2  
2742 3  
2742 1  
2742 0  
2742 2  
2742 3  
2742 1  
2742 0  
2742 2  
2742 3  
2742 1  
2742 0  
2742 2  
2742 3  
2742 1  
2742 0  
2742 2  
2742 3  
2742 1  
2742 0  
2742 2  
2742 3  
2742 1  
2742 0  
2742 2  
2742 3  
2742 1  
2742 0  
2742 2  
2742 3  
2742 1  
2742 0  
2742 2  
2742 3  
2742 1  
2742 0  
2742 2  
2742 3  
2742 1  
2742 0  
2742 2  
2742 3  
2742 1  
2742 0  
2742 2  
2742 3  
2742 1  
2742 0  
2742 2  
2742 3  
2742 1  
2742 0  
2742 2  
2742 3  
2742 1  
2742 0  
2742 2  
2742 3  
2742 1  
2742 0  
2742 2  
2742 3  
2742 1  
2742 0  
2742 2  
2742 3  
2742 1  
2742 0  
2742 2  
2742 3  
2742 1  
2742 0  
2742 2  
2742 3  
2742 1  
2742 0  
2742 2  
2742 3  
2742 1  
2742 0  
2742 2  
2742 3  
2742 1  
2742 0  
2742 2  
2742 3  
2742 1  
2742 0  
2742 2  
2742 3  
2742 1  
2742 0  
2742 2  
2742 3  
2742 1  
2742 0  
2742 2  
2742 3  
2742 1  
2742 0  
2742 2  
2742 3  
2742 1  
2742 0  
2742 2  
2742 3  
2742 1  
2742 0  
2742 2  
2742 3  
2742 1  
2742 0  
2742 2  
2742 3  
2742 1  
2742 0  
2742 2  
2742 3  
2742 1  
2742 0  
2742 2  
2742 3  
2742 1  
2742 0  
2742 2  
2742 3  
2742 1  
2742 0  
2742 2  
2742 3  
2742 1  
2742 0  
2742 2  
2742 3  
2742 1  
2742 0  
2742 2  
2742 3  
2742 1  
2742 0  
2742 3  
2742 2  
2742 1  
2742 0  
2742 3  
2742 2  
2742 1  
2742 0  
2742 3  
2742 1  
2742 2  
2742 0  
2742 3  
2742 1  
2742 2  
2742 0  
2742 3  
2742 1  
2742 2  
2742 0  
2742 3  
2742 1  
2742 2  
2742 0  
2742 3  
2742 1  
2742 2  
2742 0  
2742 3  
2742 1  
2742 2  
2742 0  
2742 3  
2742 1  
2742 2  
2742 0  
2742 3  
2742 1  
2742 2  
2742 0  
2742 3  
2742 1  
2742 2  
2742 0  
2742 3  
2742 1  
2742 2  
2742 0  
2742 3  
2742 2  
2742 1  
2742 0  
2742 3  
2742 2  
2742 1  
2742 0  
2742 3  
2742 2  
2742 0  
2742 1  
2742 3  
2742 2  
2742 0  
2742 1  
2742 3  
2742 2  
2742 0  
2742 1  
2742 3  
2742 2  
2742 0  
2742 1  
2742 3  
2742 2  
2742 0  
2742 1  
2742 3  
2742 2  
2742 0  
2742 1  
2742 3  
2742 2  
2742 0  
2742 1  
2742 3  
2742 2  
2742 0  
2742 1  
2742 3  
2742 2  
2742 0  
2742 1  
2742 3  
2742 2  
2742 0  
2742 1  
2742 3  
2742 2  
2742 0  
2742 1  
2742 3  
2742 2  
2742 0  
2742 1  
2742 3  
2742 2  
2742 0  
2742 1  
2742 3  
2742 2  
2742 0  
2742 1  
2742 3  
2742 2  
2742 0  
2742 1  
2742 3  
2742 2  
2742 0  
2742 1  
2742 3  
2742 2  
2742 0  
2742 1  
2742 3  
2742 2  
2742 0  
2742 1  
2742 3  
2742 2  
2742 0  
2742 1  
2742 3  
2742 2  
2742 0  
2742 1  
2742 3  
2742 2  
2742 0  
2742 1  
2742 3  
2742 2  
2742 0  
2742 1  
2742 3  
2742 2  
2742 0  
2742 1  
2742 3  
2742 2  
2742 0  
2742 1  
2742 3  
2742 2  
2742 0  
2742 1  
2742 3  
2742 2  
2742 0  
2742 1  
2742 3  
2742 2  
2742 0  
2742 1  
2742 3  
2742 2  
2742 0  
2742 1  
2742 3  
2742 2  
2742 0  
2742 1  
2742 3  
2742 2  
2742 0  
2742 1  
2742 3  
2742 2  
2742 0  
2742 1  
2742 3  
2742 2  
2742 0  
2742 1  
2742 3  
2742 2  
2742 0  
2742 1  
2742 3  
2742 2  
2742 0  
2742 1  
2742 3  
2742 2  
2742 1  
2742 0  
2742 3  
2742 2  
2742 1  
2742 0  
2742 3  
2742 2  
2742 1  
2742 0  
2742 3  
2742 2  
2742 1  
2742 0  
2742 3  
2742 2  
2742 1  
2742 0  
2742 3  
2742 2  
2742 1  
2742 0  
2742 3  
2742 2  
2742 1  
2742 0  
2742 3  
2742 2  
2742 1  
2742 0  
2742 3  
2742 2  
2742 1  
2742 0  
2742 3  
2742 2  
2742 1  
2742 0  
2742 3  
2742 2  
2742 1  
2742 0  
2742 3  
2742 2  
2742 1  
2742 0  
2742 3  
2742 2  
2742 1  
2742 0  
2742 3  
2742 2  
2742 1  
2742 0  
2742 3  
2742 2  
2742 1  
2742 0  
2742 3  
2742 2  
2742 1  
2742 0  
2742 3  
2742 1  
2742 2  
2742 0  
2742 3  
2742 1  
2742 0  
2742 2  
2742 3  
2742 1  
2742 0  
2742 3  
2742 2  
2742 1  
2742 0  
2742 3  
2742 2  
2742 1  
2742 0  
2742 3  
2742 2  
2742 1  
2742 0  
2742 3  
2742 2  
2742 1  
2742 0  
2742 3  
2742 1  
2742 2  
2742 0  
2742 3  
2742 1  
2742 2  
2742 0  
2742 3  
2742 1  
2742 2  
2742 0  
2742 3  
2742 1  
2742 2  
2742 0  
2742 3  
2742 1  
2742 2  
2742 0  
2742 3  
2742 1  
2742 2  
2742 0  
2742 3  
2742 1  
2742 2  
2742 0  
2742 3  
2742 1  
2742 2  
2742 0  
2742 3  
2742 1  
2742 2  
2742 0  
2742 3  
2742 1  
2742 2  
2742 0  
2742 3  
2742 1  
2742 2  
2742 0  
2742 3  
2742 2  
2742 1  
2742 0  
2742 3  
2742 2  
2742 1  
2742 0  
2742 3  
2742 2  
2742 1  
2742 0  
2742 3  
2742 2  
2742 1  
2742 0  
2742 3  
2742 2  
2742 1  
2742 0  
2742 3  
2742 2  
2742 1  
2742 0  
2742 3  
2742 2  
2742 1  
2742 0  
2742 3  
2742 2  
2742 1  
2742 0  
2742 3  
2742 2  
2742 1  
2742 0  
2742 3  
2742 2  
2742 1  
2742 0  
2742 3  
2742 2  
2742 1  
2742 0  
2742 3  
2742 2  
2742 1  
2742 0  
2742 3  
2742 2  
2742 1  
2742 0  
2742 3  
2742 2  
2742 1  
2742 0  
2742 3  
2742 2  
2742 1  
2742 0  
2742 3  
2742 2  
2742 1  
2742 0  
2742 3  
2742 2  
2742 1  
2742 0  
2742 3  
2742 2  
2742 1  
2742 0  
2742 3  
2742 2  
2742 1  
2742 0  
2742 3  
2742 2  
2742 1  
2742 0  
2742 3  
2742 2  
2742 1  
2742 0  
2742 3  
2742 1  
2742 2  
2742 0  
2742 3  
2742 1  
2742 2  
2742 0  
2742 3  
2742 1  
2742 2  
2742 0  
2742 3  
2742 1  
2742 2  
2742 0  
2742 3  
2742 1  
2742 2  
2742 0  
2742 3  
2742 1  
2742 2  
2742 0  
2742 3  
2742 1  
2742 2  
2742 0  
2742 3  
2742 1  
2742 2  
2742 0  
2742 3  
2742 1  
2742 2  
2742 0  
2742 3  
2742 1  
2742 2  
2742 0  
2742 3  
2742 1  
2742 2  
2742 0  
2742 3  
2742 1  
2742 2  
2742 0  
2742 3  
2742 1  
2742 2  
2742 3  
2742 0  
2742 1  
2742 2  
2742 3  
2742 1  
2742 0  
2742 2  
2742 3  
2742 1  
2742 0  
2742 2  
2742 3  
2742 1  
2742 0  
2742 2  
2742 3  
2742 1  
2742 0  
2742 2  
2742 3  
2742 1  
2742 0  
2742 2  
2742 3  
2742 1  
2742 0  
2742 2  
2742 3  
2742 1  
2742 0  
2742 2  
2742 1  
2742 3  
2742 0  
2742 1  
2742 2  
2742 3  
2742 0  
2742 1  
2742 2  
2742 3  
2742 0  
2742 1  
2742 2  
2742 3  
2742 0  
2742 1  
2742 2  
2742 3  
2742 0  
2742 1  
2742 2  
2742 3  
2742 0  
2742 1  
2742 2  
2742 3  
2742 0  
2742 1  
2742 2  
2742 3  
2742 0  
2742 1  
2742 2  
2742 3  
2742 0  
2742 1  
2742 2  
2742 3  
2742 0  
2742 1  
2742 2  
2742 3  
2742 0  
2742 1  
2742 2  
2742 3  
2742 0  
