Sat Jul 27 22:05:00 UTC 2013
0
0.25165824
0.50331648
0.75497472
1.00663296
1.2582912
1.50994944
1.76160768
2.01326592
2.26492416
2.5165824
2.76824064
3.01989888
3.27155712
3.52321536
3.7748736
4.02653184
4.27819008
4.52984832
4.78150656
5.0331648
5.28482304
5.53648128
5.78813952
6.03979776
6.291456
6.54311424
6.79477248
7.04643072
7.29808896
7.5497472
7.80140544
8.05306368
8.30472192
8.55638016
8.8080384
9.05969664
9.31135488
9.56301312
9.81467136
10.0663296
10.31798784
10.56964608
10.82130432
11.07296256
11.3246208
11.57627904
11.82793728
12.07959552
12.33125376
12.582912
12.83457024
13.08622848
13.33788672
13.58954496
13.8412032
14.09286144
14.34451968
14.59617792
14.84783616
15.0994944
15.35115264
15.60281088
15.85446912
16.10612736
16.3577856
16.60944384
16.86110208
17.11276032
17.36441856
17.6160768
17.86773504
18.11939328
18.37105152
18.62270976
18.874368
19.12602624
19.37768448
19.62934272
19.88100096
20.1326592
20.38431744
20.63597568
20.88763392
21.13929216
21.3909504
21.64260864
21.89426688
22.14592512
22.39758336
22.6492416
22.90089984
23.15255808
23.40421632
23.65587456
23.9075328
24.15919104
24.41084928
24.66250752
24.91416576
25.165824
25.41748224
25.66914048
25.92079872
26.17245696
26.4241152
26.67577344
26.92743168
27.17908992
27.43074816
27.6824064
27.93406464
28.18572288
28.43738112
28.68903936
28.9406976
29.19235584
29.44401408
29.69567232
29.94733056
30.1989888
30.45064704
30.70230528
30.95396352
31.20562176
31.45728
31.70893824
31.96059648
32.21225472
32.46391296
32.7155712
32.96722944
33.21888768
33.47054592
33.72220416
33.9738624
34.22552064
34.47717888
34.72883712
34.98049536
35.2321536
35.48381184
35.73547008
35.98712832
36.23878656
36.4904448
36.74210304
36.99376128
37.24541952
37.49707776
37.748736
38.00039424
38.25205248
38.50371072
38.75536896
39.0070272
39.25868544
39.51034368
39.76200192
40.01366016
40.2653184
40.51697664
40.76863488
41.02029312
41.27195136
41.5236096
41.77526784
42.02692608
42.27858432
42.53024256
42.7819008
43.03355904
43.28521728
43.53687552
43.78853376
44.040192
44.29185024
44.54350848
44.79516672
45.04682496
45.2984832
45.55014144
45.80179968
46.05345792
46.30511616
46.5567744
46.80843264
47.06009088
47.31174912
47.56340736
47.8150656
48.06672384
48.31838208
48.57004032
48.82169856
49.0733568
49.32501504
49.57667328
49.82833152
50.07998976
50.331648
50.58330624
50.83496448
51.08662272
51.33828096
51.5899392
51.84159744
52.09325568
52.34491392
52.59657216
52.8482304
53.09988864
53.35154688
53.60320512
53.85486336
54.1065216
54.35817984
54.60983808
54.86149632
55.11315456
55.3648128
55.61647104
55.86812928
56.11978752
56.37144576
56.623104
56.87476224
57.12642048
57.37807872
57.62973696
57.8813952
58.13305344
58.38471168
58.63636992
58.88802816
59.1396864
59.39134464
59.64300288
59.89466112
60.14631936
60.3979776
60.64963584
60.90129408
61.15295232
61.40461056
61.6562688
61.90792704
62.15958528
62.41124352
62.66290176
62.91456
63.16621824
63.41787648
63.66953472
63.92119296
64.1728512
64.42450944
64.67616768
64.92782592
65.17948416
65.4311424
65.68280064
65.93445888
66.18611712
66.43777536
66.6894336
66.94109184
67.19275008
67.44440832
67.69606656
67.9477248
68.19938304
68.45104128
68.70269952
68.95435776
69.206016
69.45767424
69.70933248
69.96099072
70.21264896
70.4643072
70.71596544
70.96762368
71.21928192
71.47094016
71.7225984
71.97425664
72.22591488
72.47757312
72.72923136
72.9808896
73.23254784
73.48420608
73.73586432
73.98752256
74.2391808
74.49083904
74.74249728
74.99415552
75.24581376
75.497472
75.74913024
76.00078848
76.25244672
76.50410496
76.7557632
77.00742144
77.25907968
77.51073792
77.76239616
78.0140544
78.26571264
78.51737088
78.76902912
79.02068736
79.2723456
79.52400384
79.77566208
80.02732032
80.27897856
80.5306368
80.78229504
81.03395328
81.28561152
81.53726976
81.788928
82.04058624
82.29224448
82.54390272
82.79556096
83.0472192
83.29887744
83.55053568
83.80219392
84.05385216
84.3055104
84.55716864
84.80882688
85.06048512
85.31214336
85.5638016
85.81545984
86.06711808
86.31877632
86.57043456
86.8220928
87.07375104
87.32540928
87.57706752
87.82872576
88.080384
88.33204224
88.58370048
88.83535872
89.08701696
89.3386752
89.59033344
89.84199168
90.09364992
90.34530816
90.5969664
90.84862464
91.10028288
91.35194112
91.60359936
91.8552576
92.10691584
92.35857408
92.61023232
92.86189056
93.1135488
93.36520704
93.61686528
93.86852352
94.12018176
94.37184
94.62349824
94.87515648
95.12681472
95.37847296
95.6301312
95.88178944
96.13344768
96.38510592
96.63676416
96.8884224
97.14008064
97.39173888
97.64339712
97.89505536
98.1467136
98.39837184
98.65003008
98.90168832
99.15334656
99.4050048
99.65666304
99.90832128
100.15997952
100.41163776
100.663296
100.91495424
101.16661248
101.41827072
101.66992896
101.9215872
102.17324544
102.42490368
102.67656192
102.92822016
103.1798784
103.43153664
103.68319488
103.93485312
104.18651136
104.4381696
104.68982784
104.94148608
105.19314432
105.44480256
105.6964608
105.94811904
106.19977728
106.45143552
106.70309376
106.954752
107.20641024
107.45806848
107.70972672
107.96138496
108.2130432
108.46470144
108.71635968
108.96801792
109.21967616
109.4713344
109.72299264
109.97465088
110.22630912
110.47796736
110.7296256
110.98128384
111.23294208
111.48460032
111.73625856
111.9879168
112.23957504
112.49123328
112.74289152
112.99454976
113.246208
113.49786624
113.74952448
114.00118272
114.25284096
114.5044992
114.75615744
115.00781568
115.25947392
115.51113216
115.7627904
116.01444864
116.26610688
116.51776512
116.76942336
117.0210816
117.27273984
117.52439808
117.77605632
118.02771456
118.2793728
118.53103104
118.78268928
119.03434752
119.28600576
119.537664
119.78932224
120.04098048
120.29263872
120.54429696
120.7959552
121.04761344
121.29927168
121.55092992
121.80258816
122.0542464
122.30590464
122.55756288
122.80922112
123.06087936
123.3125376
123.56419584
123.81585408
124.06751232
124.31917056
124.5708288
124.82248704
125.07414528
125.32580352
125.57746176
125.82912
126.08077824
126.33243648
126.58409472
126.83575296
127.0874112
127.33906944
127.59072768
127.84238592
128.09404416
128.3457024
128.59736064
128.84901888
129.10067712
129.35233536
129.6039936
129.85565184
130.10731008
130.35896832
130.61062656
130.8622848
131.11394304
131.36560128
131.61725952
131.86891776
132.120576
132.37223424
132.62389248
132.87555072
133.12720896
133.3788672
133.63052544
133.88218368
134.13384192
134.38550016
134.6371584
134.88881664
135.14047488
135.39213312
135.64379136
135.8954496
136.14710784
136.39876608
136.65042432
136.90208256
137.1537408
137.40539904
137.65705728
137.90871552
138.16037376
138.412032
138.66369024
138.91534848
139.16700672
139.41866496
139.6703232
139.92198144
140.17363968
140.42529792
140.67695616
140.9286144
141.18027264
141.43193088
141.68358912
141.93524736
142.1869056
142.43856384
142.69022208
142.94188032
143.19353856
143.4451968
143.69685504
143.94851328
144.20017152
144.45182976
144.703488
144.95514624
145.20680448
145.45846272
145.71012096
145.9617792
146.21343744
146.46509568
146.71675392
146.96841216
147.2200704
147.47172864
147.72338688
147.97504512
148.22670336
148.4783616
148.73001984
148.98167808
149.23333632
149.48499456
149.7366528
149.98831104
150.23996928
150.49162752
150.74328576
150.994944
151.24660224
151.49826048
151.74991872
152.00157696
152.2532352
152.50489344
152.75655168
153.00820992
153.25986816
153.5115264
153.76318464
154.01484288
154.26650112
154.51815936
154.7698176
155.02147584
155.27313408
155.52479232
155.77645056
156.0281088
156.27976704
156.53142528
156.78308352
157.03474176
157.2864
157.53805824
157.78971648
158.04137472
158.29303296
158.5446912
158.79634944
159.04800768
159.29966592
159.55132416
159.8029824
160.05464064
160.30629888
160.55795712
160.80961536
161.0612736
161.31293184
161.56459008
161.81624832
162.06790656
162.3195648
162.57122304
162.82288128
163.07453952
163.32619776
163.577856
163.82951424
164.08117248
164.33283072
164.58448896
164.8361472
165.08780544
165.33946368
165.59112192
165.84278016
166.0944384
166.34609664
166.59775488
166.84941312
167.10107136
167.3527296
167.60438784
167.85604608
168.10770432
168.35936256
168.6110208
168.86267904
169.11433728
169.36599552
169.61765376
169.869312
170.12097024
170.37262848
170.62428672
170.87594496
171.1276032
171.37926144
171.63091968
171.88257792
172.13423616
172.3858944
172.63755264
172.88921088
173.14086912
173.39252736
173.6441856
173.89584384
174.14750208
174.39916032
174.65081856
174.9024768
175.15413504
175.40579328
175.65745152
175.90910976
176.160768
176.41242624
176.66408448
176.91574272
177.16740096
177.4190592
177.67071744
177.92237568
178.17403392
178.42569216
178.6773504
178.92900864
179.18066688
179.43232512
179.68398336
179.9356416
180.18729984
180.43895808
180.69061632
180.94227456
181.1939328
181.44559104
181.69724928
181.94890752
182.20056576
182.452224
182.70388224
182.95554048
183.20719872
183.45885696
183.7105152
183.96217344
184.21383168
184.46548992
184.71714816
184.9688064
185.22046464
185.47212288
185.72378112
185.97543936
186.2270976
186.47875584
186.73041408
186.98207232
187.23373056
187.4853888
187.73704704
187.98870528
188.24036352
188.49202176
188.74368
188.99533824
189.24699648
189.49865472
189.75031296
190.0019712
190.25362944
190.50528768
190.75694592
191.00860416
191.2602624
191.51192064
191.76357888
192.01523712
192.26689536
192.5185536
192.77021184
193.02187008
193.27352832
193.52518656
193.7768448
194.02850304
194.28016128
194.53181952
194.78347776
195.035136
195.28679424
195.53845248
195.79011072
196.04176896
196.2934272
196.54508544
196.79674368
197.04840192
197.30006016
197.5517184
197.80337664
198.05503488
198.30669312
198.55835136
198.8100096
199.06166784
199.31332608
199.56498432
199.81664256
200.0683008
200.31995904
200.57161728
200.82327552
201.07493376
201.326592
201.57825024
201.82990848
202.08156672
202.33322496
202.5848832
202.83654144
203.08819968
203.33985792
203.59151616
203.8431744
204.09483264
204.34649088
204.59814912
204.84980736
205.1014656
205.35312384
205.60478208
205.85644032
206.10809856
206.3597568
206.61141504
206.86307328
207.11473152
207.36638976
207.618048
207.86970624
208.12136448
208.37302272
208.62468096
208.8763392
209.12799744
209.37965568
209.63131392
209.88297216
210.1346304
210.38628864
210.63794688
210.88960512
211.14126336
211.3929216
211.64457984
211.89623808
212.14789632
212.39955456
212.6512128
212.90287104
213.15452928
213.40618752
213.65784576
213.909504
214.16116224
214.41282048
214.66447872
214.91613696
215.1677952
215.41945344
215.67111168
215.92276992
216.17442816
216.4260864
216.67774464
216.92940288
217.18106112
217.43271936
217.6843776
217.93603584
218.18769408
218.43935232
218.69101056
218.9426688
219.19432704
219.44598528
219.69764352
219.94930176
220.20096
220.45261824
220.70427648
220.95593472
221.20759296
221.4592512
221.71090944
221.96256768
222.21422592
222.46588416
222.7175424
222.96920064
223.22085888
223.47251712
223.72417536
223.9758336
224.22749184
224.47915008
224.73080832
224.98246656
225.2341248
225.48578304
225.73744128
225.98909952
226.24075776
226.492416
226.74407424
226.99573248
227.24739072
227.49904896
227.7507072
228.00236544
228.25402368
228.50568192
228.75734016
229.0089984
229.26065664
229.51231488
229.76397312
230.01563136
230.2672896
230.51894784
230.77060608
231.02226432
231.27392256
231.5255808
231.77723904
232.02889728
232.28055552
232.53221376
232.783872
233.03553024
233.28718848
233.53884672
233.79050496
234.0421632
234.29382144
234.54547968
234.79713792
235.04879616
235.3004544
235.55211264
235.80377088
236.05542912
236.30708736
236.5587456
236.81040384
237.06206208
237.31372032
237.56537856
237.8170368
238.06869504
238.32035328
238.57201152
238.82366976
239.075328
239.32698624
239.57864448
239.83030272
240.08196096
240.3336192
240.58527744
240.83693568
241.08859392
241.34025216
241.5919104
241.84356864
242.09522688
242.34688512
242.59854336
242.8502016
243.10185984
243.35351808
243.60517632
243.85683456
244.1084928
244.36015104
244.61180928
244.86346752
245.11512576
245.366784
245.61844224
245.87010048
246.12175872
246.37341696
246.6250752
246.87673344
247.12839168
247.38004992
247.63170816
247.8833664
248.13502464
248.38668288
248.63834112
248.88999936
249.1416576
249.39331584
249.64497408
249.89663232
250.14829056
250.3999488
250.65160704
250.90326528
251.15492352
251.40658176
251.65824
251.90989824
252.16155648
252.41321472
252.66487296
252.9165312
253.16818944
253.41984768
253.67150592
253.92316416
254.1748224
254.42648064
254.67813888
254.92979712
255.18145536
255.4331136
255.68477184
255.93643008
256.18808832
256.43974656
256.6914048
256.94306304
257.19472128
257.44637952
257.69803776
257.949696
258.20135424
258.45301248
258.70467072
258.95632896
259.2079872
259.45964544
259.71130368
259.96296192
260.21462016
260.4662784
260.71793664
260.96959488
261.22125312
261.47291136
261.7245696
261.97622784
262.22788608
262.47954432
262.73120256
262.9828608
263.23451904
263.48617728
263.73783552
263.98949376
264.241152
264.49281024
264.74446848
264.99612672
265.24778496
265.4994432
265.75110144
266.00275968
266.25441792
266.50607616
266.7577344
267.00939264
267.26105088
267.51270912
267.76436736
268.0160256
268.26768384
268.51934208
268.77100032
269.02265856
269.2743168
269.52597504
269.77763328
270.02929152
270.28094976
270.532608
270.78426624
271.03592448
271.28758272
271.53924096
271.7908992
272.04255744
272.29421568
272.54587392
272.79753216
273.0491904
273.30084864
273.55250688
273.80416512
274.05582336
274.3074816
274.55913984
274.81079808
275.06245632
275.31411456
275.5657728
275.81743104
276.06908928
276.32074752
276.57240576
276.824064
277.07572224
277.32738048
277.57903872
277.83069696
278.0823552
278.33401344
278.58567168
278.83732992
279.08898816
279.3406464
279.59230464
279.84396288
280.09562112
280.34727936
280.5989376
280.85059584
281.10225408
281.35391232
281.60557056
281.8572288
282.10888704
282.36054528
282.61220352
282.86386176
283.11552
283.36717824
283.61883648
283.87049472
284.12215296
284.3738112
284.62546944
284.87712768
285.12878592
285.38044416
285.6321024
285.88376064
286.13541888
286.38707712
286.63873536
286.8903936
287.14205184
287.39371008
287.64536832
287.89702656
288.1486848
288.40034304
288.65200128
288.90365952
289.15531776
289.406976
289.65863424
289.91029248
290.16195072
290.41360896
290.6652672
290.91692544
291.16858368
291.42024192
291.67190016
291.9235584
292.17521664
292.42687488
292.67853312
292.93019136
293.1818496
293.43350784
293.68516608
293.93682432
294.18848256
294.4401408
294.69179904
294.94345728
295.19511552
295.44677376
295.698432
295.95009024
296.20174848
296.45340672
296.70506496
296.9567232
297.20838144
297.46003968
297.71169792
297.96335616
298.2150144
298.46667264
298.71833088
298.96998912
299.22164736
299.4733056
299.72496384
299.97662208
300.22828032
300.47993856
300.7315968
300.98325504
301.23491328
301.48657152
301.73822976
301.989888
302.24154624
302.49320448
302.74486272
302.99652096
303.2481792
303.49983744
303.75149568
304.00315392
304.25481216
304.5064704
304.75812864
305.00978688
305.26144512
305.51310336
305.7647616
306.01641984
306.26807808
306.51973632
306.77139456
307.0230528
307.27471104
307.52636928
307.77802752
308.02968576
308.281344
308.53300224
308.78466048
309.03631872
309.28797696
309.5396352
309.79129344
310.04295168
310.29460992
310.54626816
310.7979264
311.04958464
311.30124288
311.55290112
311.80455936
312.0562176
312.30787584
312.55953408
312.81119232
313.06285056
313.3145088
313.56616704
313.81782528
314.06948352
314.32114176
314.5728
314.82445824
315.07611648
315.32777472
315.57943296
315.8310912
316.08274944
316.33440768
316.58606592
316.83772416
317.0893824
317.34104064
317.59269888
317.84435712
318.09601536
318.3476736
318.59933184
318.85099008
319.10264832
319.35430656
319.6059648
319.85762304
320.10928128
320.36093952
320.61259776
320.864256
321.11591424
321.36757248
321.61923072
321.87088896
322.1225472
322.37420544
322.62586368
322.87752192
323.12918016
323.3808384
323.63249664
323.88415488
324.13581312
324.38747136
324.6391296
324.89078784
325.14244608
325.39410432
325.64576256
325.8974208
326.14907904
326.40073728
326.65239552
326.90405376
327.155712
327.40737024
327.65902848
327.91068672
328.16234496
328.4140032
328.66566144
328.91731968
329.16897792
329.42063616
329.6722944
329.92395264
330.17561088
330.42726912
330.67892736
330.9305856
331.18224384
331.43390208
331.68556032
331.93721856
332.1888768
332.44053504
332.69219328
332.94385152
333.19550976
333.447168
333.69882624
333.95048448
334.20214272
334.45380096
334.7054592
334.95711744
335.20877568
335.46043392
335.71209216
335.9637504
336.21540864
336.46706688
336.71872512
336.97038336
337.2220416
337.47369984
337.72535808
337.97701632
338.22867456
338.4803328
338.73199104
338.98364928
339.23530752
339.48696576
339.738624
339.99028224
340.24194048
340.49359872
340.74525696
340.9969152
341.24857344
341.50023168
341.75188992
342.00354816
342.2552064
342.50686464
342.75852288
343.01018112
343.26183936
343.5134976
343.76515584
344.01681408
344.26847232
344.52013056
344.7717888
345.02344704
345.27510528
345.52676352
345.77842176
346.03008
346.28173824
346.53339648
346.78505472
347.03671296
347.2883712
347.54002944
347.79168768
348.04334592
348.29500416
348.5466624
348.79832064
349.04997888
349.30163712
349.55329536
349.8049536
350.05661184
350.30827008
350.55992832
350.81158656
351.0632448
351.31490304
351.56656128
351.81821952
352.06987776
352.321536
352.57319424
352.82485248
353.07651072
353.32816896
353.5798272
353.83148544
354.08314368
354.33480192
354.58646016
354.8381184
355.08977664
355.34143488
355.59309312
355.84475136
356.0964096
356.34806784
356.59972608
356.85138432
357.10304256
357.3547008
357.60635904
357.85801728
358.10967552
358.36133376
358.612992
358.86465024
359.11630848
359.36796672
359.61962496
359.8712832
360.12294144
360.37459968
360.62625792
360.87791616
361.1295744
361.38123264
361.63289088
361.88454912
362.13620736
362.3878656
362.63952384
362.89118208
363.14284032
363.39449856
363.6461568
363.89781504
364.14947328
364.40113152
364.65278976
364.904448
365.15610624
365.40776448
365.65942272
365.91108096
366.1627392
366.41439744
366.66605568
366.91771392
367.16937216
367.4210304
367.67268864
367.92434688
368.17600512
368.42766336
368.6793216
368.93097984
369.18263808
369.43429632
369.68595456
369.9376128
370.18927104
370.44092928
370.69258752
370.94424576
371.195904
371.44756224
371.69922048
371.95087872
372.20253696
372.4541952
372.70585344
372.95751168
373.20916992
373.46082816
373.7124864
373.96414464
374.21580288
374.46746112
374.71911936
374.9707776
375.22243584
375.47409408
375.72575232
375.97741056
376.2290688
376.48072704
376.73238528
376.98404352
377.23570176
377.48736
377.73901824
377.99067648
378.24233472
378.49399296
378.7456512
378.99730944
379.24896768
379.50062592
379.75228416
380.0039424
380.25560064
380.50725888
380.75891712
381.01057536
381.2622336
381.51389184
381.76555008
382.01720832
382.26886656
382.5205248
382.77218304
383.02384128
383.27549952
383.52715776
383.778816
384.03047424
384.28213248
384.53379072
384.78544896
385.0371072
385.28876544
385.54042368
385.79208192
386.04374016
386.2953984
386.54705664
386.79871488
387.05037312
387.30203136
387.5536896
387.80534784
388.05700608
388.30866432
388.56032256
388.8119808
389.06363904
389.31529728
389.56695552
389.81861376
390.070272
390.32193024
390.57358848
390.82524672
391.07690496
391.3285632
391.58022144
391.83187968
392.08353792
392.33519616
392.5868544
392.83851264
393.09017088
393.34182912
393.59348736
393.8451456
394.09680384
394.34846208
394.60012032
394.85177856
395.1034368
395.35509504
395.60675328
395.85841152
396.11006976
396.361728
396.61338624
396.86504448
397.11670272
397.36836096
397.6200192
397.87167744
398.12333568
398.37499392
398.62665216
398.8783104
399.12996864
399.38162688
399.63328512
399.88494336
400.1366016
400.38825984
400.63991808
400.89157632
401.14323456
401.3948928
401.64655104
401.89820928
402.14986752
402.40152576
402.653184
402.90484224
403.15650048
403.40815872
403.65981696
403.9114752
404.16313344
404.41479168
404.66644992
404.91810816
405.1697664
405.42142464
405.67308288
405.92474112
406.17639936
406.4280576
406.67971584
406.93137408
407.18303232
407.43469056
407.6863488
407.93800704
408.18966528
408.44132352
408.69298176
408.94464
409.19629824
409.44795648
409.69961472
409.95127296
410.2029312
410.45458944
410.70624768
410.95790592
411.20956416
411.4612224
411.71288064
411.96453888
412.21619712
412.46785536
412.7195136
412.97117184
413.22283008
413.47448832
413.72614656
413.9778048
414.22946304
414.48112128
414.73277952
414.98443776
415.236096
415.48775424
415.73941248
415.99107072
416.24272896
416.4943872
416.74604544
416.99770368
417.24936192
417.50102016
417.7526784
418.00433664
418.25599488
418.50765312
418.75931136
419.0109696
419.26262784
419.51428608
419.76594432
420.01760256
420.2692608
420.52091904
420.77257728
421.02423552
421.27589376
421.527552
421.77921024
422.03086848
422.28252672
422.53418496
422.7858432
423.03750144
423.28915968
423.54081792
423.79247616
424.0441344
424.29579264
424.54745088
424.79910912
425.05076736
425.3024256
425.55408384
425.80574208
426.05740032
426.30905856
426.5607168
426.81237504
427.06403328
427.31569152
427.56734976
427.819008
428.07066624
428.32232448
428.57398272
428.82564096
429.0772992
429.32895744
429.58061568
429.83227392
430.08393216
430.3355904
430.58724864
430.83890688
431.09056512
431.34222336
431.5938816
431.84553984
432.09719808
432.34885632
432.60051456
432.8521728
433.10383104
433.35548928
433.60714752
433.85880576
434.110464
434.36212224
434.61378048
434.86543872
435.11709696
435.3687552
435.62041344
435.87207168
436.12372992
436.37538816
436.6270464
436.87870464
437.13036288
437.38202112
437.63367936
437.8853376
438.13699584
438.38865408
438.64031232
438.89197056
439.1436288
439.39528704
439.64694528
439.89860352
440.15026176
440.40192
440.65357824
440.90523648
441.15689472
441.40855296
441.6602112
441.91186944
442.16352768
442.41518592
442.66684416
442.9185024
443.17016064
443.42181888
443.67347712
443.92513536
444.1767936
444.42845184
444.68011008
444.93176832
445.18342656
445.4350848
445.68674304
445.93840128
446.19005952
446.44171776
446.693376
446.94503424
447.19669248
447.44835072
447.70000896
447.9516672
448.20332544
448.45498368
448.70664192
448.95830016
449.2099584
449.46161664
449.71327488
449.96493312
450.21659136
450.4682496
450.71990784
450.97156608
451.22322432
451.47488256
451.7265408
451.97819904
452.22985728
452.48151552
452.73317376
452.984832
453.23649024
453.48814848
453.73980672
453.99146496
454.2431232
454.49478144
454.74643968
454.99809792
455.24975616
455.5014144
455.75307264
456.00473088
456.25638912
456.50804736
456.7597056
457.01136384
457.26302208
457.51468032
457.76633856
458.0179968
458.26965504
458.52131328
458.77297152
459.02462976
459.276288
459.52794624
459.77960448
460.03126272
460.28292096
460.5345792
460.78623744
461.03789568
461.28955392
461.54121216
461.7928704
462.04452864
462.29618688
462.54784512
462.79950336
463.0511616
463.30281984
463.55447808
463.80613632
464.05779456
464.3094528
464.56111104
464.81276928
465.06442752
465.31608576
465.567744
465.81940224
466.07106048
466.32271872
466.57437696
466.8260352
467.07769344
467.32935168
467.58100992
467.83266816
468.0843264
468.33598464
468.58764288
468.83930112
469.09095936
469.3426176
469.59427584
469.84593408
470.09759232
470.34925056
470.6009088
470.85256704
471.10422528
471.35588352
471.60754176
471.8592
472.11085824
472.36251648
472.61417472
472.86583296
473.1174912
473.36914944
473.62080768
473.87246592
474.12412416
474.3757824
474.62744064
474.87909888
475.13075712
475.38241536
475.6340736
475.88573184
476.13739008
476.38904832
476.64070656
476.8923648
477.14402304
477.39568128
477.64733952
477.89899776
478.150656
478.40231424
478.65397248
478.90563072
479.15728896
479.4089472
479.66060544
479.91226368
480.16392192
480.41558016
480.6672384
480.91889664
481.17055488
481.42221312
481.67387136
481.9255296
482.17718784
482.42884608
482.68050432
482.93216256
483.1838208
483.43547904
483.68713728
483.93879552
484.19045376
484.442112
484.69377024
484.94542848
485.19708672
485.44874496
485.7004032
485.95206144
486.20371968
486.45537792
486.70703616
486.9586944
487.21035264
487.46201088
487.71366912
487.96532736
488.2169856
488.46864384
488.72030208
488.97196032
489.22361856
489.4752768
489.72693504
489.97859328
490.23025152
490.48190976
490.733568
490.98522624
491.23688448
491.48854272
491.74020096
491.9918592
492.24351744
492.49517568
492.74683392
492.99849216
493.2501504
493.50180864
493.75346688
494.00512512
494.25678336
494.5084416
494.76009984
495.01175808
495.26341632
495.51507456
495.7667328
496.01839104
496.27004928
496.52170752
496.77336576
497.025024
497.27668224
497.52834048
497.77999872
498.03165696
498.2833152
498.53497344
498.78663168
499.03828992
499.28994816
499.5416064
499.79326464
500.04492288
500.29658112
500.54823936
500.7998976
501.05155584
501.30321408
501.55487232
501.80653056
502.0581888
502.30984704
502.56150528
502.81316352
503.06482176
503.31648
503.56813824
503.81979648
504.07145472
504.32311296
504.5747712
504.82642944
505.07808768
505.32974592
505.58140416
505.8330624
506.08472064
506.33637888
506.58803712
506.83969536
507.0913536
507.34301184
507.59467008
507.84632832
508.09798656
508.3496448
508.60130304
508.85296128
509.10461952
509.35627776
509.607936
509.85959424
510.11125248
510.36291072
510.61456896
510.8662272
511.11788544
511.36954368
511.62120192
511.87286016
512.1245184
512.37617664
512.62783488
512.87949312
513.13115136
513.3828096
513.63446784
513.88612608
514.13778432
514.38944256
514.6411008
514.89275904
515.14441728
515.39607552
515.64773376
515.899392
516.15105024
516.40270848
516.65436672
516.90602496
517.1576832
517.40934144
517.66099968
517.91265792
518.16431616
518.4159744
518.66763264
518.91929088
519.17094912
519.42260736
519.6742656
519.92592384
520.17758208
520.42924032
520.68089856
520.9325568
521.18421504
521.43587328
521.68753152
521.93918976
522.190848
522.44250624
522.69416448
522.94582272
523.19748096
523.4491392
523.70079744
523.95245568
524.20411392
524.45577216
524.7074304
524.95908864
525.21074688
525.46240512
525.71406336
525.9657216
526.21737984
526.46903808
526.72069632
526.97235456
527.2240128
527.47567104
527.72732928
527.97898752
528.23064576
528.482304
528.73396224
528.98562048
529.23727872
529.48893696
529.7405952
529.99225344
530.24391168
530.49556992
530.74722816
530.9988864
531.25054464
531.50220288
531.75386112
532.00551936
532.2571776
532.50883584
532.76049408
533.01215232
533.26381056
533.5154688
533.76712704
534.01878528
534.27044352
534.52210176
534.77376
535.02541824
535.27707648
535.52873472
535.78039296
536.0320512
536.28370944
536.53536768
536.78702592
537.03868416
537.2903424
537.54200064
537.79365888
538.04531712
538.29697536
538.5486336
538.80029184
539.05195008
539.30360832
539.55526656
539.8069248
540.05858304
540.31024128
540.56189952
540.81355776
541.065216
541.31687424
541.56853248
541.82019072
542.07184896
542.3235072
542.57516544
542.82682368
543.07848192
543.33014016
543.5817984
543.83345664
544.08511488
544.33677312
544.58843136
544.8400896
545.09174784
545.34340608
545.59506432
545.84672256
546.0983808
546.35003904
546.60169728
546.85335552
547.10501376
547.356672
547.60833024
547.85998848
548.11164672
548.36330496
548.6149632
548.86662144
549.11827968
549.36993792
549.62159616
549.8732544
550.12491264
550.37657088
550.62822912
550.87988736
551.1315456
551.38320384
551.63486208
551.88652032
552.13817856
552.3898368
552.64149504
552.89315328
553.14481152
553.39646976
553.648128
553.89978624
554.15144448
554.40310272
554.65476096
554.9064192
555.15807744
555.40973568
555.66139392
555.91305216
556.1647104
556.41636864
556.66802688
556.91968512
557.17134336
557.4230016
557.67465984
557.92631808
558.17797632
558.42963456
558.6812928
558.93295104
559.18460928
559.43626752
559.68792576
559.939584
560.19124224
560.44290048
560.69455872
560.94621696
561.1978752
561.44953344
561.70119168
561.95284992
562.20450816
562.4561664
562.70782464
562.95948288
563.21114112
563.46279936
563.7144576
563.96611584
564.21777408
564.46943232
564.72109056
564.9727488
565.22440704
565.47606528
565.72772352
565.97938176
566.23104
566.48269824
566.73435648
566.98601472
567.23767296
567.4893312
567.74098944
567.99264768
568.24430592
568.49596416
568.7476224
568.99928064
569.25093888
569.50259712
569.75425536
570.0059136
570.25757184
570.50923008
570.76088832
571.01254656
571.2642048
571.51586304
571.76752128
572.01917952
572.27083776
572.522496
572.77415424
573.02581248
573.27747072
573.52912896
573.7807872
574.03244544
574.28410368
574.53576192
574.78742016
575.0390784
575.29073664
575.54239488
575.79405312
576.04571136
576.2973696
576.54902784
576.80068608
577.05234432
577.30400256
577.5556608
577.80731904
578.05897728
578.31063552
578.56229376
578.813952
579.06561024
579.31726848
579.56892672
579.82058496
580.0722432
580.32390144
580.57555968
580.82721792
581.07887616
581.3305344
581.58219264
581.83385088
582.08550912
582.33716736
582.5888256
582.84048384
583.09214208
583.34380032
583.59545856
583.8471168
584.09877504
584.35043328
584.60209152
584.85374976
585.105408
585.35706624
585.60872448
585.86038272
586.11204096
586.3636992
586.61535744
586.86701568
587.11867392
587.37033216
587.6219904
587.87364864
588.12530688
588.37696512
588.62862336
588.8802816
589.13193984
589.38359808
589.63525632
589.88691456
590.1385728
590.39023104
590.64188928
590.89354752
591.14520576
591.396864
591.64852224
591.90018048
592.15183872
592.40349696
592.6551552
592.90681344
593.15847168
593.41012992
593.66178816
593.9134464
594.16510464
594.41676288
594.66842112
594.92007936
595.1717376
595.42339584
595.67505408
595.92671232
596.17837056
596.4300288
596.68168704
596.93334528
597.18500352
597.43666176
597.68832
597.93997824
598.19163648
598.44329472
598.69495296
598.9466112
599.19826944
599.44992768
599.70158592
599.95324416
600.2049024
600.45656064
600.70821888
600.95987712
601.21153536
601.4631936
601.71485184
601.96651008
602.21816832
602.46982656
602.7214848
602.97314304
603.22480128
603.47645952
603.72811776
603.979776
604.23143424
604.48309248
604.73475072
604.98640896
605.2380672
605.48972544
605.74138368
605.99304192
606.24470016
606.4963584
606.74801664
606.99967488
607.25133312
607.50299136
607.7546496
608.00630784
608.25796608
608.50962432
608.76128256
609.0129408
609.26459904
609.51625728
609.76791552
610.01957376
610.271232
610.52289024
610.77454848
611.02620672
611.27786496
611.5295232
611.78118144
612.03283968
612.28449792
612.53615616
612.7878144
613.03947264
613.29113088
613.54278912
613.79444736
614.0461056
614.29776384
614.54942208
614.80108032
615.05273856
615.3043968
615.55605504
615.80771328
616.05937152
616.31102976
616.562688
616.81434624
617.06600448
617.31766272
617.56932096
617.8209792
618.07263744
618.32429568
618.57595392
618.82761216
619.0792704
619.33092864
619.58258688
619.83424512
620.08590336
620.3375616
620.58921984
620.84087808
621.09253632
621.34419456
621.5958528
621.84751104
622.09916928
622.35082752
622.60248576
622.854144
623.10580224
623.35746048
623.60911872
623.86077696
624.1124352
624.36409344
624.61575168
624.86740992
625.11906816
625.3707264
625.62238464
625.87404288
626.12570112
626.37735936
626.6290176
626.88067584
627.13233408
627.38399232
627.63565056
627.8873088
628.13896704
628.39062528
628.64228352
628.89394176
629.1456
629.39725824
629.64891648
629.90057472
630.15223296
630.4038912
630.65554944
630.90720768
631.15886592
631.41052416
631.6621824
631.91384064
632.16549888
632.41715712
632.66881536
632.9204736
633.17213184
633.42379008
633.67544832
633.92710656
634.1787648
634.43042304
634.68208128
634.93373952
635.18539776
635.437056
635.68871424
635.94037248
636.19203072
636.44368896
636.6953472
636.94700544
637.19866368
637.45032192
637.70198016
637.9536384
638.20529664
638.45695488
638.70861312
638.96027136
639.2119296
639.46358784
639.71524608
639.96690432
640.21856256
640.4702208
640.72187904
640.97353728
641.22519552
641.47685376
641.728512
641.98017024
642.23182848
642.48348672
642.73514496
642.9868032
643.23846144
643.49011968
643.74177792
643.99343616
644.2450944
644.49675264
644.74841088
645.00006912
645.25172736
645.5033856
645.75504384
646.00670208
646.25836032
646.51001856
646.7616768
647.01333504
647.26499328
647.51665152
647.76830976
648.019968
648.27162624
648.52328448
648.77494272
649.02660096
649.2782592
649.52991744
649.78157568
650.03323392
650.28489216
650.5365504
650.78820864
651.03986688
651.29152512
651.54318336
651.7948416
652.04649984
652.29815808
652.54981632
652.80147456
653.0531328
653.30479104
653.55644928
653.80810752
654.05976576
654.311424
654.56308224
654.81474048
655.06639872
655.31805696
655.5697152
655.82137344
656.07303168
656.32468992
656.57634816
656.8280064
657.07966464
657.33132288
657.58298112
657.83463936
658.0862976
658.33795584
658.58961408
658.84127232
659.09293056
659.3445888
659.59624704
659.84790528
660.09956352
660.35122176
660.60288
660.85453824
661.10619648
661.35785472
661.60951296
661.8611712
662.11282944
662.36448768
662.61614592
662.86780416
663.1194624
663.37112064
663.62277888
663.87443712
664.12609536
664.3777536
664.62941184
664.88107008
665.13272832
665.38438656
665.6360448
665.88770304
666.13936128
666.39101952
666.64267776
666.894336
667.14599424
667.39765248
667.64931072
667.90096896
668.1526272
668.40428544
668.65594368
668.90760192
669.15926016
669.4109184
669.66257664
669.91423488
670.16589312
670.41755136
670.6692096
670.92086784
671.17252608
671.42418432
671.67584256
671.9275008
672.17915904
672.43081728
672.68247552
672.93413376
673.185792
673.43745024
673.68910848
673.94076672
674.19242496
674.4440832
674.69574144
674.94739968
675.19905792
675.45071616
675.7023744
675.95403264
676.20569088
676.45734912
676.70900736
676.9606656
677.21232384
677.46398208
677.71564032
677.96729856
678.2189568
678.47061504
678.72227328
678.97393152
679.22558976
679.477248
679.72890624
679.98056448
680.23222272
680.48388096
680.7355392
680.98719744
681.23885568
681.49051392
681.74217216
681.9938304
682.24548864
682.49714688
682.74880512
683.00046336
683.2521216
683.50377984
683.75543808
684.00709632
684.25875456
684.5104128
684.76207104
685.01372928
685.26538752
685.51704576
685.768704
686.02036224
686.27202048
686.52367872
686.77533696
687.0269952
687.27865344
687.53031168
687.78196992
688.03362816
688.2852864
688.53694464
688.78860288
689.04026112
689.29191936
689.5435776
689.79523584
690.04689408
690.29855232
690.55021056
690.8018688
691.05352704
691.30518528
691.55684352
691.80850176
692.06016
692.31181824
692.56347648
692.81513472
693.06679296
693.3184512
693.57010944
693.82176768
694.07342592
694.32508416
694.5767424
694.82840064
695.08005888
695.33171712
695.58337536
695.8350336
696.08669184
696.33835008
696.59000832
696.84166656
697.0933248
697.34498304
697.59664128
697.84829952
698.09995776
698.351616
698.60327424
698.85493248
699.10659072
699.35824896
699.6099072
699.86156544
700.11322368
700.36488192
700.61654016
700.8681984
701.11985664
701.37151488
701.62317312
701.87483136
702.1264896
702.37814784
702.62980608
702.88146432
703.13312256
703.3847808
703.63643904
703.88809728
704.13975552
704.39141376
704.643072
704.89473024
705.14638848
705.39804672
705.64970496
705.9013632
706.15302144
706.40467968
706.65633792
706.90799616
707.1596544
707.41131264
707.66297088
707.91462912
708.16628736
708.4179456
708.66960384
708.92126208
709.17292032
709.42457856
709.6762368
709.92789504
710.17955328
710.43121152
710.68286976
710.934528
711.18618624
711.43784448
711.68950272
711.94116096
712.1928192
712.44447744
712.69613568
712.94779392
713.19945216
713.4511104
713.70276864
713.95442688
714.20608512
714.45774336
714.7094016
714.96105984
715.21271808
715.46437632
715.71603456
715.9676928
716.21935104
716.47100928
716.72266752
716.97432576
717.225984
717.47764224
717.72930048
717.98095872
718.23261696
718.4842752
718.73593344
718.98759168
719.23924992
719.49090816
719.7425664
719.99422464
720.24588288
720.49754112
720.74919936
721.0008576
721.25251584
721.50417408
721.75583232
722.00749056
722.2591488
722.51080704
722.76246528
723.01412352
723.26578176
723.51744
723.76909824
724.02075648
724.27241472
724.52407296
724.7757312
725.02738944
725.27904768
725.53070592
725.78236416
726.0340224
726.28568064
726.53733888
726.78899712
727.04065536
727.2923136
727.54397184
727.79563008
728.04728832
728.29894656
728.5506048
728.80226304
729.05392128
729.30557952
729.55723776
729.808896
730.06055424
730.31221248
730.56387072
730.81552896
731.0671872
731.31884544
731.57050368
731.82216192
732.07382016
732.3254784
732.57713664
732.82879488
733.08045312
733.33211136
733.5837696
733.83542784
734.08708608
734.33874432
734.59040256
734.8420608
735.09371904
735.34537728
735.59703552
735.84869376
736.100352
736.35201024
736.60366848
736.85532672
737.10698496
737.3586432
737.61030144
737.86195968
738.11361792
738.36527616
738.6169344
738.86859264
739.12025088
739.37190912
739.62356736
739.8752256
740.12688384
740.37854208
740.63020032
740.88185856
741.1335168
741.38517504
741.63683328
741.88849152
742.14014976
742.391808
742.64346624
742.89512448
743.14678272
743.39844096
743.6500992
743.90175744
744.15341568
744.40507392
744.65673216
744.9083904
745.16004864
745.41170688
745.66336512
745.91502336
746.1666816
746.41833984
746.66999808
746.92165632
747.17331456
747.4249728
747.67663104
747.92828928
748.17994752
748.43160576
748.683264
748.93492224
749.18658048
749.43823872
749.68989696
749.9415552
750.19321344
750.44487168
750.69652992
750.94818816
751.1998464
751.45150464
751.70316288
751.95482112
752.20647936
752.4581376
752.70979584
752.96145408
753.21311232
753.46477056
753.7164288
753.96808704
754.21974528
754.47140352
754.72306176
754.97472
755.22637824
755.47803648
755.72969472
755.98135296
756.2330112
756.48466944
756.73632768
756.98798592
757.23964416
757.4913024
757.74296064
757.99461888
758.24627712
758.49793536
758.7495936
759.00125184
759.25291008
759.50456832
759.75622656
760.0078848
760.25954304
760.51120128
760.76285952
761.01451776
761.266176
761.51783424
761.76949248
762.02115072
762.27280896
762.5244672
762.77612544
763.02778368
763.27944192
763.53110016
763.7827584
764.03441664
764.28607488
764.53773312
764.78939136
765.0410496
765.29270784
765.54436608
765.79602432
766.04768256
766.2993408
766.55099904
766.80265728
767.05431552
767.30597376
767.557632
767.80929024
768.06094848
768.31260672
768.56426496
768.8159232
769.06758144
769.31923968
769.57089792
769.82255616
770.0742144
770.32587264
770.57753088
770.82918912
771.08084736
771.3325056
771.58416384
771.83582208
772.08748032
772.33913856
772.5907968
772.84245504
773.09411328
773.34577152
773.59742976
773.849088
774.10074624
774.35240448
774.60406272
774.85572096
775.1073792
775.35903744
775.61069568
775.86235392
776.11401216
776.3656704
776.61732864
776.86898688
777.12064512
777.37230336
777.6239616
777.87561984
778.12727808
778.37893632
778.63059456
778.8822528
779.13391104
779.38556928
779.63722752
779.88888576
780.140544
780.39220224
780.64386048
780.89551872
781.14717696
781.3988352
781.65049344
781.90215168
782.15380992
782.40546816
782.6571264
782.90878464
783.16044288
783.41210112
783.66375936
783.9154176
784.16707584
784.41873408
784.67039232
784.92205056
785.1737088
785.42536704
785.67702528
785.92868352
786.18034176
786.432
786.68365824
786.93531648
787.18697472
787.43863296
787.6902912
787.94194944
788.19360768
788.44526592
788.69692416
788.9485824
789.20024064
789.45189888
789.70355712
789.95521536
790.2068736
790.45853184
790.71019008
790.96184832
791.21350656
791.4651648
791.71682304
791.96848128
792.22013952
792.47179776
792.723456
792.97511424
793.22677248
793.47843072
793.73008896
793.9817472
794.23340544
794.48506368
794.73672192
794.98838016
795.2400384
795.49169664
795.74335488
795.99501312
796.24667136
796.4983296
796.74998784
797.00164608
797.25330432
797.50496256
797.7566208
798.00827904
798.25993728
798.51159552
798.76325376
799.014912
799.26657024
799.51822848
799.76988672
800.02154496
800.2732032
800.52486144
800.77651968
801.02817792
801.27983616
801.5314944
801.78315264
802.03481088
802.28646912
802.53812736
802.7897856
803.04144384
803.29310208
803.54476032
803.79641856
804.0480768
804.29973504
804.55139328
804.80305152
805.05470976
805.306368
805.55802624
805.80968448
806.06134272
806.31300096
806.5646592
806.81631744
807.06797568
807.31963392
807.57129216
807.8229504
808.07460864
808.32626688
808.57792512
808.82958336
809.0812416
809.33289984
809.58455808
809.83621632
810.08787456
810.3395328
810.59119104
810.84284928
811.09450752
811.34616576
811.597824
811.84948224
812.10114048
812.35279872
812.60445696
812.8561152
813.10777344
813.35943168
813.61108992
813.86274816
814.1144064
814.36606464
814.61772288
814.86938112
815.12103936
815.3726976
815.62435584
815.87601408
816.12767232
816.37933056
816.6309888
816.88264704
817.13430528
817.38596352
817.63762176
817.88928
818.14093824
818.39259648
818.64425472
818.89591296
819.1475712
819.39922944
819.65088768
819.90254592
820.15420416
820.4058624
820.65752064
820.90917888
821.16083712
821.41249536
821.6641536
821.91581184
822.16747008
822.41912832
822.67078656
822.9224448
823.17410304
823.42576128
823.67741952
823.92907776
824.180736
824.43239424
824.68405248
824.93571072
825.18736896
825.4390272
825.69068544
825.94234368
826.19400192
826.44566016
826.6973184
826.94897664
827.20063488
827.45229312
827.70395136
827.9556096
828.20726784
828.45892608
828.71058432
828.96224256
829.2139008
829.46555904
829.71721728
829.96887552
830.22053376
830.472192
830.72385024
830.97550848
831.22716672
831.47882496
831.7304832
831.98214144
832.23379968
832.48545792
832.73711616
832.9887744
833.24043264
833.49209088
833.74374912
833.99540736
834.2470656
834.49872384
834.75038208
835.00204032
835.25369856
835.5053568
835.75701504
836.00867328
836.26033152
836.51198976
836.763648
837.01530624
837.26696448
837.51862272
837.77028096
838.0219392
838.27359744
838.52525568
838.77691392
839.02857216
839.2802304
839.53188864
839.78354688
