16499.92430556
16499.92430847
16499.92431138
16499.92431429
16499.92431721
16499.92432012
16499.92432303
16499.92432594
16499.92432886
16499.92433177
16499.92433468
16499.92433760
16499.92434051
16499.92434342
16499.92434633
16499.92434925
16499.92435216
16499.92435507
16499.92435798
16499.92436090
16499.92436381
16499.92436672
16499.92436964
16499.92437255
16499.92437546
16499.92437837
16499.92438129
16499.92438420
16499.92438711
16499.92439002
16499.92439294
16499.92439585
16499.92439876
16499.92440168
16499.92440459
16499.92440750
16499.92441041
16499.92441333
16499.92441624
16499.92441915
16499.92442206
16499.92442498
16499.92442789
16499.92443080
16499.92443371
16499.92443663
16499.92443954
16499.92444245
16499.92444537
16499.92444828
16499.92445119
16499.92445410
16499.92445702
16499.92445993
16499.92446284
16499.92446575
16499.92446867
16499.92447158
16499.92447449
16499.92447741
16499.92448032
16499.92448323
16499.92448614
16499.92448906
16499.92449197
16499.92449488
16499.92449779
16499.92450071
16499.92450362
16499.92450653
16499.92450945
16499.92451236
16499.92451527
16499.92451818
16499.92452110
16499.92452401
16499.92452692
16499.92452983
16499.92453275
16499.92453566
16499.92453857
16499.92454149
16499.92454440
16499.92454731
16499.92455022
16499.92455314
16499.92455605
16499.92455896
16499.92456187
16499.92456479
16499.92456770
16499.92457061
16499.92457352
16499.92457644
16499.92457935
16499.92458226
16499.92458518
16499.92458809
16499.92459100
16499.92459391
16499.92459683
16499.92459974
16499.92460265
16499.92460556
16499.92460848
16499.92461139
16499.92461430
16499.92461722
16499.92462013
16499.92462304
16499.92462595
16499.92462887
16499.92463178
16499.92463469
16499.92463760
16499.92464052
16499.92464343
16499.92464634
16499.92464926
16499.92465217
16499.92465508
16499.92465799
16499.92466091
16499.92466382
16499.92466673
16499.92466964
16499.92467256
16499.92467547
16499.92467838
16499.92468130
16499.92468421
16499.92468712
16499.92469003
16499.92469295
16499.92469586
16499.92469877
16499.92470168
16499.92470460
16499.92470751
16499.92471042
16499.92471334
16499.92471625
16499.92471916
16499.92472207
16499.92472499
16499.92472790
16499.92473081
16499.92473372
16499.92473664
16499.92473955
16499.92474246
16499.92474537
16499.92474829
16499.92475120
16499.92475411
16499.92475703
16499.92475994
16499.92476285
16499.92476576
16499.92476868
16499.92477159
16499.92477450
16499.92477741
16499.92478033
16499.92478324
16499.92478615
16499.92478907
16499.92479198
16499.92479489
16499.92479780
16499.92480072
16499.92480363
16499.92480654
16499.92480945
16499.92481237
16499.92481528
16499.92481819
16499.92482111
16499.92482402
16499.92482693
16499.92482984
16499.92483276
16499.92483567
16499.92483858
16499.92484149
16499.92484441
16499.92484732
16499.92485023
16499.92485315
16499.92485606
16499.92485897
16499.92486188
16499.92486480
16499.92486771
16499.92487062
16499.92487353
16499.92487645
16499.92487936
16499.92488227
16499.92488519
16499.92488810
16499.92489101
16499.92489392
16499.92489684
16499.92489975
16499.92490266
16499.92490557
16499.92490849
16499.92491140
16499.92491431
16499.92491722
16499.92492014
16499.92492305
16499.92492596
16499.92492888
16499.92493179
16499.92493470
16499.92493761
16499.92494053
16499.92494344
16499.92494635
16499.92494926
16499.92495218
16499.92495509
16499.92495800
16499.92496092
16499.92496383
16499.92496674
16499.92496965
16499.92497257
16499.92497548
16499.92497839
16499.92498130
16499.92498422
16499.92498713
16499.92499004
16499.92499296
16499.92499587
16499.92499878
16499.92500169
16499.92500461
16499.92500752
16499.92501043
16499.92501334
16499.92501626
16499.92501917
16499.92502208
16499.92502500
16499.92502791
16499.92503082
16499.92503373
16499.92503665
16499.92503956
16499.92504247
16499.92504538
16499.92504830
16499.92505121
16499.92505412
16499.92505704
16499.92505995
16499.92506286
16499.92506577
16499.92506869
16499.92507160
16499.92507451
16499.92507742
16499.92508034
16499.92508325
16499.92508616
16499.92508907
16499.92509199
16499.92509490
16499.92509781
16499.92510073
16499.92510364
16499.92510655
16499.92510946
16499.92511238
16499.92511529
16499.92511820
16499.92512111
16499.92512403
16499.92512694
16499.92512985
16499.92513277
16499.92513568
16499.92513859
16499.92514150
16499.92514442
16499.92514733
16499.92515024
16499.92515315
16499.92515607
16499.92515898
16499.92516189
16499.92516481
16499.92516772
16499.92517063
16499.92517354
16499.92517646
16499.92517937
16499.92518228
16499.92518519
16499.92518811
16499.92519102
16499.92519393
16499.92519685
16499.92519976
16499.92520267
16499.92520558
16499.92520850
16499.92521141
16499.92521432
16499.92521723
16499.92522015
16499.92522306
16499.92522597
16499.92522888
16499.92523180
16499.92523471
16499.92523762
16499.92524054
16499.92524345
16499.92524636
16499.92524927
16499.92525219
16499.92525510
16499.92525801
16499.92526092
16499.92526384
16499.92526675
16499.92526966
16499.92527258
16499.92527549
16499.92527840
16499.92528131
16499.92528423
16499.92528714
16499.92529005
16499.92529296
16499.92529588
16499.92529879
16499.92530170
16499.92530462
16499.92530753
16499.92531044
16499.92531335
16499.92531627
16499.92531918
16499.92532209
16499.92532500
16499.92532792
16499.92533083
16499.92533374
16499.92533666
16499.92533957
16499.92534248
16499.92534539
16499.92534831
16499.92535122
16499.92535413
16499.92535704
16499.92535996
16499.92536287
16499.92536578
16499.92536870
16499.92537161
16499.92537452
16499.92537743
16499.92538035
16499.92538326
16499.92538617
16499.92538908
16499.92539200
16499.92539491
16499.92539782
16499.92540073
16499.92540365
16499.92540656
16499.92540947
16499.92541239
16499.92541530
16499.92541821
16499.92542112
16499.92542404
16499.92542695
16499.92542986
16499.92543277
16499.92543569
16499.92543860
16499.92544151
16499.92544443
16499.92544734
16499.92545025
16499.92545316
16499.92545608
16499.92545899
16499.92546190
16499.92546481
16499.92546773
16499.92547064
16499.92547355
16499.92547647
16499.92547938
16499.92548229
16499.92548520
16499.92548812
16499.92549103
16499.92549394
16499.92549685
16499.92549977
16499.92550268
16499.92550559
16499.92550851
16499.92551142
16499.92551433
16499.92551724
16499.92552016
16499.92552307
16499.92552598
16499.92552889
16499.92553181
16499.92553472
16499.92553763
16499.92554055
16499.92554346
16499.92554637
16499.92554928
16499.92555220
16499.92555511
16499.92555802
16499.92556093
16499.92556385
16499.92556676
16499.92556967
16499.92557258
16499.92557550
16499.92557841
16499.92558132
16499.92558424
16499.92558715
16499.92559006
16499.92559297
16499.92559589
16499.92559880
16499.92560171
16499.92560462
16499.92560754
16499.92561045
16499.92561336
16499.92561628
16499.92561919
16499.92562210
16499.92562501
16499.92562793
16499.92563084
16499.92563375
16499.92563666
16499.92563958
16499.92564249
16499.92564540
16499.92564832
16499.92565123
16499.92565414
16499.92565705
16499.92565997
16499.92566288
16499.92566579
16499.92566870
16499.92567162
16499.92567453
16499.92567744
16499.92568036
16499.92568327
16499.92568618
16499.92568909
16499.92569201
16499.92569492
16499.92569783
16499.92570074
16499.92570366
16499.92570657
16499.92570948
16499.92571240
16499.92571531
16499.92571822
16499.92572113
16499.92572405
16499.92572696
16499.92572987
16499.92573278
16499.92573570
16499.92573861
16499.92574152
16499.92574443
16499.92574735
16499.92575026
16499.92575317
16499.92575609
16499.92575900
16499.92576191
16499.92576482
16499.92576774
16499.92577065
16499.92577356
16499.92577647
16499.92577939
16499.92578230
16499.92578521
16499.92578813
16499.92579104
16499.92579395
16499.92579686
16499.92579978
16499.92580269
16499.92580560
16499.92580851
16499.92581143
16499.92581434
16499.92581725
16499.92582017
16499.92582308
16499.92582599
16499.92582890
16499.92583182
16499.92583473
16499.92583764
16499.92584055
16499.92584347
16499.92584638
16499.92584929
16499.92585221
16499.92585512
16499.92585803
16499.92586094
16499.92586386
16499.92586677
16499.92586968
16499.92587259
16499.92587551
16499.92587842
16499.92588133
16499.92588424
16499.92588716
16499.92589007
16499.92589298
16499.92589590
16499.92589881
16499.92590172
16499.92590463
16499.92590755
16499.92591046
16499.92591337
16499.92591628
16499.92591920
16499.92592211
16499.92592502
16499.92592794
16499.92593085
16499.92593376
16499.92593667
16499.92593959
16499.92594250
16499.92594541
16499.92594832
16499.92595124
16499.92595415
16499.92595706
16499.92595998
16499.92596289
16499.92596580
16499.92596871
16499.92597163
16499.92597454
16499.92597745
16499.92598036
16499.92598328
16499.92598619
16499.92598910
16499.92599202
16499.92599493
16499.92599784
16499.92600075
16499.92600367
16499.92600658
16499.92600949
16499.92601240
16499.92601532
16499.92601823
16499.92602114
16499.92602406
16499.92602697
16499.92602988
16499.92603279
16499.92603571
16499.92603862
16499.92604153
16499.92604444
16499.92604736
16499.92605027
16499.92605318
16499.92605609
16499.92605901
16499.92606192
16499.92606483
16499.92606775
16499.92607066
16499.92607357
16499.92607648
16499.92607940
16499.92608231
16499.92608522
16499.92608813
16499.92609105
16499.92609396
16499.92609687
16499.92609979
16499.92610270
16499.92610561
16499.92610852
16499.92611144
16499.92611435
16499.92611726
16499.92612017
16499.92612309
16499.92612600
16499.92612891
16499.92613183
16499.92613474
16499.92613765
16499.92614056
16499.92614348
16499.92614639
16499.92614930
16499.92615221
16499.92615513
16499.92615804
16499.92616095
16499.92616387
16499.92616678
16499.92616969
16499.92617260
16499.92617552
16499.92617843
16499.92618134
16499.92618425
16499.92618717
16499.92619008
16499.92619299
16499.92619591
16499.92619882
16499.92620173
16499.92620464
16499.92620756
16499.92621047
16499.92621338
16499.92621629
16499.92621921
16499.92622212
16499.92622503
16499.92622794
16499.92623086
16499.92623377
16499.92623668
16499.92623960
16499.92624251
16499.92624542
16499.92624833
16499.92625125
16499.92625416
16499.92625707
16499.92625998
16499.92626290
16499.92626581
16499.92626872
16499.92627164
16499.92627455
16499.92627746
16499.92628037
16499.92628329
16499.92628620
16499.92628911
16499.92629202
16499.92629494
16499.92629785
16499.92630076
16499.92630368
16499.92630659
16499.92630950
16499.92631241
16499.92631533
16499.92631824
16499.92632115
16499.92632406
16499.92632698
16499.92632989
16499.92633280
16499.92633572
16499.92633863
16499.92634154
16499.92634445
16499.92634737
16499.92635028
16499.92635319
16499.92635610
16499.92635902
16499.92636193
16499.92636484
16499.92636776
16499.92637067
16499.92637358
16499.92637649
16499.92637941
16499.92638232
16499.92638523
16499.92638814
16499.92639106
16499.92639397
16499.92639688
16499.92639979
16499.92640271
16499.92640562
16499.92640853
16499.92641145
16499.92641436
16499.92641727
16499.92642018
16499.92642310
16499.92642601
16499.92642892
16499.92643183
16499.92643475
16499.92643766
16499.92644057
16499.92644349
16499.92644640
16499.92644931
16499.92645222
16499.92645514
16499.92645805
16499.92646096
16499.92646387
16499.92646679
16499.92646970
16499.92647261
16499.92647553
16499.92647844
16499.92648135
16499.92648426
16499.92648718
16499.92649009
16499.92649300
16499.92649591
16499.92649883
16499.92650174
16499.92650465
16499.92650757
16499.92651048
16499.92651339
16499.92651630
16499.92651922
16499.92652213
16499.92652504
16499.92652795
16499.92653087
16499.92653378
16499.92653669
16499.92653960
16499.92654252
16499.92654543
16499.92654834
16499.92655126
16499.92655417
16499.92655708
16499.92655999
16499.92656291
16499.92656582
16499.92656873
16499.92657164
16499.92657456
16499.92657747
16499.92658038
16499.92658330
16499.92658621
16499.92658912
16499.92659203
16499.92659495
16499.92659786
16499.92660077
16499.92660368
16499.92660660
16499.92660951
16499.92661242
16499.92661534
16499.92661825
16499.92662116
16499.92662407
16499.92662699
16499.92662990
16499.92663281
16499.92663572
16499.92663864
16499.92664155
16499.92664446
16499.92664738
16499.92665029
16499.92665320
16499.92665611
16499.92665903
16499.92666194
16499.92666485
16499.92666776
16499.92667068
16499.92667359
16499.92667650
16499.92667942
16499.92668233
16499.92668524
16499.92668815
16499.92669107
16499.92669398
16499.92669689
16499.92669980
16499.92670272
16499.92670563
16499.92670854
16499.92671145
16499.92671437
16499.92671728
16499.92672019
16499.92672311
16499.92672602
16499.92672893
16499.92673184
16499.92673476
16499.92673767
16499.92674058
16499.92674349
16499.92674641
16499.92674932
16499.92675223
16499.92675515
16499.92675806
16499.92676097
16499.92676388
16499.92676680
16499.92676971
16499.92677262
16499.92677553
16499.92677845
16499.92678136
16499.92678427
16499.92678719
16499.92679010
16499.92679301
16499.92679592
16499.92679884
16499.92680175
16499.92680466
16499.92680757
16499.92681049
16499.92681340
16499.92681631
16499.92681923
16499.92682214
16499.92682505
16499.92682796
16499.92683088
16499.92683379
16499.92683670
16499.92683961
16499.92684253
16499.92684544
16499.92684835
16499.92685127
16499.92685418
16499.92685709
16499.92686000
16499.92686292
16499.92686583
16499.92686874
16499.92687165
16499.92687457
16499.92687748
16499.92688039
16499.92688330
16499.92688622
16499.92688913
16499.92689204
16499.92689496
16499.92689787
16499.92690078
16499.92690369
16499.92690661
16499.92690952
16499.92691243
16499.92691534
16499.92691826
16499.92692117
16499.92692408
16499.92692700
16499.92692991
16499.92693282
16499.92693573
16499.92693865
16499.92694156
16499.92694447
16499.92694738
16499.92695030
16499.92695321
16499.92695612
16499.92695904
16499.92696195
16499.92696486
16499.92696777
16499.92697069
16499.92697360
16499.92697651
16499.92697942
16499.92698234
16499.92698525
16499.92698816
16499.92699108
16499.92699399
16499.92699690
16499.92699981
16499.92700273
16499.92700564
16499.92700855
16499.92701146
16499.92701438
16499.92701729
16499.92702020
16499.92702312
16499.92702603
16499.92702894
16499.92703185
16499.92703477
16499.92703768
16499.92704059
16499.92704350
16499.92704642
16499.92704933
16499.92705224
16499.92705515
16499.92705807
16499.92706098
16499.92706389
16499.92706681
16499.92706972
16499.92707263
16499.92707554
16499.92707846
16499.92708137
16499.92708428
16499.92708719
16499.92709011
16499.92709302
16499.92709593
16499.92709885
16499.92710176
16499.92710467
16499.92710758
16499.92711050
16499.92711341
16499.92711632
16499.92711923
16499.92712215
16499.92712506
16499.92712797
16499.92713089
16499.92713380
16499.92713671
16499.92713962
16499.92714254
16499.92714545
16499.92714836
16499.92715127
16499.92715419
16499.92715710
16499.92716001
16499.92716293
16499.92716584
16499.92716875
16499.92717166
16499.92717458
16499.92717749
16499.92718040
16499.92718331
16499.92718623
16499.92718914
16499.92719205
16499.92719496
16499.92719788
16499.92720079
16499.92720370
16499.92720662
16499.92720953
16499.92721244
16499.92721535
16499.92721827
16499.92722118
16499.92722409
16499.92722700
16499.92722992
16499.92723283
16499.92723574
16499.92723866
16499.92724157
16499.92724448
16499.92724739
16499.92725031
16499.92725322
16499.92725613
16499.92725904
16499.92726196
16499.92726487
16499.92726778
16499.92727070
16499.92727361
16499.92727652
16499.92727943
16499.92728235
16499.92728526
16499.92728817
16499.92729108
16499.92729400
16499.92729691
16499.92729982
16499.92730274
16499.92730565
16499.92730856
16499.92731147
16499.92731439
16499.92731730
16499.92732021
16499.92732312
16499.92732604
16499.92732895
16499.92733186
16499.92733478
16499.92733769
16499.92734060
16499.92734351
16499.92734643
16499.92734934
16499.92735225
16499.92735516
16499.92735808
16499.92736099
16499.92736390
16499.92736681
16499.92736973
16499.92737264
16499.92737555
16499.92737847
16499.92738138
16499.92738429
16499.92738720
16499.92739012
16499.92739303
16499.92739594
16499.92739885
16499.92740177
16499.92740468
16499.92740759
16499.92741051
16499.92741342
16499.92741633
16499.92741924
16499.92742216
16499.92742507
16499.92742798
16499.92743089
16499.92743381
16499.92743672
16499.92743963
16499.92744255
16499.92744546
16499.92744837
16499.92745128
16499.92745420
16499.92745711
16499.92746002
16499.92746293
16499.92746585
16499.92746876
16499.92747167
16499.92747459
16499.92747750
16499.92748041
16499.92748332
16499.92748624
16499.92748915
16499.92749206
16499.92749497
16499.92749789
16499.92750080
16499.92750371
16499.92750663
16499.92750954
16499.92751245
16499.92751536
16499.92751828
16499.92752119
16499.92752410
16499.92752701
16499.92752993
16499.92753284
16499.92753575
16499.92753866
16499.92754158
16499.92754449
16499.92754740
16499.92755032
16499.92755323
16499.92755614
16499.92755905
16499.92756197
16499.92756488
16499.92756779
16499.92757070
16499.92757362
16499.92757653
16499.92757944
16499.92758236
16499.92758527
16499.92758818
16499.92759109
16499.92759401
16499.92759692
16499.92759983
16499.92760274
16499.92760566
16499.92760857
16499.92761148
16499.92761440
16499.92761731
16499.92762022
16499.92762313
16499.92762605
16499.92762896
16499.92763187
16499.92763478
16499.92763770
16499.92764061
16499.92764352
16499.92764644
16499.92764935
16499.92765226
16499.92765517
16499.92765809
16499.92766100
16499.92766391
16499.92766682
16499.92766974
16499.92767265
16499.92767556
16499.92767848
16499.92768139
16499.92768430
16499.92768721
16499.92769013
16499.92769304
16499.92769595
16499.92769886
16499.92770178
16499.92770469
16499.92770760
16499.92771051
16499.92771343
16499.92771634
16499.92771925
16499.92772217
16499.92772508
16499.92772799
16499.92773090
16499.92773382
16499.92773673
16499.92773964
16499.92774255
16499.92774547
16499.92774838
16499.92775129
16499.92775421
16499.92775712
16499.92776003
16499.92776294
16499.92776586
16499.92776877
16499.92777168
16499.92777459
16499.92777751
16499.92778042
16499.92778333
16499.92778625
16499.92778916
16499.92779207
16499.92779498
16499.92779790
16499.92780081
16499.92780372
16499.92780663
16499.92780955
16499.92781246
16499.92781537
16499.92781829
16499.92782120
16499.92782411
16499.92782702
16499.92782994
16499.92783285
16499.92783576
16499.92783867
16499.92784159
16499.92784450
16499.92784741
16499.92785032
16499.92785324
16499.92785615
16499.92785906
16499.92786198
16499.92786489
16499.92786780
16499.92787071
16499.92787363
16499.92787654
16499.92787945
16499.92788236
16499.92788528
16499.92788819
16499.92789110
16499.92789402
16499.92789693
16499.92789984
16499.92790275
16499.92790567
16499.92790858
16499.92791149
16499.92791440
16499.92791732
16499.92792023
16499.92792314
16499.92792606
16499.92792897
16499.92793188
16499.92793479
16499.92793771
16499.92794062
16499.92794353
16499.92794644
16499.92794936
16499.92795227
16499.92795518
16499.92795810
16499.92796101
16499.92796392
16499.92796683
16499.92796975
16499.92797266
16499.92797557
16499.92797848
16499.92798140
16499.92798431
16499.92798722
16499.92799014
16499.92799305
16499.92799596
16499.92799887
16499.92800179
16499.92800470
16499.92800761
16499.92801052
16499.92801344
16499.92801635
16499.92801926
16499.92802217
16499.92802509
16499.92802800
16499.92803091
16499.92803383
16499.92803674
16499.92803965
16499.92804256
16499.92804548
16499.92804839
16499.92805130
16499.92805421
16499.92805713
16499.92806004
16499.92806295
16499.92806587
16499.92806878
16499.92807169
16499.92807460
16499.92807752
16499.92808043
16499.92808334
16499.92808625
16499.92808917
16499.92809208
16499.92809499
16499.92809791
16499.92810082
16499.92810373
16499.92810664
16499.92810956
16499.92811247
16499.92811538
16499.92811829
16499.92812121
16499.92812412
16499.92812703
16499.92812995
16499.92813286
16499.92813577
16499.92813868
16499.92814160
16499.92814451
16499.92814742
16499.92815033
16499.92815325
16499.92815616
16499.92815907
16499.92816199
16499.92816490
16499.92816781
16499.92817072
16499.92817364
16499.92817655
16499.92817946
16499.92818237
16499.92818529
16499.92818820
16499.92819111
16499.92819402
16499.92819694
16499.92819985
16499.92820276
16499.92820568
16499.92820859
16499.92821150
16499.92821441
16499.92821733
16499.92822024
16499.92822315
16499.92822606
16499.92822898
16499.92823189
16499.92823480
16499.92823772
16499.92824063
16499.92824354
16499.92824645
16499.92824937
16499.92825228
16499.92825519
16499.92825810
16499.92826102
16499.92826393
16499.92826684
16499.92826976
16499.92827267
16499.92827558
16499.92827849
16499.92828141
16499.92828432
16499.92828723
16499.92829014
16499.92829306
16499.92829597
16499.92829888
16499.92830180
16499.92830471
16499.92830762
16499.92831053
16499.92831345
16499.92831636
16499.92831927
16499.92832218
16499.92832510
16499.92832801
16499.92833092
16499.92833384
16499.92833675
16499.92833966
16499.92834257
16499.92834549
16499.92834840
16499.92835131
16499.92835422
16499.92835714
16499.92836005
16499.92836296
16499.92836587
16499.92836879
16499.92837170
16499.92837461
16499.92837753
16499.92838044
16499.92838335
16499.92838626
16499.92838918
16499.92839209
16499.92839500
16499.92839791
16499.92840083
16499.92840374
16499.92840665
16499.92840957
16499.92841248
16499.92841539
16499.92841830
16499.92842122
16499.92842413
16499.92842704
16499.92842995
16499.92843287
16499.92843578
16499.92843869
16499.92844161
16499.92844452
16499.92844743
16499.92845034
16499.92845326
16499.92845617
16499.92845908
16499.92846199
16499.92846491
16499.92846782
16499.92847073
16499.92847365
16499.92847656
16499.92847947
16499.92848238
16499.92848530
16499.92848821
16499.92849112
16499.92849403
16499.92849695
16499.92849986
16499.92850277
16499.92850568
16499.92850860
16499.92851151
16499.92851442
16499.92851734
16499.92852025
16499.92852316
16499.92852607
16499.92852899
16499.92853190
16499.92853481
16499.92853772
16499.92854064
16499.92854355
16499.92854646
16499.92854938
16499.92855229
16499.92855520
16499.92855811
16499.92856103
16499.92856394
16499.92856685
16499.92856976
16499.92857268
16499.92857559
16499.92857850
16499.92858142
16499.92858433
16499.92858724
16499.92859015
16499.92859307
16499.92859598
16499.92859889
16499.92860180
16499.92860472
16499.92860763
16499.92861054
16499.92861346
16499.92861637
16499.92861928
16499.92862219
16499.92862511
16499.92862802
16499.92863093
16499.92863384
16499.92863676
16499.92863967
16499.92864258
16499.92864550
16499.92864841
16499.92865132
16499.92865423
16499.92865715
16499.92866006
16499.92866297
16499.92866588
16499.92866880
16499.92867171
16499.92867462
16499.92867753
16499.92868045
16499.92868336
16499.92868627
16499.92868919
16499.92869210
16499.92869501
16499.92869792
16499.92870084
16499.92870375
16499.92870666
16499.92870957
16499.92871249
16499.92871540
16499.92871831
16499.92872123
16499.92872414
16499.92872705
16499.92872996
16499.92873288
16499.92873579
16499.92873870
16499.92874161
16499.92874453
16499.92874744
16499.92875035
16499.92875327
16499.92875618
16499.92875909
16499.92876200
16499.92876492
16499.92876783
16499.92877074
16499.92877365
16499.92877657
16499.92877948
16499.92878239
16499.92878531
16499.92878822
16499.92879113
16499.92879404
16499.92879696
16499.92879987
16499.92880278
16499.92880569
16499.92880861
16499.92881152
16499.92881443
16499.92881735
16499.92882026
16499.92882317
16499.92882608
16499.92882900
16499.92883191
16499.92883482
16499.92883773
16499.92884065
16499.92884356
16499.92884647
16499.92884938
16499.92885230
16499.92885521
16499.92885812
16499.92886104
16499.92886395
16499.92886686
16499.92886977
16499.92887269
16499.92887560
16499.92887851
16499.92888142
16499.92888434
16499.92888725
16499.92889016
16499.92889308
16499.92889599
16499.92889890
16499.92890181
16499.92890473
16499.92890764
16499.92891055
16499.92891346
16499.92891638
16499.92891929
16499.92892220
16499.92892512
16499.92892803
16499.92893094
16499.92893385
16499.92893677
16499.92893968
16499.92894259
16499.92894550
16499.92894842
16499.92895133
16499.92895424
16499.92895716
16499.92896007
16499.92896298
16499.92896589
16499.92896881
16499.92897172
16499.92897463
16499.92897754
16499.92898046
16499.92898337
16499.92898628
16499.92898920
16499.92899211
16499.92899502
16499.92899793
16499.92900085
16499.92900376
16499.92900667
16499.92900958
16499.92901250
16499.92901541
16499.92901832
16499.92902123
16499.92902415
16499.92902706
16499.92902997
16499.92903289
16499.92903580
16499.92903871
16499.92904162
16499.92904454
16499.92904745
16499.92905036
16499.92905327
16499.92905619
16499.92905910
16499.92906201
16499.92906493
16499.92906784
16499.92907075
16499.92907366
16499.92907658
16499.92907949
16499.92908240
16499.92908531
16499.92908823
16499.92909114
16499.92909405
16499.92909697
16499.92909988
16499.92910279
16499.92910570
16499.92910862
16499.92911153
16499.92911444
16499.92911735
16499.92912027
16499.92912318
16499.92912609
16499.92912901
16499.92913192
16499.92913483
16499.92913774
16499.92914066
16499.92914357
16499.92914648
16499.92914939
16499.92915231
16499.92915522
16499.92915813
16499.92916104
16499.92916396
16499.92916687
16499.92916978
16499.92917270
16499.92917561
16499.92917852
16499.92918143
16499.92918435
16499.92918726
16499.92919017
16499.92919308
16499.92919600
16499.92919891
16499.92920182
16499.92920474
16499.92920765
16499.92921056
16499.92921347
16499.92921639
16499.92921930
16499.92922221
16499.92922512
16499.92922804
16499.92923095
16499.92923386
16499.92923678
16499.92923969
16499.92924260
16499.92924551
16499.92924843
16499.92925134
16499.92925425
16499.92925716
16499.92926008
16499.92926299
16499.92926590
16499.92926882
16499.92927173
16499.92927464
16499.92927755
16499.92928047
16499.92928338
16499.92928629
16499.92928920
16499.92929212
16499.92929503
16499.92929794
16499.92930086
16499.92930377
16499.92930668
16499.92930959
16499.92931251
16499.92931542
16499.92931833
16499.92932124
16499.92932416
16499.92932707
16499.92932998
16499.92933289
16499.92933581
16499.92933872
16499.92934163
16499.92934455
16499.92934746
16499.92935037
16499.92935328
16499.92935620
16499.92935911
16499.92936202
16499.92936493
16499.92936785
16499.92937076
16499.92937367
16499.92937659
16499.92937950
16499.92938241
16499.92938532
16499.92938824
16499.92939115
16499.92939406
16499.92939697
16499.92939989
16499.92940280
16499.92940571
16499.92940863
16499.92941154
16499.92941445
16499.92941736
16499.92942028
16499.92942319
16499.92942610
16499.92942901
16499.92943193
16499.92943484
16499.92943775
16499.92944067
16499.92944358
16499.92944649
16499.92944940
16499.92945232
16499.92945523
16499.92945814
16499.92946105
16499.92946397
16499.92946688
16499.92946979
16499.92947271
16499.92947562
16499.92947853
16499.92948144
16499.92948436
16499.92948727
16499.92949018
16499.92949309
16499.92949601
16499.92949892
16499.92950183
16499.92950474
16499.92950766
16499.92951057
16499.92951348
16499.92951640
16499.92951931
16499.92952222
16499.92952513
16499.92952805
16499.92953096
16499.92953387
16499.92953678
16499.92953970
16499.92954261
16499.92954552
16499.92954844
16499.92955135
16499.92955426
16499.92955717
16499.92956009
16499.92956300
16499.92956591
16499.92956882
16499.92957174
16499.92957465
16499.92957756
16499.92958048
16499.92958339
16499.92958630
16499.92958921
16499.92959213
16499.92959504
16499.92959795
16499.92960086
16499.92960378
16499.92960669
16499.92960960
16499.92961252
16499.92961543
16499.92961834
16499.92962125
16499.92962417
16499.92962708
16499.92962999
16499.92963290
16499.92963582
16499.92963873
16499.92964164
16499.92964456
16499.92964747
16499.92965038
16499.92965329
16499.92965621
16499.92965912
16499.92966203
16499.92966494
16499.92966786
16499.92967077
16499.92967368
16499.92967659
16499.92967951
16499.92968242
16499.92968533
16499.92968825
16499.92969116
16499.92969407
16499.92969698
16499.92969990
16499.92970281
16499.92970572
16499.92970863
16499.92971155
16499.92971446
16499.92971737
16499.92972029
16499.92972320
16499.92972611
16499.92972902
16499.92973194
16499.92973485
16499.92973776
16499.92974067
16499.92974359
16499.92974650
16499.92974941
16499.92975233
16499.92975524
16499.92975815
16499.92976106
16499.92976398
16499.92976689
16499.92976980
16499.92977271
16499.92977563
16499.92977854
16499.92978145
16499.92978437
16499.92978728
16499.92979019
16499.92979310
16499.92979602
16499.92979893
16499.92980184
16499.92980475
16499.92980767
16499.92981058
16499.92981349
16499.92981640
16499.92981932
16499.92982223
16499.92982514
16499.92982806
16499.92983097
16499.92983388
16499.92983679
16499.92983971
16499.92984262
16499.92984553
16499.92984844
16499.92985136
16499.92985427
16499.92985718
16499.92986010
16499.92986301
16499.92986592
16499.92986883
16499.92987175
16499.92987466
16499.92987757
16499.92988048
16499.92988340
16499.92988631
16499.92988922
16499.92989214
16499.92989505
16499.92989796
16499.92990087
16499.92990379
16499.92990670
16499.92990961
16499.92991252
16499.92991544
16499.92991835
16499.92992126
16499.92992418
16499.92992709
16499.92993000
16499.92993291
16499.92993583
16499.92993874
16499.92994165
16499.92994456
16499.92994748
16499.92995039
16499.92995330
16499.92995622
16499.92995913
16499.92996204
16499.92996495
16499.92996787
16499.92997078
16499.92997369
16499.92997660
16499.92997952
16499.92998243
16499.92998534
16499.92998825
16499.92999117
16499.92999408
16499.92999699
16499.92999991
16499.93000282
16499.93000573
16499.93000864
16499.93001156
16499.93001447
16499.93001738
16499.93002029
16499.93002321
16499.93002612
16499.93002903
16499.93003195
16499.93003486
16499.93003777
16499.93004068
16499.93004360
16499.93004651
16499.93004942
16499.93005233
16499.93005525
16499.93005816
16499.93006107
16499.93006399
16499.93006690
16499.93006981
16499.93007272
16499.93007564
16499.93007855
16499.93008146
16499.93008437
16499.93008729
16499.93009020
16499.93009311
16499.93009603
16499.93009894
16499.93010185
16499.93010476
16499.93010768
16499.93011059
16499.93011350
16499.93011641
16499.93011933
16499.93012224
16499.93012515
16499.93012807
16499.93013098
16499.93013389
16499.93013680
16499.93013972
16499.93014263
16499.93014554
16499.93014845
16499.93015137
16499.93015428
16499.93015719
16499.93016010
16499.93016302
16499.93016593
16499.93016884
16499.93017176
16499.93017467
16499.93017758
16499.93018049
16499.93018341
16499.93018632
16499.93018923
16499.93019214
16499.93019506
16499.93019797
16499.93020088
16499.93020380
16499.93020671
16499.93020962
16499.93021253
16499.93021545
16499.93021836
16499.93022127
16499.93022418
16499.93022710
16499.93023001
16499.93023292
16499.93023584
16499.93023875
16499.93024166
16499.93024457
16499.93024749
16499.93025040
16499.93025331
16499.93025622
16499.93025914
16499.93026205
16499.93026496
16499.93026788
16499.93027079
16499.93027370
16499.93027661
16499.93027953
16499.93028244
16499.93028535
16499.93028826
16499.93029118
16499.93029409
16499.93029700
16499.93029992
16499.93030283
16499.93030574
16499.93030865
16499.93031157
16499.93031448
16499.93031739
16499.93032030
16499.93032322
16499.93032613
16499.93032904
16499.93033195
16499.93033487
16499.93033778
16499.93034069
16499.93034361
16499.93034652
16499.93034943
16499.93035234
16499.93035526
16499.93035817
16499.93036108
16499.93036399
16499.93036691
16499.93036982
16499.93037273
16499.93037565
16499.93037856
16499.93038147
16499.93038438
16499.93038730
16499.93039021
16499.93039312
16499.93039603
16499.93039895
16499.93040186
16499.93040477
16499.93040769
16499.93041060
16499.93041351
16499.93041642
16499.93041934
16499.93042225
16499.93042516
16499.93042807
16499.93043099
16499.93043390
16499.93043681
16499.93043973
16499.93044264
16499.93044555
16499.93044846
16499.93045138
16499.93045429
16499.93045720
16499.93046011
16499.93046303
16499.93046594
16499.93046885
16499.93047176
16499.93047468
16499.93047759
16499.93048050
16499.93048342
16499.93048633
16499.93048924
16499.93049215
16499.93049507
16499.93049798
16499.93050089
16499.93050380
16499.93050672
16499.93050963
16499.93051254
16499.93051546
16499.93051837
16499.93052128
16499.93052419
16499.93052711
16499.93053002
16499.93053293
16499.93053584
16499.93053876
16499.93054167
16499.93054458
16499.93054750
16499.93055041
16499.93055332
16499.93055623
16499.93055915
16499.93056206
16499.93056497
16499.93056788
16499.93057080
16499.93057371
16499.93057662
16499.93057954
16499.93058245
16499.93058536
16499.93058827
16499.93059119
16499.93059410
16499.93059701
16499.93059992
16499.93060284
16499.93060575
16499.93060866
16499.93061158
16499.93061449
16499.93061740
16499.93062031
16499.93062323
16499.93062614
16499.93062905
16499.93063196
16499.93063488
16499.93063779
16499.93064070
16499.93064361
16499.93064653
16499.93064944
16499.93065235
16499.93065527
16499.93065818
16499.93066109
16499.93066400
16499.93066692
16499.93066983
16499.93067274
16499.93067565
16499.93067857
16499.93068148
16499.93068439
16499.93068731
16499.93069022
16499.93069313
16499.93069604
16499.93069896
16499.93070187
16499.93070478
16499.93070769
16499.93071061
16499.93071352
16499.93071643
16499.93071935
16499.93072226
16499.93072517
16499.93072808
16499.93073100
16499.93073391
16499.93073682
16499.93073973
16499.93074265
16499.93074556
16499.93074847
16499.93075139
16499.93075430
16499.93075721
16499.93076012
16499.93076304
16499.93076595
16499.93076886
16499.93077177
16499.93077469
16499.93077760
16499.93078051
16499.93078343
16499.93078634
16499.93078925
16499.93079216
16499.93079508
16499.93079799
16499.93080090
16499.93080381
16499.93080673
16499.93080964
16499.93081255
16499.93081546
16499.93081838
16499.93082129
16499.93082420
16499.93082712
16499.93083003
16499.93083294
16499.93083585
16499.93083877
16499.93084168
16499.93084459
16499.93084750
16499.93085042
16499.93085333
16499.93085624
16499.93085916
16499.93086207
16499.93086498
16499.93086789
16499.93087081
16499.93087372
16499.93087663
16499.93087954
16499.93088246
16499.93088537
16499.93088828
16499.93089120
16499.93089411
16499.93089702
16499.93089993
16499.93090285
16499.93090576
16499.93090867
16499.93091158
16499.93091450
16499.93091741
16499.93092032
16499.93092324
16499.93092615
16499.93092906
16499.93093197
16499.93093489
16499.93093780
16499.93094071
16499.93094362
16499.93094654
16499.93094945
16499.93095236
16499.93095528
16499.93095819
16499.93096110
16499.93096401
16499.93096693
16499.93096984
16499.93097275
16499.93097566
16499.93097858
16499.93098149
16499.93098440
16499.93098731
16499.93099023
16499.93099314
16499.93099605
16499.93099897
16499.93100188
16499.93100479
16499.93100770
16499.93101062
16499.93101353
16499.93101644
16499.93101935
16499.93102227
16499.93102518
16499.93102809
16499.93103101
16499.93103392
16499.93103683
16499.93103974
16499.93104266
16499.93104557
16499.93104848
16499.93105139
16499.93105431
16499.93105722
16499.93106013
16499.93106305
16499.93106596
16499.93106887
16499.93107178
16499.93107470
16499.93107761
16499.93108052
16499.93108343
16499.93108635
16499.93108926
16499.93109217
16499.93109509
16499.93109800
16499.93110091
16499.93110382
16499.93110674
16499.93110965
16499.93111256
16499.93111547
16499.93111839
16499.93112130
16499.93112421
16499.93112712
16499.93113004
16499.93113295
16499.93113586
16499.93113878
16499.93114169
16499.93114460
16499.93114751
16499.93115043
16499.93115334
16499.93115625
16499.93115916
16499.93116208
16499.93116499
16499.93116790
16499.93117082
16499.93117373
16499.93117664
16499.93117955
16499.93118247
16499.93118538
16499.93118829
16499.93119120
16499.93119412
16499.93119703
16499.93119994
16499.93120286
16499.93120577
16499.93120868
16499.93121159
16499.93121451
16499.93121742
16499.93122033
16499.93122324
16499.93122616
16499.93122907
16499.93123198
16499.93123490
16499.93123781
16499.93124072
16499.93124363
16499.93124655
16499.93124946
16499.93125237
16499.93125528
16499.93125820
16499.93126111
16499.93126402
16499.93126694
16499.93126985
16499.93127276
16499.93127567
16499.93127859
16499.93128150
16499.93128441
16499.93128732
16499.93129024
16499.93129315
16499.93129606
16499.93129897
16499.93130189
16499.93130480
16499.93130771
16499.93131063
16499.93131354
16499.93131645
16499.93131936
16499.93132228
16499.93132519
16499.93132810
16499.93133101
16499.93133393
16499.93133684
16499.93133975
16499.93134267
16499.93134558
16499.93134849
16499.93135140
16499.93135432
16499.93135723
16499.93136014
16499.93136305
16499.93136597
16499.93136888
16499.93137179
16499.93137471
16499.93137762
16499.93138053
16499.93138344
16499.93138636
16499.93138927
16499.93139218
16499.93139509
16499.93139801
16499.93140092
16499.93140383
16499.93140675
16499.93140966
16499.93141257
16499.93141548
16499.93141840
16499.93142131
16499.93142422
16499.93142713
16499.93143005
16499.93143296
16499.93143587
16499.93143879
16499.93144170
16499.93144461
16499.93144752
16499.93145044
16499.93145335
16499.93145626
16499.93145917
16499.93146209
16499.93146500
16499.93146791
16499.93147082
16499.93147374
16499.93147665
16499.93147956
16499.93148248
16499.93148539
16499.93148830
16499.93149121
16499.93149413
16499.93149704
16499.93149995
16499.93150286
16499.93150578
16499.93150869
16499.93151160
16499.93151452
16499.93151743
16499.93152034
16499.93152325
16499.93152617
16499.93152908
16499.93153199
16499.93153490
16499.93153782
16499.93154073
16499.93154364
16499.93154656
16499.93154947
16499.93155238
16499.93155529
16499.93155821
16499.93156112
16499.93156403
16499.93156694
16499.93156986
16499.93157277
16499.93157568
16499.93157860
16499.93158151
16499.93158442
16499.93158733
16499.93159025
16499.93159316
16499.93159607
16499.93159898
16499.93160190
16499.93160481
16499.93160772
16499.93161064
16499.93161355
16499.93161646
16499.93161937
16499.93162229
16499.93162520
16499.93162811
16499.93163102
16499.93163394
16499.93163685
16499.93163976
16499.93164267
16499.93164559
16499.93164850
16499.93165141
16499.93165433
16499.93165724
16499.93166015
16499.93166306
16499.93166598
16499.93166889
16499.93167180
16499.93167471
16499.93167763
16499.93168054
16499.93168345
16499.93168637
16499.93168928
16499.93169219
16499.93169510
16499.93169802
16499.93170093
16499.93170384
16499.93170675
16499.93170967
16499.93171258
16499.93171549
16499.93171841
16499.93172132
16499.93172423
16499.93172714
16499.93173006
16499.93173297
16499.93173588
16499.93173879
16499.93174171
16499.93174462
16499.93174753
16499.93175045
16499.93175336
16499.93175627
16499.93175918
16499.93176210
16499.93176501
16499.93176792
16499.93177083
16499.93177375
16499.93177666
16499.93177957
16499.93178248
16499.93178540
16499.93178831
16499.93179122
16499.93179414
16499.93179705
16499.93179996
16499.93180287
16499.93180579
16499.93180870
16499.93181161
16499.93181452
16499.93181744
16499.93182035
16499.93182326
16499.93182618
16499.93182909
16499.93183200
16499.93183491
16499.93183783
16499.93184074
16499.93184365
16499.93184656
16499.93184948
16499.93185239
16499.93185530
16499.93185822
16499.93186113
16499.93186404
16499.93186695
16499.93186987
16499.93187278
16499.93187569
16499.93187860
16499.93188152
16499.93188443
16499.93188734
16499.93189026
16499.93189317
16499.93189608
16499.93189899
16499.93190191
16499.93190482
16499.93190773
16499.93191064
16499.93191356
16499.93191647
16499.93191938
16499.93192230
16499.93192521
16499.93192812
16499.93193103
16499.93193395
16499.93193686
16499.93193977
16499.93194268
16499.93194560
16499.93194851
16499.93195142
16499.93195433
16499.93195725
16499.93196016
16499.93196307
16499.93196599
16499.93196890
16499.93197181
16499.93197472
16499.93197764
16499.93198055
16499.93198346
16499.93198637
16499.93198929
16499.93199220
16499.93199511
16499.93199803
16499.93200094
16499.93200385
16499.93200676
16499.93200968
16499.93201259
16499.93201550
16499.93201841
16499.93202133
16499.93202424
16499.93202715
16499.93203007
16499.93203298
16499.93203589
16499.93203880
16499.93204172
16499.93204463
16499.93204754
16499.93205045
16499.93205337
16499.93205628
16499.93205919
16499.93206211
16499.93206502
16499.93206793
16499.93207084
16499.93207376
16499.93207667
16499.93207958
16499.93208249
16499.93208541
16499.93208832
16499.93209123
16499.93209415
16499.93209706
16499.93209997
16499.93210288
16499.93210580
16499.93210871
16499.93211162
16499.93211453
16499.93211745
16499.93212036
16499.93212327
16499.93212618
16499.93212910
16499.93213201
16499.93213492
16499.93213784
16499.93214075
16499.93214366
16499.93214657
16499.93214949
16499.93215240
16499.93215531
16499.93215822
16499.93216114
16499.93216405
16499.93216696
16499.93216988
16499.93217279
16499.93217570
16499.93217861
16499.93218153
16499.93218444
16499.93218735
16499.93219026
16499.93219318
16499.93219609
16499.93219900
16499.93220192
16499.93220483
16499.93220774
16499.93221065
16499.93221357
16499.93221648
16499.93221939
16499.93222230
16499.93222522
16499.93222813
16499.93223104
16499.93223396
16499.93223687
16499.93223978
16499.93224269
16499.93224561
16499.93224852
16499.93225143
16499.93225434
16499.93225726
16499.93226017
16499.93226308
16499.93226600
16499.93226891
16499.93227182
16499.93227473
16499.93227765
16499.93228056
16499.93228347
16499.93228638
16499.93228930
16499.93229221
16499.93229512
16499.93229803
16499.93230095
16499.93230386
16499.93230677
16499.93230969
16499.93231260
16499.93231551
16499.93231842
16499.93232134
16499.93232425
16499.93232716
16499.93233007
16499.93233299
16499.93233590
16499.93233881
16499.93234173
16499.93234464
16499.93234755
16499.93235046
16499.93235338
16499.93235629
16499.93235920
16499.93236211
16499.93236503
16499.93236794
16499.93237085
16499.93237377
16499.93237668
16499.93237959
16499.93238250
16499.93238542
16499.93238833
16499.93239124
16499.93239415
16499.93239707
16499.93239998
16499.93240289
16499.93240581
16499.93240872
16499.93241163
16499.93241454
16499.93241746
16499.93242037
16499.93242328
16499.93242619
16499.93242911
16499.93243202
16499.93243493
16499.93243784
16499.93244076
16499.93244367
16499.93244658
16499.93244950
16499.93245241
16499.93245532
16499.93245823
16499.93246115
16499.93246406
16499.93246697
16499.93246988
16499.93247280
16499.93247571
16499.93247862
16499.93248154
16499.93248445
16499.93248736
16499.93249027
16499.93249319
16499.93249610
16499.93249901
16499.93250192
16499.93250484
16499.93250775
16499.93251066
16499.93251358
16499.93251649
16499.93251940
16499.93252231
16499.93252523
16499.93252814
16499.93253105
16499.93253396
16499.93253688
16499.93253979
16499.93254270
16499.93254562
16499.93254853
16499.93255144
16499.93255435
16499.93255727
16499.93256018
16499.93256309
16499.93256600
16499.93256892
16499.93257183
16499.93257474
16499.93257766
16499.93258057
16499.93258348
16499.93258639
16499.93258931
16499.93259222
16499.93259513
16499.93259804
16499.93260096
16499.93260387
16499.93260678
16499.93260969
16499.93261261
16499.93261552
16499.93261843
16499.93262135
16499.93262426
16499.93262717
16499.93263008
16499.93263300
16499.93263591
16499.93263882
