-1.51414749733
0.7147944996
2.0389105319
1.65707971213
0.17919063194
0.342603682178
-0.735275335045
-1.4299559197
0.82110137674
-1.49680216438
-1.01837118264
-3.37536843572
-4.55588512504
-1.30653720448
-13.1392231355
-26.2800140222
-47.0831390962
-69.7121940272
-85.4757326817
-4.8413159213
-15.7316165706
-32.7106627879
-51.9809941316
-73.0825923579
-99.9301990446
-18.6874948002
-31.5572648595
-47.2471192054
-64.2892090367
-96.5030614613
-98.9741709913
-98.9741709913
-1.51414749733
0.719030763609
2.0389105319
1.64603874057
0.200005031481
0.324958141542
-0.744948693806
-1.43365848116
0.809693484684
-1.49676880797
-1.05452953056
-3.37767002798
-4.55741951987
-1.30857194546
-13.0957597339
-26.2891870349
-47.076768022
-69.7125943042
-85.4855394661
-4.83811370598
-15.73124965
-32.715966457
-51.9991733748
-73.0915318757
-99.9194916371
-18.6989360486
-31.5737429258
-47.2494207976
-64.2902430854
-96.5019940562
-98.9634302275
-98.9634302275
