2 0 0  
2 0 1  
3 1 0  
3 3 1  
4 2 0  
4 1 1  
5 3 0  
5 2 1  
6 0 0  
6 0 1  
7 1 0  
7 3 1  
8 2 0  
8 1 1  
9 3 0  
9 2 1  
10 0 0  
10 0 1  
11 1 0  
11 3 1  
12 2 0  
12 1 1  
13 3 0  
13 2 1  
14 0 0  
14 0 1  
15 1 0  
15 3 1  
16 2 0  
16 1 1  
17 3 0  
17 2 1  
18 0 0  
18 0 1  
19 1 0  
19 3 1  
20 2 0  
20 1 1  
21 3 0  
21 2 1  
22 0 0  
22 0 1  
23 1 0  
23 3 1  
24 2 0  
24 1 1  
25 3 0  
25 2 1  
26 0 0  
26 0 1  
27 1 0  
27 3 1  
28 2 0  
28 1 1  
29 3 0  
29 2 1  
30 0 0  
30 0 1  
31 1 0  
31 3 1  
32 2 0  
32 1 1  
33 3 0  
33 2 1  
34 0 0  
34 0 1  
35 1 0  
35 3 1  
36 2 0  
36 2 1  
37 3 0  
37 1 1  
38 0 0  
38 0 1  
39 1 0  
39 3 1  
40 2 0  
40 2 1  
41 3 0  
41 1 1  
42 0 0  
42 0 1  
43 1 0  
43 3 1  
44 2 0  
44 2 1  
45 3 0  
45 1 1  
46 0 0  
46 0 1  
47 1 0  
47 3 1  
48 2 0  
48 2 1  
49 3 0  
49 1 1  
50 0 0  
50 0 1  
51 1 0  
51 3 1  
52 2 0  
52 2 1  
53 3 0  
53 1 1  
54 0 0  
54 0 1  
55 1 0  
55 3 1  
56 2 0  
56 2 1  
57 3 0  
57 1 1  
58 0 0  
58 0 1  
59 1 0  
59 3 1  
60 2 0  
60 2 1  
61 3 0  
61 1 1  
62 0 0  
62 0 1  
63 1 0  
63 3 1  
64 2 0  
64 2 1  
65 3 0  
65 1 1  
66 0 0  
66 0 1  
67 1 0  
67 3 1  
68 2 0  
68 2 1  
69 3 0  
69 1 1  
70 0 0  
70 0 1  
71 2 0  
71 3 1  
72 1 0  
72 2 1  
73 3 0  
73 1 1  
74 0 0  
74 0 1  
75 2 0  
75 3 1  
76 1 0  
76 2 1  
77 3 0  
77 1 1  
78 0 0  
78 0 1  
79 2 0  
79 3 1  
80 1 0  
80 2 1  
81 3 0  
81 1 1  
82 0 0  
82 0 1  
83 2 0  
83 3 1  
84 1 0  
84 2 1  
85 3 0  
85 1 1  
86 0 0  
86 0 1  
87 2 0  
87 3 1  
88 1 0  
88 2 1  
89 3 0  
89 1 1  
90 0 0  
90 0 1  
91 2 0  
91 3 1  
92 1 0  
92 2 1  
93 3 0  
93 1 1  
94 2 0  
94 0 1  
95 0 0  
95 3 1  
96 3 0  
96 2 1  
97 1 0  
97 1 1  
98 2 0  
98 0 1  
99 0 0  
99 3 1  
100 3 0  
100 2 1  
101 1 0  
101 1 1  
102 2 0  
102 0 1  
103 0 0  
103 3 1  
104 3 0  
104 2 1  
105 1 0  
105 1 1  
106 2 0  
106 0 1  
107 0 0  
107 3 1  
108 3 0  
108 2 1  
109 1 0  
109 1 1  
110 2 0  
110 0 1  
111 0 0  
111 3 1  
112 3 0  
112 2 1  
113 1 0  
113 1 1  
114 2 0  
114 0 1  
115 0 0  
115 3 1  
116 3 0  
116 2 1  
117 1 0  
117 1 1  
118 2 0  
118 0 1  
119 0 0  
119 3 1  
120 3 0  
120 2 1  
121 1 0  
121 1 1  
122 2 0  
122 0 1  
123 0 0  
123 3 1  
124 3 0  
124 2 1  
125 1 0  
125 1 1  
126 2 0  
126 0 1  
127 0 0  
127 3 1  
128 3 0  
128 2 1  
129 1 0  
129 1 1  
130 2 0  
130 0 1  
131 0 0  
131 3 1  
132 3 0  
132 2 1  
133 1 0  
133 1 1  
134 2 0  
134 0 1  
135 0 0  
135 3 1  
136 3 0  
136 2 1  
137 1 0  
137 1 1  
138 2 0  
138 0 1  
139 0 0  
139 3 1  
140 3 0  
140 2 1  
141 1 0  
141 1 1  
142 2 0  
142 0 1  
143 0 0  
143 3 1  
144 3 0  
144 2 1  
145 1 0  
145 1 1  
146 2 0  
146 0 1  
147 0 0  
147 3 1  
148 3 0  
148 2 1  
149 1 0  
149 1 1  
150 2 0  
150 0 1  
151 0 0  
151 3 1  
152 3 0  
152 2 1  
153 1 0  
153 1 1  
154 2 0  
154 0 1  
155 0 0  
155 3 1  
156 3 0  
156 2 1  
157 1 0  
157 1 1  
158 2 0  
158 0 1  
159 0 0  
159 3 1  
160 3 0  
160 2 1  
161 1 0  
161 1 1  
162 2 0  
162 0 1  
163 0 0  
163 3 1  
164 3 0  
164 2 1  
165 1 0  
165 1 1  
166 2 0  
166 0 1  
167 0 0  
167 3 1  
168 3 0  
168 2 1  
169 1 0  
169 1 1  
170 2 0  
170 0 1  
171 0 0  
171 3 1  
172 3 0  
172 2 1  
173 1 0  
173 1 1  
174 2 0  
174 0 1  
175 0 0  
175 3 1  
176 3 0  
176 2 1  
177 1 0  
177 1 1  
178 2 0  
178 0 1  
179 0 0  
179 3 1  
180 3 0  
180 2 1  
181 1 0  
181 1 1  
182 2 0  
182 0 1  
183 0 0  
183 3 1  
184 3 0  
184 2 1  
185 1 0  
185 1 1  
186 2 0  
186 0 1  
187 0 0  
187 3 1  
188 3 0  
188 2 1  
189 1 0  
189 1 1  
190 2 0  
190 0 1  
191 0 0  
191 3 1  
192 3 0  
192 2 1  
193 1 0  
193 1 1  
194 2 0  
194 0 1  
195 0 0  
195 3 1  
196 3 0  
196 2 1  
197 1 0  
197 1 1  
198 2 0  
198 0 1  
199 0 0  
199 3 1  
200 3 0  
200 2 1  
201 1 0  
201 1 1  
202 2 0  
202 0 1  
203 0 0  
203 3 1  
204 3 0  
204 2 1  
205 1 0  
205 1 1  
206 2 0  
206 0 1  
207 0 0  
207 3 1  
208 3 0  
208 2 1  
209 1 0  
209 1 1  
210 0 0  
210 0 1  
211 2 0  
211 3 1  
212 3 0  
212 2 1  
213 1 0  
213 1 1  
214 0 0  
214 0 1  
215 2 0  
215 3 1  
216 3 0  
216 2 1  
217 1 0  
217 1 1  
218 0 0  
218 0 1  
219 2 0  
219 3 1  
220 3 0  
220 2 1  
221 1 0  
221 1 1  
222 0 0  
222 0 1  
223 2 0  
223 3 1  
224 3 0  
224 2 1  
225 1 0  
225 1 1  
226 0 0  
226 0 1  
227 2 0  
227 3 1  
228 3 0  
228 2 1  
229 0 0  
229 1 1  
230 1 0  
230 0 1  
231 2 0  
231 3 1  
232 3 0  
232 2 1  
233 0 0  
233 1 1  
234 1 0  
234 0 1  
235 2 0  
235 3 1  
236 3 0  
236 2 1  
237 0 0  
237 1 1  
238 1 0  
238 0 1  
239 2 0  
239 3 1  
240 3 0  
240 2 1  
241 0 0  
241 1 1  
242 1 0  
242 0 1  
243 2 0  
243 3 1  
244 3 0  
244 2 1  
245 0 0  
245 1 1  
246 1 0  
246 0 1  
247 2 0  
247 3 1  
248 3 0  
248 2 1  
249 0 0  
249 1 1  
250 2 0  
250 0 1  
251 1 0  
251 3 1  
252 3 0  
252 2 1  
253 0 0  
253 1 1  
254 2 0  
254 0 1  
255 1 0  
255 3 1  
256 3 0  
256 2 1  
257 0 0  
257 1 1  
258 2 0  
258 0 1  
259 1 0  
259 3 1  
260 3 0  
260 2 1  
261 0 0  
261 1 1  
262 2 0  
262 0 1  
263 1 0  
263 3 1  
264 3 0  
264 2 1  
265 0 0  
265 1 1  
266 2 0  
266 0 1  
267 1 0  
267 3 1  
268 3 0  
268 2 1  
269 0 0  
269 1 1  
270 2 0  
270 0 1  
271 1 0  
271 3 1  
272 3 0  
272 2 1  
273 0 0  
273 1 1  
274 2 0  
274 0 1  
275 1 0  
275 3 1  
276 3 0  
276 2 1  
277 0 0  
277 1 1  
278 2 0  
278 0 1  
279 1 0  
279 3 1  
280 3 0  
280 2 1  
281 0 0  
281 1 1  
282 2 0  
282 0 1  
283 1 0  
283 3 1  
284 3 0  
284 2 1  
285 0 0  
285 1 1  
286 2 0  
286 0 1  
287 1 0  
287 3 1  
288 3 0  
288 2 1  
289 0 0  
289 1 1  
290 2 0  
290 0 1  
291 1 0  
291 3 1  
292 3 0  
292 2 1  
293 0 0  
293 1 1  
294 2 0  
294 0 1  
295 1 0  
295 3 1  
296 3 0  
296 2 1  
297 0 0  
297 1 1  
298 2 0  
298 0 1  
299 1 0  
299 3 1  
300 3 0  
300 2 1  
301 0 0  
301 1 1  
302 2 0  
302 0 1  
303 1 0  
303 3 1  
304 3 0  
304 2 1  
305 0 0  
305 1 1  
306 2 0  
306 0 1  
307 3 0  
307 3 1  
308 1 0  
308 2 1  
309 0 0  
309 1 1  
310 2 0  
310 0 1  
311 3 0  
311 3 1  
312 1 0  
312 2 1  
313 0 0  
313 1 1  
314 2 0  
314 0 1  
315 3 0  
315 3 1  
316 1 0  
316 2 1  
317 0 0  
317 1 1  
318 2 0  
318 0 1  
319 3 0  
319 3 1  
320 1 0  
320 2 1  
321 0 0  
321 1 1  
322 2 0  
322 0 1  
323 3 0  
323 3 1  
324 1 0  
324 2 1  
325 0 0  
325 1 1  
326 2 0  
326 0 1  
327 3 0  
327 3 1  
328 1 0  
328 2 1  
329 0 0  
329 1 1  
330 2 0  
330 0 1  
331 3 0  
331 3 1  
332 1 0  
332 2 1  
333 0 0  
333 1 1  
334 2 0  
334 0 1  
335 3 0  
335 3 1  
336 0 0  
336 2 1  
337 1 0  
337 1 1  
338 2 0  
338 0 1  
339 3 0  
339 3 1  
340 0 0  
340 2 1  
341 1 0  
341 1 1  
342 2 0  
342 0 1  
343 3 0  
343 3 1  
344 0 0  
344 2 1  
345 1 0  
345 1 1  
346 3 0  
346 0 1  
347 2 0  
347 3 1  
348 0 0  
348 2 1  
349 1 0  
349 1 1  
350 3 0  
350 0 1  
351 2 0  
351 3 1  
352 0 0  
352 2 1  
353 1 0  
353 1 1  
354 3 0  
354 0 1  
355 0 0  
355 3 1  
356 2 0  
356 2 1  
357 3 0  
357 1 1  
358 1 0  
358 0 1  
359 0 0  
359 3 1  
360 2 0  
360 2 1  
361 3 0  
361 1 1  
362 0 0  
362 0 1  
363 1 0  
363 3 1  
364 2 0  
364 2 1  
365 3 0  
365 1 1  
366 0 0  
366 0 1  
367 1 0  
367 3 1  
368 2 0  
368 2 1  
369 3 0  
369 1 1  
370 0 0  
370 0 1  
371 2 0  
371 3 1  
372 1 0  
372 2 1  
373 0 0  
373 1 1  
374 3 0  
374 0 1  
375 2 0  
375 3 1  
376 0 0  
376 2 1  
377 1 0  
377 1 1  
378 3 0  
378 0 1  
379 2 0  
379 3 1  
380 0 0  
380 2 1  
381 1 0  
381 1 1  
382 3 0  
382 0 1  
383 2 0  
383 3 1  
384 0 0  
384 2 1  
385 1 0  
385 1 1  
386 3 0  
386 0 1  
387 2 0  
387 3 1  
388 0 0  
388 2 1  
389 1 0  
389 1 1  
390 3 0  
390 0 1  
391 2 0  
391 3 1  
392 0 0  
392 2 1  
393 1 0  
393 1 1  
394 3 0  
394 0 1  
395 2 0  
395 3 1  
396 0 0  
396 2 1  
397 1 0  
397 1 1  
398 3 0  
398 0 1  
399 2 0  
399 3 1  
400 0 0  
400 2 1  
401 1 0  
401 1 1  
402 2 0  
402 0 1  
403 3 0  
403 3 1  
404 0 0  
404 2 1  
405 2 0  
405 1 1  
406 1 0  
406 0 1  
407 3 0  
407 3 1  
408 0 0  
408 2 1  
409 2 0  
409 1 1  
410 1 0  
410 0 1  
411 3 0  
411 3 1  
412 0 0  
412 2 1  
413 2 0  
413 1 1  
414 1 0  
414 0 1  
415 3 0  
415 3 1  
416 0 0  
416 2 1  
417 2 0  
417 1 1  
418 1 0  
418 0 1  
419 3 0  
419 3 1  
420 0 0  
420 2 1  
421 2 0  
421 1 1  
422 1 0  
422 0 1  
423 3 0  
423 3 1  
424 0 0  
424 2 1  
425 2 0  
425 1 1  
426 1 0  
426 0 1  
427 3 0  
427 3 1  
428 0 0  
428 2 1  
429 2 0  
429 1 1  
430 1 0  
430 0 1  
431 3 0  
431 3 1  
432 0 0  
432 2 1  
433 2 0  
433 1 1  
434 1 0  
434 0 1  
435 3 0  
435 3 1  
436 0 0  
436 2 1  
437 2 0  
437 1 1  
438 1 0  
438 0 1  
439 3 0  
439 3 1  
440 0 0  
440 2 1  
441 2 0  
441 1 1  
442 1 0  
442 0 1  
443 3 0  
443 3 1  
444 0 0  
444 2 1  
445 2 0  
445 1 1  
446 1 0  
446 0 1  
447 3 0  
447 3 1  
448 0 0  
448 2 1  
449 2 0  
449 1 1  
450 1 0  
450 0 1  
451 3 0  
451 3 1  
452 0 0  
452 2 1  
453 2 0  
453 1 1  
454 1 0  
454 0 1  
455 3 0  
455 3 1  
456 0 0  
456 2 1  
457 2 0  
457 1 1  
458 1 0  
458 0 1  
459 3 0  
459 3 1  
460 0 0  
460 2 1  
461 2 0  
461 1 1  
462 1 0  
462 0 1  
463 3 0  
463 3 1  
464 0 0  
464 2 1  
465 2 0  
465 1 1  
466 1 0  
466 0 1  
467 3 0  
467 3 1  
468 0 0  
468 2 1  
469 2 0  
469 1 1  
470 1 0  
470 0 1  
471 3 0  
471 3 1  
472 0 0  
472 2 1  
473 2 0  
473 1 1  
474 1 0  
474 0 1  
475 3 0  
475 3 1  
476 0 0  
476 2 1  
477 2 0  
477 1 1  
478 1 0  
478 0 1  
479 3 0  
479 3 1  
480 0 0  
480 2 1  
481 2 0  
481 1 1  
482 1 0  
482 0 1  
483 3 0  
483 3 1  
484 0 0  
484 2 1  
485 2 0  
485 1 1  
486 1 0  
486 0 1  
487 3 0  
487 3 1  
488 0 0  
488 2 1  
489 2 0  
489 1 1  
490 1 0  
490 0 1  
491 3 0  
491 3 1  
492 0 0  
492 2 1  
493 2 0  
493 1 1  
494 1 0  
494 0 1  
495 3 0  
495 3 1  
496 0 0  
496 2 1  
497 2 0  
497 1 1  
498 1 0  
498 0 1  
499 0 0  
499 3 1  
500 3 0  
500 2 1  
501 2 0  
501 1 1  
502 1 0  
502 0 1  
503 0 0  
503 3 1  
504 2 0  
504 2 1  
505 3 0  
505 1 1  
506 1 0  
506 0 1  
507 0 0  
507 3 1  
508 2 0  
508 2 1  
509 3 0  
509 1 1  
510 1 0  
510 0 1  
511 0 0  
511 3 1  
512 2 0  
512 2 1  
513 3 0  
513 1 1  
514 1 0  
514 0 1  
515 0 0  
515 3 1  
516 2 0  
516 2 1  
517 3 0  
517 1 1  
518 1 0  
518 0 1  
519 0 0  
519 3 1  
520 2 0  
520 2 1  
521 3 0  
521 1 1  
522 1 0  
522 0 1  
523 0 0  
523 3 1  
524 2 0  
524 2 1  
525 3 0  
525 1 1  
526 0 0  
526 0 1  
527 1 0  
527 3 1  
528 2 0  
528 2 1  
529 3 0  
529 1 1  
530 0 0  
530 0 1  
531 1 0  
531 3 1  
532 2 0  
532 2 1  
533 3 0  
533 1 1  
534 0 0  
534 0 1  
535 1 0  
535 3 1  
536 2 0  
536 2 1  
537 3 0  
537 1 1  
538 0 0  
538 0 1  
539 1 0  
539 3 1  
540 2 0  
540 2 1  
541 3 0  
541 1 1  
542 0 0  
542 0 1  
543 1 0  
543 3 1  
544 2 0  
544 2 1  
545 3 0  
545 1 1  
546 0 0  
546 0 1  
547 2 0  
547 3 1  
548 1 0  
548 2 1  
549 3 0  
549 1 1  
550 0 0  
550 0 1  
551 2 0  
551 3 1  
552 1 0  
552 2 1  
553 3 0  
553 1 1  
554 0 0  
554 0 1  
555 2 0  
555 3 1  
556 3 0  
556 2 1  
557 1 0  
557 1 1  
558 0 0  
558 0 1  
559 2 0  
559 3 1  
560 3 0  
560 2 1  
561 1 0  
561 1 1  
562 0 0  
562 0 1  
563 2 0  
563 3 1  
564 3 0  
564 2 1  
565 1 0  
565 1 1  
566 0 0  
566 0 1  
567 2 0  
567 3 1  
568 3 0  
568 2 1  
569 1 0  
569 1 1  
570 0 0  
570 0 1  
571 2 0  
571 3 1  
572 3 0  
572 2 1  
573 0 0  
573 1 1  
574 1 0  
574 0 1  
575 2 0  
575 3 1  
576 3 0  
576 2 1  
577 0 0  
577 1 1  
578 1 0  
578 0 1  
579 2 0  
579 3 1  
580 3 0  
580 2 1  
581 0 0  
581 1 1  
582 1 0  
582 0 1  
583 2 0  
583 3 1  
584 3 0  
584 2 1  
585 0 0  
585 1 1  
586 1 0  
586 0 1  
587 2 0  
587 3 1  
588 3 0  
588 2 1  
589 0 0  
589 1 1  
590 1 0  
590 0 1  
591 2 0  
591 3 1  
592 3 0  
592 2 1  
593 0 0  
593 1 1  
594 1 0  
594 0 1  
595 2 0  
595 3 1  
596 3 0  
596 2 1  
597 0 0  
597 1 1  
598 1 0  
598 0 1  
599 2 0  
599 3 1  
600 0 0  
600 2 1  
601 3 0  
601 1 1  
602 1 0  
602 0 1  
603 2 0  
603 3 1  
604 0 0  
604 2 1  
605 3 0  
605 1 1  
606 1 0  
606 0 1  
607 2 0  
607 3 1  
608 0 0  
608 2 1  
609 3 0  
609 1 1  
610 1 0  
610 0 1  
611 2 0  
611 3 1  
612 0 0  
612 2 1  
613 3 0  
613 1 1  
614 1 0  
614 0 1  
615 2 0  
615 3 1  
616 0 0  
616 2 1  
617 3 0  
617 1 1  
618 1 0  
618 0 1  
619 2 0  
619 3 1  
620 0 0  
620 2 1  
621 3 0  
621 1 1  
622 1 0  
622 0 1  
623 2 0  
623 3 1  
624 0 0  
624 2 1  
625 3 0  
625 1 1  
626 1 0  
626 0 1  
627 2 0  
627 3 1  
628 0 0  
628 2 1  
629 3 0  
629 1 1  
630 1 0  
630 0 1  
631 2 0  
631 3 1  
632 0 0  
632 2 1  
633 3 0  
633 1 1  
634 1 0  
634 0 1  
635 2 0  
635 3 1  
636 0 0  
636 2 1  
637 3 0  
637 1 1  
638 2 0  
638 0 1  
639 1 0  
639 3 1  
640 0 0  
640 2 1  
641 3 0  
641 1 1  
642 2 0  
642 0 1  
643 1 0  
643 3 1  
644 0 0  
644 2 1  
645 3 0  
645 1 1  
646 2 0  
646 0 1  
647 1 0  
647 3 1  
648 0 0  
648 2 1  
649 2 0  
649 1 1  
650 3 0  
650 0 1  
651 1 0  
651 3 1  
652 0 0  
652 2 1  
653 2 0  
653 1 1  
654 3 0  
654 0 1  
655 0 0  
655 3 1  
656 1 0  
656 2 1  
657 2 0  
657 1 1  
658 3 0  
658 0 1  
659 0 0  
659 3 1  
660 1 0  
660 2 1  
661 2 0  
661 1 1  
662 3 0  
662 0 1  
663 0 0  
663 3 1  
664 1 0  
664 2 1  
665 2 0  
665 1 1  
666 3 0  
666 0 1  
667 0 0  
667 3 1  
668 1 0  
668 2 1  
669 2 0  
669 1 1  
670 3 0  
670 0 1  
671 0 0  
671 3 1  
672 1 0  
672 2 1  
673 2 0  
673 1 1  
674 3 0  
674 0 1  
675 0 0  
675 3 1  
676 2 0  
676 2 1  
677 1 0  
677 1 1  
678 3 0  
678 0 1  
679 0 0  
679 3 1  
680 2 0  
680 2 1  
681 1 0  
681 1 1  
682 3 0  
682 0 1  
683 0 0  
683 3 1  
684 2 0  
684 2 1  
685 1 0  
685 1 1  
686 3 0  
686 0 1  
687 0 0  
687 3 1  
688 2 0  
688 2 1  
689 1 0  
689 1 1  
690 3 0  
690 0 1  
691 0 0  
691 3 1  
692 2 0  
692 2 1  
693 1 0  
693 1 1  
694 3 0  
694 0 1  
695 0 0  
695 3 1  
696 2 0  
696 2 1  
697 1 0  
697 1 1  
698 3 0  
698 0 1  
699 0 0  
699 3 1  
700 2 0  
700 2 1  
701 1 0  
701 1 1  
702 3 0  
702 0 1  
703 0 0  
703 3 1  
704 2 0  
704 2 1  
705 1 0  
705 1 1  
706 3 0  
706 0 1  
707 0 0  
707 3 1  
708 2 0  
708 2 1  
709 1 0  
709 1 1  
710 3 0  
710 0 1  
711 0 0  
711 3 1  
712 2 0  
712 2 1  
713 1 0  
713 1 1  
714 3 0  
714 0 1  
715 0 0  
715 3 1  
716 2 0  
716 2 1  
717 1 0  
717 1 1  
718 3 0  
718 0 1  
719 0 0  
719 3 1  
720 2 0  
720 2 1  
721 1 0  
721 1 1  
722 3 0  
722 0 1  
723 0 0  
723 3 1  
724 2 0  
724 2 1  
725 1 0  
725 1 1  
726 3 0  
726 0 1  
727 0 0  
727 3 1  
728 2 0  
728 2 1  
729 1 0  
729 1 1  
730 3 0  
730 0 1  
731 0 0  
731 3 1  
732 2 0  
732 2 1  
733 1 0  
733 1 1  
734 3 0  
734 0 1  
735 0 0  
735 3 1  
736 2 0  
736 2 1  
737 1 0  
737 1 1  
738 3 0  
738 0 1  
739 0 0  
739 3 1  
740 2 0  
740 2 1  
741 1 0  
741 1 1  
742 3 0  
742 0 1  
743 0 0  
743 3 1  
744 2 0  
744 2 1  
745 1 0  
745 1 1  
746 3 0  
746 0 1  
747 0 0  
747 3 1  
748 2 0  
748 2 1  
749 1 0  
749 1 1  
750 3 0  
750 0 1  
751 0 0  
751 3 1  
752 2 0  
752 2 1  
753 1 0  
753 1 1  
754 3 0  
754 0 1  
755 0 0  
755 3 1  
756 2 0  
756 2 1  
757 1 0  
757 1 1  
758 3 0  
758 0 1  
759 0 0  
759 3 1  
760 2 0  
760 2 1  
761 1 0  
761 1 1  
762 3 0  
762 0 1  
763 0 0  
763 3 1  
764 2 0  
764 2 1  
765 1 0  
765 1 1  
766 3 0  
766 0 1  
767 0 0  
767 3 1  
768 2 0  
768 2 1  
769 1 0  
769 1 1  
770 3 0  
770 0 1  
771 0 0  
771 3 1  
772 2 0  
772 2 1  
773 1 0  
773 1 1  
774 3 0  
774 0 1  
775 0 0  
775 3 1  
776 2 0  
776 2 1  
777 1 0  
777 1 1  
778 3 0  
778 0 1  
779 0 0  
779 3 1  
780 2 0  
780 2 1  
781 3 0  
781 1 1  
782 1 0  
782 0 1  
783 0 0  
783 3 1  
784 2 0  
784 2 1  
785 3 0  
785 1 1  
786 1 0  
786 0 1  
787 0 0  
787 3 1  
788 2 0  
788 2 1  
789 3 0  
789 1 1  
790 1 0  
790 0 1  
791 0 0  
791 3 1  
792 2 0  
792 2 1  
793 3 0  
793 1 1  
794 1 0  
794 0 1  
795 0 0  
795 3 1  
796 2 0  
796 2 1  
797 3 0  
797 1 1  
798 1 0  
798 0 1  
799 0 0  
799 3 1  
800 2 0  
800 2 1  
801 3 0  
801 1 1  
802 1 0  
802 0 1  
803 0 0  
803 3 1  
804 2 0  
804 2 1  
805 3 0  
805 1 1  
806 1 0  
806 0 1  
807 0 0  
807 3 1  
808 2 0  
808 2 1  
809 3 0  
809 1 1  
810 1 0  
810 0 1  
811 0 0  
811 3 1  
812 2 0  
812 2 1  
813 3 0  
813 1 1  
814 1 0  
814 0 1  
815 0 0  
815 3 1  
816 2 0  
816 2 1  
817 3 0  
817 1 1  
818 1 0  
818 0 1  
819 0 0  
819 3 1  
820 2 0  
820 2 1  
821 3 0  
821 1 1  
822 1 0  
822 0 1  
823 0 0  
823 3 1  
824 2 0  
824 2 1  
825 3 0  
825 1 1  
826 1 0  
826 0 1  
827 0 0  
827 3 1  
828 2 0  
828 2 1  
829 3 0  
829 1 1  
830 0 0  
830 0 1  
831 1 0  
831 3 1  
832 2 0  
832 2 1  
833 3 0  
833 1 1  
834 0 0  
834 0 1  
835 1 0  
835 3 1  
836 2 0  
836 2 1  
837 3 0  
837 1 1  
838 0 0  
838 0 1  
839 1 0  
839 3 1  
840 2 0  
840 2 1  
841 3 0  
841 1 1  
842 0 0  
842 0 1  
843 1 0  
843 3 1  
844 2 0  
844 2 1  
845 3 0  
845 1 1  
846 0 0  
846 0 1  
847 1 0  
847 3 1  
848 2 0  
848 2 1  
849 3 0  
849 1 1  
850 0 0  
850 0 1  
851 1 0  
851 3 1  
852 2 0  
852 2 1  
853 3 0  
853 1 1  
854 0 0  
854 0 1  
855 1 0  
855 3 1  
856 2 0  
856 2 1  
857 3 0  
857 1 1  
858 0 0  
858 0 1  
859 1 0  
859 3 1  
860 2 0  
860 2 1  
861 3 0  
861 1 1  
862 0 0  
862 0 1  
863 2 0  
863 3 1  
864 1 0  
864 2 1  
865 3 0  
865 1 1  
866 0 0  
866 0 1  
867 2 0  
867 3 1  
868 1 0  
868 2 1  
869 3 0  
869 1 1  
870 0 0  
870 0 1  
871 2 0  
871 3 1  
872 1 0  
872 2 1  
873 3 0  
873 1 1  
874 0 0  
874 0 1  
875 2 0  
875 3 1  
876 1 0  
876 2 1  
877 3 0  
877 1 1  
878 0 0  
878 0 1  
879 2 0  
879 3 1  
880 3 0  
880 2 1  
881 1 0  
881 1 1  
882 0 0  
882 0 1  
883 2 0  
883 3 1  
884 3 0  
884 2 1  
885 1 0  
885 1 1  
886 0 0  
886 0 1  
887 2 0  
887 3 1  
888 3 0  
888 2 1  
889 1 0  
889 1 1  
890 0 0  
890 0 1  
891 2 0  
891 3 1  
892 3 0  
892 2 1  
893 0 0  
893 1 1  
894 1 0  
894 0 1  
895 2 0  
895 3 1  
896 3 0  
896 2 1  
897 0 0  
897 1 1  
898 2 0  
898 0 1  
899 1 0  
899 3 1  
900 3 0  
900 2 1  
901 0 0  
901 1 1  
902 2 0  
902 0 1  
903 1 0  
903 3 1  
904 3 0  
904 2 1  
905 0 0  
905 1 1  
906 2 0  
906 0 1  
907 1 0  
907 3 1  
908 3 0  
908 2 1  
909 0 0  
909 1 1  
910 2 0  
910 0 1  
911 1 0  
911 3 1  
912 3 0  
912 2 1  
913 0 0  
913 1 1  
914 2 0  
914 0 1  
915 1 0  
915 3 1  
916 3 0  
916 2 1  
917 0 0  
917 1 1  
918 2 0  
918 0 1  
919 1 0  
919 3 1  
920 3 0  
920 2 1  
921 0 0  
921 1 1  
922 2 0  
922 0 1  
923 1 0  
923 3 1  
924 3 0  
924 2 1  
925 0 0  
925 1 1  
926 2 0  
926 0 1  
927 1 0  
927 3 1  
928 3 0  
928 2 1  
929 0 0  
929 1 1  
930 2 0  
930 0 1  
931 1 0  
931 3 1  
932 3 0  
932 2 1  
933 0 0  
933 1 1  
934 2 0  
934 0 1  
935 1 0  
935 3 1  
936 3 0  
936 2 1  
937 0 0  
937 1 1  
938 2 0  
938 0 1  
939 1 0  
939 3 1  
940 3 0  
940 2 1  
941 0 0  
941 1 1  
942 2 0  
942 0 1  
943 1 0  
943 3 1  
944 3 0  
944 2 1  
945 0 0  
945 1 1  
946 2 0  
946 0 1  
947 1 0  
947 3 1  
948 3 0  
948 2 1  
949 0 0  
949 1 1  
950 2 0  
950 0 1  
951 1 0  
951 3 1  
952 3 0  
952 2 1  
953 0 0  
953 1 1  
954 2 0  
954 0 1  
955 1 0  
955 3 1  
956 3 0  
956 2 1  
957 0 0  
957 1 1  
958 2 0  
958 0 1  
959 1 0  
959 3 1  
960 3 0  
960 2 1  
961 0 0  
961 1 1  
962 2 0  
962 0 1  
963 1 0  
963 3 1  
964 3 0  
964 2 1  
965 0 0  
965 1 1  
966 2 0  
966 0 1  
967 1 0  
967 3 1  
968 0 0  
968 2 1  
969 3 0  
969 1 1  
970 2 0  
970 0 1  
971 0 0  
971 3 1  
972 1 0  
972 2 1  
973 3 0  
973 1 1  
974 2 0  
974 0 1  
975 0 0  
975 3 1  
976 1 0  
976 2 1  
977 3 0  
977 1 1  
978 0 0  
978 0 1  
979 2 0  
979 3 1  
980 3 0  
980 2 1  
981 1 0  
981 1 1  
982 0 0  
982 3 1  
983 2 0  
983 0 1  
984 3 0  
984 2 1  
985 1 0  
985 1 1  
986 0 0  
986 3 1  
987 2 0  
987 0 1  
988 3 0  
988 2 1  
989 0 0  
989 1 1  
990 1 0  
990 3 1  
991 2 0  
991 0 1  
992 3 0  
992 2 1  
993 0 0  
993 1 1  
994 2 0  
994 3 1  
995 1 0  
995 0 1  
996 3 0  
996 2 1  
997 0 0  
997 1 1  
998 2 0  
998 3 1  
999 3 0  
999 0 1  
1000 1 0  
1000 2 1  
1001 0 0  
1001 1 1  
1002 2 0  
1002 3 1  
1003 3 0  
1003 0 1  
1004 1 0  
1004 2 1  
1005 0 0  
1005 1 1  
1006 2 0  
1006 3 1  
1007 3 0  
1007 0 1  
1008 1 0  
1008 2 1  
1009 0 0  
1009 1 1  
1010 2 0  
1010 3 1  
1011 3 0  
1011 0 1  
1012 1 0  
1012 2 1  
1013 0 0  
1013 1 1  
1014 2 0  
1014 3 1  
1015 3 0  
1015 0 1  
1016 1 0  
1016 2 1  
1017 0 0  
1017 1 1  
1018 2 0  
1018 3 1  
1019 3 0  
1019 0 1  
1020 1 0  
1020 2 1  
1021 0 0  
1021 1 1  
1022 2 0  
1022 3 1  
1023 3 0  
1023 0 1  
1024 1 0  
1024 2 1  
1025 0 0  
1025 1 1  
1026 2 0  
1026 3 1  
1027 3 0  
1027 0 1  
1028 1 0  
1028 2 1  
1029 0 0  
1029 1 1  
1030 2 0  
1030 3 1  
1031 3 0  
1031 0 1  
1032 1 0  
1032 2 1  
1033 0 0  
1033 1 1  
1034 2 0  
1034 3 1  
1035 3 0  
1035 0 1  
1036 1 0  
1036 2 1  
1037 0 0  
1037 1 1  
1038 2 0  
1038 3 1  
1039 3 0  
1039 0 1  
1040 1 0  
1040 2 1  
1041 0 0  
1041 1 1  
1042 2 0  
1042 3 1  
1043 3 0  
1043 0 1  
1044 1 0  
1044 2 1  
1045 0 0  
1045 1 1  
1046 2 0  
1046 3 1  
1047 3 0  
1047 0 1  
1048 0 0  
1048 2 1  
1049 1 0  
1049 1 1  
1050 2 0  
1050 3 1  
1051 3 0  
1051 0 1  
1052 0 0  
1052 2 1  
1053 2 0  
1053 1 1  
1054 1 0  
1054 3 1  
1055 3 0  
1055 0 1  
1056 0 0  
1056 2 1  
1057 2 0  
1057 1 1  
1058 1 0  
1058 3 1  
1059 3 0  
1059 0 1  
1060 0 0  
1060 2 1  
1061 2 0  
1061 1 1  
1062 1 0  
1062 3 1  
1063 0 0  
1063 0 1  
1064 3 0  
1064 2 1  
1065 2 0  
1065 1 1  
1066 1 0  
1066 3 1  
1067 0 0  
1067 0 1  
1068 3 0  
1068 2 1  
1069 2 0  
1069 1 1  
1070 0 0  
1070 3 1  
1071 1 0  
1071 0 1  
1072 3 0  
1072 2 1  
1073 2 0  
1073 1 1  
1074 0 0  
1074 3 1  
1075 1 0  
1075 0 1  
1076 3 0  
1076 2 1  
1077 2 0  
1077 1 1  
1078 0 0  
1078 3 1  
1079 1 0  
1079 0 1  
1080 3 0  
1080 2 1  
1081 2 0  
1081 1 1  
1082 0 0  
1082 3 1  
1083 3 0  
1083 0 1  
1084 1 0  
1084 2 1  
1085 2 0  
1085 1 1  
1086 0 0  
1086 3 1  
1087 3 0  
1087 0 1  
1088 1 0  
1088 2 1  
1089 2 0  
1089 1 1  
1090 0 0  
1090 3 1  
1091 3 0  
1091 0 1  
1092 1 0  
1092 2 1  
1093 2 0  
1093 1 1  
1094 0 0  
1094 3 1  
1095 3 0  
1095 0 1  
1096 1 0  
1096 2 1  
1097 2 0  
1097 1 1  
1098 0 0  
1098 3 1  
1099 3 0  
1099 0 1  
1100 1 0  
1100 2 1  
1101 2 0  
1101 1 1  
1102 0 0  
1102 3 1  
1103 3 0  
1103 0 1  
1104 1 0  
1104 2 1  
1105 2 0  
1105 1 1  
1106 0 0  
1106 3 1  
1107 3 0  
1107 0 1  
1108 1 0  
1108 2 1  
1109 2 0  
1109 1 1  
1110 0 0  
1110 3 1  
1111 3 0  
1111 0 1  
1112 1 0  
1112 2 1  
1113 2 0  
1113 1 1  
1114 0 0  
1114 3 1  
1115 3 0  
1115 0 1  
1116 1 0  
1116 2 1  
1117 2 0  
1117 1 1  
1118 0 0  
1118 3 1  
1119 3 0  
1119 0 1  
1120 1 0  
1120 2 1  
1121 2 0  
1121 1 1  
1122 0 0  
1122 3 1  
1123 3 0  
1123 0 1  
1124 1 0  
1124 2 1  
1125 2 0  
1125 1 1  
1126 0 0  
1126 3 1  
1127 3 0  
1127 0 1  
1128 1 0  
1128 2 1  
1129 2 0  
1129 1 1  
1130 0 0  
1130 3 1  
1131 3 0  
1131 0 1  
1132 1 0  
1132 2 1  
1133 2 0  
1133 1 1  
1134 0 0  
1134 3 1  
1135 3 0  
1135 0 1  
1136 1 0  
1136 2 1  
1137 2 0  
1137 1 1  
1138 0 0  
1138 3 1  
1139 3 0  
1139 0 1  
1140 1 0  
1140 2 1  
1141 2 0  
1141 1 1  
1142 0 0  
1142 3 1  
1143 3 0  
1143 0 1  
1144 1 0  
1144 2 1  
1145 2 0  
1145 1 1  
1146 0 0  
1146 3 1  
1147 3 0  
1147 0 1  
1148 1 0  
1148 2 1  
1149 2 0  
1149 1 1  
1150 0 0  
1150 3 1  
1151 3 0  
1151 0 1  
1152 1 0  
1152 2 1  
1153 2 0  
1153 1 1  
1154 0 0  
1154 3 1  
1155 3 0  
1155 0 1  
1156 1 0  
1156 2 1  
1157 2 0  
1157 1 1  
1158 0 0  
1158 3 1  
1159 3 0  
1159 0 1  
1160 2 0  
1160 2 1  
1161 1 0  
1161 1 1  
1162 0 0  
1162 3 1  
1163 3 0  
1163 0 1  
1164 2 0  
1164 2 1  
1165 1 0  
1165 1 1  
1166 0 0  
1166 3 1  
1167 3 0  
1167 0 1  
1168 2 0  
1168 2 1  
1169 0 0  
1169 1 1  
1170 1 0  
1170 3 1  
1171 3 0  
1171 0 1  
1172 2 0  
1172 2 1  
1173 0 0  
1173 1 1  
1174 1 0  
1174 3 1  
1175 3 0  
1175 0 1  
1176 2 0  
1176 2 1  
1177 0 0  
1177 1 1  
1178 1 0  
1178 3 1  
1179 3 0  
1179 0 1  
1180 2 0  
1180 2 1  
1181 0 0  
1181 1 1  
1182 1 0  
1182 3 1  
1183 3 0  
1183 0 1  
1184 2 0  
1184 2 1  
1185 0 0  
1185 1 1  
1186 1 0  
1186 3 1  
1187 3 0  
1187 0 1  
1188 2 0  
1188 2 1  
1189 0 0  
1189 1 1  
1190 1 0  
1190 3 1  
1191 3 0  
1191 0 1  
1192 2 0  
1192 2 1  
1193 0 0  
1193 1 1  
1194 1 0  
1194 3 1  
1195 3 0  
1195 0 1  
1196 2 0  
1196 2 1  
1197 0 0  
1197 1 1  
1198 1 0  
1198 3 1  
1199 3 0  
1199 0 1  
1200 2 0  
1200 2 1  
1201 0 0  
1201 1 1  
1202 1 0  
1202 3 1  
1203 3 0  
1203 0 1  
1204 2 0  
1204 2 1  
1205 0 0  
1205 1 1  
1206 1 0  
1206 3 1  
1207 3 0  
1207 0 1  
1208 2 0  
1208 2 1  
1209 0 0  
1209 1 1  
1210 3 0  
1210 3 1  
1211 1 0  
1211 0 1  
1212 2 0  
1212 2 1  
1213 0 0  
1213 1 1  
1214 3 0  
1214 3 1  
1215 1 0  
1215 0 1  
1216 2 0  
1216 2 1  
1217 0 0  
1217 1 1  
1218 3 0  
1218 3 1  
1219 2 0  
1219 0 1  
1220 1 0  
1220 2 1  
1221 0 0  
1221 1 1  
1222 3 0  
1222 3 1  
1223 2 0  
1223 0 1  
1224 1 0  
1224 2 1  
1225 0 0  
1225 1 1  
1226 3 0  
1226 3 1  
1227 2 0  
1227 0 1  
1228 1 0  
1228 2 1  
1229 0 0  
1229 1 1  
1230 3 0  
1230 3 1  
1231 2 0  
1231 0 1  
1232 1 0  
1232 2 1  
1233 0 0  
1233 1 1  
1234 3 0  
1234 3 1  
1235 2 0  
1235 0 1  
1236 1 0  
1236 2 1  
1237 0 0  
1237 1 1  
1238 3 0  
1238 3 1  
1239 2 0  
1239 0 1  
1240 1 0  
1240 2 1  
1241 0 0  
1241 1 1  
1242 3 0  
1242 3 1  
1243 2 0  
1243 0 1  
1244 1 0  
1244 2 1  
1245 0 0  
1245 1 1  
1246 3 0  
1246 3 1  
1247 2 0  
1247 0 1  
1248 1 0  
1248 2 1  
1249 0 0  
1249 1 1  
1250 3 0  
1250 3 1  
1251 2 0  
1251 0 1  
1252 1 0  
1252 2 1  
1253 0 0  
1253 1 1  
1254 3 0  
1254 3 1  
1255 2 0  
1255 0 1  
1256 1 0  
1256 2 1  
1257 0 0  
1257 1 1  
1258 3 0  
1258 3 1  
1259 2 0  
1259 0 1  
1260 0 0  
1260 2 1  
1261 1 0  
1261 1 1  
1262 3 0  
1262 3 1  
1263 2 0  
1263 0 1  
1264 0 0  
1264 2 1  
1265 1 0  
1265 1 1  
1266 3 0  
1266 3 1  
1267 2 0  
1267 0 1  
1268 0 0  
1268 2 1  
1269 1 0  
1269 1 1  
1270 3 0  
1270 3 1  
1271 2 0  
1271 0 1  
1272 0 0  
1272 2 1  
1273 1 0  
1273 1 1  
1274 3 0  
1274 3 1  
1275 2 0  
1275 0 1  
1276 0 0  
1276 2 1  
1277 1 0  
1277 1 1  
1278 3 0  
1278 3 1  
1279 2 0  
1279 0 1  
1280 0 0  
1280 2 1  
1281 1 0  
1281 1 1  
1282 3 0  
1282 3 1  
1283 2 0  
1283 0 1  
1284 0 0  
1284 2 1  
1285 1 0  
1285 1 1  
1286 3 0  
1286 3 1  
1287 2 0  
1287 0 1  
1288 0 0  
1288 2 1  
1289 3 0  
1289 1 1  
1290 1 0  
1290 3 1  
1291 2 0  
1291 0 1  
1292 0 0  
1292 2 1  
1293 3 0  
1293 1 1  
1294 1 0  
1294 3 1  
1295 2 0  
1295 0 1  
1296 0 0  
1296 2 1  
1297 3 0  
1297 1 1  
1298 1 0  
1298 3 1  
1299 2 0  
1299 0 1  
1300 0 0  
1300 2 1  
1301 3 0  
1301 1 1  
1302 2 0  
1302 3 1  
1303 1 0  
1303 0 1  
1304 0 0  
1304 2 1  
1305 3 0  
1305 1 1  
1306 2 0  
1306 3 1  
1307 1 0  
1307 0 1  
1308 0 0  
1308 2 1  
1309 3 0  
1309 1 1  
1310 2 0  
1310 3 1  
1311 1 0  
1311 0 1  
1312 0 0  
1312 2 1  
1313 3 0  
1313 1 1  
1314 2 0  
1314 3 1  
1315 1 0  
1315 0 1  
1316 0 0  
1316 2 1  
1317 3 0  
1317 1 1  
1318 2 0  
1318 3 1  
1319 1 0  
1319 0 1  
1320 0 0  
1320 2 1  
1321 3 0  
1321 1 1  
1322 2 0  
1322 3 1  
1323 1 0  
1323 0 1  
1324 0 0  
1324 2 1  
1325 3 0  
1325 1 1  
1326 2 0  
1326 3 1  
1327 1 0  
1327 0 1  
1328 0 0  
1328 2 1  
1329 3 0  
1329 1 1  
1330 2 0  
1330 3 1  
1331 1 0  
1331 0 1  
1332 0 0  
1332 2 1  
1333 3 0  
1333 1 1  
1334 2 0  
1334 3 1  
1335 1 0  
1335 0 1  
1336 0 0  
1336 2 1  
1337 3 0  
1337 1 1  
1338 2 0  
1338 3 1  
1339 1 0  
1339 0 1  
1340 0 0  
1340 2 1  
1341 3 0  
1341 1 1  
1342 2 0  
1342 3 1  
1343 1 0  
1343 0 1  
1344 0 0  
1344 2 1  
1345 3 0  
1345 1 1  
1346 2 0  
1346 3 1  
1347 1 0  
1347 0 1  
1348 0 0  
1348 2 1  
1349 3 0  
1349 1 1  
1350 2 0  
1350 3 1  
1351 1 0  
1351 0 1  
1352 0 0  
1352 2 1  
1353 3 0  
1353 1 1  
1354 2 0  
1354 3 1  
1355 1 0  
1355 0 1  
1356 0 0  
1356 2 1  
1357 3 0  
1357 1 1  
1358 2 0  
1358 3 1  
1359 1 0  
1359 0 1  
1360 0 0  
1360 2 1  
1361 3 0  
1361 1 1  
1362 2 0  
1362 3 1  
1363 1 0  
1363 0 1  
1364 0 0  
1364 2 1  
1365 3 0  
1365 1 1  
1366 2 0  
1366 3 1  
1367 1 0  
1367 0 1  
1368 0 0  
1368 2 1  
1369 3 0  
1369 1 1  
1370 2 0  
1370 3 1  
1371 1 0  
1371 0 1  
1372 0 0  
1372 2 1  
1373 3 0  
1373 1 1  
1374 2 0  
1374 3 1  
1375 1 0  
1375 0 1  
1376 0 0  
1376 2 1  
1377 3 0  
1377 1 1  
1378 2 0  
1378 3 1  
1379 1 0  
1379 0 1  
1380 0 0  
1380 2 1  
1381 3 0  
1381 1 1  
1382 2 0  
1382 3 1  
1383 1 0  
1383 0 1  
1384 0 0  
1384 2 1  
1385 3 0  
1385 1 1  
1386 2 0  
1386 3 1  
1387 1 0  
1387 0 1  
1388 0 0  
1388 2 1  
1389 3 0  
1389 1 1  
1390 2 0  
1390 3 1  
1391 1 0  
1391 0 1  
1392 0 0  
1392 2 1  
1393 3 0  
1393 1 1  
1394 2 0  
1394 3 1  
1395 0 0  
1395 0 1  
1396 1 0  
1396 2 1  
1397 3 0  
1397 1 1  
1398 2 0  
1398 3 1  
1399 0 0  
1399 0 1  
1400 3 0  
1400 2 1  
1401 1 0  
1401 1 1  
1402 2 0  
1402 3 1  
1403 0 0  
1403 0 1  
1404 3 0  
1404 2 1  
1405 1 0  
1405 1 1  
1406 2 0  
1406 3 1  
1407 0 0  
1407 0 1  
1408 3 0  
1408 2 1  
1409 1 0  
1409 1 1  
1410 2 0  
1410 3 1  
1411 0 0  
1411 0 1  
1412 3 0  
1412 2 1  
1413 2 0  
1413 1 1  
1414 1 0  
1414 3 1  
1415 0 0  
1415 0 1  
1416 3 0  
1416 2 1  
1417 2 0  
1417 1 1  
1418 1 0  
1418 3 1  
1419 0 0  
1419 0 1  
1420 3 0  
1420 2 1  
1421 2 0  
1421 1 1  
1422 0 0  
1422 3 1  
1423 1 0  
1423 0 1  
1424 3 0  
1424 2 1  
1425 2 0  
1425 1 1  
1426 0 0  
1426 3 1  
1427 1 0  
1427 0 1  
1428 3 0  
1428 2 1  
1429 2 0  
1429 1 1  
1430 0 0  
1430 3 1  
1431 1 0  
1431 0 1  
1432 3 0  
1432 2 1  
1433 2 0  
1433 1 1  
1434 0 0  
1434 3 1  
1435 1 0  
1435 0 1  
1436 3 0  
1436 2 1  
1437 2 0  
1437 1 1  
1438 0 0  
1438 3 1  
1439 3 0  
1439 0 1  
1440 1 0  
1440 2 1  
1441 2 0  
1441 1 1  
1442 0 0  
1442 3 1  
1443 3 0  
1443 0 1  
1444 1 0  
1444 2 1  
1445 2 0  
1445 1 1  
1446 0 0  
1446 3 1  
1447 3 0  
1447 0 1  
1448 1 0  
1448 2 1  
1449 2 0  
1449 1 1  
1450 0 0  
1450 3 1  
1451 3 0  
1451 0 1  
1452 1 0  
1452 2 1  
1453 2 0  
1453 1 1  
1454 0 0  
1454 3 1  
1455 3 0  
1455 0 1  
1456 1 0  
1456 2 1  
1457 2 0  
1457 1 1  
1458 0 0  
1458 3 1  
1459 3 0  
1459 0 1  
1460 1 0  
1460 2 1  
1461 2 0  
1461 1 1  
1462 0 0  
1462 3 1  
1463 3 0  
1463 0 1  
1464 1 0  
1464 2 1  
1465 2 0  
1465 1 1  
1466 0 0  
1466 3 1  
1467 3 0  
1467 0 1  
1468 1 0  
1468 2 1  
1469 0 0  
1469 1 1  
1470 2 0  
1470 3 1  
1471 3 0  
1471 0 1  
1472 0 0  
1472 2 1  
1473 1 0  
1473 1 1  
1474 2 0  
1474 3 1  
1475 3 0  
1475 0 1  
1476 0 0  
1476 2 1  
1477 1 0  
1477 1 1  
1478 3 0  
1478 3 1  
1479 2 0  
1479 0 1  
1480 0 0  
1480 2 1  
1481 1 0  
1481 1 1  
1482 3 0  
1482 3 1  
1483 2 0  
1483 0 1  
1484 0 0  
1484 2 1  
1485 1 0  
1485 1 1  
1486 3 0  
1486 3 1  
1487 2 0  
1487 0 1  
1488 0 0  
1488 2 1  
1489 1 0  
1489 1 1  
1490 3 0  
1490 3 1  
1491 2 0  
1491 0 1  
1492 0 0  
1492 2 1  
1493 1 0  
1493 1 1  
1494 3 0  
1494 3 1  
1495 2 0  
1495 0 1  
1496 0 0  
1496 2 1  
1497 1 0  
1497 1 1  
1498 3 0  
1498 3 1  
1499 2 0  
1499 0 1  
1500 0 0  
1500 2 1  
1501 1 0  
1501 1 1  
1502 3 0  
1502 3 1  
1503 2 0  
1503 0 1  
1504 0 0  
1504 2 1  
1505 1 0  
1505 1 1  
1506 3 0  
1506 3 1  
1507 2 0  
1507 0 1  
1508 0 0  
1508 2 1  
1509 1 0  
1509 1 1  
1510 3 0  
1510 3 1  
1511 2 0  
1511 0 1  
1512 0 0  
1512 2 1  
1513 1 0  
1513 1 1  
1514 3 0  
1514 3 1  
1515 2 0  
1515 0 1  
1516 0 0  
1516 2 1  
1517 1 0  
1517 1 1  
1518 3 0  
1518 3 1  
1519 2 0  
1519 0 1  
1520 0 0  
1520 2 1  
1521 1 0  
1521 1 1  
1522 3 0  
1522 3 1  
1523 2 0  
1523 0 1  
1524 0 0  
1524 2 1  
1525 1 0  
1525 1 1  
1526 3 0  
1526 3 1  
1527 2 0  
1527 0 1  
1528 0 0  
1528 2 1  
1529 1 0  
1529 1 1  
1530 3 0  
1530 3 1  
1531 2 0  
1531 0 1  
1532 0 0  
1532 2 1  
1533 1 0  
1533 1 1  
1534 3 0  
1534 3 1  
1535 2 0  
1535 0 1  
1536 0 0  
1536 2 1  
1537 1 0  
1537 1 1  
1538 3 0  
1538 3 1  
1539 2 0  
1539 0 1  
1540 0 0  
1540 2 1  
1541 1 0  
1541 1 1  
1542 3 0  
1542 3 1  
1543 2 0  
1543 0 1  
1544 0 0  
1544 2 1  
1545 1 0  
1545 1 1  
1546 3 0  
1546 3 1  
1547 2 0  
1547 0 1  
1548 0 0  
1548 2 1  
1549 1 0  
1549 1 1  
1550 3 0  
1550 3 1  
1551 2 0  
1551 0 1  
1552 0 0  
1552 2 1  
1553 1 0  
1553 1 1  
1554 3 0  
1554 3 1  
1555 2 0  
1555 0 1  
1556 0 0  
1556 2 1  
1557 1 0  
1557 1 1  
1558 3 0  
1558 3 1  
1559 2 0  
1559 0 1  
1560 0 0  
1560 2 1  
1561 1 0  
1561 1 1  
1562 3 0  
1562 3 1  
1563 2 0  
1563 0 1  
1564 0 0  
1564 2 1  
1565 1 0  
1565 1 1  
1566 3 0  
1566 3 1  
1567 2 0  
1567 0 1  
1568 0 0  
1568 2 1  
1569 1 0  
1569 1 1  
1570 3 0  
1570 3 1  
1571 2 0  
1571 0 1  
1572 0 0  
1572 2 1  
1573 1 0  
1573 1 1  
1574 3 0  
1574 3 1  
1575 2 0  
1575 0 1  
1576 0 0  
1576 2 1  
1577 1 0  
1577 1 1  
1578 3 0  
1578 3 1  
1579 2 0  
1579 0 1  
1580 0 0  
1580 2 1  
1581 1 0  
1581 1 1  
1582 3 0  
1582 3 1  
1583 2 0  
1583 0 1  
1584 0 0  
1584 2 1  
1585 1 0  
1585 1 1  
1586 3 0  
1586 3 1  
1587 2 0  
1587 0 1  
1588 0 0  
1588 2 1  
1589 1 0  
1589 1 1  
1590 3 0  
1590 3 1  
1591 0 0  
1591 0 1  
1592 2 0  
1592 2 1  
1593 1 0  
1593 1 1  
1594 3 0  
1594 3 1  
1595 0 0  
1595 0 1  
1596 2 0  
1596 2 1  
1597 1 0  
1597 1 1  
1598 3 0  
1598 3 1  
1599 0 0  
1599 0 1  
1600 2 0  
1600 2 1  
1601 1 0  
1601 1 1  
1602 3 0  
1602 3 1  
1603 0 0  
1603 0 1  
1604 2 0  
1604 2 1  
1605 1 0  
1605 1 1  
1606 3 0  
1606 3 1  
1607 0 0  
1607 0 1  
1608 2 0  
1608 2 1  
1609 1 0  
1609 1 1  
1610 3 0  
1610 3 1  
1611 0 0  
1611 0 1  
1612 2 0  
1612 2 1  
1613 1 0  
1613 1 1  
1614 3 0  
1614 3 1  
1615 0 0  
1615 0 1  
1616 2 0  
1616 2 1  
1617 1 0  
1617 1 1  
1618 3 0  
1618 3 1  
1619 0 0  
1619 0 1  
1620 2 0  
1620 2 1  
1621 1 0  
1621 1 1  
1622 3 0  
1622 3 1  
1623 0 0  
1623 0 1  
1624 2 0  
1624 2 1  
1625 1 0  
1625 1 1  
1626 3 0  
1626 3 1  
1627 0 0  
1627 0 1  
1628 2 0  
1628 2 1  
1629 3 0  
1629 1 1  
1630 1 0  
1630 3 1  
1631 0 0  
1631 0 1  
1632 2 0  
1632 2 1  
1633 3 0  
1633 1 1  
1634 0 0  
1634 3 1  
1635 1 0  
1635 0 1  
1636 2 0  
1636 2 1  
1637 3 0  
1637 1 1  
1638 0 0  
1638 3 1  
1639 2 0  
1639 0 1  
1640 1 0  
1640 2 1  
1641 3 0  
1641 1 1  
1642 0 0  
1642 3 1  
1643 2 0  
1643 0 1  
1644 3 0  
1644 2 1  
1645 1 0  
1645 1 1  
1646 0 0  
1646 3 1  
1647 2 0  
1647 0 1  
1648 3 0  
1648 2 1  
1649 1 0  
1649 1 1  
1650 0 0  
1650 3 1  
1651 2 0  
1651 0 1  
1652 3 0  
1652 2 1  
1653 1 0  
1653 1 1  
1654 0 0  
1654 3 1  
1655 2 0  
1655 0 1  
1656 3 0  
1656 2 1  
1657 1 0  
1657 1 1  
1658 0 0  
1658 3 1  
1659 2 0  
1659 0 1  
1660 3 0  
1660 2 1  
1661 1 0  
1661 1 1  
1662 0 0  
1662 3 1  
1663 2 0  
1663 0 1  
1664 3 0  
1664 2 1  
1665 1 0  
1665 1 1  
1666 0 0  
1666 3 1  
1667 2 0  
1667 0 1  
1668 3 0  
1668 2 1  
1669 1 0  
1669 1 1  
1670 0 0  
1670 3 1  
1671 2 0  
1671 0 1  
1672 3 0  
1672 2 1  
1673 1 0  
1673 1 1  
1674 0 0  
1674 3 1  
1675 2 0  
1675 0 1  
1676 3 0  
1676 2 1  
1677 1 0  
1677 1 1  
1678 0 0  
1678 3 1  
1679 2 0  
1679 0 1  
1680 3 0  
1680 2 1  
1681 1 0  
1681 1 1  
1682 0 0  
1682 3 1  
1683 2 0  
1683 0 1  
1684 3 0  
1684 2 1  
1685 1 0  
1685 1 1  
1686 0 0  
1686 3 1  
1687 2 0  
1687 0 1  
1688 3 0  
1688 2 1  
1689 1 0  
1689 1 1  
1690 0 0  
1690 3 1  
1691 2 0  
1691 0 1  
1692 3 0  
1692 2 1  
1693 0 0  
1693 1 1  
1694 1 0  
1694 3 1  
1695 2 0  
1695 0 1  
1696 3 0  
1696 2 1  
1697 0 0  
1697 1 1  
1698 1 0  
1698 3 1  
1699 2 0  
1699 0 1  
1700 3 0  
1700 2 1  
1701 0 0  
1701 1 1  
1702 1 0  
1702 3 1  
1703 2 0  
1703 0 1  
1704 3 0  
1704 2 1  
1705 0 0  
1705 1 1  
1706 1 0  
1706 3 1  
1707 2 0  
1707 0 1  
1708 3 0  
1708 2 1  
1709 0 0  
1709 1 1  
1710 2 0  
1710 3 1  
1711 1 0  
1711 0 1  
1712 3 0  
1712 2 1  
1713 0 0  
1713 1 1  
1714 2 0  
1714 3 1  
1715 3 0  
1715 0 1  
1716 1 0  
1716 2 1  
1717 0 0  
1717 1 1  
1718 2 0  
1718 3 1  
1719 3 0  
1719 0 1  
1720 1 0  
1720 2 1  
1721 0 0  
1721 1 1  
1722 2 0  
1722 3 1  
1723 3 0  
1723 0 1  
1724 1 0  
1724 2 1  
1725 0 0  
1725 1 1  
1726 2 0  
1726 3 1  
1727 3 0  
1727 0 1  
1728 0 0  
1728 2 1  
1729 1 0  
1729 1 1  
1730 2 0  
1730 3 1  
1731 3 0  
1731 0 1  
1732 0 0  
1732 2 1  
1733 1 0  
1733 1 1  
1734 3 0  
1734 3 1  
1735 2 0  
1735 0 1  
1736 0 0  
1736 2 1  
1737 1 0  
1737 1 1  
1738 3 0  
1738 3 1  
1739 2 0  
1739 0 1  
1740 0 0  
1740 2 1  
1741 3 0  
1741 1 1  
1742 1 0  
1742 3 1  
1743 2 0  
1743 0 1  
1744 0 0  
1744 2 1  
1745 3 0  
1745 1 1  
1746 1 0  
1746 3 1  
1747 2 0  
1747 0 1  
1748 0 0  
1748 2 1  
1749 3 0  
1749 1 1  
1750 1 0  
1750 3 1  
1751 2 0  
1751 0 1  
1752 0 0  
1752 2 1  
1753 3 0  
1753 1 1  
1754 1 0  
1754 3 1  
1755 2 0  
1755 0 1  
1756 0 0  
1756 2 1  
1757 3 0  
1757 1 1  
1758 1 0  
1758 3 1  
1759 2 0  
1759 0 1  
1760 0 0  
1760 2 1  
1761 3 0  
1761 1 1  
1762 1 0  
1762 3 1  
1763 2 0  
1763 0 1  
1764 0 0  
1764 2 1  
1765 3 0  
1765 1 1  
1766 1 0  
1766 3 1  
1767 2 0  
1767 0 1  
1768 0 0  
1768 2 1  
1769 3 0  
1769 1 1  
1770 1 0  
1770 3 1  
1771 2 0  
1771 0 1  
1772 0 0  
1772 2 1  
1773 3 0  
1773 1 1  
1774 1 0  
1774 3 1  
1775 2 0  
1775 0 1  
1776 0 0  
1776 2 1  
1777 3 0  
1777 1 1  
1778 1 0  
1778 3 1  
1779 2 0  
1779 0 1  
1780 0 0  
1780 2 1  
1781 3 0  
1781 1 1  
1782 1 0  
1782 3 1  
1783 2 0  
1783 0 1  
1784 0 0  
1784 2 1  
1785 3 0  
1785 1 1  
1786 1 0  
1786 3 1  
1787 2 0  
1787 0 1  
1788 0 0  
1788 2 1  
1789 3 0  
1789 1 1  
1790 1 0  
1790 3 1  
1791 2 0  
1791 0 1  
1792 0 0  
1792 2 1  
1793 3 0  
1793 1 1  
1794 1 0  
1794 3 1  
1795 2 0  
1795 0 1  
1796 0 0  
1796 2 1  
1797 3 0  
1797 1 1  
1798 1 0  
1798 3 1  
1799 2 0  
1799 0 1  
1800 0 0  
1800 2 1  
1800 3 0  
1800 1 1  
1801 1 0  
1801 3 1  
1801 2 0  
1801 0 1  
1802 0 0  
1802 2 1  
1802 3 0  
1802 1 1  
1803 1 0  
1803 3 1  
1803 2 0  
1803 0 1  
1804 0 0  
1804 2 1  
1804 3 0  
1804 1 1  
1805 1 0  
1805 3 1  
1805 2 0  
1805 0 1  
1806 0 0  
1806 2 1  
1806 3 0  
1806 1 1  
1807 1 0  
1807 3 1  
1807 2 0  
1807 0 1  
1808 0 0  
1808 2 1  
1808 3 0  
1808 1 1  
1809 1 0  
1809 3 1  
1809 2 0  
1809 0 1  
1809 0 0  
1809 2 1  
1809 3 0  
1809 1 1  
1809 1 0  
1809 3 1  
1809 2 0  
1809 0 1  
1810 0 0  
1810 2 1  
1810 3 0  
1810 1 1  
1810 1 0  
1810 3 1  
1810 2 0  
1810 0 1  
1811 0 0  
1811 2 1  
1811 3 0  
1811 1 1  
1812 2 0  
1812 3 1  
1812 1 0  
1812 0 1  
1813 0 0  
1813 2 1  
1813 3 0  
1813 1 1  
1814 2 0  
1814 3 1  
1814 0 0  
1814 0 1  
1814 1 0  
1814 2 1  
1814 3 0  
1814 1 1  
1814 2 0  
1814 3 1  
1814 0 0  
1814 0 1  
1814 3 0  
1814 2 1  
1814 1 0  
1814 1 1  
1814 2 0  
1814 3 1  
1814 0 0  
1814 0 1  
1814 3 0  
1814 2 1  
1814 1 0  
1814 1 1  
1814 2 0  
1814 3 1  
1814 0 0  
1814 0 1  
1814 3 0  
1814 2 1  
1814 1 0  
1814 1 1  
1814 2 0  
1814 3 1  
1814 0 0  
1814 0 1  
1814 3 0  
1814 2 1  
1814 1 0  
1814 1 1  
1814 2 0  
1814 3 1  
1814 0 0  
1814 0 1  
1814 3 0  
1814 2 1  
1814 1 0  
1814 1 1  
1814 2 0  
1814 3 1  
1814 0 0  
1814 0 1  
1814 3 0  
1814 2 1  
1814 1 0  
1814 1 1  
1814 2 0  
1814 3 1  
1814 0 0  
1814 0 1  
1814 3 0  
1814 2 1  
1814 1 0  
1814 1 1  
1814 2 0  
1814 3 1  
1814 0 0  
1814 0 1  
1814 3 0  
1814 2 1  
1814 1 0  
1814 1 1  
1814 2 0  
1814 3 1  
1814 0 0  
1814 0 1  
1814 3 0  
1814 2 1  
1814 1 0  
1814 1 1  
1814 2 0  
1814 3 1  
1814 0 0  
1814 0 1  
1814 3 0  
1814 2 1  
1814 1 0  
1814 1 1  
1814 2 0  
1814 3 1  
1814 0 0  
1814 0 1  
1814 3 0  
1814 2 1  
1814 1 0  
1814 1 1  
1814 2 0  
1814 3 1  
1814 0 0  
1814 0 1  
1814 3 0  
1814 2 1  
1814 1 0  
1814 1 1  
1814 2 0  
1814 3 1  
1814 0 0  
1814 0 1  
1814 3 0  
1814 2 1  
1814 1 0  
1814 1 1  
1814 2 0  
1814 3 1  
1814 0 0  
1814 0 1  
1814 3 0  
1814 2 1  
1814 1 0  
1814 1 1  
1814 2 0  
1814 3 1  
1814 0 0  
1814 0 1  
1814 3 0  
1814 2 1  
1814 1 0  
1814 1 1  
1814 2 0  
1814 3 1  
1814 0 0  
1814 0 1  
1814 3 0  
1814 2 1  
1814 1 0  
1814 1 1  
1814 2 0  
1814 3 1  
1814 0 0  
1814 0 1  
1814 3 0  
1814 2 1  
1814 1 0  
1814 1 1  
1814 2 0  
1814 3 1  
1814 0 0  
1814 0 1  
1814 3 0  
1814 2 1  
1814 1 0  
1814 1 1  
1814 2 0  
1814 3 1  
1814 0 0  
1814 0 1  
1814 3 0  
1814 2 1  
1814 1 0  
1814 1 1  
1814 2 0  
1814 3 1  
1814 0 0  
1814 0 1  
1814 3 0  
1814 2 1  
1814 1 0  
1814 1 1  
1814 2 0  
1814 3 1  
1814 0 0  
1814 0 1  
1814 3 0  
1814 2 1  
1814 1 0  
1814 1 1  
1814 2 0  
1814 3 1  
1814 0 0  
1814 0 1  
1814 3 0  
1814 2 1  
1814 1 0  
1814 1 1  
1814 2 0  
1814 3 1  
1814 0 0  
1814 0 1  
1814 3 0  
1814 2 1  
1814 1 0  
1814 1 1  
1814 2 0  
1814 3 1  
1814 0 0  
1814 0 1  
1814 3 0  
1814 2 1  
1814 1 0  
1814 1 1  
1814 2 0  
1814 3 1  
1814 0 0  
1814 0 1  
1814 3 0  
1814 2 1  
1814 1 0  
1814 1 1  
1814 2 0  
1814 3 1  
1814 0 0  
1814 0 1  
1814 3 0  
1814 2 1  
1814 1 0  
1814 1 1  
1814 2 0  
1814 3 1  
1814 0 0  
1814 0 1  
1814 3 0  
1814 2 1  
1814 1 0  
1814 1 1  
1814 2 0  
1814 3 1  
1814 0 0  
1814 0 1  
1814 3 0  
1814 2 1  
1814 1 0  
1814 1 1  
1814 2 0  
1814 3 1  
1814 0 0  
1814 0 1  
1814 3 0  
1814 2 1  
1814 1 0  
1814 1 1  
1814 2 0  
1814 3 1  
1814 0 0  
1814 0 1  
1814 3 0  
1814 2 1  
1814 1 0  
1814 1 1  
1814 2 0  
1814 3 1  
1814 0 0  
1814 0 1  
1814 3 0  
1814 2 1  
1814 1 0  
1814 1 1  
1814 2 0  
1814 3 1  
1814 0 0  
1814 0 1  
1814 3 0  
1814 2 1  
1814 1 0  
1814 1 1  
1814 2 0  
1814 3 1  
1814 0 0  
1814 0 1  
1814 3 0  
1814 2 1  
1814 1 0  
1814 1 1  
1814 2 0  
1814 3 1  
1814 0 0  
1814 0 1  
1814 3 0  
1814 2 1  
1814 1 0  
1814 1 1  
1814 2 0  
1814 3 1  
1814 0 0  
1814 0 1  
1814 3 0  
1814 2 1  
1814 1 0  
1814 1 1  
1814 2 0  
1814 3 1  
1814 0 0  
1814 0 1  
1814 3 0  
1814 2 1  
1814 2 0  
1814 1 1  
1814 1 0  
1814 3 1  
1814 0 0  
1814 0 1  
1814 3 0  
1814 2 1  
1814 2 0  
1814 1 1  
1814 1 0  
1814 3 1  
1814 0 0  
1814 0 1  
1814 3 0  
1814 2 1  
1814 2 0  
1814 1 1  
1814 1 0  
1814 3 1  
1814 0 0  
1814 0 1  
1814 3 0  
1814 2 1  
1814 2 0  
1814 1 1  
1814 1 0  
1814 3 1  
1814 0 0  
1814 0 1  
1814 3 0  
1814 2 1  
1814 2 0  
1814 1 1  
1814 1 0  
1814 3 1  
1814 0 0  
1814 0 1  
1814 3 0  
1814 2 1  
1814 2 0  
1814 1 1  
1814 1 0  
1814 3 1  
1814 0 0  
1814 0 1  
1814 3 0  
1814 2 1  
1814 2 0  
1814 1 1  
1814 1 0  
1814 3 1  
1814 0 0  
1814 0 1  
1814 3 0  
1814 2 1  
1814 2 0  
1814 1 1  
1814 1 0  
1814 3 1  
1814 0 0  
1814 0 1  
1814 3 0  
1814 2 1  
1814 2 0  
1814 1 1  
1814 1 0  
1814 3 1  
1814 0 0  
1814 0 1  
1814 3 0  
1814 2 1  
1814 2 0  
1814 1 1  
1814 1 0  
1814 3 1  
1814 0 0  
1814 0 1  
1814 3 0  
1814 2 1  
1814 2 0  
1814 1 1  
1814 1 0  
1814 3 1  
1814 0 0  
1814 0 1  
1814 2 0  
1814 2 1  
1814 3 0  
1814 1 1  
1814 1 0  
1814 3 1  
1814 0 0  
1814 0 1  
1814 2 0  
1814 2 1  
1814 3 0  
1814 1 1  
1814 1 0  
1814 3 1  
1814 0 0  
1814 0 1  
1814 2 0  
1814 2 1  
1814 3 0  
1814 1 1  
1814 1 0  
1814 3 1  
1814 0 0  
1814 0 1  
1814 2 0  
1814 2 1  
1814 3 0  
1814 1 1  
1814 0 0  
1814 3 1  
1814 1 0  
1814 0 1  
1814 2 0  
1814 2 1  
1814 0 0  
1814 1 1  
1814 3 0  
1814 3 1  
1814 1 0  
1814 0 1  
1814 2 0  
1814 2 1  
1814 0 0  
1814 1 1  
1814 3 0  
1814 3 1  
1814 1 0  
1814 0 1  
1814 2 0  
1814 2 1  
1814 0 0  
1814 1 1  
1814 3 0  
1814 3 1  
1814 1 0  
1814 0 1  
1814 2 0  
1814 2 1  
1814 0 0  
1814 1 1  
1814 3 0  
1814 3 1  
1814 1 0  
1814 0 1  
1814 2 0  
1814 2 1  
1814 0 0  
1814 1 1  
1814 3 0  
1814 3 1  
1814 1 0  
1814 0 1  
1814 2 0  
1814 2 1  
1814 0 0  
1814 1 1  
1814 3 0  
1814 3 1  
1814 1 0  
1814 0 1  
1814 2 0  
1814 2 1  
1814 0 0  
1814 1 1  
1814 3 0  
1814 3 1  
1814 1 0  
1814 0 1  
1814 2 0  
1814 2 1  
1814 0 0  
1814 1 1  
1814 3 0  
1814 3 1  
1814 1 0  
1814 0 1  
1814 2 0  
1814 2 1  
1814 0 0  
1814 1 1  
1814 3 0  
1814 3 1  
1814 1 0  
1814 0 1  
1814 2 0  
1814 2 1  
1814 0 0  
1814 1 1  
1814 3 0  
1814 3 1  
1814 1 0  
1814 0 1  
1814 2 0  
1814 2 1  
1814 0 0  
1814 1 1  
1814 3 0  
1814 3 1  
1814 1 0  
1814 0 1  
1814 2 0  
1814 2 1  
1814 0 0  
1814 1 1  
1814 3 0  
1814 3 1  
1814 2 0  
1814 0 1  
1814 1 0  
1814 2 1  
1814 0 0  
1814 1 1  
1814 3 0  
1814 3 1  
1814 2 0  
1814 0 1  
1814 1 0  
1814 2 1  
1814 0 0  
1814 1 1  
1814 3 0  
1814 3 1  
1814 2 0  
1814 0 1  
1814 1 0  
1814 2 1  
1814 0 0  
1814 1 1  
1814 3 0  
1814 3 1  
1814 2 0  
1814 0 1  
1814 1 0  
1814 2 1  
1814 0 0  
1814 1 1  
1814 3 0  
1814 3 1  
1814 2 0  
1814 0 1  
1814 1 0  
1814 2 1  
1814 0 0  
1814 1 1  
1814 3 0  
1814 3 1  
1814 2 0  
1814 0 1  
1814 1 0  
1814 2 1  
1814 0 0  
1814 1 1  
1814 3 0  
1814 3 1  
1814 2 0  
1814 0 1  
1814 1 0  
1814 2 1  
1814 0 0  
1814 1 1  
1814 3 0  
1814 3 1  
1814 2 0  
1814 0 1  
1814 1 0  
1814 2 1  
1814 0 0  
1814 1 1  
1814 3 0  
1814 3 1  
1814 2 0  
1814 0 1  
1814 1 0  
1814 2 1  
1814 0 0  
1814 1 1  
1814 3 0  
1814 3 1  
1814 2 0  
1814 0 1  
1814 1 0  
1814 2 1  
1814 0 0  
1814 1 1  
1814 3 0  
1814 3 1  
1814 2 0  
1814 0 1  
1814 0 0  
1814 2 1  
1814 1 0  
1814 1 1  
1814 3 0  
1814 3 1  
1814 2 0  
1814 0 1  
1814 0 0  
1814 2 1  
1814 1 0  
1814 1 1  
1814 3 0  
1814 3 1  
1814 2 0  
1814 0 1  
1814 0 0  
1814 2 1  
1814 1 0  
1814 1 1  
1814 3 0  
1814 3 1  
1814 2 0  
1814 0 1  
1814 0 0  
1814 2 1  
1814 1 0  
1814 1 1  
1814 3 0  
1814 3 1  
1814 2 0  
1814 0 1  
1814 0 0  
1814 2 1  
1814 1 0  
1814 1 1  
1814 3 0  
1814 3 1  
1814 2 0  
1814 0 1  
1814 0 0  
1814 2 1  
1814 1 0  
1814 1 1  
1814 3 0  
1814 3 1  
1814 2 0  
1814 0 1  
1814 0 0  
1814 2 1  
1814 1 0  
1814 1 1  
1814 3 0  
1814 3 1  
1814 2 0  
1814 0 1  
1814 0 0  
1814 2 1  
1814 3 0  
1814 1 1  
1814 1 0  
1814 3 1  
1814 2 0  
1814 0 1  
1814 0 0  
1814 2 1  
1814 3 0  
1814 1 1  
1814 1 0  
1814 3 1  
1814 2 0  
1814 0 1  
1814 0 0  
1814 2 1  
1814 3 0  
1814 1 1  
1814 1 0  
1814 3 1  
1814 2 0  
1814 0 1  
1814 0 0  
1814 2 1  
1814 3 0  
1814 1 1  
1814 1 0  
1814 3 1  
1814 2 0  
1814 0 1  
1814 0 0  
1814 2 1  
1814 3 0  
1814 1 1  
1814 1 0  
1814 3 1  
1814 2 0  
1814 0 1  
1814 0 0  
1814 2 1  
1814 3 0  
1814 1 1  
1814 1 0  
1814 3 1  
1814 2 0  
1814 0 1  
1814 0 0  
1814 2 1  
1814 3 0  
1814 1 1  
1814 1 0  
1814 3 1  
1814 2 0  
1814 0 1  
1814 0 0  
1814 2 1  
1814 3 0  
1814 1 1  
1814 1 0  
1814 3 1  
1814 2 0  
1814 0 1  
1814 0 0  
1814 2 1  
1814 3 0  
1814 1 1  
1814 1 0  
1814 3 1  
1814 2 0  
1814 0 1  
1814 0 0  
1814 2 1  
1814 3 0  
1814 1 1  
1814 1 0  
1814 3 1  
1814 2 0  
1814 0 1  
1814 0 0  
1814 2 1  
1814 3 0  
1814 1 1  
1814 1 0  
1814 3 1  
1814 2 0  
1814 0 1  
1814 0 0  
1814 2 1  
1814 3 0  
1814 1 1  
1814 2 0  
1814 3 1  
1814 1 0  
1814 0 1  
1814 0 0  
1814 2 1  
1814 3 0  
1814 1 1  
1814 2 0  
1814 3 1  
1814 0 0  
1814 0 1  
1814 1 0  
1814 2 1  
1814 3 0  
1814 1 1  
1814 2 0  
1814 3 1  
1814 0 0  
1814 0 1  
1814 3 0  
1814 2 1  
1814 1 0  
1814 1 1  
1814 2 0  
1814 3 1  
1814 0 0  
1814 0 1  
1814 3 0  
1814 2 1  
1814 2 0  
1814 1 1  
1814 1 0  
1814 3 1  
1814 0 0  
1814 0 1  
1814 3 0  
1814 2 1  
1814 2 0  
1814 1 1  
1814 1 0  
1814 3 1  
1814 0 0  
1814 0 1  
1814 3 0  
1814 2 1  
1814 2 0  
1814 1 1  
1814 1 0  
1814 3 1  
1814 0 0  
1814 0 1  
1814 3 0  
1814 2 1  
1814 2 0  
1814 1 1  
1814 1 0  
1814 3 1  
1814 0 0  
1814 0 1  
1814 3 0  
1814 2 1  
1814 2 0  
1814 1 1  
1814 1 0  
1814 3 1  
1814 0 0  
1814 0 1  
1814 3 0  
1814 2 1  
1814 2 0  
1814 1 1  
1814 1 0  
1814 3 1  
1814 0 0  
1814 0 1  
1814 3 0  
1814 2 1  
1814 2 0  
1814 1 1  
1814 1 0  
1814 3 1  
1814 0 0  
1814 0 1  
1814 3 0  
1814 2 1  
1814 2 0  
1814 1 1  
1814 0 0  
1814 3 1  
1814 1 0  
1814 0 1  
1814 3 0  
1814 2 1  
1814 2 0  
1814 1 1  
1814 0 0  
1814 3 1  
1814 1 0  
1814 0 1  
1814 3 0  
1814 2 1  
1814 2 0  
1814 1 1  
1814 0 0  
1814 3 1  
1814 1 0  
1814 0 1  
1814 3 0  
1814 2 1  
1814 2 0  
1814 1 1  
1814 0 0  
1814 3 1  
1814 1 0  
1814 0 1  
1814 3 0  
1814 2 1  
1814 2 0  
1814 1 1  
1814 0 0  
1814 3 1  
1814 1 0  
1814 0 1  
1814 3 0  
1814 2 1  
1814 2 0  
1814 1 1  
1814 0 0  
1814 3 1  
1814 1 0  
1814 0 1  
1814 3 0  
1814 2 1  
1814 2 0  
1814 1 1  
1814 0 0  
1814 3 1  
1814 1 0  
1814 0 1  
1814 3 0  
1814 2 1  
1814 2 0  
1814 1 1  
1814 0 0  
1814 3 1  
1814 1 0  
1814 0 1  
1814 3 0  
1814 2 1  
1814 2 0  
1814 1 1  
1814 0 0  
1814 3 1  
1814 1 0  
1814 0 1  
1814 3 0  
1814 2 1  
1814 2 0  
1814 1 1  
1814 0 0  
1814 3 1  
1814 3 0  
1814 0 1  
1814 1 0  
1814 2 1  
1814 2 0  
1814 1 1  
1814 0 0  
1814 3 1  
1814 3 0  
1814 0 1  
1814 1 0  
1814 2 1  
1814 2 0  
1814 1 1  
1814 0 0  
1814 3 1  
1814 3 0  
1814 0 1  
1814 1 0  
1814 2 1  
1814 2 0  
1814 1 1  
1814 0 0  
1814 3 1  
1814 3 0  
1814 0 1  
1814 1 0  
1814 2 1  
1814 2 0  
1814 1 1  
1814 0 0  
1814 3 1  
1814 3 0  
1814 0 1  
1814 1 0  
1814 2 1  
1814 2 0  
1814 1 1  
1814 0 0  
1814 3 1  
1814 3 0  
1814 0 1  
1814 1 0  
1814 2 1  
1814 2 0  
1814 1 1  
1814 0 0  
1814 3 1  
1814 3 0  
1814 0 1  
1814 1 0  
1814 2 1  
1814 2 0  
1814 1 1  
1814 0 0  
1814 3 1  
1814 3 0  
1814 0 1  
1814 1 0  
1814 2 1  
1814 2 0  
1814 1 1  
1814 0 0  
1814 3 1  
1814 3 0  
1814 0 1  
1814 1 0  
1814 2 1  
1814 2 0  
1814 1 1  
1814 0 0  
1814 3 1  
1814 3 0  
1814 0 1  
1814 2 0  
1814 2 1  
1814 1 0  
1814 1 1  
1814 0 0  
1814 3 1  
1814 3 0  
1814 0 1  
1814 2 0  
1814 2 1  
1814 1 0  
1814 1 1  
1814 0 0  
1814 3 1  
1814 3 0  
1814 0 1  
1814 2 0  
1814 2 1  
1814 1 0  
1814 1 1  
1814 0 0  
1814 3 1  
1814 3 0  
1814 0 1  
1814 2 0  
1814 2 1  
1814 1 0  
1814 1 1  
1814 0 0  
1814 3 1  
1814 3 0  
1814 0 1  
1814 2 0  
1814 2 1  
1814 1 0  
1814 1 1  
1814 0 0  
1814 3 1  
1814 3 0  
1814 0 1  
1814 2 0  
1814 2 1  
1814 1 0  
1814 1 1  
1814 0 0  
1814 3 1  
1814 3 0  
1814 0 1  
1814 2 0  
1814 2 1  
1814 1 0  
1814 1 1  
1814 0 0  
1814 3 1  
1814 3 0  
1814 0 1  
1814 2 0  
1814 2 1  
1814 1 0  
1814 1 1  
1814 0 0  
1814 3 1  
1814 2 0  
1814 0 1  
1814 3 0  
1814 2 1  
1814 1 0  
1814 1 1  
1814 0 0  
1814 3 1  
1814 2 0  
1814 0 1  
1814 3 0  
1814 2 1  
1814 1 0  
1814 1 1  
1814 0 0  
1814 3 1  
1814 2 0  
1814 0 1  
1814 3 0  
1814 2 1  
1814 1 0  
1814 1 1  
1814 0 0  
1814 3 1  
1814 2 0  
1814 0 1  
1814 3 0  
1814 2 1  
1814 1 0  
1814 1 1  
1814 0 0  
1814 3 1  
1814 2 0  
1814 0 1  
1814 3 0  
1814 2 1  
1814 1 0  
1814 1 1  
1814 0 0  
1814 3 1  
1814 2 0  
1814 2 1  
1814 3 0  
1814 0 1  
1814 1 0  
1814 1 1  
1814 0 0  
1814 3 1  
1814 2 0  
1814 2 1  
1814 3 0  
1814 0 1  
1814 1 0  
1814 1 1  
1814 0 0  
1814 3 1  
1814 2 0  
1814 2 1  
1814 3 0  
1814 0 1  
1814 1 0  
1814 1 1  
1814 0 0  
1814 3 1  
1814 2 0  
1814 2 1  
1814 3 0  
1814 0 1  
1814 1 0  
1814 1 1  
1814 0 0  
1814 3 1  
1814 2 0  
1814 2 1  
1814 3 0  
1814 0 1  
1814 1 0  
1814 1 1  
1814 0 0  
1814 3 1  
1814 2 0  
1814 2 1  
1814 3 0  
1814 0 1  
1814 1 0  
1814 1 1  
1814 0 0  
1814 3 1  
1814 2 0  
1814 2 1  
1814 3 0  
1814 0 1  
1814 0 0  
1814 1 1  
1814 1 0  
1814 3 1  
1814 2 0  
1814 2 1  
1814 3 0  
1814 0 1  
1814 0 0  
1814 1 1  
1814 1 0  
1814 3 1  
1814 2 0  
1814 2 1  
1814 3 0  
1814 0 1  
1814 0 0  
1814 1 1  
1814 1 0  
1814 3 1  
1814 2 0  
1814 2 1  
1814 3 0  
1814 0 1  
1814 0 0  
1814 1 1  
1814 1 0  
1814 3 1  
1814 2 0  
1814 2 1  
1814 3 0  
1814 0 1  
1814 0 0  
1814 1 1  
1814 1 0  
1814 3 1  
1814 2 0  
1814 2 1  
1814 3 0  
1814 0 1  
1814 0 0  
1814 1 1  
1814 1 0  
1814 3 1  
1814 2 0  
1814 2 1  
1814 3 0  
1814 0 1  
1814 0 0  
1814 1 1  
1814 1 0  
1814 3 1  
1814 2 0  
1814 2 1  
1814 3 0  
1814 0 1  
1814 0 0  
1814 1 1  
1814 1 0  
1814 3 1  
1814 3 0  
1814 2 1  
1814 2 0  
1814 0 1  
1814 0 0  
1814 1 1  
1814 1 0  
1814 3 1  
1814 3 0  
1814 2 1  
1814 2 0  
1814 0 1  
1814 0 0  
1814 1 1  
1814 1 0  
1814 3 1  
1814 3 0  
1814 2 1  
1814 2 0  
1814 0 1  
1814 0 0  
1814 1 1  
1814 1 0  
1814 3 1  
1814 3 0  
1814 2 1  
1814 2 0  
1814 0 1  
1814 0 0  
1814 1 1  
1814 1 0  
1814 3 1  
1814 2 0  
1814 2 1  
1814 3 0  
1814 0 1  
1814 1 0  
1814 1 1  
1814 0 0  
1814 3 1  
1814 2 0  
1814 2 1  
1814 3 0  
1814 0 1  
1814 1 0  
1814 1 1  
1814 0 0  
1814 3 1  
1814 2 0  
1814 2 1  
1814 3 0  
1814 0 1  
1814 1 0  
1814 1 1  
1814 0 0  
1814 3 1  
1814 2 0  
1814 2 1  
1814 3 0  
1814 0 1  
1814 1 0  
1814 1 1  
1814 0 0  
1814 3 1  
1814 2 0  
1814 2 1  
1814 3 0  
1814 0 1  
1814 1 0  
1814 1 1  
1814 0 0  
1814 3 1  
1814 2 0  
1814 2 1  
1814 3 0  
1814 0 1  
1814 1 0  
1814 1 1  
1814 0 0  
1814 3 1  
1814 2 0  
1814 2 1  
1814 3 0  
1814 0 1  
1814 1 0  
1814 1 1  
1814 0 0  
1814 3 1  
1814 2 0  
1814 2 1  
1814 3 0  
1814 0 1  
1814 1 0  
1814 1 1  
1814 0 0  
1814 3 1  
1814 2 0  
1814 2 1  
1814 3 0  
1814 0 1  
1814 1 0  
1814 1 1  
1814 0 0  
1814 3 1  
1814 2 0  
1814 2 1  
1814 3 0  
1814 0 1  
1814 1 0  
1814 1 1  
1814 0 0  
1814 3 1  
1814 2 0  
1814 2 1  
1814 3 0  
1814 0 1  
1814 1 0  
1814 1 1  
1814 0 0  
1814 3 1  
1814 2 0  
1814 2 1  
1814 3 0  
1814 0 1  
1814 1 0  
1814 1 1  
1814 0 0  
1814 3 1  
1814 2 0  
1814 2 1  
1814 3 0  
1814 0 1  
1814 1 0  
1814 1 1  
1814 0 0  
1814 3 1  
1814 2 0  
1814 2 1  
1814 3 0  
1814 0 1  
1814 1 0  
1814 1 1  
1814 0 0  
1814 3 1  
1814 2 0  
1814 2 1  
1814 3 0  
1814 0 1  
1814 1 0  
1814 1 1  
1814 0 0  
1814 3 1  
1814 2 0  
1814 2 1  
1814 3 0  
1814 0 1  
1814 0 0  
1814 1 1  
1814 1 0  
1814 3 1  
1814 2 0  
1814 2 1  
1814 3 0  
1814 0 1  
1814 0 0  
1814 1 1  
1814 2 0  
1814 3 1  
1814 1 0  
1814 2 1  
1814 3 0  
1814 0 1  
1814 0 0  
1814 1 1  
1814 2 0  
1814 3 1  
1814 3 0  
1814 2 1  
1814 1 0  
1814 0 1  
1814 0 0  
1814 1 1  
1814 2 0  
1814 3 1  
1814 3 0  
1814 2 1  
1814 1 0  
1814 0 1  
1814 0 0  
1814 1 1  
1814 2 0  
1814 3 1  
1814 3 0  
1814 2 1  
1814 1 0  
1814 0 1  
1814 0 0  
1814 1 1  
1814 2 0  
1814 3 1  
1814 3 0  
1814 2 1  
1814 1 0  
1814 0 1  
1814 0 0  
1814 1 1  
1814 2 0  
1814 3 1  
1814 3 0  
1814 2 1  
1814 1 0  
1814 0 1  
1814 0 0  
1814 1 1  
1814 2 0  
1814 3 1  
1814 3 0  
1814 2 1  
1814 1 0  
1814 0 1  
1814 0 0  
1814 1 1  
1814 2 0  
1814 3 1  
1814 3 0  
1814 2 1  
1814 1 0  
1814 0 1  
1814 0 0  
1814 1 1  
1814 2 0  
1814 3 1  
1814 3 0  
1814 2 1  
1814 1 0  
1814 0 1  
1814 0 0  
1814 1 1  
1814 2 0  
1814 3 1  
1814 3 0  
1814 2 1  
1814 1 0  
1814 0 1  
1814 0 0  
1814 1 1  
1814 2 0  
1814 3 1  
1814 3 0  
1814 2 1  
1814 1 0  
1814 0 1  
1814 0 0  
1814 1 1  
1814 2 0  
1814 3 1  
1814 3 0  
1814 2 1  
1814 0 0  
1814 0 1  
1814 1 0  
1814 1 1  
1814 2 0  
1814 3 1  
1814 3 0  
1814 2 1  
1814 0 0  
1814 0 1  
1814 1 0  
1814 1 1  
1814 2 0  
1814 3 1  
1814 3 0  
1814 2 1  
1814 0 0  
1814 0 1  
1814 1 0  
1814 1 1  
1814 2 0  
1814 3 1  
1814 3 0  
1814 2 1  
1814 0 0  
1814 0 1  
1814 1 0  
1814 1 1  
1814 2 0  
1814 3 1  
1814 3 0  
1814 2 1  
1814 0 0  
1814 0 1  
1814 1 0  
1814 1 1  
1814 2 0  
1814 3 1  
1814 3 0  
1814 2 1  
1814 0 0  
1814 0 1  
1814 1 0  
1814 1 1  
1814 2 0  
1814 3 1  
1814 3 0  
1814 2 1  
1814 0 0  
1814 0 1  
1814 1 0  
1814 1 1  
1814 2 0  
1814 3 1  
1814 3 0  
1814 2 1  
1814 0 0  
1814 0 1  
1814 1 0  
1814 1 1  
1814 2 0  
1814 3 1  
1814 0 0  
1814 2 1  
1814 3 0  
1814 0 1  
1814 1 0  
1814 1 1  
1814 2 0  
1814 3 1  
1814 0 0  
1814 2 1  
1814 3 0  
1814 0 1  
1814 1 0  
1814 1 1  
1814 2 0  
1814 3 1  
1814 0 0  
1814 2 1  
1814 3 0  
1814 0 1  
1814 2 0  
1814 1 1  
1814 1 0  
1814 3 1  
1814 0 0  
1814 2 1  
1814 3 0  
1814 0 1  
1814 2 0  
1814 1 1  
1814 1 0  
1814 3 1  
1814 0 0  
1814 2 1  
1814 3 0  
1814 0 1  
1814 2 0  
1814 1 1  
1814 0 0  
1814 3 1  
1814 1 0  
1814 2 1  
1814 3 0  
1814 0 1  
1814 2 0  
1814 1 1  
1814 0 0  
1814 3 1  
1814 3 0  
1814 2 1  
1814 1 0  
1814 0 1  
1814 2 0  
1814 1 1  
1814 0 0  
1814 3 1  
1814 3 0  
1814 2 1  
1814 2 0  
1814 0 1  
1814 1 0  
1814 1 1  
1814 0 0  
1814 3 1  
1814 3 0  
1814 2 1  
1814 2 0  
1814 0 1  
1814 1 0  
1814 1 1  
1814 0 0  
1814 3 1  
1814 3 0  
1814 2 1  
1814 2 0  
1814 0 1  
1814 1 0  
1814 1 1  
1814 0 0  
1814 3 1  
1814 3 0  
1814 2 1  
1814 2 0  
1814 0 1  
1814 1 0  
1814 1 1  
1814 0 0  
1814 3 1  
1814 3 0  
1814 2 1  
1814 2 0  
1814 0 1  
1814 1 0  
1814 1 1  
1814 0 0  
1814 3 1  
1814 3 0  
1814 2 1  
1814 2 0  
1814 0 1  
1814 1 0  
1814 1 1  
1814 0 0  
1814 3 1  
1814 3 0  
1814 2 1  
1814 2 0  
1814 0 1  
1814 1 0  
1814 1 1  
1814 0 0  
1814 3 1  
1814 3 0  
1814 2 1  
1814 2 0  
1814 0 1  
1814 1 0  
1814 1 1  
1814 0 0  
1814 3 1  
1814 3 0  
1814 2 1  
1814 2 0  
1814 0 1  
1814 1 0  
1814 1 1  
1814 0 0  
1814 3 1  
1814 3 0  
1814 2 1  
1814 2 0  
1814 0 1  
1814 1 0  
1814 1 1  
1814 0 0  
1814 3 1  
1814 3 0  
1814 2 1  
1814 2 0  
1814 0 1  
1814 1 0  
1814 1 1  
1814 0 0  
1814 3 1  
1814 3 0  
1814 2 1  
1814 2 0  
1814 0 1  
1814 1 0  
1814 1 1  
1814 0 0  
1814 3 1  
1814 3 0  
1814 2 1  
1814 2 0  
1814 0 1  
1814 1 0  
1814 1 1  
1814 0 0  
1814 3 1  
1814 3 0  
1814 2 1  
1814 2 0  
1814 0 1  
1814 0 0  
1814 1 1  
1814 1 0  
1814 3 1  
1814 3 0  
1814 2 1  
1814 0 0  
1814 0 1  
1814 2 0  
1814 1 1  
1814 1 0  
1814 3 1  
1814 3 0  
1814 2 1  
1814 0 0  
1814 0 1  
1814 2 0  
1814 1 1  
1814 1 0  
1814 3 1  
1814 3 0  
1814 2 1  
1814 0 0  
1814 0 1  
1814 2 0  
1814 1 1  
1814 1 0  
1814 3 1  
1814 3 0  
1814 2 1  
1814 0 0  
1814 0 1  
1814 2 0  
1814 1 1  
1814 1 0  
1814 3 1  
1814 3 0  
1814 2 1  
1814 0 0  
1814 0 1  
1814 2 0  
1814 1 1  
1814 1 0  
1814 3 1  
1814 3 0  
1814 2 1  
1814 0 0  
1814 0 1  
1814 2 0  
1814 1 1  
1814 1 0  
1814 3 1  
1814 0 0  
1814 2 1  
1814 3 0  
1814 0 1  
1814 2 0  
1814 1 1  
1814 0 0  
1814 3 1  
1814 1 0  
1814 2 1  
1814 3 0  
1814 0 1  
1814 2 0  
1814 1 1  
1814 0 0  
1814 3 1  
1814 1 0  
1814 2 1  
1814 3 0  
1814 0 1  
1814 2 0  
1814 1 1  
1814 0 0  
1814 3 1  
1814 3 0  
1814 2 1  
1814 1 0  
1814 0 1  
1814 2 0  
1814 1 1  
1814 0 0  
1814 3 1  
1814 3 0  
1814 2 1  
1814 2 0  
1814 0 1  
1814 1 0  
1814 1 1  
1814 0 0  
1814 3 1  
1814 3 0  
1814 2 1  
1814 2 0  
1814 0 1  
1814 0 0  
1814 1 1  
1814 1 0  
1814 3 1  
1814 3 0  
1814 2 1  
1814 2 0  
1814 0 1  
1814 0 0  
1814 1 1  
1814 3 0  
1814 3 1  
1814 1 0  
1814 2 1  
1814 2 0  
1814 0 1  
1814 0 0  
1814 1 1  
1814 3 0  
1814 3 1  
1814 1 0  
1814 2 1  
1814 2 0  
1814 0 1  
1814 0 0  
1814 1 1  
1814 3 0  
1814 3 1  
1814 1 0  
1814 2 1  
1814 2 0  
1814 0 1  
1814 0 0  
1814 1 1  
1814 3 0  
1814 3 1  
1814 1 0  
1814 2 1  
1814 2 0  
1814 0 1  
1814 0 0  
1814 1 1  
1814 3 0  
1814 3 1  
1814 1 0  
1814 2 1  
1814 2 0  
1814 0 1  
1814 0 0  
1814 1 1  
1814 3 0  
1814 3 1  
1814 1 0  
1814 2 1  
1814 2 0  
1814 0 1  
1814 0 0  
1814 1 1  
1814 3 0  
1814 3 1  
1814 1 0  
1814 2 1  
1814 2 0  
1814 0 1  
1814 0 0  
1814 1 1  
1814 3 0  
1814 3 1  
1814 1 0  
1814 2 1  
1814 2 0  
1814 0 1  
1814 0 0  
1814 1 1  
1814 3 0  
1814 3 1  
1814 1 0  
1814 2 1  
1814 2 0  
1814 0 1  
1814 0 0  
1814 1 1  
1814 3 0  
1814 3 1  
1814 1 0  
1814 2 1  
1814 2 0  
1814 0 1  
1814 0 0  
1814 1 1  
1814 3 0  
1814 3 1  
1814 1 0  
1814 2 1  
1814 2 0  
1814 0 1  
1814 0 0  
1814 1 1  
1814 3 0  
1814 3 1  
1814 1 0  
1814 2 1  
1814 2 0  
1814 0 1  
1814 0 0  
1814 1 1  
1814 3 0  
1814 3 1  
1814 1 0  
1814 2 1  
1814 2 0  
1814 0 1  
1814 0 0  
1814 1 1  
1814 3 0  
1814 3 1  
1814 1 0  
1814 2 1  
1814 2 0  
1814 0 1  
1814 0 0  
1814 1 1  
1814 3 0  
1814 3 1  
1814 1 0  
1814 2 1  
1814 2 0  
1814 0 1  
1814 0 0  
1814 1 1  
1814 3 0  
1814 3 1  
1814 2 0  
1814 2 1  
1814 1 0  
1814 0 1  
1814 0 0  
1814 1 1  
1814 3 0  
1814 3 1  
1814 2 0  
1814 2 1  
1814 1 0  
1814 0 1  
1814 0 0  
1814 1 1  
1814 3 0  
1814 3 1  
1814 2 0  
1814 2 1  
1814 0 0  
1814 0 1  
1814 1 0  
1814 1 1  
1814 3 0  
1814 3 1  
1814 2 0  
1814 2 1  
1814 0 0  
1814 0 1  
1814 1 0  
1814 1 1  
1814 3 0  
1814 3 1  
1814 2 0  
1814 2 1  
1814 0 0  
1814 0 1  
1814 1 0  
1814 1 1  
1814 3 0  
1814 3 1  
1814 2 0  
1814 2 1  
1814 0 0  
1814 0 1  
1814 1 0  
1814 1 1  
1814 3 0  
1814 3 1  
1814 2 0  
1814 2 1  
1814 0 0  
1814 0 1  
1814 1 0  
1814 1 1  
1814 3 0  
1814 3 1  
1814 2 0  
1814 2 1  
1814 0 0  
1814 0 1  
1814 1 0  
1814 1 1  
1814 3 0  
1814 3 1  
1814 2 0  
1814 2 1  
1814 0 0  
1814 0 1  
1814 1 0  
1814 1 1  
1814 3 0  
1814 3 1  
1814 2 0  
1814 2 1  
1814 0 0  
1814 0 1  
1814 1 0  
1814 1 1  
1814 3 0  
1814 3 1  
1814 2 0  
1814 2 1  
1814 0 0  
1814 0 1  
1814 1 0  
1814 1 1  
1814 3 0  
1814 3 1  
1814 2 0  
1814 2 1  
1814 0 0  
1814 0 1  
1814 1 0  
1814 1 1  
1814 3 0  
1814 3 1  
1814 2 0  
1814 2 1  
1814 0 0  
1814 0 1  
1814 1 0  
1814 1 1  
1814 3 0  
1814 3 1  
1814 2 0  
1814 2 1  
1814 0 0  
1814 0 1  
1814 1 0  
1814 1 1  
1814 3 0  
1814 3 1  
1814 2 0  
1814 2 1  
1814 0 0  
1814 0 1  
1814 1 0  
1814 1 1  
1814 3 0  
1814 3 1  
1814 2 0  
1814 2 1  
1814 0 0  
1814 0 1  
1814 1 0  
1814 1 1  
1814 3 0  
1814 3 1  
1814 2 0  
1814 2 1  
1814 0 0  
1814 0 1  
1814 1 0  
1814 1 1  
1814 3 0  
1814 3 1  
1814 2 0  
1814 2 1  
1814 0 0  
1814 0 1  
1814 3 0  
1814 1 1  
1814 1 0  
1814 3 1  
1814 2 0  
1814 2 1  
1814 0 0  
1814 0 1  
1814 3 0  
1814 1 1  
1814 1 0  
1814 3 1  
1814 2 0  
1814 2 1  
1814 0 0  
1814 0 1  
1814 3 0  
1814 1 1  
1814 1 0  
1814 3 1  
