2 0  
3 1  
4 3  
5 2  
6 0  
7 1  
8 3  
9 2  
10 0  
11 1  
12 3  
13 2  
14 0  
15 1  
16 3  
17 2  
18 0  
19 1  
20 3  
21 2  
22 0  
23 1  
24 3  
25 2  
26 0  
27 1  
28 3  
29 2  
30 0  
31 1  
32 3  
33 2  
34 0  
35 1  
36 3  
37 2  
38 0  
39 1  
40 3  
41 2  
42 0  
43 1  
44 3  
45 2  
46 0  
47 1  
48 3  
49 2  
50 0  
51 1  
52 3  
53 2  
54 0  
55 1  
56 3  
57 2  
58 0  
59 1  
60 3  
61 2  
62 0  
63 1  
64 3  
65 0  
66 2  
67 1  
68 3  
69 0  
70 2  
71 1  
72 3  
73 0  
74 2  
75 1  
76 3  
77 0  
78 2  
79 1  
80 3  
81 0  
82 2  
83 1  
84 3  
85 0  
86 2  
87 1  
88 3  
89 0  
90 2  
91 1  
92 3  
93 0  
93 2  
94 1  
95 3  
96 0  
97 2  
98 1  
99 3  
100 0  
101 2  
102 1  
103 3  
104 0  
105 2  
106 1  
107 3  
108 0  
109 2  
110 1  
111 3  
112 0  
113 2  
114 1  
115 3  
116 0  
117 2  
118 1  
119 3  
120 0  
121 2  
122 1  
123 3  
124 0  
125 2  
126 1  
127 3  
128 0  
129 2  
130 1  
131 3  
132 0  
133 2  
134 3  
135 1  
136 0  
137 2  
138 3  
139 1  
140 0  
141 2  
142 3  
143 1  
144 0  
145 2  
146 3  
147 1  
148 0  
149 2  
150 3  
151 1  
152 0  
153 2  
154 3  
155 1  
156 0  
157 2  
158 3  
159 1  
160 0  
161 2  
162 3  
163 1  
164 0  
165 2  
166 3  
167 1  
168 0  
169 2  
170 3  
171 1  
172 0  
173 2  
174 3  
175 1  
176 0  
177 2  
178 3  
179 1  
180 0  
181 2  
182 3  
183 1  
184 0  
185 2  
186 3  
187 1  
188 0  
189 2  
190 3  
191 1  
192 0  
193 2  
194 3  
195 1  
196 0  
197 2  
198 3  
199 1  
200 0  
201 2  
202 3  
203 1  
204 0  
205 2  
206 3  
207 1  
208 0  
209 2  
210 3  
211 1  
212 0  
213 2  
214 3  
215 1  
216 0  
217 2  
218 3  
219 1  
220 0  
221 2  
222 3  
223 1  
224 0  
225 2  
226 3  
227 1  
228 0  
229 2  
230 3  
231 1  
232 0  
233 2  
234 3  
235 1  
236 0  
237 2  
238 3  
239 1  
240 0  
241 2  
242 3  
243 1  
244 0  
245 2  
246 3  
247 1  
248 0  
249 2  
250 3  
251 1  
252 0  
253 2  
254 3  
255 1  
256 0  
257 2  
258 3  
259 1  
260 0  
261 2  
262 3  
263 1  
264 0  
265 2  
266 3  
267 1  
268 0  
269 2  
270 3  
271 1  
272 0  
273 2  
274 3  
275 1  
276 0  
277 2  
278 3  
279 1  
280 0  
281 2  
282 3  
283 1  
284 0  
285 2  
286 3  
287 1  
288 0  
289 2  
290 3  
291 1  
292 0  
293 2  
294 3  
295 1  
296 0  
297 2  
298 3  
299 1  
300 0  
301 2  
302 3  
303 1  
304 0  
305 2  
306 3  
307 1  
308 0  
309 2  
310 3  
311 1  
312 0  
313 2  
314 3  
315 1  
316 0  
317 2  
318 3  
319 0  
320 1  
321 2  
322 3  
323 0  
324 1  
325 2  
326 3  
327 0  
328 1  
329 2  
330 3  
331 0  
332 1  
333 2  
334 3  
335 0  
336 1  
337 3  
338 2  
339 0  
340 1  
341 3  
342 2  
343 0  
344 1  
345 3  
346 2  
347 0  
348 1  
349 3  
350 2  
351 0  
352 1  
353 3  
354 2  
355 0  
356 1  
357 3  
358 2  
359 0  
360 1  
361 3  
362 2  
363 0  
364 1  
365 3  
366 2  
367 0  
368 1  
369 3  
370 2  
371 0  
372 1  
373 3  
374 2  
375 0  
376 1  
377 3  
378 2  
379 0  
380 1  
381 3  
382 2  
383 0  
384 1  
385 3  
386 2  
387 0  
388 1  
389 3  
390 2  
391 0  
392 1  
393 3  
394 2  
395 0  
396 1  
397 3  
398 2  
399 0  
400 1  
401 3  
402 2  
403 0  
404 1  
405 3  
406 2  
407 0  
408 1  
409 3  
410 2  
411 0  
412 1  
413 3  
414 2  
415 0  
416 1  
417 3  
418 2  
419 0  
420 1  
421 3  
422 2  
423 0  
424 1  
425 3  
426 2  
427 0  
428 1  
429 3  
430 2  
431 0  
432 1  
433 3  
434 2  
435 0  
436 1  
437 3  
438 2  
439 0  
440 1  
441 3  
442 2  
443 0  
444 1  
445 3  
446 2  
447 0  
448 1  
449 3  
450 2  
451 0  
452 1  
453 3  
454 2  
455 0  
456 1  
457 3  
458 2  
459 0  
460 1  
461 3  
462 2  
463 0  
464 1  
465 3  
466 2  
467 0  
468 1  
469 3  
470 2  
471 0  
472 1  
473 3  
474 2  
475 0  
476 1  
477 3  
478 2  
479 0  
480 1  
481 3  
482 2  
483 0  
484 1  
485 3  
486 2  
487 0  
488 1  
489 3  
490 2  
491 0  
492 1  
493 3  
494 2  
495 0  
496 1  
497 3  
498 2  
499 0  
500 1  
501 3  
502 2  
503 0  
504 1  
505 3  
506 2  
507 0  
508 1  
509 3  
510 2  
511 0  
512 1  
513 3  
514 2  
515 0  
516 1  
517 3  
518 2  
519 0  
520 1  
521 3  
522 2  
523 0  
524 1  
525 3  
526 2  
527 0  
528 1  
529 3  
530 2  
531 0  
532 1  
533 3  
534 2  
535 0  
536 1  
537 3  
538 2  
539 0  
540 1  
541 3  
542 2  
543 0  
544 1  
545 3  
546 2  
547 0  
548 1  
549 3  
550 2  
551 0  
552 1  
553 3  
554 2  
555 0  
556 1  
557 3  
558 2  
559 0  
560 1  
561 3  
562 2  
563 0  
564 1  
565 3  
566 2  
567 0  
568 1  
569 3  
570 2  
571 0  
572 1  
573 3  
574 2  
575 0  
576 1  
577 3  
578 2  
579 0  
580 1  
581 3  
582 2  
583 0  
584 1  
585 3  
586 2  
587 0  
588 1  
589 3  
590 2  
591 0  
592 1  
593 3  
594 2  
595 0  
596 1  
597 3  
598 2  
599 0  
600 1  
601 3  
602 2  
603 0  
604 1  
605 3  
606 0  
607 2  
608 1  
609 3  
610 0  
611 2  
612 1  
613 3  
614 0  
615 2  
616 1  
617 3  
618 0  
619 2  
620 1  
621 3  
622 0  
623 2  
624 1  
625 3  
626 0  
627 2  
628 1  
629 3  
630 0  
631 2  
632 1  
633 3  
634 0  
635 2  
636 1  
637 3  
638 0  
639 2  
640 1  
641 3  
642 0  
643 2  
644 1  
645 3  
646 0  
647 2  
648 1  
649 3  
650 0  
651 2  
652 1  
653 3  
654 0  
655 2  
656 1  
657 3  
658 0  
659 2  
660 1  
661 3  
662 0  
663 2  
664 1  
665 3  
666 0  
667 2  
668 1  
669 3  
670 0  
671 2  
672 1  
673 3  
674 0  
675 2  
676 1  
677 3  
678 0  
679 2  
680 1  
681 3  
682 0  
683 2  
684 1  
685 3  
686 0  
687 2  
688 1  
689 3  
690 0  
691 2  
692 1  
693 3  
694 0  
695 2  
696 1  
697 3  
698 0  
699 2  
700 1  
701 3  
702 0  
703 1  
704 2  
705 3  
706 0  
707 1  
708 2  
709 3  
710 0  
711 1  
712 2  
713 3  
714 0  
715 1  
716 2  
717 3  
718 0  
719 1  
720 2  
721 3  
722 0  
723 1  
724 2  
725 3  
726 0  
727 1  
728 2  
729 3  
730 0  
731 1  
732 2  
733 3  
734 0  
735 1  
736 2  
737 3  
738 0  
739 1  
740 2  
741 3  
742 0  
743 1  
744 2  
745 3  
746 0  
747 1  
748 2  
749 3  
750 0  
751 1  
752 2  
753 3  
754 0  
755 1  
756 2  
757 3  
758 0  
759 1  
760 2  
761 3  
762 0  
763 1  
764 2  
765 3  
766 0  
767 1  
768 2  
769 3  
770 0  
771 1  
772 2  
773 3  
774 0  
775 1  
776 2  
777 3  
778 0  
779 1  
780 2  
781 3  
782 0  
783 1  
784 2  
785 3  
786 0  
787 1  
788 2  
789 3  
790 0  
791 1  
792 2  
793 3  
794 0  
795 1  
796 2  
797 3  
798 0  
799 1  
800 2  
801 3  
802 0  
803 1  
804 2  
805 3  
806 0  
807 1  
808 2  
809 3  
810 0  
811 1  
812 2  
813 3  
814 0  
815 1  
816 2  
817 3  
818 0  
819 1  
820 2  
821 3  
822 0  
823 1  
824 2  
825 3  
826 0  
827 1  
828 2  
829 3  
830 0  
831 1  
832 2  
833 3  
834 0  
835 1  
836 2  
837 3  
838 0  
839 1  
840 2  
841 3  
842 0  
843 1  
844 2  
845 3  
846 0  
847 1  
848 2  
849 3  
850 0  
851 1  
852 2  
853 3  
854 0  
855 1  
856 2  
857 3  
858 0  
859 1  
860 2  
861 3  
862 0  
863 1  
864 2  
865 3  
866 0  
867 1  
868 2  
869 3  
870 0  
871 1  
872 2  
873 3  
874 0  
875 1  
876 2  
877 3  
878 0  
879 1  
880 2  
881 3  
882 0  
883 1  
884 3  
885 2  
886 0  
887 1  
888 3  
889 2  
890 0  
891 1  
892 3  
893 2  
894 0  
895 1  
896 3  
897 0  
898 2  
899 1  
900 3  
901 0  
902 2  
903 1  
904 3  
905 0  
906 2  
907 1  
908 3  
909 0  
910 2  
911 1  
912 3  
913 0  
914 2  
915 1  
916 3  
917 0  
918 2  
919 1  
920 3  
921 0  
922 2  
923 1  
924 3  
925 0  
926 2  
927 1  
928 3  
929 0  
930 2  
931 1  
932 3  
933 0  
934 2  
935 1  
936 3  
937 0  
938 2  
939 1  
940 3  
941 0  
942 2  
943 1  
944 3  
945 0  
946 2  
947 1  
948 3  
949 0  
950 2  
951 1  
952 3  
953 0  
954 2  
955 1  
956 3  
957 0  
958 2  
959 1  
960 3  
961 0  
962 2  
963 1  
964 3  
965 0  
966 2  
967 1  
968 3  
969 0  
970 2  
971 1  
972 3  
973 0  
974 2  
975 1  
976 3  
977 0  
978 2  
979 1  
980 3  
981 0  
982 2  
983 1  
984 3  
985 0  
986 2  
987 1  
988 3  
989 0  
990 2  
991 1  
992 3  
993 0  
994 2  
995 1  
996 3  
997 0  
998 2  
999 1  
1000 3  
1001 0  
1002 2  
1003 1  
1004 3  
1005 0  
1006 2  
1007 1  
1008 3  
1009 0  
1010 2  
1011 1  
1012 3  
1013 0  
1014 2  
1015 1  
1016 3  
1017 0  
1018 2  
1019 1  
1020 3  
1021 0  
1022 2  
1023 1  
1024 3  
1025 0  
1026 2  
1027 1  
1028 3  
1029 0  
1030 2  
1031 1  
1032 3  
1033 0  
1034 2  
1035 1  
1036 3  
1037 0  
1038 2  
1039 1  
1040 3  
1041 0  
1042 2  
1043 1  
1044 3  
1045 0  
1046 2  
1047 1  
1048 3  
1049 0  
1050 2  
1051 1  
1052 3  
1053 0  
1054 2  
1055 1  
1056 3  
1057 0  
1058 2  
1059 1  
1060 3  
1061 0  
1062 2  
1063 1  
1064 3  
1065 0  
1066 2  
1067 1  
1068 3  
1069 0  
1070 2  
1071 1  
1072 3  
1073 0  
1074 2  
1075 1  
1076 3  
1077 0  
1078 2  
1079 1  
1080 3  
1081 0  
1082 2  
1083 1  
1084 3  
1085 0  
1086 2  
1087 1  
1088 3  
1089 0  
1090 2  
1091 1  
1092 3  
1093 0  
1094 2  
1095 1  
1096 3  
1097 0  
1098 2  
1099 1  
1100 3  
1101 0  
1102 2  
1103 1  
1104 3  
1105 0  
1106 2  
1107 1  
1108 3  
1109 0  
1110 2  
1111 1  
1112 3  
1113 0  
1114 2  
1115 1  
1116 3  
1117 0  
1118 2  
1119 1  
1120 3  
1121 0  
1122 2  
1123 1  
1124 3  
1125 0  
1126 2  
1127 1  
1128 3  
1129 0  
1130 2  
1131 1  
1132 3  
1133 0  
1134 2  
1135 1  
1136 3  
1137 0  
1138 2  
1139 1  
1140 3  
1141 0  
1142 2  
1143 1  
1144 3  
1145 0  
1146 2  
1147 1  
1148 3  
1149 0  
1150 2  
1151 1  
1152 3  
1153 0  
1154 2  
1155 1  
1156 3  
1157 0  
1158 2  
1159 1  
1160 3  
1161 0  
1162 2  
1163 1  
1164 3  
1165 0  
1166 2  
1167 1  
1168 3  
1169 0  
1170 2  
1171 1  
1172 3  
1173 0  
1174 2  
1175 1  
1176 3  
1177 0  
1178 2  
1179 1  
1180 3  
1181 0  
1182 2  
1183 1  
1184 3  
1185 0  
1186 2  
1187 1  
1188 3  
1189 0  
1190 2  
1191 1  
1192 3  
1193 0  
1194 2  
1195 1  
1196 3  
1197 0  
1198 2  
1199 1  
1200 3  
1201 0  
1202 2  
1203 1  
1204 3  
1205 0  
1206 2  
1207 1  
1208 3  
1209 0  
1210 2  
1211 1  
1212 3  
1213 0  
1214 2  
1215 1  
1216 3  
1217 0  
1218 2  
1219 1  
1220 3  
1221 0  
1222 2  
1223 1  
1224 3  
1225 0  
1226 2  
1227 1  
1228 3  
1229 0  
1230 2  
1231 1  
1232 3  
1233 0  
1234 2  
1235 1  
1236 3  
1237 0  
1238 2  
1239 1  
1240 3  
1241 0  
1242 2  
1243 1  
1244 3  
1245 0  
1246 2  
1247 1  
1248 3  
1249 0  
1250 2  
1251 1  
1252 3  
1253 0  
1254 2  
1255 1  
1256 3  
1257 0  
1258 2  
1259 1  
1260 3  
1261 0  
1262 2  
1263 1  
1264 3  
1265 0  
1266 2  
1267 1  
1268 3  
1269 0  
1270 2  
1271 1  
1272 3  
1273 0  
1274 2  
1275 1  
1276 3  
1277 0  
1278 2  
1279 1  
1280 3  
1281 0  
1282 2  
1283 1  
1284 3  
1285 0  
1286 2  
1287 1  
1288 3  
1289 0  
1290 2  
1291 1  
1292 3  
1293 0  
1294 2  
1295 1  
1296 3  
1297 0  
1298 2  
1299 1  
1300 3  
1301 0  
1302 2  
1303 1  
1304 3  
1305 0  
1306 2  
1307 1  
1308 3  
1309 0  
1310 2  
1311 1  
1312 3  
1313 0  
1314 2  
1315 1  
1316 3  
1317 0  
1318 2  
1319 1  
1320 3  
1321 0  
1322 2  
1323 1  
1324 3  
1325 0  
1326 2  
1327 1  
1328 3  
1329 0  
1330 2  
1331 1  
1332 3  
1333 0  
1334 2  
1335 1  
1336 3  
1337 0  
1338 2  
1339 1  
1340 3  
1341 0  
1342 2  
1343 1  
1344 3  
1345 0  
1346 2  
1347 1  
1348 3  
1349 0  
1350 2  
1351 1  
1352 3  
1353 0  
1354 2  
1355 1  
1356 3  
1357 0  
1358 2  
1359 1  
1360 3  
1361 0  
1362 2  
1363 1  
1364 3  
1365 0  
1366 2  
1367 1  
1368 3  
1369 0  
1370 2  
1371 1  
1372 3  
1373 0  
1374 2  
1375 1  
1376 3  
1377 0  
1378 2  
1379 1  
1380 3  
1381 0  
1382 2  
1383 1  
1384 3  
1385 0  
1386 2  
1387 1  
1388 3  
1389 0  
1390 2  
1391 1  
1392 3  
1393 0  
1394 2  
1395 1  
1396 3  
1397 0  
1398 2  
1399 1  
1400 3  
1401 0  
1402 2  
1403 1  
1404 3  
1405 0  
1406 2  
1407 1  
1408 3  
1409 0  
1410 2  
1411 1  
1412 3  
1413 0  
1414 2  
1415 1  
1416 3  
1417 0  
1418 2  
1419 1  
1420 3  
1421 0  
1422 2  
1423 1  
1424 3  
1425 0  
1426 2  
1427 1  
1428 3  
1429 0  
1430 2  
1431 1  
1432 3  
1433 0  
1434 2  
1435 1  
1436 3  
1437 0  
1438 2  
1439 1  
1440 3  
1441 0  
1442 2  
1443 1  
1444 3  
1445 0  
1446 2  
1447 1  
1448 3  
1449 0  
1450 2  
1451 1  
1452 3  
1453 0  
1454 2  
1455 1  
1456 3  
1457 0  
1458 2  
1459 1  
1460 3  
1461 0  
1462 2  
1463 1  
1464 3  
1465 0  
1466 2  
1467 1  
1468 3  
1469 0  
1470 2  
1471 1  
1472 3  
1473 0  
1474 2  
1475 1  
1476 3  
1477 0  
1478 2  
1479 1  
1480 3  
1481 0  
1482 2  
1483 1  
1484 3  
1485 0  
1486 2  
1487 1  
1488 3  
1489 0  
1490 2  
1491 1  
1492 3  
1493 0  
1494 2  
1495 1  
1496 3  
1497 0  
1498 2  
1499 1  
1500 3  
1501 0  
1502 2  
1503 1  
1504 3  
1505 0  
1506 2  
1507 1  
1508 3  
1509 0  
1510 2  
1511 1  
1512 3  
1513 0  
1514 2  
1515 1  
1516 3  
1517 0  
1518 2  
1519 1  
1520 3  
1521 0  
1522 2  
1523 1  
1524 3  
1525 0  
1526 2  
1527 1  
1528 3  
1529 0  
1530 2  
1531 1  
1532 3  
1533 0  
1534 2  
1535 1  
1536 3  
1537 0  
1538 2  
1539 1  
1540 3  
1541 0  
1542 1  
1543 2  
1544 3  
1545 0  
1546 1  
1547 2  
1548 3  
1549 0  
1550 1  
1551 2  
1552 3  
1553 0  
1554 1  
1555 2  
1556 3  
1557 0  
1558 1  
1559 2  
1560 3  
1561 0  
1562 1  
1563 2  
1564 3  
1565 0  
1566 1  
1567 2  
1568 3  
1569 0  
1570 1  
1571 2  
1572 3  
1573 0  
1574 1  
1575 2  
1576 3  
1577 0  
1578 1  
1579 2  
1580 3  
1581 0  
1582 1  
1583 2  
1584 3  
1585 0  
1586 1  
1587 2  
1588 3  
1589 0  
1590 1  
1591 2  
1592 3  
1593 0  
1594 1  
1595 2  
1596 3  
1597 0  
1598 1  
1599 2  
1600 3  
1601 0  
1602 1  
1603 2  
1604 3  
1605 0  
1606 1  
1607 2  
1608 3  
1609 0  
1610 1  
1611 2  
1612 3  
1613 0  
1614 1  
1615 2  
1616 3  
1617 0  
1618 1  
1619 2  
1620 3  
1621 0  
1622 1  
1623 2  
1624 3  
1625 0  
1626 1  
1627 2  
1628 3  
1629 0  
1630 1  
1631 2  
1632 3  
1633 0  
1634 1  
1635 2  
1636 3  
1637 0  
1638 1  
1639 2  
1640 3  
1641 0  
1642 1  
1643 2  
1644 3  
1645 0  
1646 1  
1647 2  
1648 3  
1649 0  
1650 1  
1651 2  
1652 3  
1653 0  
1654 1  
1655 2  
1656 3  
1657 0  
1658 1  
1659 2  
1660 3  
1661 0  
1662 1  
1663 2  
1664 3  
1665 0  
1666 1  
1667 2  
1668 3  
1669 0  
1670 1  
1671 2  
1672 3  
1673 0  
1674 1  
1675 2  
1676 3  
1677 0  
1678 1  
1679 2  
1680 3  
1681 0  
1682 1  
1683 2  
1684 3  
1685 0  
1686 1  
1687 2  
1688 3  
1689 0  
1690 1  
1691 2  
1692 3  
1693 0  
1694 1  
1695 2  
1696 3  
1697 0  
1698 1  
1699 2  
1700 3  
1701 0  
1702 1  
1703 2  
1704 3  
1705 0  
1706 1  
1707 2  
1708 3  
1709 0  
1710 1  
1711 2  
1712 3  
1713 0  
1714 1  
1715 2  
1716 3  
1717 0  
1718 1  
1719 2  
1720 3  
1721 0  
1722 1  
1723 2  
1724 3  
1725 0  
1726 1  
1727 2  
1728 3  
1729 0  
1730 1  
1731 2  
1732 3  
1733 0  
1734 1  
1735 2  
1736 3  
1737 0  
1738 1  
1739 2  
1740 3  
1741 0  
1742 1  
1743 2  
1744 3  
1745 0  
1746 1  
1747 2  
1748 3  
1749 0  
1750 1  
1751 2  
1752 3  
1753 0  
1754 1  
1755 2  
1756 3  
1757 0  
1758 1  
1759 2  
1760 3  
1761 0  
1762 1  
1763 2  
1764 3  
1765 0  
1766 1  
1767 2  
1768 3  
1769 0  
1770 1  
1771 2  
1772 3  
1773 0  
1774 1  
1775 2  
1776 3  
1777 0  
1778 1  
1779 2  
1780 3  
1781 0  
1782 1  
1783 2  
1784 3  
1785 0  
1786 1  
1787 2  
1788 3  
1789 0  
1790 1  
1791 2  
1792 3  
1793 0  
1794 1  
1795 2  
1796 3  
1797 0  
1798 1  
1799 2  
1800 3  
1801 0  
1802 1  
1803 2  
1804 3  
1805 0  
1806 1  
1807 2  
1808 3  
1809 0  
1810 1  
1811 2  
1812 3  
1813 0  
1814 1  
1815 2  
1816 3  
1817 0  
1818 1  
1819 2  
1820 3  
1821 0  
1822 1  
1823 2  
1824 3  
1825 0  
1826 1  
1827 2  
1828 3  
1829 0  
1830 1  
1831 2  
1832 3  
1833 0  
1834 1  
1835 2  
1836 3  
1837 0  
1838 1  
1839 2  
1840 3  
1841 0  
1842 1  
1843 2  
1844 3  
1845 0  
1846 1  
1847 2  
1848 3  
1849 0  
1850 1  
1851 2  
1852 3  
1853 0  
1854 1  
1855 2  
1856 3  
1857 0  
1858 1  
1859 2  
1860 3  
1861 0  
1862 1  
1863 2  
1864 3  
1865 0  
1866 1  
1867 2  
1868 3  
1869 0  
1870 1  
1871 2  
1872 3  
1873 0  
1874 1  
1875 2  
1876 3  
1877 0  
1878 1  
1879 2  
1880 3  
1881 0  
1882 1  
1883 2  
1884 3  
1885 0  
1886 1  
1887 2  
1888 3  
1889 0  
1890 1  
1891 2  
1892 3  
1893 0  
1894 1  
1895 2  
1896 3  
1897 0  
1898 1  
1899 2  
1900 3  
1901 0  
1902 1  
1903 2  
1904 3  
1905 0  
1906 1  
1907 2  
1908 3  
1909 0  
1910 1  
1911 3  
1912 2  
1913 0  
1914 1  
1915 3  
1916 0  
1917 2  
1918 1  
1919 3  
1920 0  
1921 2  
1922 1  
1923 3  
1924 0  
1925 2  
1926 1  
1927 3  
1928 0  
1929 2  
1930 1  
1931 3  
1932 0  
1933 2  
1934 1  
1935 3  
1936 0  
1937 2  
1938 1  
1939 3  
1940 0  
1941 2  
1942 1  
1943 3  
1944 0  
1945 2  
1946 1  
1947 3  
1948 0  
1949 2  
1950 1  
1951 3  
1952 0  
1953 2  
1954 1  
1955 3  
1956 0  
1957 2  
1958 1  
1959 3  
1960 0  
1961 2  
1962 1  
1963 3  
1964 0  
1965 2  
1966 1  
1967 3  
1968 0  
1969 2  
1970 1  
1971 3  
1972 0  
1973 2  
1974 1  
1975 3  
1976 0  
1977 2  
1978 1  
1979 3  
1980 0  
1981 2  
1982 1  
1983 3  
1984 0  
1985 2  
1986 1  
1987 3  
1988 0  
1989 2  
1990 1  
1991 3  
1992 0  
1993 2  
1994 1  
1995 3  
1996 0  
1997 2  
1998 1  
1999 3  
2000 0  
2001 2  
2002 1  
2003 3  
2004 0  
2005 2  
2006 1  
2007 3  
2008 0  
2009 2  
2010 1  
2011 3  
2012 0  
2013 2  
2014 1  
2015 3  
2016 0  
2017 1  
2018 2  
2019 3  
2020 0  
2021 1  
2022 2  
2023 3  
2024 0  
2025 1  
2026 2  
2027 3  
2028 0  
2029 1  
2030 2  
2031 3  
2032 0  
2033 1  
2034 2  
2035 3  
2036 0  
2037 1  
2038 2  
2039 3  
2040 0  
2041 1  
2042 2  
2043 3  
2044 0  
2045 1  
2046 2  
2047 3  
2048 0  
2049 1  
2050 2  
2051 3  
2052 0  
2053 1  
2054 2  
2055 3  
2056 0  
2057 1  
2058 2  
2059 3  
2060 0  
2061 1  
2062 2  
2063 3  
2064 0  
2065 1  
2066 2  
2067 3  
2068 0  
2069 1  
2070 2  
2071 3  
2072 0  
2073 1  
2074 2  
2075 3  
2076 0  
2077 1  
2078 2  
2079 3  
2080 0  
2081 1  
2082 2  
2083 3  
2084 0  
2085 1  
2086 2  
2087 3  
2088 0  
2089 1  
2090 2  
2091 3  
2092 0  
2093 1  
2094 2  
2095 3  
2096 0  
2097 1  
2098 3  
2099 2  
2100 0  
2101 1  
2102 3  
2103 0  
2104 2  
2105 1  
2106 3  
2107 0  
2108 2  
2109 1  
2110 3  
2111 0  
2112 2  
2113 1  
2114 3  
2115 0  
2116 2  
2117 1  
2118 3  
2119 0  
2120 2  
2121 1  
2122 3  
2123 0  
2124 2  
2125 1  
2126 3  
2127 0  
2128 2  
2129 1  
2130 3  
2131 0  
2132 2  
2133 1  
2134 3  
2135 0  
2136 2  
2137 1  
2138 3  
2139 0  
2140 2  
2141 1  
2142 3  
2143 0  
2144 2  
2145 1  
2146 3  
2147 0  
2148 2  
2149 1  
2150 3  
2151 0  
2152 2  
2153 1  
2154 3  
2155 0  
2156 2  
2157 3  
2158 1  
2159 0  
2160 2  
2161 3  
2162 1  
2163 0  
2164 2  
2165 3  
2166 1  
2167 0  
2168 2  
2169 3  
2170 1  
2171 0  
2172 2  
2173 3  
2174 1  
2175 0  
2176 2  
2177 3  
2178 1  
2179 0  
2180 2  
2181 3  
2182 1  
2183 0  
2184 2  
2185 3  
2186 1  
2187 0  
2188 3  
2189 2  
2190 1  
2191 0  
2192 3  
2193 1  
2194 2  
2195 0  
2196 3  
2197 1  
2198 2  
2199 0  
2200 3  
2201 1  
2202 2  
2203 0  
2204 3  
2205 1  
2206 2  
2207 0  
2208 3  
2209 1  
2210 2  
2211 0  
2212 3  
2213 1  
2214 2  
2215 0  
2216 3  
2217 1  
2218 2  
2219 0  
2220 3  
2221 1  
2222 2  
2223 0  
2224 3  
2225 1  
2226 2  
2227 0  
2228 3  
2229 1  
2230 2  
2231 0  
2232 3  
2233 1  
2234 2  
2235 0  
2236 3  
2237 1  
2238 2  
2239 0  
2240 3  
2241 1  
2242 2  
2243 0  
2244 3  
2245 1  
2246 2  
2247 3  
2248 0  
2249 1  
2250 2  
2251 3  
2252 0  
2253 1  
2254 2  
2255 3  
2256 0  
2257 1  
2258 2  
2259 3  
2260 0  
2261 1  
2262 2  
2263 3  
2264 0  
2265 1  
2266 2  
2267 3  
2268 0  
2269 1  
2270 2  
2271 3  
2272 0  
2273 1  
2274 2  
2275 3  
2276 0  
2277 1  
2278 2  
2279 3  
2280 0  
2281 1  
2282 2  
2283 3  
2284 0  
2285 1  
2286 2  
2287 3  
2288 0  
2289 1  
2290 2  
2291 3  
2292 0  
2293 1  
2294 2  
2295 3  
2296 0  
2297 1  
2298 2  
2299 3  
2300 0  
2301 1  
2302 2  
2303 3  
2304 0  
2305 1  
2306 2  
2307 3  
2308 0  
2309 1  
2310 2  
2311 3  
2312 0  
2313 1  
2314 2  
2315 3  
2316 0  
2317 1  
2318 2  
2319 3  
2320 0  
2321 1  
2322 2  
2323 3  
2324 0  
2325 1  
2326 2  
2327 3  
2328 0  
2329 1  
2330 2  
2331 3  
2332 0  
2333 1  
2334 2  
2335 3  
2336 0  
2337 1  
2338 2  
2339 3  
2340 0  
2341 1  
2342 2  
2343 3  
2344 0  
2345 1  
2346 2  
2347 3  
2348 0  
2349 1  
2350 2  
2351 3  
2352 0  
2353 1  
2354 2  
2355 3  
2356 0  
2357 1  
2358 2  
2359 3  
2360 0  
2361 1  
2362 2  
2363 3  
2364 0  
2365 1  
2366 3  
2367 2  
2368 0  
2369 1  
2370 3  
2371 2  
2372 0  
2373 1  
2374 3  
2375 2  
2376 0  
2377 1  
2378 3  
2379 2  
2380 0  
2381 1  
2382 3  
2383 2  
2384 0  
2385 1  
2386 3  
2387 2  
2388 0  
2389 1  
2390 3  
2391 2  
2392 0  
2393 1  
2394 3  
2395 2  
2396 0  
2397 1  
2398 3  
2399 2  
2400 0  
2401 1  
2402 3  
2403 2  
2404 0  
2405 1  
2406 3  
2407 2  
2408 0  
2409 1  
2410 3  
2411 2  
2412 0  
2413 1  
2414 3  
2415 2  
2416 0  
2417 1  
2418 3  
2419 2  
2420 0  
2421 1  
2422 3  
2423 2  
2424 0  
2425 1  
2426 3  
2427 2  
2428 0  
2429 1  
2430 3  
2431 2  
2432 0  
2433 1  
2434 3  
2435 2  
2436 0  
2437 1  
2438 3  
2439 2  
2440 0  
2441 3  
2442 1  
2443 2  
2444 0  
2445 3  
2446 1  
2447 2  
2448 0  
2449 3  
2450 1  
2451 2  
2452 0  
2453 3  
2454 1  
2455 2  
2456 0  
2457 3  
2458 1  
2459 2  
2460 0  
2461 3  
2462 1  
2463 2  
2464 0  
2465 3  
2466 1  
2467 2  
2468 0  
2469 3  
2470 1  
2471 2  
2472 0  
2473 3  
2474 1  
2475 2  
2476 0  
2477 3  
2478 1  
2479 2  
2480 0  
2481 3  
2482 1  
2483 2  
2484 0  
2485 3  
2486 1  
2487 2  
2488 0  
2489 3  
2490 1  
2491 2  
2492 0  
2493 3  
2494 1  
2495 2  
2496 0  
2497 3  
2498 1  
2499 2  
2500 0  
2501 3  
2502 1  
2503 2  
2504 0  
2505 3  
2506 1  
2507 2  
2508 0  
2509 3  
2510 1  
2511 2  
2512 0  
2513 3  
2514 1  
2515 2  
2516 0  
2517 3  
2518 1  
2519 2  
2520 0  
2521 3  
2522 1  
2523 2  
2524 0  
2525 3  
2526 1  
2527 2  
2528 0  
2529 3  
2530 1  
2531 2  
2532 0  
2533 3  
2534 1  
2535 2  
2536 0  
2537 3  
2538 1  
2539 2  
2540 0  
2541 3  
2542 1  
2543 2  
2544 0  
2545 3  
2546 1  
2547 2  
2548 0  
2549 3  
2550 1  
2551 2  
2552 0  
2553 3  
2554 1  
2555 2  
2556 0  
2557 3  
2558 1  
2559 2  
2560 0  
2561 3  
2562 1  
2563 2  
2564 0  
2565 3  
2566 1  
2567 2  
2568 0  
2569 3  
2570 1  
2571 2  
2572 0  
2573 3  
2574 1  
2575 2  
2576 0  
2577 3  
2578 1  
2579 2  
2580 0  
2581 3  
2582 1  
2583 2  
2584 0  
2585 3  
2586 1  
2587 2  
2588 0  
2589 3  
2590 1  
2591 2  
2592 0  
2593 3  
2594 1  
2595 2  
2596 0  
2597 3  
2598 1  
2599 2  
2600 0  
2601 3  
2602 1  
2603 2  
2604 0  
2605 3  
2606 1  
2607 2  
2608 0  
2609 3  
2610 1  
2611 2  
2612 0  
2613 3  
2614 1  
2615 2  
2616 0  
2617 3  
2618 1  
2619 2  
2620 0  
2621 3  
2622 1  
2623 2  
2624 0  
2625 3  
2626 1  
2627 2  
2628 0  
2629 3  
2630 1  
2631 2  
2632 0  
2633 3  
2634 1  
2635 2  
2636 0  
2637 3  
2638 1  
2639 2  
2640 0  
2641 3  
2642 1  
2643 2  
2644 0  
2645 3  
2646 1  
2647 2  
2648 0  
2649 3  
2650 1  
2651 2  
2652 0  
2653 3  
2654 1  
2655 2  
2656 0  
2657 3  
2658 1  
2659 2  
2660 0  
2661 3  
2662 1  
2663 2  
2664 0  
2665 3  
2666 1  
2667 2  
2668 0  
2669 3  
2670 1  
2671 2  
2672 0  
2673 3  
2674 1  
2675 2  
2676 0  
2677 3  
2678 1  
2679 2  
2680 0  
2681 3  
2682 1  
2683 2  
2684 0  
2685 3  
2686 1  
2687 2  
2688 0  
2689 3  
2690 1  
2691 2  
2692 0  
2693 3  
2694 1  
2695 2  
2696 0  
2697 3  
2698 1  
2699 2  
2700 0  
2701 3  
2702 1  
2703 2  
2704 0  
2705 3  
2706 1  
2707 2  
2708 0  
2709 3  
2710 1  
2711 2  
2712 0  
2713 3  
2714 1  
2715 2  
2716 0  
2717 3  
2718 1  
2719 2  
2720 0  
2721 3  
2722 1  
2723 0  
2724 2  
2725 3  
2726 1  
2727 0  
2728 2  
2729 3  
2730 1  
2731 0  
2732 2  
2733 3  
2734 1  
2735 0  
2736 2  
2737 3  
2738 1  
2739 0  
2740 2  
2741 3  
2742 1  
2743 0  
2744 2  
2745 3  
2746 1  
2747 0  
2748 2  
2749 3  
2750 1  
2751 2  
2752 0  
2753 3  
2754 1  
2755 2  
2756 0  
2757 3  
2758 1  
2759 2  
2760 0  
2761 3  
2762 1  
2763 2  
2764 0  
2765 3  
2766 1  
2767 2  
2768 0  
2769 3  
2770 1  
2771 2  
2772 0  
2773 3  
2774 1  
2775 2  
2776 0  
2777 3  
2778 1  
2779 2  
2780 0  
2781 3  
2782 1  
2783 2  
2784 0  
2785 3  
2786 1  
2787 2  
2788 0  
2789 3  
2790 1  
2791 2  
2792 0  
2793 3  
2794 1  
2795 2  
2796 0  
2797 3  
2798 1  
2799 2  
2800 0  
2801 3  
2802 1  
2803 2  
2804 0  
2805 3  
2806 1  
2807 2  
2808 0  
2809 3  
2810 1  
2811 0  
2812 2  
2813 3  
2814 1  
2815 0  
2816 2  
2817 3  
2818 1  
2819 0  
2820 2  
2821 3  
2822 1  
2823 0  
2824 2  
2825 3  
2826 1  
2827 0  
2828 2  
2829 3  
2830 1  
2831 0  
2832 2  
2833 3  
2834 1  
2835 0  
2836 2  
2837 3  
2838 1  
2839 0  
2840 2  
2841 3  
2842 1  
2843 0  
2844 2  
2845 3  
2846 1  
2847 0  
2848 2  
2849 3  
2850 1  
2851 0  
2852 2  
2853 3  
2854 1  
2855 0  
2856 2  
2857 3  
2858 1  
2859 0  
2860 2  
2861 3  
2862 1  
2863 0  
2864 2  
2865 3  
2866 1  
2867 0  
2868 2  
2869 3  
2870 1  
2871 2  
2872 0  
2873 3  
2874 1  
2875 2  
2876 0  
2877 3  
2878 1  
2879 2  
2880 0  
2881 3  
2882 1  
2883 2  
2884 0  
2885 3  
2886 1  
2887 2  
2888 0  
2889 3  
2890 1  
2891 2  
2892 0  
2893 3  
2894 1  
2895 2  
2896 0  
2897 3  
2898 1  
2899 0  
2900 2  
2901 3  
2902 1  
2903 0  
2904 2  
2905 3  
2906 1  
2907 0  
2908 2  
2909 3  
2910 1  
2911 0  
2912 2  
2913 3  
2914 1  
2915 0  
2916 2  
2917 3  
2918 1  
2919 0  
2920 2  
2921 3  
2922 1  
2923 0  
2924 2  
2925 3  
2926 1  
2927 0  
2928 2  
2929 3  
2930 1  
2931 0  
2932 2  
2933 3  
2934 1  
2935 0  
2936 2  
2937 3  
2938 1  
2939 0  
2940 2  
2941 3  
2942 1  
2943 0  
2944 2  
2945 3  
2946 1  
2947 0  
2948 2  
2949 3  
2950 1  
2951 0  
2952 2  
2953 3  
2954 1  
2955 0  
2956 2  
2957 3  
2958 1  
2959 0  
2960 2  
2961 3  
2962 1  
2963 0  
2964 2  
2965 3  
2966 1  
2967 0  
2968 2  
2969 3  
2970 1  
2971 0  
2972 2  
2973 3  
2974 1  
2975 0  
2976 2  
2977 3  
2978 1  
2979 0  
2980 2  
2981 3  
2982 1  
2983 0  
2984 2  
2985 3  
2986 1  
2987 0  
2988 2  
2989 3  
2990 1  
2991 0  
2992 2  
2993 3  
2994 1  
2995 0  
2996 2  
2997 3  
2998 1  
2999 0  
3000 2  
3001 3  
3002 1  
3003 0  
3004 2  
3005 3  
3006 1  
3007 0  
3008 2  
3009 3  
3010 1  
3011 0  
3012 2  
3013 3  
3014 1  
3015 0  
3016 2  
3017 3  
3018 1  
3019 0  
3020 2  
3021 3  
3022 1  
3023 0  
3024 2  
3025 3  
3026 1  
3027 0  
3028 2  
3029 3  
3030 1  
3031 0  
3032 2  
3033 3  
3034 1  
3035 0  
3036 2  
3037 3  
3038 1  
3039 0  
3040 2  
3041 3  
3042 1  
3043 0  
3044 2  
3045 3  
3046 1  
3047 0  
3048 2  
3049 3  
3050 1  
3051 0  
3052 2  
3053 3  
3054 1  
3055 0  
3056 2  
3057 3  
3058 1  
3059 0  
3060 2  
3061 3  
3062 1  
3063 0  
3064 2  
3065 3  
3066 1  
3067 0  
3068 2  
3069 3  
3070 1  
3071 0  
3072 2  
3073 3  
3074 1  
3075 0  
3076 3  
3077 2  
3078 1  
3079 0  
3080 3  
3081 2  
3082 1  
3083 0  
3084 3  
3085 2  
3086 1  
3087 0  
3088 3  
3089 2  
3090 1  
3091 0  
3092 3  
3093 2  
3094 1  
3095 0  
3096 3  
3097 2  
3098 1  
3099 0  
3100 3  
3101 2  
3102 1  
3103 0  
3104 3  
3105 2  
3106 1  
3107 0  
3108 3  
3109 2  
3110 1  
3111 0  
3112 3  
3113 2  
3114 1  
3115 0  
3116 3  
3117 2  
3118 1  
3119 0  
3120 3  
3121 2  
3122 1  
3123 0  
3124 3  
3125 2  
3126 1  
3127 0  
3128 3  
3129 2  
3130 1  
3131 0  
3132 3  
3133 2  
3134 1  
3135 0  
3136 3  
3137 2  
3138 1  
3139 0  
3140 3  
3141 2  
3142 1  
3143 0  
3144 3  
3145 2  
3146 1  
3147 0  
3148 3  
3149 2  
3150 1  
3151 0  
3152 3  
3153 1  
3154 2  
3155 0  
3156 3  
3157 1  
3158 2  
3159 0  
3160 3  
3161 1  
3162 2  
3163 0  
3164 3  
3165 1  
3166 0  
3167 2  
3168 3  
3169 1  
3170 0  
3171 2  
3172 3  
3173 1  
3174 0  
3175 2  
3176 3  
3177 1  
3178 0  
3179 2  
3180 3  
3181 1  
3182 0  
3183 2  
3184 3  
3185 1  
3186 0  
3187 2  
3188 3  
3189 1  
3190 0  
3191 2  
3192 3  
3193 1  
3194 0  
3195 2  
3196 3  
3197 1  
3198 0  
3199 2  
3200 3  
3201 1  
3202 0  
3203 2  
3204 3  
3205 1  
3206 0  
3207 2  
3208 3  
3209 1  
3210 0  
3211 2  
3212 3  
3213 1  
3214 0  
3215 2  
3216 3  
3217 1  
3218 0  
3219 2  
3220 3  
3221 1  
3222 0  
3223 2  
3224 3  
3225 1  
3226 0  
3227 2  
3228 3  
3229 1  
3230 0  
3231 2  
3232 3  
3233 1  
3234 0  
3235 2  
3236 3  
3237 1  
3238 0  
3239 2  
3240 3  
3241 1  
3242 0  
3243 2  
3244 3  
3245 1  
3246 0  
3247 2  
3248 3  
3249 1  
3250 0  
3251 2  
3252 3  
3253 1  
3254 0  
3255 2  
3256 3  
3257 1  
3258 0  
3259 2  
3260 3  
3261 1  
3262 0  
3263 2  
3264 3  
3265 1  
3266 0  
3267 2  
3268 3  
3269 1  
3270 0  
3271 2  
3272 3  
3273 1  
3274 0  
3275 2  
3276 3  
3277 1  
3278 0  
3279 2  
3280 3  
3281 1  
3282 0  
3283 2  
3284 3  
3285 1  
3286 0  
3287 2  
3288 3  
3289 1  
3290 0  
3291 2  
3292 3  
3293 1  
3294 0  
3295 2  
3296 3  
3297 1  
3298 0  
3299 2  
3300 3  
3301 1  
3302 0  
3303 2  
3304 3  
3305 1  
3306 0  
3307 2  
3308 3  
3309 1  
3310 0  
3311 2  
3312 3  
3313 1  
3314 0  
3315 2  
3316 3  
3317 1  
3318 0  
3319 2  
3320 3  
3321 1  
3322 0  
3323 2  
3324 3  
3325 1  
3326 0  
3327 2  
3328 3  
3329 1  
3330 0  
3331 3  
3332 2  
3333 1  
3334 0  
3335 3  
3336 2  
3337 1  
3338 0  
3339 3  
3340 2  
3341 1  
3342 0  
3343 3  
3344 2  
3345 1  
3346 0  
3347 3  
3348 2  
3349 1  
3350 0  
3351 3  
3352 2  
3353 1  
3354 0  
3355 3  
3356 2  
3357 1  
3358 0  
3359 3  
3360 2  
3361 1  
3362 0  
3363 3  
3364 2  
3365 1  
3366 0  
3367 3  
3368 2  
3369 1  
3370 0  
3371 3  
3372 2  
3373 1  
3374 0  
3375 3  
3376 2  
3377 1  
3378 0  
3379 3  
3380 2  
3381 1  
3382 0  
3383 3  
3384 2  
3385 1  
3386 0  
3387 3  
3388 2  
3389 1  
3390 0  
3391 3  
3392 2  
3393 1  
3394 0  
3395 3  
3396 2  
3397 1  
3398 0  
3399 3  
3400 2  
3401 1  
3402 0  
3403 3  
3404 2  
3405 1  
3406 0  
3407 3  
3408 2  
3409 1  
3410 0  
3411 3  
3412 2  
3413 0  
3414 1  
3415 3  
3416 2  
3417 0  
3418 1  
3419 3  
3420 0  
3421 2  
3422 1  
3423 3  
3424 0  
3425 2  
3426 1  
3427 3  
3428 0  
3429 2  
3430 1  
3431 3  
3432 0  
3433 2  
3434 1  
3435 3  
3436 0  
3437 2  
3438 1  
3439 3  
3440 0  
3441 2  
3442 1  
3443 3  
3444 0  
3445 2  
3446 1  
3447 3  
3448 0  
3449 2  
3450 1  
3451 3  
3452 0  
3453 2  
3454 1  
3455 3  
3456 0  
3457 2  
3458 1  
3459 3  
3460 0  
3461 2  
3462 1  
3463 3  
3464 0  
3465 2  
3466 1  
3467 3  
3468 0  
3469 2  
3470 1  
3471 3  
3472 0  
3473 2  
3474 1  
3475 3  
3476 0  
3477 2  
3478 1  
3479 3  
3480 0  
3481 2  
3482 1  
3483 3  
3484 0  
3485 2  
3486 1  
3487 3  
3488 0  
3489 2  
3490 1  
3491 3  
3492 0  
3493 2  
3494 1  
3495 3  
3496 0  
3497 2  
3498 1  
3499 3  
3500 0  
3501 2  
3502 1  
3503 3  
3504 0  
3505 2  
3506 1  
3507 3  
3508 0  
3509 2  
3510 1  
3511 3  
3512 0  
3513 2  
3514 1  
3515 3  
3516 0  
3517 2  
3518 1  
3519 3  
3520 0  
3521 2  
3522 1  
3523 3  
3524 0  
3525 2  
3526 1  
3527 3  
3528 0  
3529 2  
3530 1  
3531 3  
3532 0  
3533 2  
3534 1  
3535 3  
3536 0  
3537 2  
3538 1  
3539 3  
3540 0  
3541 2  
3542 1  
3543 3  
3544 0  
3545 2  
3546 1  
3547 3  
3548 0  
3549 2  
3550 1  
3551 3  
3552 0  
3553 2  
3554 1  
3555 3  
3556 0  
3557 2  
3558 1  
3559 3  
3560 0  
3561 2  
3562 1  
3563 3  
3564 0  
3565 2  
3566 1  
3567 3  
3568 0  
3569 2  
3570 1  
3571 3  
3572 0  
3573 2  
3574 1  
3575 3  
3576 0  
3577 2  
3578 1  
3579 3  
3580 0  
3581 2  
3582 1  
3583 3  
3584 0  
3585 2  
3586 1  
3587 3  
3588 0  
3589 2  
3590 1  
3591 3  
3592 0  
3593 2  
3594 1  
3595 3  
3596 0  
3597 2  
3598 1  
3599 3  
3600 0  
3601 2  
3602 1  
3603 3  
3604 0  
3605 2  
3606 1  
3607 3  
3608 0  
3609 2  
3610 1  
3611 3  
3612 0  
3613 2  
3614 1  
3615 3  
3616 0  
3617 2  
3618 1  
3619 3  
3620 0  
3621 2  
3622 1  
3623 3  
3624 0  
3625 2  
3626 1  
3627 3  
3628 0  
3629 2  
3630 1  
3631 3  
3632 0  
3633 2  
3634 1  
3635 3  
3636 0  
3637 2  
3638 1  
3639 3  
3640 0  
3641 2  
3642 1  
3643 3  
3644 0  
3645 2  
3646 1  
3647 3  
3648 0  
3649 2  
3650 1  
3651 3  
3652 0  
3653 2  
3654 1  
3655 3  
3656 2  
3657 0  
3658 1  
3659 3  
3660 2  
3661 0  
3662 1  
3663 3  
3664 2  
3665 0  
3666 1  
3667 3  
3668 2  
3669 0  
3670 1  
3671 3  
3672 2  
3673 0  
3674 1  
3675 3  
3676 2  
3677 0  
3678 1  
3679 3  
3680 2  
3681 0  
3682 1  
3683 3  
3684 0  
3685 2  
3686 1  
3687 3  
3688 0  
3689 2  
3690 1  
3691 3  
3692 0  
3693 2  
3694 1  
3695 3  
3696 0  
3697 2  
3698 1  
3699 3  
3700 0  
3701 2  
3702 1  
3703 3  
3704 0  
3705 2  
3706 1  
3707 3  
3708 0  
3709 2  
3710 1  
3711 3  
3712 0  
3713 2  
3714 1  
3715 3  
3716 0  
3717 2  
3718 1  
3719 3  
3720 0  
3721 2  
3722 1  
3723 3  
3724 0  
3725 2  
3726 1  
3727 3  
3728 0  
3729 2  
3730 1  
3731 3  
3732 0  
3733 2  
3734 1  
3735 3  
3736 0  
3737 2  
3738 1  
3739 0  
3740 3  
3741 2  
3742 1  
3743 0  
3744 3  
3745 2  
3746 1  
3747 0  
3748 3  
3749 2  
3750 1  
3751 0  
3752 3  
3753 2  
3754 1  
3755 0  
3756 3  
3757 2  
3758 1  
3759 0  
3760 3  
3761 2  
3762 1  
3763 0  
3764 3  
3765 2  
3766 1  
3767 0  
3768 3  
3769 2  
3770 1  
3771 0  
3772 3  
3773 2  
3774 1  
3775 0  
3776 3  
3777 2  
3778 1  
3779 0  
3780 3  
3781 2  
3782 1  
3783 0  
3784 3  
3785 2  
3786 1  
3787 0  
3788 3  
3789 2  
3790 1  
3791 0  
3792 3  
3793 2  
3794 1  
3795 0  
3796 3  
3797 2  
3798 1  
3799 0  
3800 3  
3801 2  
3802 1  
3803 0  
3804 3  
3805 2  
3806 1  
3807 0  
3808 3  
3809 2  
3810 1  
3811 0  
3812 3  
3813 2  
3814 1  
3815 0  
3816 3  
3817 2  
3818 1  
3819 0  
3820 3  
3821 2  
3822 1  
3823 0  
3824 3  
3825 2  
3826 1  
3827 0  
3828 3  
3829 2  
3830 1  
3831 0  
3832 3  
3833 2  
3834 1  
3835 0  
3836 3  
3837 2  
3838 1  
3839 0  
3840 3  
3841 2  
3842 1  
3843 0  
3844 3  
3845 2  
3846 1  
3847 0  
3848 3  
3849 2  
3850 1  
3851 0  
3852 3  
3853 2  
3854 1  
3855 0  
3856 3  
3857 2  
3858 1  
3859 0  
3860 3  
3861 2  
3862 1  
3863 0  
3864 3  
3865 2  
3866 1  
3867 0  
3868 3  
3869 1  
3870 2  
3871 0  
3872 3  
3873 1  
3874 2  
3875 0  
3876 3  
3877 1  
3878 2  
3879 0  
3880 3  
3881 1  
3882 2  
3883 0  
3884 3  
3885 1  
3886 2  
3887 0  
3888 3  
3889 1  
3890 2  
3891 0  
3892 3  
3893 1  
3894 2  
3895 0  
3896 3  
3897 1  
3898 2  
3899 0  
3900 3  
3901 1  
3902 2  
3903 0  
3904 3  
3905 1  
3906 2  
3907 0  
3908 3  
3909 1  
3910 2  
3911 0  
3912 3  
3913 1  
3914 2  
3915 0  
3916 3  
3917 1  
3918 2  
3919 0  
3920 3  
3921 1  
3922 2  
3923 0  
3924 3  
3925 1  
3926 2  
3927 0  
3928 3  
3929 1  
3930 2  
3931 0  
3932 3  
3933 1  
3934 2  
3935 0  
3936 3  
3937 1  
3938 2  
3939 0  
3940 3  
3941 1  
3942 2  
3943 0  
3944 3  
3945 1  
3946 2  
3947 0  
3948 3  
3949 1  
3950 2  
3951 0  
3952 3  
3953 1  
3954 2  
3955 0  
3956 3  
3957 1  
3958 2  
3959 0  
3960 3  
3961 1  
3962 2  
3963 0  
3964 3  
3965 1  
3966 2  
3967 0  
3968 3  
3969 1  
3970 2  
3971 0  
3972 3  
3973 1  
3974 2  
3975 0  
3976 3  
3977 1  
3978 2  
3979 0  
3980 3  
3981 1  
3982 2  
3983 0  
3984 3  
3985 1  
3986 2  
3987 0  
3988 3  
3989 1  
3990 2  
3991 0  
3992 3  
3993 1  
3994 2  
3995 0  
3996 3  
3997 1  
3998 2  
3999 0  
4000 3  
4001 1  
4002 2  
4003 0  
4004 3  
4005 1  
4006 2  
4007 0  
4008 3  
4009 1  
4010 2  
4011 0  
4012 3  
4013 1  
4014 2  
4015 0  
4016 3  
4017 1  
4018 2  
4019 0  
4020 3  
4021 1  
4022 2  
4023 0  
4024 3  
4025 1  
4026 2  
4027 0  
4028 3  
4029 1  
4030 2  
4031 0  
4032 3  
4033 1  
4034 2  
4035 0  
4036 3  
4037 1  
4038 0  
4039 2  
4040 3  
4041 1  
4042 0  
4043 3  
4044 2  
4045 1  
4046 0  
4047 3  
4048 1  
4049 2  
4050 0  
4051 3  
4052 1  
4053 2  
4054 0  
4055 3  
4056 1  
4057 2  
4058 0  
4059 3  
4060 1  
4061 2  
4062 0  
4063 3  
4064 1  
4065 2  
4066 0  
4067 3  
4068 1  
4069 2  
4070 0  
4071 3  
4072 1  
4073 2  
4074 0  
4075 3  
4076 1  
4077 2  
4078 0  
4079 3  
4080 1  
4081 2  
4082 0  
4083 3  
4084 1  
4085 2  
4086 0  
4087 3  
4088 1  
4089 2  
4090 0  
4091 3  
4092 1  
4093 2  
4094 0  
4095 3  
4096 1  
4097 2  
4098 0  
4099 3  
4100 1  
4101 2  
4102 0  
4103 3  
4104 1  
4105 2  
4106 0  
4107 3  
4108 1  
4109 2  
4110 0  
4111 3  
4112 1  
4113 2  
4114 0  
4115 3  
4116 1  
4117 2  
4118 0  
4119 3  
4120 1  
4121 2  
4122 0  
4123 3  
4124 1  
4125 2  
4126 0  
4127 3  
4128 1  
4129 0  
4130 2  
4131 3  
4132 1  
4133 0  
4134 2  
4135 3  
4136 1  
4137 0  
4138 3  
4139 2  
4140 1  
4141 0  
4142 3  
4143 2  
4144 1  
4145 0  
4146 3  
4147 2  
4148 1  
4149 0  
4150 3  
4151 2  
4152 1  
4153 0  
4154 3  
4155 2  
4156 1  
4157 0  
4158 3  
4159 2  
4160 1  
4161 0  
4162 3  
4163 2  
4164 1  
4165 0  
4166 3  
4167 2  
4168 1  
4169 0  
4170 3  
4171 2  
4172 1  
4173 0  
4174 3  
4175 2  
4176 1  
4177 0  
4178 3  
4179 2  
4180 1  
4181 0  
4182 3  
4183 2  
4184 1  
4185 0  
4186 3  
4187 2  
4188 1  
4189 0  
4190 3  
4191 2  
4192 1  
4193 0  
4194 3  
4195 2  
4196 1  
4197 0  
4198 3  
4199 2  
4200 1  
4201 0  
4202 3  
4203 2  
4204 1  
4205 0  
4206 3  
4207 2  
4208 1  
4209 0  
4210 3  
4211 2  
4212 1  
4213 0  
4214 3  
4215 2  
4216 1  
4217 0  
4218 3  
4219 1  
4220 2  
4221 0  
4222 3  
4223 1  
4224 0  
4225 2  
4226 3  
4227 1  
4228 0  
4229 2  
4230 3  
4231 1  
4232 0  
4233 2  
4234 3  
4235 1  
4236 0  
4237 2  
4238 3  
4239 1  
4240 0  
4241 2  
4242 3  
4243 1  
4244 0  
4245 2  
4246 3  
4247 1  
4248 0  
4249 2  
4250 3  
4251 1  
4252 0  
4253 2  
4254 3  
4255 1  
4256 2  
4257 0  
4258 3  
4259 1  
4260 2  
4261 0  
4262 3  
4263 1  
4264 2  
4265 0  
4266 3  
4267 1  
4268 2  
4269 0  
4270 3  
4271 1  
4272 2  
4273 3  
4274 0  
4275 2  
4276 1  
4277 3  
4278 0  
4279 2  
4280 1  
4281 3  
4282 0  
4283 2  
4284 1  
4285 3  
4286 0  
4287 2  
4288 1  
4289 3  
4290 0  
4291 2  
4292 1  
4293 3  
4294 0  
4295 2  
4296 1  
4297 3  
4298 0  
4299 2  
4300 1  
4301 3  
4302 0  
4303 2  
4304 1  
4305 3  
4306 0  
