2013 07 27 03 42 01 0.190217 9
2013 07 27 03 42 02 0.196873 9
2013 07 27 03 42 03 0.203529 9
2013 07 27 03 42 04 0.209929 9
2013 07 27 03 42 05 0.216585 9
2013 07 27 03 42 06 0.223241 9
2013 07 27 03 42 07 0.229897 9
2013 07 27 03 42 08 0.236553 9
2013 07 27 03 42 09 0.243209 9
2013 07 27 03 42 10 0.249865 9
2013 07 27 03 42 11 0.256521 9
2013 07 27 03 42 12 0.263177 9
2013 07 27 03 42 13 0.269833 9
2013 07 27 03 42 14 0.276489 9
2013 07 27 03 42 15 0.283145 9
2013 07 27 03 42 16 0.289801 9
2013 07 27 03 42 17 0.296201 9
2013 07 27 03 42 18 0.302857 9
2013 07 27 03 42 19 0.309513 9
2013 07 27 03 42 20 0.316169 9
2013 07 27 03 42 21 0.322825 9
2013 07 27 03 42 22 0.329481 9
2013 07 27 03 42 23 0.336137 9
2013 07 27 03 42 24 0.342793 9
2013 07 27 03 42 25 0.349449 9
2013 07 27 03 42 26 0.356105 9
2013 07 27 03 42 27 0.362761 9
2013 07 27 03 42 28 0.369417 9
2013 07 27 03 42 29 0.376073 9
2013 07 27 03 42 30 0.634121 9
2013 07 27 03 42 31 0.640777 9
2013 07 27 03 42 32 0.647433 9
2013 07 27 03 42 33 0.654089 9
2013 07 27 03 42 34 0.660745 9
2013 07 27 03 42 35 0.667145 9
2013 07 27 03 42 36 0.673801 9
2013 07 27 03 42 37 0.680457 9
2013 07 27 03 42 38 0.687113 9
2013 07 27 03 42 39 0.693769 9
2013 07 27 03 42 40 0.700425 9
2013 07 27 03 42 41 0.707081 9
2013 07 27 03 42 42 0.713737 9
2013 07 27 03 42 43 0.720393 9
2013 07 27 03 42 44 0.727049 9
2013 07 27 03 42 45 0.733705 9
2013 07 27 03 42 46 0.740361 9
2013 07 27 03 42 47 0.747017 9
2013 07 27 03 42 48 0.753417 9
2013 07 27 03 42 49 0.760073 9
2013 07 27 03 42 50 0.766729 9
2013 07 27 03 42 51 0.773385 9
2013 07 27 03 42 52 0.780041 9
2013 07 27 03 42 53 0.786697 9
2013 07 27 03 42 54 0.793353 9
2013 07 27 03 42 55 0.800009 9
2013 07 27 03 42 56 0.806665 9
2013 07 27 03 42 57 0.813321 9
2013 07 27 03 42 58 0.819977 9
2013 07 27 03 42 59 0.826633 9
2013 07 27 03 43 00 0.833289 9
2013 07 27 03 43 01 0.839689 9
2013 07 27 03 43 02 0.846345 9
2013 07 27 03 43 03 0.853001 9
2013 07 27 03 43 04 0.859657 9
2013 07 27 03 43 05 0.866313 9
2013 07 27 03 43 06 0.872969 9
2013 07 27 03 43 07 0.879625 9
2013 07 27 03 43 08 0.886281 9
2013 07 27 03 43 09 0.892937 9
2013 07 27 03 43 10 0.899593 9
2013 07 27 03 43 11 0.906249 9
2013 07 27 03 43 12 0.912905 9
2013 07 27 03 43 13 0.919561 9
2013 07 27 03 43 14 0.925961 9
2013 07 27 03 43 15 0.932617 9
2013 07 27 03 43 16 0.939273 9
2013 07 27 03 43 17 0.945929 9
2013 07 27 03 43 18 0.952585 9
2013 07 27 03 43 19 0.707849 9
2013 07 27 03 43 20 0.714505 9
2013 07 27 03 43 21 0.721161 9
2013 07 27 03 43 22 0.727561 9
2013 07 27 03 43 23 0.734217 9
2013 07 27 03 43 24 0.740873 9
2013 07 27 03 43 25 0.747529 9
2013 07 27 03 43 26 0.754185 9
2013 07 27 03 43 27 0.760841 9
2013 07 27 03 43 28 0.767497 9
2013 07 27 03 43 29 0.522249 9
2013 07 27 03 43 30 0.528905 9
2013 07 27 03 43 31 0.535561 9
2013 07 27 03 43 32 0.542217 9
2013 07 27 03 43 33 0.548873 9
2013 07 27 03 43 34 0.555529 9
2013 07 27 03 43 35 0.562185 9
2013 07 27 03 43 36 0.568841 9
2013 07 27 03 43 37 0.575497 9
2013 07 27 03 43 38 0.582153 9
2013 07 27 03 43 39 0.588553 9
2013 07 27 03 43 40 0.595209 9
2013 07 27 03 43 41 0.601865 9
2013 07 27 03 43 42 0.608521 9
2013 07 27 03 43 43 0.615177 9
2013 07 27 03 43 44 0.621833 9
2013 07 27 03 43 45 0.628489 9
2013 07 27 03 43 46 0.635145 9
2013 07 27 03 43 47 0.641801 9
2013 07 27 03 43 48 0.648457 9
2013 07 27 03 43 49 0.655113 9
2013 07 27 03 43 50 0.661769 9
2013 07 27 03 43 51 0.668169 9
2013 07 27 03 43 52 0.674825 9
2013 07 27 03 43 53 0.681481 9
2013 07 27 03 43 54 0.688137 9
2013 07 27 03 43 55 0.694793 9
2013 07 27 03 43 56 0.701449 9
2013 07 27 03 43 57 0.708105 9
2013 07 27 03 43 58 0.714761 9
2013 07 27 03 43 59 0.721417 9
2013 07 27 03 44 00 0.728073 9
2013 07 27 03 44 01 0.734729 9
2013 07 27 03 44 02 0.741385 9
2013 07 27 03 44 03 0.748041 9
2013 07 27 03 44 04 0.754441 9
2013 07 27 03 44 05 0.761097 9
2013 07 27 03 44 06 0.767753 9
2013 07 27 03 44 07 0.774409 9
2013 07 27 03 44 08 0.781065 9
2013 07 27 03 44 09 0.787721 9
2013 07 27 03 44 10 0.794377 9
2013 07 27 03 44 11 0.801033 9
2013 07 27 03 44 12 0.807689 9
2013 07 27 03 44 13 0.562697 9
2013 07 27 03 44 14 0.569353 9
2013 07 27 03 44 15 0.576009 9
2013 07 27 03 44 16 0.582665 9
2013 07 27 03 44 17 0.589321 9
2013 07 27 03 44 18 0.595977 9
2013 07 27 03 44 19 0.602633 9
2013 07 27 03 44 20 0.609289 9
2013 07 27 03 44 21 0.615945 9
2013 07 27 03 44 22 0.622601 9
2013 07 27 03 44 23 0.629257 9
2013 07 27 03 44 24 0.635913 9
2013 07 27 03 44 25 0.642313 9
2013 07 27 03 44 26 0.648969 9
2013 07 27 03 44 27 0.655625 9
2013 07 27 03 44 28 0.662281 9
2013 07 27 03 44 29 0.668937 9
2013 07 27 03 44 30 0.675593 9
2013 07 27 03 44 31 0.682249 9
2013 07 27 03 44 32 0.688905 9
2013 07 27 03 44 33 0.695561 9
2013 07 27 03 44 34 0.702217 9
2013 07 27 03 44 35 0.708873 9
2013 07 27 03 44 36 0.715273 9
2013 07 27 03 44 37 0.721929 9
2013 07 27 03 44 38 0.728585 9
2013 07 27 03 44 39 0.735241 9
2013 07 27 03 44 40 0.741897 9
2013 07 27 03 44 41 0.748553 9
2013 07 27 03 44 42 0.755209 9
2013 07 27 03 44 43 0.761865 9
2013 07 27 03 44 44 0.768521 9
2013 07 27 03 44 45 0.775177 9
2013 07 27 03 44 46 0.781833 9
2013 07 27 03 44 47 0.788489 9
2013 07 27 03 44 48 0.795145 9
2013 07 27 03 44 49 0.801801 9
2013 07 27 03 44 50 0.808201 9
2013 07 27 03 44 51 0.814857 9
2013 07 27 03 44 52 0.821513 9
2013 07 27 03 44 53 0.828169 9
2013 07 27 03 44 54 0.834825 9
2013 07 27 03 44 55 0.841481 9
2013 07 27 03 44 56 0.848137 9
2013 07 27 03 44 57 0.854793 9
2013 07 27 03 44 58 0.861449 9
2013 07 27 03 44 59 0.868105 9
2013 07 27 03 45 00 0.874761 9
2013 07 27 03 45 02 0.132873 9
2013 07 27 03 45 03 0.139529 9
2013 07 27 03 45 04 0.146185 9
2013 07 27 03 45 05 0.152585 9
2013 07 27 03 45 05 0.907785 9
2013 07 27 03 45 06 0.914441 9
2013 07 27 03 45 07 0.921097 9
2013 07 27 03 45 08 0.927753 9
2013 07 27 03 45 09 0.934409 9
2013 07 27 03 45 10 0.941065 9
2013 07 27 03 45 11 0.947721 9
2013 07 27 03 45 12 0.954121 9
2013 07 27 03 45 13 0.960777 9
2013 07 27 03 45 14 0.967433 9
2013 07 27 03 45 15 0.974089 9
2013 07 27 03 45 16 0.980745 9
2013 07 27 03 45 17 0.987401 9
2013 07 27 03 45 18 0.994057 9
2013 07 27 03 45 20 0.000777 9
2013 07 27 03 45 21 0.007433 9
2013 07 27 03 45 22 0.014089 9
2013 07 27 03 45 23 0.020745 9
2013 07 27 03 45 24 0.027401 9
2013 07 27 03 45 25 0.033801 9
2013 07 27 03 45 26 0.040457 9
2013 07 27 03 45 27 0.047113 9
2013 07 27 03 45 28 0.053769 9
2013 07 27 03 45 29 0.060425 9
2013 07 27 03 45 30 0.067081 9
2013 07 27 03 45 31 0.073737 9
2013 07 27 03 45 32 0.080393 9
2013 07 27 03 45 32 0.835081 9
2013 07 27 03 45 33 0.841737 9
2013 07 27 03 45 34 0.848393 9
2013 07 27 03 45 35 0.855049 9
2013 07 27 03 45 36 0.861705 9
2013 07 27 03 45 37 0.868361 9
2013 07 27 03 45 38 0.875017 9
2013 07 27 03 45 39 0.881673 9
2013 07 27 03 45 40 0.888329 9
2013 07 27 03 45 41 0.894729 9
2013 07 27 03 45 42 0.901385 9
2013 07 27 03 45 43 0.908041 9
2013 07 27 03 45 44 0.914697 9
2013 07 27 03 45 45 0.921353 9
2013 07 27 03 45 46 0.928009 9
2013 07 27 03 45 47 0.934665 9
2013 07 27 03 45 48 0.941321 9
2013 07 27 03 45 49 0.947977 9
2013 07 27 03 45 50 0.954633 9
2013 07 27 03 45 51 0.961289 9
2013 07 27 03 45 52 0.967945 9
2013 07 27 03 45 53 0.974345 9
2013 07 27 03 45 54 0.981001 9
2013 07 27 03 45 55 0.987657 9
2013 07 27 03 45 56 0.994313 9
2013 07 27 03 45 58 0.001033 9
2013 07 27 03 45 59 0.007689 9
2013 07 27 03 46 00 0.014345 9
2013 07 27 03 46 01 0.021001 9
2013 07 27 03 46 02 0.027657 9
2013 07 27 03 46 03 0.034057 9
2013 07 27 03 46 04 0.040713 9
2013 07 27 03 46 05 0.047369 9
2013 07 27 03 46 06 0.054025 9
2013 07 27 03 46 07 0.060681 9
2013 07 27 03 46 08 0.067337 9
2013 07 27 03 46 09 0.073993 9
2013 07 27 03 46 10 0.080649 9
2013 07 27 03 46 11 0.087305 9
2013 07 27 03 46 12 0.093961 9
2013 07 27 03 46 13 0.100617 9
2013 07 27 03 46 14 0.107273 9
2013 07 27 03 46 15 0.113929 9
2013 07 27 03 46 16 0.120329 9
2013 07 27 03 46 17 0.126985 9
2013 07 27 03 46 18 0.133641 9
2013 07 27 03 46 19 0.140297 9
2013 07 27 03 46 20 0.146953 9
2013 07 27 03 46 21 0.153609 9
2013 07 27 03 46 22 0.160265 9
2013 07 27 03 46 23 0.166921 9
2013 07 27 03 46 24 0.173577 9
2013 07 27 03 46 25 0.180233 9
2013 07 27 03 46 26 0.186889 9
2013 07 27 03 46 27 0.193289 9
2013 07 27 03 46 28 0.199945 9
2013 07 27 03 46 29 0.206601 9
2013 07 27 03 46 30 0.213257 9
2013 07 27 03 46 31 0.219913 9
2013 07 27 03 46 32 0.226569 9
2013 07 27 03 46 33 0.233225 9
2013 07 27 03 46 34 0.239881 9
2013 07 27 03 46 35 0.246537 9
2013 07 27 03 46 36 0.253193 9
2013 07 27 03 46 37 0.259849 9
2013 07 27 03 46 38 0.266505 9
2013 07 27 03 46 39 0.272905 9
2013 07 27 03 46 40 0.279561 9
2013 07 27 03 46 41 0.286217 9
2013 07 27 03 46 42 0.292873 9
2013 07 27 03 46 43 0.299529 9
2013 07 27 03 46 44 0.054793 9
2013 07 27 03 46 45 0.061449 9
2013 07 27 03 46 46 0.068105 9
2013 07 27 03 46 47 0.074761 9
2013 07 27 03 46 48 0.081161 9
2013 07 27 03 46 49 0.087817 9
2013 07 27 03 46 50 0.094473 9
2013 07 27 03 46 51 0.101129 9
2013 07 27 03 46 52 0.107785 9
2013 07 27 03 46 53 0.114441 9
2013 07 27 03 46 54 0.121097 9
2013 07 27 03 46 55 0.127753 9
2013 07 27 03 46 56 0.134409 9
2013 07 27 03 46 57 0.141065 9
2013 07 27 03 46 57 0.895753 9
2013 07 27 03 46 58 0.902409 9
2013 07 27 03 46 59 0.909065 9
2013 07 27 03 47 00 0.915721 9
2013 07 27 03 47 01 0.922377 9
2013 07 27 03 47 02 0.929033 9
2013 07 27 03 47 03 0.935689 9
2013 07 27 03 47 04 0.942089 9
2013 07 27 03 47 05 0.948745 9
2013 07 27 03 47 06 0.955401 9
2013 07 27 03 47 07 0.962057 9
2013 07 27 03 47 08 0.968713 9
2013 07 27 03 47 09 0.975369 9
2013 07 27 03 47 10 0.982025 9
2013 07 27 03 47 11 0.988681 9
2013 07 27 03 47 12 0.995337 9
2013 07 27 03 47 14 0.001801 9
2013 07 27 03 47 15 0.008457 9
2013 07 27 03 47 15 0.763657 9
2013 07 27 03 47 16 0.770313 9
2013 07 27 03 47 17 0.776969 9
2013 07 27 03 47 18 0.783625 9
2013 07 27 03 47 19 0.790281 9
2013 07 27 03 47 20 0.796937 9
2013 07 27 03 47 21 0.803593 9
2013 07 27 03 47 22 0.810249 9
2013 07 27 03 47 23 0.816649 9
2013 07 27 03 47 24 0.823305 9
2013 07 27 03 47 25 0.829961 9
2013 07 27 03 47 26 0.836617 9
2013 07 27 03 47 27 0.843273 9
2013 07 27 03 47 28 0.849929 9
2013 07 27 03 47 29 0.856585 9
2013 07 27 03 47 30 0.863241 9
2013 07 27 03 47 31 0.869897 9
2013 07 27 03 47 32 0.876553 9
2013 07 27 03 47 33 0.882953 9
2013 07 27 03 47 34 0.889609 9
2013 07 27 03 47 35 0.896265 9
2013 07 27 03 47 36 0.902921 9
2013 07 27 03 47 37 0.909577 9
2013 07 27 03 47 38 0.916233 9
2013 07 27 03 47 39 0.922889 9
2013 07 27 03 47 40 0.929545 9
2013 07 27 03 47 41 0.936201 9
2013 07 27 03 47 42 0.942857 9
2013 07 27 03 47 43 0.949513 9
2013 07 27 03 47 44 0.956169 9
2013 07 27 03 47 45 0.962825 9
2013 07 27 03 47 46 0.969481 9
2013 07 27 03 47 47 0.976137 9
2013 07 27 03 47 48 0.982537 9
2013 07 27 03 47 49 0.989193 9
2013 07 27 03 47 50 0.995849 9
2013 07 27 03 47 52 0.002569 9
2013 07 27 03 47 53 0.009225 9
2013 07 27 03 47 54 0.015881 9
2013 07 27 03 47 55 0.022281 9
2013 07 27 03 47 56 0.028937 9
2013 07 27 03 47 57 0.035593 9
2013 07 27 03 47 58 0.042249 9
2013 07 27 03 47 59 0.048905 9
2013 07 27 03 48 00 0.055561 9
2013 07 27 03 48 01 0.062217 9
2013 07 27 03 48 02 0.068873 9
2013 07 27 03 48 03 0.075529 9
2013 07 27 03 48 04 0.082185 9
2013 07 27 03 48 05 0.088841 9
2013 07 27 03 48 05 0.843529 9
2013 07 27 03 48 06 0.850185 9
2013 07 27 03 48 07 0.856841 9
2013 07 27 03 48 08 0.863497 9
2013 07 27 03 48 09 0.870153 9
2013 07 27 03 48 10 0.876809 9
2013 07 27 03 48 11 0.883465 9
2013 07 27 03 48 12 0.890121 9
2013 07 27 03 48 13 0.896777 9
2013 07 27 03 48 14 0.903177 9
2013 07 27 03 48 15 0.909833 9
2013 07 27 03 48 16 0.916489 9
2013 07 27 03 48 17 0.923145 9
2013 07 27 03 48 18 0.929801 9
2013 07 27 03 48 19 0.936457 9
2013 07 27 03 48 20 0.943113 9
2013 07 27 03 48 21 0.949769 9
2013 07 27 03 48 22 0.956425 9
2013 07 27 03 48 23 0.963081 9
2013 07 27 03 48 24 0.969737 9
2013 07 27 03 48 26 0.228105 9
2013 07 27 03 48 27 0.234761 9
2013 07 27 03 48 28 0.241417 9
2013 07 27 03 48 29 0.248073 9
2013 07 27 03 48 30 0.254729 9
2013 07 27 03 48 31 0.261129 9
2013 07 27 03 48 32 0.267785 9
2013 07 27 03 48 33 0.274441 9
2013 07 27 03 48 34 0.281097 9
2013 07 27 03 48 35 0.287753 9
2013 07 27 03 48 36 0.294409 9
2013 07 27 03 48 37 0.301065 9
2013 07 27 03 48 38 0.307721 9
2013 07 27 03 48 39 0.314377 9
2013 07 27 03 48 40 0.321033 9
2013 07 27 03 48 41 0.327689 9
2013 07 27 03 48 42 0.334345 9
2013 07 27 03 48 43 0.341001 9
2013 07 27 03 48 44 0.347401 9
2013 07 27 03 48 45 0.354057 9
2013 07 27 03 48 46 0.360713 9
2013 07 27 03 48 47 0.367369 9
2013 07 27 03 48 48 0.374025 9
2013 07 27 03 48 49 0.380681 9
2013 07 27 03 48 50 0.387337 9
2013 07 27 03 48 51 0.393993 9
2013 07 27 03 48 52 0.400649 9
2013 07 27 03 48 53 0.407305 9
2013 07 27 03 48 54 0.413961 9
2013 07 27 03 48 55 0.420617 9
2013 07 27 03 48 56 0.427017 9
2013 07 27 03 48 57 0.433673 9
2013 07 27 03 48 58 0.440329 9
2013 07 27 03 48 59 0.446985 9
2013 07 27 03 49 00 0.453641 9
2013 07 27 03 49 01 0.460297 9
2013 07 27 03 49 02 0.466953 9
2013 07 27 03 49 03 0.473609 9
2013 07 27 03 49 04 0.480265 9
2013 07 27 03 49 05 0.486921 9
2013 07 27 03 49 06 0.493321 9
2013 07 27 03 49 07 0.499977 9
2013 07 27 03 49 08 0.506633 9
2013 07 27 03 49 09 0.513289 9
2013 07 27 03 49 10 0.519945 9
2013 07 27 03 49 11 0.526601 9
2013 07 27 03 49 12 0.533257 9
2013 07 27 03 49 13 0.539913 9
2013 07 27 03 49 14 0.546569 9
2013 07 27 03 49 15 0.553225 9
2013 07 27 03 49 16 0.559881 9
2013 07 27 03 49 17 0.566537 9
2013 07 27 03 49 18 0.573193 9
2013 07 27 03 49 19 0.579849 9
2013 07 27 03 49 20 0.586249 9
2013 07 27 03 49 21 0.592905 9
2013 07 27 03 49 22 0.599561 9
2013 07 27 03 49 23 0.606217 9
2013 07 27 03 49 24 0.360969 9
2013 07 27 03 49 25 0.367625 9
2013 07 27 03 49 26 0.374281 9
2013 07 27 03 49 27 0.380937 9
2013 07 27 03 49 28 0.387593 9
2013 07 27 03 49 29 0.394249 9
2013 07 27 03 49 30 0.400905 9
2013 07 27 03 49 31 0.407561 9
2013 07 27 03 49 32 0.414217 9
2013 07 27 03 49 33 0.420873 9
2013 07 27 03 49 34 0.427529 9
2013 07 27 03 49 35 0.182537 9
2013 07 27 03 49 36 0.189193 9
2013 07 27 03 49 37 0.195849 9
2013 07 27 03 49 38 0.202505 9
2013 07 27 03 49 39 0.209161 9
2013 07 27 03 49 40 0.215817 9
2013 07 27 03 49 41 0.222217 9
2013 07 27 03 49 42 0.228873 9
2013 07 27 03 49 43 0.235529 9
2013 07 27 03 49 44 0.242185 9
2013 07 27 03 49 45 0.248841 9
2013 07 27 03 49 46 0.255497 9
2013 07 27 03 49 47 0.262153 9
2013 07 27 03 49 48 0.268809 9
2013 07 27 03 49 49 0.275465 9
2013 07 27 03 49 50 0.282121 9
2013 07 27 03 49 51 0.288777 9
2013 07 27 03 49 52 0.295433 9
2013 07 27 03 49 53 0.302089 9
2013 07 27 03 49 54 0.308745 9
2013 07 27 03 49 55 0.315145 9
2013 07 27 03 49 56 0.321801 9
2013 07 27 03 49 57 0.328457 9
2013 07 27 03 49 58 0.335113 9
2013 07 27 03 49 59 0.341769 9
2013 07 27 03 50 00 0.348425 9
2013 07 27 03 50 01 0.355081 9
2013 07 27 03 50 02 0.361737 9
2013 07 27 03 50 03 0.368393 9
2013 07 27 03 50 04 0.374793 9
2013 07 27 03 50 05 0.381449 9
2013 07 27 03 50 06 0.388105 9
2013 07 27 03 50 07 0.394761 9
2013 07 27 03 50 08 0.401417 9
2013 07 27 03 50 09 0.408073 9
2013 07 27 03 50 10 0.414729 9
2013 07 27 03 50 11 0.421385 9
2013 07 27 03 50 12 0.428041 9
2013 07 27 03 50 13 0.434697 9
2013 07 27 03 50 14 0.441353 9
2013 07 27 03 50 15 0.448009 9
2013 07 27 03 50 16 0.454665 9
2013 07 27 03 50 17 0.461321 9
2013 07 27 03 50 18 0.467721 9
2013 07 27 03 50 19 0.474377 9
2013 07 27 03 50 20 0.481033 9
2013 07 27 03 50 21 0.487689 9
2013 07 27 03 50 22 0.494345 9
2013 07 27 03 50 23 0.501001 9
2013 07 27 03 50 24 0.507657 9
2013 07 27 03 50 25 0.514313 9
2013 07 27 03 50 26 0.520969 9
2013 07 27 03 50 27 0.527369 9
2013 07 27 03 50 28 0.534025 9
2013 07 27 03 50 29 0.540681 9
2013 07 27 03 50 30 0.547337 9
2013 07 27 03 50 31 0.553993 9
2013 07 27 03 50 32 0.560649 9
2013 07 27 03 50 33 0.567305 9
2013 07 27 03 50 34 0.573961 9
2013 07 27 03 50 35 0.580617 9
2013 07 27 03 50 36 0.587273 9
2013 07 27 03 50 37 0.593929 9
2013 07 27 03 50 38 0.600585 9
2013 07 27 03 50 39 0.607241 9
2013 07 27 03 50 40 0.613897 9
2013 07 27 03 50 41 0.368649 9
2013 07 27 03 50 42 0.375305 9
2013 07 27 03 50 43 0.381961 9
2013 07 27 03 50 44 0.388361 9
2013 07 27 03 50 45 0.395017 9
2013 07 27 03 50 46 0.401673 9
2013 07 27 03 50 47 0.408329 9
2013 07 27 03 50 48 0.414985 9
2013 07 27 03 50 49 0.421641 9
2013 07 27 03 50 50 0.428297 9
2013 07 27 03 50 51 0.434953 9
2013 07 27 03 50 52 0.441609 9
2013 07 27 03 50 53 0.448265 9
2013 07 27 03 50 54 0.454921 9
2013 07 27 03 50 55 0.461577 9
2013 07 27 03 50 56 0.467977 9
2013 07 27 03 50 57 0.474633 9
2013 07 27 03 50 58 0.481289 9
2013 07 27 03 50 59 0.487945 9
2013 07 27 03 51 00 0.746505 9
2013 07 27 03 51 01 0.753161 9
2013 07 27 03 51 02 0.759561 9
2013 07 27 03 51 03 0.766217 9
2013 07 27 03 51 04 0.772873 9
2013 07 27 03 51 05 0.779529 9
2013 07 27 03 51 06 0.786185 9
2013 07 27 03 51 07 0.792841 9
2013 07 27 03 51 08 0.799497 9
2013 07 27 03 51 09 0.806153 9
2013 07 27 03 51 10 0.812809 9
2013 07 27 03 51 11 0.819465 9
2013 07 27 03 51 12 0.826121 9
2013 07 27 03 51 13 0.832777 9
2013 07 27 03 51 14 0.839433 9
2013 07 27 03 51 15 0.846089 9
2013 07 27 03 51 16 0.852745 9
2013 07 27 03 51 17 0.859145 9
2013 07 27 03 51 18 0.865801 9
2013 07 27 03 51 19 0.872457 9
2013 07 27 03 51 20 0.879113 9
2013 07 27 03 51 21 0.885769 9
2013 07 27 03 51 22 0.892425 9
2013 07 27 03 51 23 0.899081 9
2013 07 27 03 51 24 0.905737 9
2013 07 27 03 51 25 0.912393 9
2013 07 27 03 51 26 0.918793 9
2013 07 27 03 51 27 0.925449 9
2013 07 27 03 51 28 0.932105 9
2013 07 27 03 51 29 0.938761 9
2013 07 27 03 51 30 0.945417 9
2013 07 27 03 51 31 0.952073 9
2013 07 27 03 51 32 0.958729 9
2013 07 27 03 51 33 0.965385 9
2013 07 27 03 51 34 0.972041 9
2013 07 27 03 51 35 0.978697 9
2013 07 27 03 51 36 0.985353 9
2013 07 27 03 51 37 0.992009 9
2013 07 27 03 51 38 0.998665 9
2013 07 27 03 51 40 0.005129 9
2013 07 27 03 51 41 0.011785 9
2013 07 27 03 51 42 0.018441 9
2013 07 27 03 51 43 0.025097 9
2013 07 27 03 51 44 0.031753 9
2013 07 27 03 51 45 0.038409 9
2013 07 27 03 51 46 0.045065 9
2013 07 27 03 51 47 0.051465 9
2013 07 27 03 51 48 0.058121 9
2013 07 27 03 51 49 0.065033 9
2013 07 27 03 51 50 0.071433 9
2013 07 27 03 51 51 0.078089 9
2013 07 27 03 51 52 0.084745 9
2013 07 27 03 51 53 0.091401 9
2013 07 27 03 51 54 0.098057 9
2013 07 27 03 51 55 0.104713 9
2013 07 27 03 51 56 0.111369 9
2013 07 27 03 51 57 0.118025 9
2013 07 27 03 51 58 0.124425 9
2013 07 27 03 51 59 0.131081 9
2013 07 27 03 52 00 0.137993 9
2013 07 27 03 52 01 0.144393 9
2013 07 27 03 52 02 0.151049 9
2013 07 27 03 52 03 0.157705 9
2013 07 27 03 52 04 0.164361 9
2013 07 27 03 52 05 0.171017 9
2013 07 27 03 52 06 0.177673 9
2013 07 27 03 52 07 0.184329 9
2013 07 27 03 52 07 0.939017 9
2013 07 27 03 52 08 0.945673 9
2013 07 27 03 52 09 0.952329 9
2013 07 27 03 52 10 0.958985 9
2013 07 27 03 52 11 0.965641 9
2013 07 27 03 52 12 0.972297 9
2013 07 27 03 52 13 0.978953 9
2013 07 27 03 52 14 0.985609 9
2013 07 27 03 52 15 0.992265 9
2013 07 27 03 52 16 0.998921 9
2013 07 27 03 52 18 0.005385 9
2013 07 27 03 52 19 0.012041 9
2013 07 27 03 52 20 0.018697 9
2013 07 27 03 52 21 0.025353 9
2013 07 27 03 52 22 0.032009 9
2013 07 27 03 52 22 0.787209 9
2013 07 27 03 52 23 0.793609 9
2013 07 27 03 52 24 0.800265 9
2013 07 27 03 52 25 0.806921 9
2013 07 27 03 52 26 0.813577 9
2013 07 27 03 52 27 0.820233 9
2013 07 27 03 52 28 0.826889 9
2013 07 27 03 52 29 0.833545 9
2013 07 27 03 52 30 0.840201 9
2013 07 27 03 52 31 0.846857 9
2013 07 27 03 52 32 0.853513 9
2013 07 27 03 52 33 0.860169 9
2013 07 27 03 52 34 0.866825 9
2013 07 27 03 52 35 0.873481 9
2013 07 27 03 52 36 0.879881 9
2013 07 27 03 52 37 0.886537 9
2013 07 27 03 52 38 0.641545 9
2013 07 27 03 52 39 0.647945 9
2013 07 27 03 52 40 0.654601 9
2013 07 27 03 52 41 0.661257 9
2013 07 27 03 52 42 0.667913 9
2013 07 27 03 52 43 0.674569 9
2013 07 27 03 52 44 0.681225 9
2013 07 27 03 52 45 0.687881 9
2013 07 27 03 52 46 0.694537 9
2013 07 27 03 52 47 0.701193 9
2013 07 27 03 52 48 0.707849 9
2013 07 27 03 52 49 0.714505 9
2013 07 27 03 52 50 0.721161 9
2013 07 27 03 52 51 0.727561 9
2013 07 27 03 52 52 0.734217 9
2013 07 27 03 52 53 0.740873 9
2013 07 27 03 52 54 0.747529 9
2013 07 27 03 52 55 0.754185 9
2013 07 27 03 52 56 0.760841 9
2013 07 27 03 52 57 0.767497 9
2013 07 27 03 52 58 0.774153 9
2013 07 27 03 52 59 0.780809 9
2013 07 27 03 53 00 0.787465 9
2013 07 27 03 53 01 0.794121 9
2013 07 27 03 53 02 0.800521 9
2013 07 27 03 53 03 0.807177 9
2013 07 27 03 53 04 0.813833 9
2013 07 27 03 53 05 0.820489 9
2013 07 27 03 53 06 0.827145 9
2013 07 27 03 53 07 0.833801 9
2013 07 27 03 53 08 0.840457 9
2013 07 27 03 53 09 0.847113 9
2013 07 27 03 53 10 0.853769 9
2013 07 27 03 53 11 0.860425 9
2013 07 27 03 53 12 0.867081 9
2013 07 27 03 53 13 0.873737 9
2013 07 27 03 53 14 0.880137 9
2013 07 27 03 53 15 0.886793 9
2013 07 27 03 53 16 0.893449 9
2013 07 27 03 53 17 0.900105 9
2013 07 27 03 53 18 0.906761 9
2013 07 27 03 53 19 0.913417 9
2013 07 27 03 53 20 0.920073 9
2013 07 27 03 53 21 0.926729 9
2013 07 27 03 53 22 0.933385 9
2013 07 27 03 53 23 0.940041 9
2013 07 27 03 53 24 0.946697 9
2013 07 27 03 53 25 0.953097 9
2013 07 27 03 53 26 0.959753 9
2013 07 27 03 53 27 0.966409 9
2013 07 27 03 53 28 0.973065 9
2013 07 27 03 53 29 0.979721 9
2013 07 27 03 53 30 0.986377 9
2013 07 27 03 53 31 0.993033 9
2013 07 27 03 53 32 0.999689 9
2013 07 27 03 53 34 0.006409 9
2013 07 27 03 53 35 0.012809 9
2013 07 27 03 53 36 0.019465 9
2013 07 27 03 53 37 0.026121 9
2013 07 27 03 53 38 0.032777 9
2013 07 27 03 53 39 0.039433 9
2013 07 27 03 53 40 0.046089 9
2013 07 27 03 53 41 0.052745 9
2013 07 27 03 53 42 0.059401 9
2013 07 27 03 53 43 0.066057 9
2013 07 27 03 53 43 0.821001 9
2013 07 27 03 53 44 0.827657 9
2013 07 27 03 53 45 0.834313 9
2013 07 27 03 53 46 0.840969 9
2013 07 27 03 53 47 0.847625 9
2013 07 27 03 53 48 0.854281 9
2013 07 27 03 53 49 0.860937 9
2013 07 27 03 53 50 0.867593 9
2013 07 27 03 53 51 0.874249 9
2013 07 27 03 53 52 0.880905 9
2013 07 27 03 53 53 0.887561 9
2013 07 27 03 53 54 0.894217 9
2013 07 27 03 53 55 0.900873 9
