2 1
3 2
4 3
5 0
6 1
7 2
8 3
9 0
10 1
11 2
12 3
13 0
14 1
15 2
16 3
17 0
18 1
19 2
20 3
21 0
22 1
23 2
24 3
25 0
26 1
27 2
28 3
29 0
30 1
31 2
32 3
33 0
34 1
35 2
36 3
37 0
38 1
39 2
40 3
41 0
42 1
43 2
44 3
45 0
46 1
47 2
48 3
49 0
50 1
51 2
52 3
53 0
54 1
55 2
56 3
57 0
58 1
59 2
60 3
61 0
62 1
63 2
64 3
65 0
66 1
67 2
68 3
69 0
70 1
71 2
72 3
73 0
74 1
75 2
76 3
77 0
78 1
79 2
80 3
81 0
82 1
83 2
84 3
85 0
86 1
87 2
88 3
89 0
90 1
91 2
92 3
93 0
94 1
95 2
96 3
97 0
98 1
99 2
100 3
101 0
102 1
103 2
104 3
105 0
106 1
107 2
108 3
109 0
110 1
111 2
112 3
113 0
114 1
115 2
116 3
117 0
118 1
119 2
120 3
121 0
122 1
123 2
124 3
125 0
126 1
127 2
128 3
129 0
130 1
131 2
132 3
133 0
134 1
135 2
136 3
137 0
138 1
139 2
140 0
141 3
142 1
143 2
144 0
145 3
146 1
147 2
148 0
149 3
150 1
151 2
152 0
153 3
154 1
155 2
156 0
157 3
158 1
159 2
160 0
161 3
162 1
163 2
164 0
165 3
166 1
167 2
168 0
169 3
170 1
171 2
172 0
173 3
174 1
175 2
176 0
177 3
178 1
179 2
180 0
181 3
182 1
183 2
184 0
185 3
186 1
187 2
188 0
189 3
190 1
191 2
192 0
193 3
194 1
195 2
196 0
197 3
198 1
199 2
200 0
201 3
202 1
203 2
204 0
205 3
206 1
207 2
208 0
209 3
210 1
211 2
212 0
213 3
214 1
215 2
216 3
217 0
218 1
219 2
220 3
221 0
222 1
223 2
224 3
225 0
226 1
227 2
228 3
229 0
230 1
231 2
232 3
233 0
234 1
235 2
236 3
237 0
238 1
239 2
240 3
241 0
242 1
243 2
244 3
245 0
246 1
247 2
248 3
249 0
250 1
251 2
252 3
253 0
254 1
255 2
256 3
257 0
258 1
259 2
260 3
261 0
262 1
263 2
264 3
265 0
266 1
267 2
268 3
269 0
270 1
271 2
272 3
273 0
274 1
275 2
276 3
277 0
278 1
279 2
280 3
281 0
282 1
283 2
284 3
285 0
286 1
287 2
288 3
289 0
290 1
291 2
292 3
293 0
294 1
295 2
296 3
297 0
298 1
299 2
300 3
301 0
302 1
303 2
304 3
305 0
306 1
307 2
308 3
309 0
310 1
311 2
312 3
313 0
314 1
315 2
316 3
317 0
318 1
319 2
320 3
321 0
322 1
323 2
324 3
325 0
326 1
327 2
328 3
329 0
330 1
331 2
332 3
333 0
334 1
335 2
336 3
337 0
338 1
339 2
340 3
341 0
342 1
343 2
344 3
345 0
346 1
347 2
348 3
349 0
350 1
351 2
352 3
353 0
354 1
355 2
356 3
357 0
358 1
359 2
360 3
361 0
362 1
363 3
364 2
365 0
366 1
367 3
368 2
369 0
370 1
371 3
372 2
373 0
374 1
375 3
376 2
377 0
378 1
379 3
380 2
381 0
382 1
383 3
384 2
385 0
386 1
387 3
388 2
389 0
390 1
391 3
392 2
393 0
394 1
395 3
396 2
397 0
398 1
399 3
400 2
401 0
402 1
403 3
404 2
405 0
406 1
407 3
408 2
409 0
410 1
411 3
412 2
413 0
414 1
415 3
416 2
417 0
418 1
419 3
420 2
421 0
422 1
423 3
424 2
425 1
426 0
427 3
428 2
429 1
430 0
431 3
432 2
433 1
434 0
435 3
436 2
437 1
438 0
439 3
440 2
441 1
442 0
443 3
444 2
445 1
446 0
447 3
448 2
449 1
450 0
451 3
452 2
453 1
454 0
455 3
456 2
457 1
458 0
459 3
460 2
461 1
462 0
463 3
464 2
465 1
466 0
467 3
468 2
469 0
470 1
471 3
472 2
473 0
474 1
475 3
476 2
477 0
478 1
479 3
480 2
481 0
482 1
483 3
484 2
485 0
486 1
487 3
488 2
489 0
490 1
491 3
492 2
493 0
494 1
495 3
496 2
497 0
498 1
499 3
500 2
501 0
502 1
503 3
504 2
505 0
506 1
507 3
508 2
509 0
510 1
511 3
512 2
513 0
514 1
515 3
516 2
517 0
518 1
519 3
520 2
521 0
522 1
523 3
524 2
525 0
526 1
527 3
528 2
529 0
530 1
531 3
532 2
533 0
534 1
535 3
536 2
537 0
538 1
539 3
540 2
541 0
542 1
543 3
544 2
545 0
546 1
547 3
548 2
549 0
550 1
551 3
552 2
553 0
554 1
555 3
556 2
557 0
558 1
559 3
560 2
561 0
562 1
563 3
564 2
565 0
566 1
567 3
568 2
569 0
570 1
571 3
572 2
573 0
574 1
575 3
576 2
577 0
578 1
579 3
580 2
581 0
582 1
583 3
584 2
585 0
586 1
587 3
588 2
589 0
590 1
591 3
592 2
593 0
594 1
595 3
596 2
597 0
598 1
599 3
600 2
601 0
602 1
603 3
604 2
605 0
606 1
607 3
608 2
609 0
610 1
611 3
612 2
613 0
614 1
615 3
616 2
617 0
618 1
619 3
620 2
621 0
622 1
623 3
624 2
625 1
626 0
627 3
628 2
629 1
630 0
631 3
632 2
633 1
634 0
635 3
636 2
637 1
638 0
639 3
640 2
641 1
642 0
643 3
644 2
645 1
646 0
647 3
648 2
649 1
650 0
651 3
652 2
653 1
654 0
655 3
656 2
657 1
658 0
659 3
660 2
661 1
662 0
663 3
664 2
665 1
666 0
667 3
668 2
669 1
670 0
671 3
672 2
673 1
674 0
675 2
676 3
677 1
678 0
679 2
680 3
681 1
682 0
683 2
684 3
685 1
686 0
687 2
688 3
689 1
690 0
691 2
692 3
693 1
694 0
695 2
696 3
697 1
698 0
699 2
700 3
701 1
702 0
703 2
704 3
705 1
706 0
707 2
708 3
709 1
710 0
711 2
712 3
713 1
714 0
715 2
716 3
717 1
718 0
719 2
720 3
721 1
722 0
723 2
724 3
725 1
726 0
727 2
728 3
729 1
730 0
731 2
732 3
733 1
734 0
735 2
736 3
737 1
738 0
739 2
740 3
741 1
742 0
743 2
744 3
745 1
746 0
747 2
748 3
749 1
750 0
751 2
752 3
753 1
754 0
755 2
756 3
757 1
758 0
759 2
760 3
761 1
762 0
763 2
764 3
765 1
766 0
767 2
768 3
769 1
770 0
771 2
772 3
773 1
774 0
775 2
776 3
777 1
778 0
779 2
780 3
781 1
782 0
783 2
784 3
785 1
786 0
787 2
788 3
789 1
790 0
791 2
792 3
793 1
794 0
795 2
796 3
797 1
798 0
799 2
800 3
801 1
802 0
803 2
804 3
805 1
806 0
807 2
808 3
809 1
810 0
811 2
812 3
813 1
814 0
815 2
816 3
817 1
818 0
819 2
820 3
821 1
822 0
823 2
824 3
825 1
826 0
827 2
828 3
829 1
830 0
831 2
832 3
833 1
834 0
835 2
836 3
837 1
838 0
839 2
840 3
841 1
842 0
843 2
844 3
845 1
846 0
847 2
848 3
849 1
850 0
851 2
852 3
853 1
854 0
855 2
856 3
857 1
858 0
859 2
860 3
861 1
862 0
863 2
864 3
865 1
866 0
867 2
868 3
869 1
870 0
871 2
872 3
873 1
874 0
875 2
876 3
877 1
878 0
879 2
880 3
881 1
882 0
883 2
884 3
885 1
886 0
887 2
888 3
889 1
890 0
891 2
892 3
893 1
894 0
895 2
896 3
897 1
898 0
899 2
900 3
901 1
902 0
903 2
904 3
905 1
906 0
907 2
908 3
909 1
910 0
911 2
912 3
913 1
914 0
915 2
916 3
917 1
918 0
919 2
920 3
921 1
922 0
923 2
924 3
925 1
926 0
927 2
928 3
929 1
930 0
931 2
932 3
933 1
934 0
935 2
936 3
937 1
938 0
939 2
940 3
941 1
942 0
943 2
944 3
945 1
946 0
947 2
948 3
949 1
950 0
951 2
952 3
953 1
954 0
955 2
956 3
957 1
958 0
959 2
960 3
961 1
962 0
963 2
964 3
965 1
966 0
967 2
968 3
969 1
970 0
971 2
972 3
973 1
974 0
975 2
976 3
977 1
978 0
979 2
980 3
981 1
982 0
983 2
984 3
985 1
986 0
987 2
988 3
989 1
990 0
991 2
992 3
993 1
994 0
995 2
996 3
997 1
998 0
999 2
1000 3
1001 1
1002 0
1003 2
1004 3
1005 1
1006 0
1007 2
1008 3
1009 1
1010 0
1011 2
1012 3
1013 1
1014 0
1015 2
1016 3
1017 1
1018 0
1019 2
1020 3
1021 1
1022 0
1023 2
1024 3
1025 1
1026 0
1027 2
1028 3
1029 1
1030 0
1031 2
1032 3
1033 1
1034 0
1035 2
1036 3
1037 1
1038 0
1039 2
1040 3
1041 1
1042 0
1043 2
1044 3
1045 1
1046 0
1047 2
1048 3
1049 1
1050 0
1051 2
1052 3
1053 1
1054 0
1055 2
1056 3
1057 1
1058 0
1059 2
1060 3
1061 1
1062 0
1063 2
1064 3
1065 1
1066 0
1067 2
1068 3
1069 1
1070 0
1071 2
1072 3
1073 1
1074 0
1075 2
1076 3
1077 1
1078 0
1079 2
1080 3
1081 1
1082 0
1083 2
1084 3
1085 1
1086 0
1087 2
1088 3
1089 1
1090 0
1091 2
1092 3
1093 1
1094 0
1095 2
1096 3
1097 1
1098 0
1099 2
1100 3
1101 1
1102 0
1103 2
1104 3
1105 1
1106 0
1107 2
1108 3
1109 1
1110 0
1111 2
1112 3
1113 1
1114 0
1115 2
1116 3
1117 1
1118 0
1119 2
1120 3
1121 1
1122 0
1123 2
1124 3
1125 1
1126 0
1127 2
1128 3
1129 1
1130 0
1131 2
1132 3
1133 1
1134 0
1135 2
1136 3
1137 1
1138 0
1139 2
1140 3
1141 1
1142 0
1143 2
1144 3
1145 1
1146 0
1147 2
1148 3
1149 1
1150 0
1151 2
1152 3
1153 1
1154 0
1155 2
1156 3
1157 1
1158 0
1159 2
1160 3
1161 1
1162 0
1163 2
1164 3
1165 1
1166 0
1167 2
1168 3
1169 1
1170 2
1171 0
1172 3
1173 1
1174 2
1175 0
1176 3
1177 1
1178 2
1179 0
1180 3
1181 1
1182 2
1183 0
1184 3
1185 1
1186 2
1187 0
1188 3
1189 1
1190 2
1191 0
1192 3
1193 1
1194 2
1195 0
1196 3
1197 1
1198 2
1199 0
1200 3
1201 1
1202 2
1203 0
1204 3
1205 1
1206 2
1207 0
1208 3
1209 1
1210 2
1211 0
1212 3
1213 1
1214 2
1215 0
1216 3
1217 1
1218 2
1219 0
1220 3
1221 1
1222 2
1223 0
1224 3
1225 1
1226 2
1227 0
1228 3
1229 1
1230 2
1231 0
1232 3
1233 1
1234 2
1235 0
1236 3
1237 1
1238 0
1239 2
1240 3
1241 1
1242 0
1243 2
1244 3
1245 1
1246 0
1247 2
1248 3
1249 1
1250 0
1251 2
1252 3
1253 1
1254 0
1255 2
1256 3
1257 1
1258 0
1259 2
1260 3
1261 1
1262 0
1263 2
1264 3
1265 1
1266 0
1267 2
1268 3
1269 1
1270 0
1271 2
1272 3
1273 1
1274 0
1275 2
1276 3
1277 1
1278 0
1279 2
1280 3
1281 1
1282 0
1283 2
1284 3
1285 1
1286 0
1287 2
1288 3
1289 1
1290 0
1291 2
1292 3
1293 1
1294 0
1295 2
1296 3
1297 1
1298 0
1299 2
1300 3
1301 1
1302 0
1303 2
1304 3
1305 1
1306 0
1307 2
1308 3
1309 1
1310 0
1311 2
1312 3
1313 1
1314 0
1315 2
1316 3
1317 1
1318 0
1319 2
1320 3
1321 1
1322 0
1323 2
1324 3
1325 1
1326 0
1327 2
1328 3
1329 1
1330 0
1331 2
1332 3
1333 1
1334 2
1335 0
1336 3
1337 1
1338 2
1339 0
1340 1
1341 3
1342 2
1343 0
1344 1
1345 3
1346 2
1347 0
1348 1
1349 3
1350 2
1351 0
1352 1
1353 3
1354 2
1355 0
1356 1
1357 3
1358 2
1359 0
1360 1
1361 3
1362 2
1363 0
1364 1
1365 3
1366 2
1367 0
1368 1
1369 3
1370 2
1371 0
1372 1
1373 3
1374 2
1375 0
1376 1
1377 3
1378 0
1379 2
1380 1
1381 3
1382 0
1383 2
1384 1
1385 3
1386 0
1387 1
1388 2
1389 3
1390 0
1391 1
1392 2
1393 3
1394 0
1395 1
1396 2
1397 3
1398 0
1399 1
1400 2
1401 3
1402 0
1403 1
1404 2
1405 3
1406 0
1407 1
1408 2
1409 3
1410 0
1411 1
1412 2
1413 3
1414 0
1415 1
1416 2
1417 3
1418 0
1419 1
1420 2
1421 3
1422 0
1423 1
1424 2
1425 3
1426 0
1427 1
1428 2
1429 3
1430 0
1431 1
1432 2
1433 3
1434 0
1435 1
1436 2
1437 3
1438 0
1439 1
1440 2
1441 3
1442 0
1443 1
1444 2
1445 3
1446 0
1447 1
1448 2
1449 3
1450 0
1451 1
1452 2
1453 3
1454 0
1455 1
1456 2
1457 3
1458 0
1459 1
1460 2
1461 3
1462 0
1463 1
1464 2
1465 3
1466 0
1467 1
1468 2
1469 3
1470 0
1471 1
1472 2
1473 3
1474 0
1475 1
1476 2
1477 3
1478 0
1479 1
1480 2
1481 3
1482 0
1483 1
1484 2
1485 3
1486 1
1487 0
1488 2
1489 3
1490 1
1491 0
1492 2
1493 3
1494 1
1495 0
1496 2
1497 3
1498 1
1499 0
1500 2
1501 3
1502 1
1503 0
1504 2
1505 3
1506 1
1507 0
1508 2
1509 3
1510 1
1511 0
1512 2
1513 3
1514 1
1515 0
1516 2
1517 3
1518 1
1519 0
1520 2
1521 3
1522 1
1523 0
1524 2
1525 3
1526 1
1527 0
1528 2
1529 3
1530 1
1531 0
1532 2
1533 3
1534 1
1535 0
1536 2
1537 3
1538 0
1539 1
1540 2
1541 3
1542 0
1543 1
1544 2
1545 3
1546 0
1547 1
1548 2
1549 3
1550 0
1551 1
1552 2
1553 3
1554 0
1555 1
1556 3
1557 2
1558 0
1559 1
1560 3
1561 2
1562 0
1563 1
1564 3
1565 2
1566 0
1567 1
1568 3
1569 0
1570 2
1571 1
1572 3
1573 0
1574 1
1575 2
1576 3
1577 0
1578 1
1579 2
1580 3
1581 0
1582 1
1583 2
1584 3
1585 0
1586 1
1587 2
1588 3
1589 0
1590 1
1591 2
1592 3
1593 0
1594 1
1595 2
1596 3
1597 0
1598 1
1599 2
1600 3
1601 0
1602 1
1603 2
1604 3
1605 0
1606 1
1607 2
1608 3
1609 0
1610 1
1611 2
1612 3
1613 0
1614 1
1615 2
1616 3
1617 0
1618 1
1619 2
1620 3
1621 0
1622 1
1623 2
1624 3
1625 0
1626 1
1627 2
1628 3
1629 0
1630 1
1631 2
1632 3
1633 0
1634 1
1635 2
1636 3
1637 0
1638 1
1639 2
1640 3
1641 0
1642 1
1643 2
1644 3
1645 0
1646 1
1647 2
1648 3
1649 0
1650 1
1651 2
1652 3
1653 0
1654 1
1655 2
1656 3
1657 0
1658 1
1659 2
1660 3
1661 1
1662 0
1663 2
1664 3
1665 1
1666 0
1667 2
1668 3
1669 1
1670 0
1671 2
1672 3
1673 1
1674 0
1675 2
1676 3
1677 1
1678 0
1679 2
1680 3
1681 1
1682 0
1683 2
1684 3
1685 1
1686 0
1687 2
1688 3
1689 1
1690 0
1691 2
1692 3
1693 1
1694 0
1695 2
1696 3
1697 1
1698 0
1699 2
1700 3
1701 1
1702 0
1703 2
1704 3
1705 1
1706 0
1707 2
1708 3
1709 1
1710 0
1711 2
1712 3
1713 1
1714 0
1715 2
1716 3
1717 1
1718 0
1719 2
1720 3
1721 1
1722 0
1723 2
1724 3
1725 1
1726 0
1727 2
1728 3
1729 1
1730 0
1731 2
1732 3
1733 1
1734 0
1735 2
1736 3
1737 1
1738 0
1739 2
1740 3
1741 1
1742 0
1743 2
1744 3
1745 1
1746 0
1747 2
1748 3
1749 1
1750 0
1751 2
1752 3
1753 1
1754 0
1755 2
1756 3
1757 1
1758 0
1759 2
1760 3
1761 1
1762 0
1763 2
1764 3
1765 1
1766 0
1767 2
1768 3
1769 1
1770 0
1771 2
1772 3
1773 1
1774 0
1775 2
1776 3
1777 1
1778 0
1779 2
1780 3
1781 1
1782 0
1783 2
1784 3
1785 1
1786 0
1787 2
1788 3
1789 1
1790 0
1791 2
1792 3
1793 1
1794 0
1795 2
1796 3
1797 1
1798 0
1799 2
1800 3
1801 1
1802 0
1803 2
1804 3
1805 1
1806 0
1807 2
1808 3
1809 1
1810 0
1811 2
1812 3
1813 1
1814 0
1815 2
1816 3
1817 1
1818 0
1819 2
1820 3
1821 1
1822 0
1823 2
1824 3
1825 1
1826 0
1827 2
1828 3
1829 1
1830 0
1831 2
1832 3
1833 1
1834 0
1835 2
1836 3
1837 1
1838 0
1839 2
1840 3
1841 1
1842 0
1843 2
1844 3
1845 1
1846 0
1847 2
1848 3
1849 1
1850 0
1851 2
1852 3
1853 1
1854 0
1855 2
1856 3
1857 1
1858 0
1859 2
1860 3
1861 1
1862 0
1863 2
1864 3
1865 1
1866 0
1867 2
1868 3
1869 1
1870 0
1871 2
1872 3
1873 1
1874 0
1875 2
1876 3
1877 1
1878 0
1879 2
1880 3
1881 1
1882 0
1883 2
1884 3
1885 1
1886 0
1887 2
1888 3
1889 1
1890 0
1891 2
1892 3
1893 1
1894 0
1895 2
1896 3
1897 1
1898 0
1899 2
1900 3
1901 1
1902 0
1903 2
1904 3
1905 1
1906 0
1907 2
1908 3
1909 1
1910 0
1911 2
1912 3
1913 0
1914 1
1915 2
1916 3
1917 0
1918 1
1919 2
1920 3
1921 0
1922 1
1923 2
1924 3
1925 0
1926 1
1927 2
1928 3
1929 0
1930 1
1931 2
1932 3
1933 0
1934 1
1935 2
1936 3
1937 0
1938 1
1939 2
1940 3
1941 0
1942 1
1943 2
1944 3
1945 0
1946 1
1947 2
1948 3
1949 0
1950 1
1951 2
1952 3
1953 0
1954 1
1955 2
1956 3
1957 0
1958 1
1959 2
1960 3
1961 0
1962 1
1963 2
1964 3
1965 0
1966 1
1967 2
1968 3
1969 0
1970 1
1971 2
1972 3
1973 0
1974 1
1975 2
1976 3
1977 0
1978 1
1979 2
1980 3
1981 0
1982 1
1983 2
1984 3
1985 0
1986 1
1987 2
1988 3
1989 0
1990 1
1991 2
1992 3
1993 0
1994 1
1995 2
1996 3
1997 0
1998 1
1999 2
2000 3
2001 0
2002 1
2003 2
2004 3
2005 0
2006 1
2007 2
2008 3
2009 0
2010 1
2011 2
2012 3
2013 0
2014 2
2015 1
2016 3
2017 0
2018 2
2019 1
2020 3
2021 0
2022 2
2023 1
2024 3
2025 0
2026 2
2027 1
2028 3
2029 0
2030 2
2031 1
2032 3
2033 0
2034 2
2035 1
2036 3
2037 0
2038 2
2039 1
2040 3
2041 0
2042 2
2043 1
2044 3
2045 0
2046 2
2047 1
2048 3
2049 0
2050 2
2051 1
2052 3
2053 0
2054 2
2055 1
2056 3
2057 0
2058 2
2059 1
2060 3
2061 0
2062 2
2063 1
2064 3
2065 0
2066 2
2067 1
2068 3
2069 0
2070 2
2071 1
2072 3
2073 0
2074 2
2075 1
2076 3
2077 0
2078 2
2079 1
2080 3
2081 0
2082 2
2083 1
2084 3
2085 0
2086 2
2087 1
2088 3
2089 0
2090 2
2091 1
2092 3
2093 0
2094 2
2095 1
2096 3
2097 0
2098 2
2099 1
2100 3
2101 0
2102 2
2103 1
2104 3
2105 0
2106 2
2107 1
2108 3
2109 0
2110 2
2111 1
2112 3
2113 0
2114 2
2115 1
2116 3
2117 0
2118 2
2119 1
2120 3
2121 0
2122 2
2123 1
2124 3
2125 0
2126 2
2127 1
2128 3
2129 0
2130 1
2131 2
2132 3
2133 1
2134 0
2135 2
2136 3
2137 1
2138 0
2139 2
2140 3
2141 1
2142 0
2143 2
2144 3
2145 1
2146 0
2147 2
2148 3
2149 1
2150 0
2151 2
2152 3
2153 1
2154 0
2155 2
2156 3
2157 1
2158 0
2159 2
2160 3
2161 1
2162 0
2163 2
2164 3
2165 1
2166 0
2167 2
2168 3
2169 1
2170 0
2171 2
2172 3
2173 1
2174 0
2175 2
2176 3
2177 0
2178 1
2179 2
2180 3
2181 0
2182 1
2183 2
2184 3
2185 0
2186 1
2187 2
2188 3
2189 0
2190 1
2191 2
2192 3
2193 0
2194 1
2195 2
2196 3
2197 0
2198 1
2199 2
2200 3
2201 0
2202 1
2203 2
2204 3
2205 0
2206 1
2207 2
2208 3
2209 0
2210 1
2211 2
2212 3
2213 0
2214 1
2215 2
2216 3
2217 0
2218 1
2219 2
2220 3
2221 0
2222 1
2223 2
2224 3
2225 0
2226 1
2227 2
2228 3
2229 0
2230 1
2231 2
2232 3
2233 0
2234 1
2235 2
2236 3
2237 0
2238 1
2239 2
2240 3
2241 0
2242 1
2243 2
2244 3
2245 0
2246 1
2247 2
2248 3
2249 0
2250 1
2251 2
2252 3
2253 0
2254 1
2255 2
2256 3
2257 0
2258 1
2259 2
2260 3
2261 0
2262 1
2263 2
2264 3
2265 0
2266 1
2267 2
2268 3
2269 0
2270 1
2271 2
2272 3
2273 0
2274 1
2275 2
2276 3
2277 0
2278 1
2279 2
2280 3
2281 0
2282 1
2283 2
2284 3
2285 0
2286 2
2287 1
2288 3
2289 2
2290 0
2291 1
2292 3
2293 2
2294 0
2295 1
2296 3
2297 2
2298 0
2299 1
2300 3
2301 2
2302 0
2303 3
2304 1
2305 2
2306 0
2307 3
2308 1
2309 2
2310 0
2311 3
2312 1
2313 2
2314 0
2315 3
2316 1
2317 2
2318 0
2319 3
2320 1
2321 2
2322 0
2323 3
2324 1
2325 2
2326 0
2327 3
2328 1
2329 2
2330 3
2331 0
2332 1
2333 2
2334 3
2335 1
2336 0
2337 2
2338 3
2339 1
2340 0
2341 2
2342 3
2343 1
2344 0
2345 2
2346 3
2347 1
2348 0
2349 2
2350 3
2351 1
2352 0
2353 2
2354 3
2355 1
2356 0
2357 2
2358 3
2359 1
2360 0
2361 2
2362 3
2363 1
2364 0
2365 2
2366 3
2367 1
2368 0
2369 2
2370 3
2371 1
2372 0
2373 2
2374 3
2375 1
2376 0
2377 2
2378 3
2379 1
2380 0
2381 2
2382 3
2383 1
2384 0
2385 2
2386 3
2387 1
2388 0
2389 2
2390 3
2391 1
2392 0
2393 2
2394 3
2395 1
2396 0
2397 2
2398 3
2399 1
2400 0
2401 2
2402 3
2403 1
2404 0
2405 2
2406 3
2407 1
2408 0
2409 2
2410 3
2411 1
2412 0
2413 2
2414 3
2415 1
2416 0
2417 2
2418 3
2419 1
2420 0
2421 2
2422 3
2423 1
2424 0
2425 2
2426 3
2427 1
2428 0
2429 2
2430 3
2431 1
2432 2
2433 0
2434 3
2435 1
2436 2
2437 0
2438 3
2439 1
2440 2
2441 0
2442 3
2443 1
2444 2
2445 0
2446 3
2447 1
2448 2
2449 0
2450 3
2451 1
2452 2
2453 0
2454 3
2455 1
2456 2
2457 0
2458 3
2459 1
2460 2
2461 0
2462 3
2463 1
2464 2
2465 0
2466 3
2467 1
2468 2
2469 0
2470 3
2471 1
2472 2
2473 0
2474 3
2475 1
2476 2
2477 0
2478 3
2479 1
2480 2
2481 0
2482 3
2483 1
2484 2
2485 0
2486 3
2487 1
2488 2
2489 0
2490 3
2491 1
2492 2
2493 0
2494 3
2495 1
2496 2
2497 0
2498 3
2499 1
2500 2
2501 0
2502 3
2503 1
2504 2
2505 0
2506 3
2507 1
2508 2
2509 0
2510 3
2511 1
2512 2
2513 0
2514 3
2515 1
2516 2
2517 0
2518 3
2519 1
2520 2
2521 0
2522 3
2523 1
2524 2
2525 0
2526 3
2527 1
2528 2
2529 0
2530 3
2531 1
2532 2
2533 0
2534 3
2535 1
2536 2
2537 0
2538 3
2539 1
2540 2
2541 0
2542 3
2543 1
2544 2
2545 0
2546 3
2547 1
2548 2
2549 0
2550 3
2551 1
2552 2
2553 0
2554 3
2555 1
2556 2
2557 0
2558 3
2559 1
2560 2
2561 0
2562 3
2563 1
2564 2
2565 0
2566 3
2567 1
2568 2
2569 0
2570 3
2571 1
2572 2
2573 0
2574 3
2575 1
2576 2
2577 0
2578 3
2579 1
2580 2
2581 0
2582 3
2583 1
2584 2
2585 0
2586 3
2587 1
2588 2
2589 0
2590 3
2591 1
2592 0
2593 2
2594 3
2595 1
2596 0
2597 2
2598 3
2599 1
2600 0
2601 2
2602 3
2603 1
2604 0
2605 2
2606 3
2607 1
2608 0
2609 2
2610 3
2611 1
2612 0
2613 2
2614 3
2615 1
2616 0
2617 2
2618 3
2619 1
2620 0
2621 2
2622 3
2623 1
2624 0
2625 2
2626 3
2627 1
2628 0
2629 2
2630 3
2631 1
2632 0
2633 2
2634 3
2635 1
2636 0
2637 2
2638 3
2639 1
2640 0
2641 2
2642 3
2643 1
2644 0
2645 2
2646 3
2647 1
2648 0
2649 2
2650 3
2651 1
2652 0
2653 2
2654 3
2655 1
2656 0
2657 2
2658 3
2659 1
2660 0
2661 2
2662 3
2663 1
2664 0
2665 2
2666 3
2667 1
2668 0
2669 2
2670 3
2671 1
2672 0
2673 2
2674 3
2675 1
2676 0
2677 2
2678 3
2679 1
2680 0
2681 2
2682 3
2683 1
2684 0
2685 2
2686 3
2687 1
2688 0
2689 2
2690 3
2691 1
2692 0
2693 2
2694 3
2695 1
2696 0
2697 2
2698 3
2699 1
2700 0
2701 2
2702 3
2703 1
2704 0
2705 2
2706 3
2707 1
2708 0
2709 2
2710 3
2711 1
2712 0
2713 2
2714 3
2715 1
2716 2
2717 0
2718 3
2719 1
2720 2
2721 0
2722 1
2723 3
2724 2
2725 0
2726 1
2727 3
2728 2
2729 0
2730 1
2731 3
2732 2
2733 0
2734 1
2735 3
2736 2
2737 0
2738 1
2739 3
2740 2
2741 0
2742 1
2743 3
2744 2
2745 0
2746 1
2747 3
2748 2
2749 0
2750 1
2751 3
2752 2
2753 0
2754 1
2755 3
2756 2
2757 0
2758 1
2759 3
2760 2
2761 0
2762 1
2763 3
2764 2
2765 0
2766 1
2767 3
2768 2
2769 0
2770 1
2771 3
2772 2
2773 0
2774 1
2775 3
2776 2
2777 0
2778 1
2779 3
2780 2
2781 0
2782 1
2783 3
2784 2
2785 0
2786 1
2787 3
2788 2
2789 0
2790 1
2791 3
2792 2
2793 0
2794 1
2795 3
2796 2
2797 0
2798 1
2799 3
2800 2
2801 0
2802 1
2803 3
2804 2
2805 0
2806 1
2807 3
2808 2
2809 1
2810 0
2811 3
2812 2
2813 1
2814 0
2815 3
2816 2
2817 1
2818 0
2819 3
2820 2
2821 1
2822 0
2823 3
2824 2
2825 1
2826 0
2827 3
2828 2
2829 1
2830 0
2831 3
2832 2
2833 1
2834 0
2835 3
2836 2
2837 1
2838 0
2839 3
2840 2
2841 1
2842 0
2843 3
2844 2
2845 1
2846 0
2847 3
2848 2
2849 1
2850 0
