2013 07 27 03 56 00 0.685325 13
2013 07 27 03 56 01 0.691981 13
2013 07 27 03 56 02 0.698637 13
2013 07 27 03 56 03 0.705293 13
2013 07 27 03 56 04 0.711693 13
2013 07 27 03 56 05 0.718349 13
2013 07 27 03 56 06 0.725005 13
2013 07 27 03 56 07 0.731661 13
2013 07 27 03 56 08 0.738317 13
2013 07 27 03 56 09 0.744973 13
2013 07 27 03 56 10 0.751629 13
2013 07 27 03 56 11 0.758285 13
2013 07 27 03 56 12 0.764941 13
2013 07 27 03 56 13 0.771597 13
2013 07 27 03 56 14 0.778253 13
2013 07 27 03 56 15 0.784653 13
2013 07 27 03 56 16 0.791309 13
2013 07 27 03 56 17 0.797965 13
2013 07 27 03 56 18 0.804621 13
2013 07 27 03 56 19 0.811277 13
2013 07 27 03 56 20 0.817933 13
2013 07 27 03 56 21 0.824589 13
2013 07 27 03 56 22 0.831245 13
2013 07 27 03 56 23 0.837645 13
2013 07 27 03 56 24 0.844301 13
2013 07 27 03 56 25 0.850957 13
2013 07 27 03 56 26 0.857613 13
2013 07 27 03 56 27 0.864269 13
2013 07 27 03 56 28 0.870925 13
2013 07 27 03 56 29 0.877581 13
2013 07 27 03 56 30 0.884237 13
2013 07 27 03 56 31 0.890893 13
2013 07 27 03 56 32 0.897549 13
2013 07 27 03 56 33 0.904205 13
2013 07 27 03 56 34 0.910861 13
2013 07 27 03 56 35 0.917517 13
2013 07 27 03 56 36 0.924173 13
2013 07 27 03 56 37 0.930829 13
2013 07 27 03 56 38 0.937229 13
2013 07 27 03 56 39 0.943885 13
2013 07 27 03 56 40 0.950541 13
2013 07 27 03 56 41 0.957197 13
2013 07 27 03 56 42 0.963853 13
2013 07 27 03 56 43 0.718605 13
2013 07 27 03 56 44 0.725261 13
2013 07 27 03 56 45 0.731917 13
2013 07 27 03 56 46 0.738573 13
2013 07 27 03 56 47 0.745229 13
2013 07 27 03 56 48 0.751885 13
2013 07 27 03 56 49 0.758541 13
2013 07 27 03 56 50 0.765197 13
2013 07 27 03 56 51 0.771597 13
2013 07 27 03 56 52 0.778253 13
2013 07 27 03 56 53 0.784909 13
2013 07 27 03 56 54 0.791565 13
2013 07 27 03 56 55 0.798221 13
2013 07 27 03 56 56 0.804877 13
2013 07 27 03 56 57 0.811533 13
2013 07 27 03 56 58 0.818189 13
2013 07 27 03 56 59 0.824845 13
2013 07 27 03 57 00 0.831501 13
2013 07 27 03 57 01 0.838157 13
2013 07 27 03 57 02 0.844813 13
2013 07 27 03 57 03 0.851213 13
2013 07 27 03 57 04 0.857869 13
2013 07 27 03 57 05 0.864525 13
2013 07 27 03 57 06 0.871181 13
2013 07 27 03 57 07 0.877837 13
2013 07 27 03 57 08 0.884493 13
2013 07 27 03 57 09 0.891149 13
2013 07 27 03 57 10 0.897805 13
2013 07 27 03 57 11 0.904461 13
2013 07 27 03 57 12 0.911117 13
2013 07 27 03 57 13 0.917773 13
2013 07 27 03 57 14 0.924173 13
2013 07 27 03 57 15 0.930829 13
2013 07 27 03 57 16 0.937485 13
2013 07 27 03 57 17 0.944141 13
2013 07 27 03 57 18 0.950797 13
2013 07 27 03 57 19 0.957453 13
2013 07 27 03 57 20 0.964109 13
2013 07 27 03 57 21 0.970765 13
2013 07 27 03 57 22 0.977421 13
2013 07 27 03 57 23 0.984077 13
2013 07 27 03 57 24 0.990733 13
2013 07 27 03 57 25 0.997133 13
2013 07 27 03 57 27 0.003853 13
2013 07 27 03 57 28 0.010509 13
2013 07 27 03 57 29 0.017165 13
2013 07 27 03 57 30 0.023821 13
2013 07 27 03 57 31 0.030477 13
2013 07 27 03 57 32 0.037133 13
2013 07 27 03 57 33 0.043789 13
2013 07 27 03 57 34 0.050445 13
2013 07 27 03 57 35 0.056845 13
2013 07 27 03 57 35 0.812045 13
2013 07 27 03 57 36 0.818701 13
2013 07 27 03 57 37 0.825357 13
2013 07 27 03 57 38 0.832013 13
2013 07 27 03 57 39 0.838669 13
2013 07 27 03 57 40 0.845325 13
2013 07 27 03 57 41 0.851981 13
2013 07 27 03 57 42 0.858381 13
2013 07 27 03 57 43 0.865037 13
2013 07 27 03 57 44 0.871693 13
2013 07 27 03 57 45 0.878349 13
2013 07 27 03 57 46 0.885005 13
2013 07 27 03 57 47 0.891661 13
2013 07 27 03 57 48 0.898317 13
2013 07 27 03 57 49 0.904973 13
2013 07 27 03 57 50 0.911629 13
2013 07 27 03 57 51 0.918541 13
2013 07 27 03 57 52 0.924941 13
2013 07 27 03 57 53 0.931597 13
2013 07 27 03 57 54 0.938253 13
2013 07 27 03 57 55 0.944653 13
2013 07 27 03 57 56 0.951309 13
2013 07 27 03 57 57 0.957965 13
2013 07 27 03 57 58 0.964621 13
2013 07 27 03 57 59 0.971277 13
2013 07 27 03 58 00 0.977933 13
2013 07 27 03 58 01 0.984589 13
2013 07 27 03 58 02 0.991245 13
2013 07 27 03 58 03 0.997901 13
2013 07 27 03 58 05 0.004365 13
2013 07 27 03 58 06 0.011021 13
2013 07 27 03 58 07 0.017677 13
2013 07 27 03 58 08 0.024333 13
2013 07 27 03 58 09 0.030989 13
2013 07 27 03 58 10 0.037645 13
2013 07 27 03 58 11 0.044301 13
2013 07 27 03 58 12 0.050957 13
2013 07 27 03 58 13 0.057613 13
2013 07 27 03 58 14 0.064269 13
2013 07 27 03 58 15 0.070925 13
2013 07 27 03 58 16 0.077581 13
2013 07 27 03 58 17 0.083981 13
2013 07 27 03 58 18 0.090637 13
2013 07 27 03 58 19 0.097293 13
2013 07 27 03 58 20 0.103949 13
2013 07 27 03 58 21 0.110605 13
2013 07 27 03 58 22 0.117261 13
2013 07 27 03 58 23 0.123917 13
2013 07 27 03 58 24 0.130573 13
2013 07 27 03 58 25 0.137229 13
2013 07 27 03 58 26 0.143885 13
2013 07 27 03 58 27 0.150285 13
2013 07 27 03 58 28 0.156941 13
2013 07 27 03 58 29 0.163597 13
2013 07 27 03 58 30 0.170253 13
2013 07 27 03 58 31 0.176909 13
2013 07 27 03 58 32 0.183565 13
2013 07 27 03 58 33 0.190221 13
2013 07 27 03 58 34 0.196877 13
2013 07 27 03 58 35 0.203533 13
2013 07 27 03 58 36 0.210189 13
2013 07 27 03 58 37 0.216845 13
2013 07 27 03 58 38 0.223501 13
2013 07 27 03 58 39 0.229901 13
2013 07 27 03 58 40 0.236557 13
2013 07 27 03 58 41 0.243469 13
2013 07 27 03 58 42 0.250125 13
2013 07 27 03 58 43 0.256525 13
2013 07 27 03 58 44 0.263181 13
2013 07 27 03 58 45 0.269837 13
2013 07 27 03 58 46 0.276493 13
2013 07 27 03 58 47 0.283149 13
2013 07 27 03 58 48 0.289805 13
2013 07 27 03 58 49 0.296461 13
2013 07 27 03 58 50 0.303117 13
2013 07 27 03 58 51 0.309773 13
2013 07 27 03 58 52 0.316429 13
2013 07 27 03 58 53 0.323085 13
2013 07 27 03 58 54 0.329485 13
2013 07 27 03 58 55 0.336141 13
2013 07 27 03 58 56 0.594445 13
2013 07 27 03 58 57 0.600845 13
2013 07 27 03 58 58 0.607501 13
2013 07 27 03 58 59 0.614157 13
2013 07 27 03 59 00 0.620813 13
2013 07 27 03 59 01 0.627469 13
2013 07 27 03 59 02 0.634125 13
2013 07 27 03 59 03 0.640781 13
2013 07 27 03 59 04 0.647437 13
2013 07 27 03 59 05 0.654093 13
2013 07 27 03 59 06 0.660749 13
2013 07 27 03 59 07 0.667405 13
2013 07 27 03 59 08 0.673805 13
2013 07 27 03 59 09 0.680461 13
2013 07 27 03 59 10 0.687117 13
2013 07 27 03 59 11 0.693773 13
2013 07 27 03 59 12 0.700429 13
2013 07 27 03 59 13 0.707085 13
2013 07 27 03 59 14 0.713741 13
2013 07 27 03 59 15 0.720397 13
2013 07 27 03 59 16 0.727053 13
2013 07 27 03 59 17 0.733709 13
2013 07 27 03 59 18 0.740365 13
2013 07 27 03 59 19 0.747021 13
2013 07 27 03 59 20 0.753421 13
2013 07 27 03 59 21 0.760077 13
2013 07 27 03 59 22 0.766733 13
2013 07 27 03 59 23 0.773389 13
2013 07 27 03 59 24 0.780045 13
2013 07 27 03 59 25 0.786701 13
2013 07 27 03 59 26 0.793357 13
2013 07 27 03 59 27 0.800013 13
2013 07 27 03 59 28 0.806669 13
2013 07 27 03 59 29 0.813325 13
2013 07 27 03 59 30 0.819981 13
2013 07 27 03 59 31 0.826637 13
2013 07 27 03 59 32 0.833037 13
2013 07 27 03 59 33 0.839693 13
2013 07 27 03 59 34 0.846349 13
2013 07 27 03 59 35 0.853005 13
2013 07 27 03 59 36 0.859661 13
2013 07 27 03 59 37 0.866317 13
2013 07 27 03 59 38 0.872973 13
2013 07 27 03 59 39 0.879629 13
2013 07 27 03 59 40 0.886285 13
2013 07 27 03 59 41 0.892941 13
2013 07 27 03 59 42 0.899597 13
2013 07 27 03 59 43 0.906253 13
2013 07 27 03 59 44 0.912909 13
2013 07 27 03 59 45 0.919309 13
2013 07 27 03 59 46 0.925965 13
2013 07 27 03 59 47 0.932621 13
2013 07 27 03 59 48 0.939277 13
2013 07 27 03 59 50 0.197645 13
2013 07 27 03 59 51 0.204557 13
2013 07 27 03 59 52 0.210957 13
2013 07 27 03 59 53 0.217613 13
2013 07 27 03 59 54 0.224269 13
2013 07 27 03 59 55 0.230925 13
2013 07 27 03 59 56 0.237581 13
2013 07 27 03 59 57 0.244237 13
2013 07 27 03 59 58 0.250893 13
2013 07 27 03 59 59 0.257549 13
2013 07 27 04 00 00 0.264205 13
2013 07 27 04 00 01 0.270605 13
2013 07 27 04 00 02 0.277261 13
2013 07 27 04 00 03 0.283917 13
2013 07 27 04 00 04 0.290573 13
2013 07 27 04 00 05 0.297229 13
2013 07 27 04 00 06 0.303885 13
2013 07 27 04 00 07 0.310541 13
2013 07 27 04 00 08 0.568589 13
2013 07 27 04 00 09 0.575245 13
2013 07 27 04 00 10 0.581901 13
2013 07 27 04 00 11 0.588557 13
2013 07 27 04 00 12 0.595213 13
2013 07 27 04 00 13 0.601869 13
2013 07 27 04 00 14 0.608525 13
2013 07 27 04 00 15 0.615181 13
2013 07 27 04 00 16 0.621837 13
2013 07 27 04 00 17 0.628493 13
2013 07 27 04 00 18 0.634893 13
2013 07 27 04 00 19 0.641549 13
2013 07 27 04 00 20 0.648205 13
2013 07 27 04 00 21 0.654861 13
2013 07 27 04 00 22 0.661517 13
2013 07 27 04 00 23 0.668173 13
2013 07 27 04 00 24 0.674829 13
2013 07 27 04 00 25 0.681485 13
2013 07 27 04 00 26 0.688141 13
2013 07 27 04 00 27 0.694797 13
2013 07 27 04 00 28 0.701453 13
2013 07 27 04 00 29 0.708109 13
2013 07 27 04 00 30 0.714509 13
2013 07 27 04 00 31 0.721165 13
2013 07 27 04 00 32 0.727821 13
2013 07 27 04 00 33 0.734477 13
2013 07 27 04 00 34 0.741133 13
2013 07 27 04 00 35 0.747789 13
2013 07 27 04 00 36 0.754445 13
2013 07 27 04 00 37 0.761101 13
2013 07 27 04 00 38 0.767757 13
2013 07 27 04 00 39 0.774413 13
2013 07 27 04 00 40 0.781069 13
2013 07 27 04 00 41 0.787725 13
2013 07 27 04 00 42 0.794125 13
2013 07 27 04 00 43 0.800781 13
2013 07 27 04 00 44 0.807437 13
2013 07 27 04 00 45 0.814093 13
2013 07 27 04 00 46 0.820749 13
2013 07 27 04 00 47 0.827405 13
2013 07 27 04 00 48 0.834061 13
2013 07 27 04 00 49 0.840717 13
2013 07 27 04 00 50 0.847373 13
2013 07 27 04 00 51 0.854029 13
2013 07 27 04 00 52 0.860685 13
2013 07 27 04 00 53 0.867341 13
2013 07 27 04 00 54 0.873741 13
2013 07 27 04 00 55 0.880397 13
2013 07 27 04 00 56 0.887053 13
2013 07 27 04 00 57 0.893709 13
2013 07 27 04 00 58 0.900365 13
2013 07 27 04 00 59 0.907021 13
2013 07 27 04 01 00 0.913677 13
2013 07 27 04 01 01 0.920333 13
2013 07 27 04 01 02 0.926989 13
2013 07 27 04 01 03 0.933645 13
2013 07 27 04 01 04 0.940301 13
2013 07 27 04 01 05 0.946957 13
2013 07 27 04 01 06 0.953357 13
2013 07 27 04 01 07 0.960013 13
2013 07 27 04 01 08 0.966669 13
2013 07 27 04 01 09 0.973325 13
2013 07 27 04 01 10 0.979981 13
2013 07 27 04 01 11 0.986637 13
2013 07 27 04 01 12 0.993293 13
2013 07 27 04 01 14 0.000013 13
2013 07 27 04 01 15 0.006669 13
2013 07 27 04 01 16 0.013069 13
2013 07 27 04 01 17 0.019725 13
2013 07 27 04 01 18 0.026381 13
2013 07 27 04 01 19 0.033037 13
2013 07 27 04 01 20 0.039693 13
2013 07 27 04 01 21 0.046349 13
2013 07 27 04 01 22 0.053005 13
2013 07 27 04 01 23 0.059661 13
2013 07 27 04 01 24 0.066317 13
2013 07 27 04 01 25 0.072973 13
2013 07 27 04 01 26 0.079629 13
2013 07 27 04 01 27 0.086029 13
2013 07 27 04 01 28 0.092685 13
2013 07 27 04 01 29 0.099341 13
2013 07 27 04 01 30 0.105997 13
2013 07 27 04 01 31 0.112653 13
2013 07 27 04 01 32 0.119309 13
2013 07 27 04 01 33 0.125965 13
2013 07 27 04 01 34 0.132621 13
2013 07 27 04 01 35 0.139277 13
2013 07 27 04 01 36 0.145933 13
2013 07 27 04 01 37 0.152589 13
2013 07 27 04 01 38 0.159245 13
2013 07 27 04 01 39 0.165645 13
2013 07 27 04 01 40 0.172301 13
2013 07 27 04 01 41 0.178957 13
2013 07 27 04 01 42 0.185613 13
2013 07 27 04 01 43 0.192269 13
2013 07 27 04 01 44 0.198925 13
2013 07 27 04 01 45 0.205581 13
2013 07 27 04 01 46 0.212237 13
2013 07 27 04 01 47 0.218893 13
2013 07 27 04 01 48 0.225549 13
2013 07 27 04 01 49 0.232205 13
2013 07 27 04 01 50 0.238861 13
2013 07 27 04 01 51 0.245261 13
2013 07 27 04 01 52 0.503821 13
2013 07 27 04 01 53 0.510477 13
2013 07 27 04 01 54 0.517133 13
2013 07 27 04 01 55 0.523789 13
2013 07 27 04 01 56 0.530445 13
2013 07 27 04 01 57 0.537101 13
2013 07 27 04 01 58 0.543757 13
2013 07 27 04 01 59 0.550413 13
2013 07 27 04 02 00 0.556813 13
2013 07 27 04 02 01 0.563469 13
2013 07 27 04 02 02 0.570125 13
2013 07 27 04 02 03 0.576781 13
2013 07 27 04 02 04 0.583437 13
2013 07 27 04 02 05 0.590093 13
2013 07 27 04 02 06 0.596749 13
2013 07 27 04 02 07 0.603405 13
2013 07 27 04 02 08 0.610061 13
2013 07 27 04 02 09 0.616717 13
2013 07 27 04 02 10 0.623117 13
2013 07 27 04 02 11 0.630029 13
2013 07 27 04 02 12 0.636429 13
2013 07 27 04 02 13 0.643085 13
2013 07 27 04 02 14 0.649741 13
2013 07 27 04 02 15 0.656397 13
2013 07 27 04 02 16 0.663053 13
2013 07 27 04 02 17 0.669709 13
2013 07 27 04 02 18 0.676365 13
2013 07 27 04 02 19 0.683021 13
2013 07 27 04 02 20 0.689677 13
2013 07 27 04 02 21 0.696077 13
2013 07 27 04 02 22 0.702733 13
2013 07 27 04 02 23 0.709389 13
2013 07 27 04 02 24 0.716045 13
2013 07 27 04 02 25 0.722701 13
2013 07 27 04 02 26 0.729357 13
2013 07 27 04 02 27 0.736013 13
2013 07 27 04 02 28 0.742669 13
2013 07 27 04 02 29 0.749325 13
2013 07 27 04 02 30 0.755981 13
2013 07 27 04 02 31 0.762637 13
2013 07 27 04 02 32 0.769293 13
2013 07 27 04 02 33 0.775949 13
2013 07 27 04 02 34 0.782605 13
2013 07 27 04 02 35 0.789261 13
2013 07 27 04 02 36 0.795661 13
2013 07 27 04 02 37 0.802317 13
2013 07 27 04 02 38 0.808973 13
2013 07 27 04 02 39 0.815629 13
2013 07 27 04 02 40 0.822285 13
2013 07 27 04 02 41 0.828941 13
2013 07 27 04 02 42 0.835597 13
2013 07 27 04 02 43 0.842253 13
2013 07 27 04 02 44 0.848653 13
2013 07 27 04 02 45 0.855309 13
2013 07 27 04 02 46 0.861965 13
2013 07 27 04 02 47 0.868621 13
2013 07 27 04 02 48 0.875277 13
2013 07 27 04 02 49 0.881933 13
2013 07 27 04 02 50 0.888589 13
2013 07 27 04 02 51 0.895245 13
2013 07 27 04 02 52 0.901901 13
2013 07 27 04 02 53 0.908557 13
2013 07 27 04 02 55 0.166669 13
2013 07 27 04 02 56 0.173325 13
2013 07 27 04 02 57 0.179981 13
2013 07 27 04 02 58 0.186637 13
2013 07 27 04 02 59 0.193293 13
2013 07 27 04 03 00 0.199949 13
2013 07 27 04 03 01 0.206349 13
2013 07 27 04 03 02 0.213005 13
2013 07 27 04 03 03 0.219661 13
2013 07 27 04 03 04 0.226317 13
2013 07 27 04 03 05 0.232973 13
2013 07 27 04 03 06 0.239629 13
2013 07 27 04 03 07 0.246285 13
2013 07 27 04 03 08 0.252941 13
2013 07 27 04 03 09 0.259597 13
2013 07 27 04 03 10 0.266253 13
2013 07 27 04 03 11 0.272909 13
2013 07 27 04 03 12 0.279309 13
2013 07 27 04 03 13 0.285965 13
2013 07 27 04 03 14 0.292621 13
2013 07 27 04 03 15 0.299277 13
2013 07 27 04 03 16 0.305933 13
2013 07 27 04 03 17 0.312589 13
2013 07 27 04 03 18 0.319245 13
2013 07 27 04 03 19 0.325901 13
2013 07 27 04 03 20 0.332557 13
2013 07 27 04 03 21 0.339213 13
2013 07 27 04 03 22 0.345869 13
2013 07 27 04 03 23 0.352525 13
2013 07 27 04 03 24 0.358925 13
2013 07 27 04 03 25 0.365581 13
2013 07 27 04 03 26 0.372237 13
2013 07 27 04 03 27 0.378893 13
2013 07 27 04 03 28 0.385549 13
2013 07 27 04 03 29 0.392205 13
2013 07 27 04 03 30 0.398861 13
2013 07 27 04 03 31 0.405517 13
2013 07 27 04 03 32 0.412173 13
2013 07 27 04 03 33 0.418829 13
2013 07 27 04 03 34 0.425485 13
2013 07 27 04 03 35 0.432141 13
2013 07 27 04 03 36 0.438541 13
2013 07 27 04 03 37 0.445197 13
2013 07 27 04 03 38 0.451853 13
2013 07 27 04 03 39 0.458509 13
2013 07 27 04 03 40 0.465165 13
2013 07 27 04 03 41 0.471821 13
2013 07 27 04 03 42 0.478477 13
2013 07 27 04 03 43 0.485133 13
2013 07 27 04 03 44 0.491789 13
2013 07 27 04 03 45 0.498445 13
2013 07 27 04 03 46 0.505101 13
2013 07 27 04 03 47 0.511501 13
2013 07 27 04 03 48 0.518157 13
2013 07 27 04 03 49 0.524813 13
2013 07 27 04 03 50 0.531469 13
2013 07 27 04 03 51 0.538125 13
2013 07 27 04 03 52 0.544781 13
2013 07 27 04 03 53 0.551437 13
2013 07 27 04 03 54 0.558093 13
2013 07 27 04 03 55 0.564749 13
2013 07 27 04 03 56 0.571405 13
2013 07 27 04 03 57 0.578061 13
2013 07 27 04 03 58 0.584717 13
2013 07 27 04 03 59 0.591117 13
2013 07 27 04 04 00 0.597773 13
2013 07 27 04 04 01 0.604429 13
2013 07 27 04 04 02 0.611085 13
2013 07 27 04 04 03 0.617741 13
2013 07 27 04 04 04 0.624397 13
2013 07 27 04 04 05 0.631053 13
2013 07 27 04 04 06 0.637709 13
2013 07 27 04 04 07 0.644365 13
2013 07 27 04 04 08 0.651021 13
2013 07 27 04 04 09 0.657677 13
2013 07 27 04 04 10 0.664333 13
2013 07 27 04 04 11 0.670733 13
2013 07 27 04 04 12 0.425997 13
2013 07 27 04 04 13 0.432653 13
2013 07 27 04 04 14 0.439309 13
2013 07 27 04 04 15 0.445965 13
2013 07 27 04 04 16 0.452621 13
2013 07 27 04 04 17 0.459277 13
2013 07 27 04 04 18 0.465677 13
2013 07 27 04 04 19 0.472333 13
2013 07 27 04 04 20 0.478989 13
2013 07 27 04 04 21 0.485645 13
2013 07 27 04 04 22 0.492301 13
2013 07 27 04 04 23 0.498957 13
2013 07 27 04 04 24 0.505613 13
2013 07 27 04 04 25 0.512269 13
2013 07 27 04 04 26 0.518925 13
2013 07 27 04 04 27 0.525581 13
2013 07 27 04 04 28 0.532237 13
2013 07 27 04 04 29 0.538637 13
2013 07 27 04 04 30 0.545293 13
2013 07 27 04 04 31 0.552205 13
2013 07 27 04 04 32 0.558605 13
2013 07 27 04 04 33 0.565261 13
2013 07 27 04 04 34 0.571917 13
2013 07 27 04 04 35 0.578573 13
2013 07 27 04 04 36 0.585229 13
2013 07 27 04 04 37 0.591885 13
2013 07 27 04 04 38 0.598541 13
2013 07 27 04 04 39 0.605197 13
2013 07 27 04 04 40 0.611853 13
2013 07 27 04 04 41 0.618253 13
2013 07 27 04 04 42 0.624909 13
2013 07 27 04 04 43 0.631565 13
2013 07 27 04 04 44 0.638221 13
2013 07 27 04 04 45 0.644877 13
2013 07 27 04 04 46 0.651533 13
2013 07 27 04 04 47 0.658189 13
2013 07 27 04 04 48 0.664845 13
2013 07 27 04 04 49 0.671501 13
2013 07 27 04 04 50 0.678157 13
2013 07 27 04 04 51 0.684813 13
2013 07 27 04 04 52 0.691469 13
2013 07 27 04 04 53 0.698125 13
2013 07 27 04 04 54 0.704781 13
2013 07 27 04 04 55 0.711181 13
2013 07 27 04 04 56 0.717837 13
2013 07 27 04 04 57 0.724493 13
2013 07 27 04 04 58 0.731149 13
2013 07 27 04 04 59 0.737805 13
2013 07 27 04 05 00 0.744461 13
2013 07 27 04 05 01 0.751117 13
2013 07 27 04 05 02 0.757773 13
2013 07 27 04 05 03 0.764173 13
2013 07 27 04 05 04 0.770829 13
2013 07 27 04 05 05 0.777485 13
2013 07 27 04 05 06 0.784141 13
2013 07 27 04 05 07 0.790797 13
2013 07 27 04 05 08 0.797453 13
2013 07 27 04 05 09 0.804109 13
2013 07 27 04 05 10 0.810765 13
2013 07 27 04 05 11 0.817421 13
2013 07 27 04 05 12 0.824077 13
2013 07 27 04 05 13 0.830733 13
2013 07 27 04 05 14 0.837389 13
2013 07 27 04 05 15 0.844045 13
2013 07 27 04 05 16 0.850701 13
2013 07 27 04 05 17 0.857101 13
2013 07 27 04 05 18 0.864013 13
2013 07 27 04 05 19 0.870413 13
2013 07 27 04 05 20 0.877069 13
2013 07 27 04 05 21 0.883725 13
2013 07 27 04 05 23 0.141837 13
2013 07 27 04 05 24 0.148493 13
2013 07 27 04 05 25 0.155149 13
2013 07 27 04 05 26 0.161805 13
2013 07 27 04 05 27 0.168461 13
2013 07 27 04 05 28 0.175117 13
2013 07 27 04 05 29 0.181773 13
2013 07 27 04 05 30 0.188429 13
2013 07 27 04 05 31 0.194829 13
2013 07 27 04 05 32 0.201485 13
2013 07 27 04 05 33 0.208141 13
2013 07 27 04 05 34 0.214797 13
2013 07 27 04 05 35 0.221453 13
2013 07 27 04 05 36 0.228109 13
2013 07 27 04 05 37 0.234765 13
2013 07 27 04 05 38 0.241421 13
2013 07 27 04 05 39 0.248077 13
2013 07 27 04 05 40 0.254733 13
2013 07 27 04 05 41 0.261389 13
2013 07 27 04 05 42 0.267789 13
2013 07 27 04 05 43 0.274445 13
2013 07 27 04 05 44 0.281101 13
2013 07 27 04 05 45 0.287757 13
2013 07 27 04 05 46 0.294413 13
2013 07 27 04 05 47 0.301069 13
2013 07 27 04 05 48 0.307725 13
2013 07 27 04 05 49 0.314381 13
2013 07 27 04 05 50 0.321037 13
2013 07 27 04 05 51 0.327693 13
2013 07 27 04 05 52 0.334349 13
2013 07 27 04 05 53 0.341005 13
2013 07 27 04 05 54 0.347405 13
2013 07 27 04 05 55 0.354061 13
2013 07 27 04 05 56 0.360717 13
2013 07 27 04 05 57 0.367373 13
2013 07 27 04 05 58 0.374029 13
2013 07 27 04 05 59 0.380685 13
2013 07 27 04 06 00 0.387341 13
2013 07 27 04 06 01 0.393997 13
2013 07 27 04 06 02 0.652301 13
2013 07 27 04 06 03 0.910605 13
2013 07 27 04 06 04 0.917261 13
2013 07 27 04 06 05 0.923917 13
2013 07 27 04 06 06 0.930573 13
2013 07 27 04 06 07 0.936973 13
2013 07 27 04 06 08 0.943629 13
2013 07 27 04 06 09 0.950285 13
2013 07 27 04 06 10 0.956941 13
2013 07 27 04 06 11 0.963597 13
2013 07 27 04 06 12 0.970253 13
2013 07 27 04 06 13 0.976909 13
2013 07 27 04 06 14 0.983565 13
2013 07 27 04 06 15 0.990221 13
2013 07 27 04 06 16 0.996877 13
2013 07 27 04 06 18 0.003341 13
2013 07 27 04 06 19 0.009997 13
2013 07 27 04 06 20 0.016653 13
2013 07 27 04 06 21 0.023309 13
2013 07 27 04 06 22 0.029965 13
2013 07 27 04 06 23 0.036621 13
2013 07 27 04 06 24 0.043277 13
2013 07 27 04 06 25 0.049933 13
2013 07 27 04 06 26 0.056589 13
2013 07 27 04 06 27 0.063245 13
2013 07 27 04 06 28 0.069645 13
2013 07 27 04 06 29 0.076301 13
2013 07 27 04 06 30 0.082957 13
2013 07 27 04 06 31 0.089613 13
2013 07 27 04 06 32 0.096269 13
2013 07 27 04 06 33 0.102925 13
2013 07 27 04 06 34 0.109581 13
2013 07 27 04 06 35 0.116237 13
2013 07 27 04 06 36 0.122893 13
2013 07 27 04 06 37 0.129549 13
2013 07 27 04 06 38 0.136205 13
2013 07 27 04 06 39 0.142861 13
2013 07 27 04 06 40 0.149261 13
2013 07 27 04 06 41 0.155917 13
2013 07 27 04 06 42 0.162573 13
2013 07 27 04 06 43 0.169229 13
2013 07 27 04 06 44 0.175885 13
2013 07 27 04 06 45 0.182541 13
2013 07 27 04 06 46 0.189197 13
2013 07 27 04 06 47 0.195853 13
2013 07 27 04 06 48 0.202509 13
2013 07 27 04 06 49 0.209165 13
2013 07 27 04 06 50 0.215821 13
2013 07 27 04 06 51 0.222477 13
2013 07 27 04 06 52 0.228877 13
2013 07 27 04 06 53 0.235533 13
2013 07 27 04 06 54 0.242189 13
2013 07 27 04 06 55 0.248845 13
2013 07 27 04 06 56 0.255501 13
2013 07 27 04 06 57 0.262157 13
2013 07 27 04 06 58 0.268813 13
2013 07 27 04 06 59 0.527373 13
2013 07 27 04 07 00 0.534029 13
2013 07 27 04 07 01 0.540429 13
2013 07 27 04 07 02 0.547085 13
2013 07 27 04 07 03 0.553741 13
2013 07 27 04 07 04 0.560397 13
2013 07 27 04 07 05 0.567053 13
2013 07 27 04 07 06 0.573709 13
2013 07 27 04 07 07 0.580365 13
2013 07 27 04 07 08 0.587021 13
2013 07 27 04 07 09 0.593677 13
2013 07 27 04 07 10 0.600333 13
2013 07 27 04 07 11 0.606989 13
2013 07 27 04 07 12 0.613645 13
2013 07 27 04 07 13 0.620045 13
2013 07 27 04 07 14 0.626701 13
2013 07 27 04 07 15 0.633357 13
2013 07 27 04 07 16 0.640013 13
2013 07 27 04 07 17 0.646669 13
2013 07 27 04 07 18 0.653325 13
2013 07 27 04 07 19 0.911373 13
2013 07 27 04 07 20 0.918029 13
2013 07 27 04 07 21 0.924685 13
2013 07 27 04 07 22 0.931341 13
2013 07 27 04 07 23 0.937997 13
2013 07 27 04 07 24 0.944653 13
2013 07 27 04 07 25 0.951309 13
2013 07 27 04 07 26 0.957965 13
2013 07 27 04 07 27 0.964621 13
2013 07 27 04 07 28 0.971021 13
2013 07 27 04 07 29 0.977677 13
2013 07 27 04 07 30 0.984333 13
2013 07 27 04 07 31 0.990989 13
2013 07 27 04 07 32 0.997645 13
2013 07 27 04 07 34 0.004365 13
2013 07 27 04 07 35 0.011021 13
2013 07 27 04 07 36 0.017677 13
2013 07 27 04 07 37 0.024333 13
2013 07 27 04 07 38 0.030989 13
2013 07 27 04 07 39 0.037389 13
2013 07 27 04 07 40 0.295949 13
2013 07 27 04 07 41 0.302605 13
2013 07 27 04 07 42 0.309261 13
2013 07 27 04 07 43 0.315917 13
2013 07 27 04 07 44 0.322573 13
2013 07 27 04 07 45 0.329229 13
2013 07 27 04 07 46 0.335629 13
2013 07 27 04 07 47 0.342285 13
2013 07 27 04 07 48 0.348941 13
2013 07 27 04 07 49 0.355597 13
2013 07 27 04 07 50 0.362253 13
2013 07 27 04 07 51 0.368909 13
2013 07 27 04 07 52 0.375565 13
2013 07 27 04 07 53 0.382221 13
2013 07 27 04 07 54 0.388877 13
2013 07 27 04 07 55 0.395533 13
2013 07 27 04 07 56 0.402189 13
2013 07 27 04 07 57 0.408845 13
2013 07 27 04 07 58 0.415245 13
2013 07 27 04 07 59 0.422157 13
2013 07 27 04 08 00 0.428813 13
2013 07 27 04 08 01 0.435213 13
2013 07 27 04 08 02 0.441869 13
2013 07 27 04 08 03 0.448525 13
2013 07 27 04 08 04 0.455181 13
2013 07 27 04 08 05 0.461837 13
2013 07 27 04 08 06 0.468493 13
2013 07 27 04 08 07 0.475149 13
2013 07 27 04 08 08 0.481805 13
2013 07 27 04 08 09 0.488205 13
2013 07 27 04 08 10 0.494861 13
2013 07 27 04 08 11 0.501773 13
2013 07 27 04 08 12 0.508429 13
2013 07 27 04 08 13 0.514829 13
2013 07 27 04 08 14 0.521485 13
2013 07 27 04 08 15 0.528141 13
2013 07 27 04 08 16 0.534797 13
2013 07 27 04 08 17 0.541453 13
2013 07 27 04 08 18 0.548109 13
2013 07 27 04 08 19 0.554765 13
2013 07 27 04 08 20 0.561421 13
2013 07 27 04 08 21 0.567821 13
2013 07 27 04 08 22 0.574477 13
2013 07 27 04 08 23 0.581133 13
2013 07 27 04 08 24 0.587789 13
2013 07 27 04 08 25 0.594445 13
2013 07 27 04 08 26 0.601101 13
2013 07 27 04 08 27 0.607757 13
2013 07 27 04 08 28 0.614413 13
2013 07 27 04 08 29 0.621069 13
2013 07 27 04 08 30 0.627725 13
2013 07 27 04 08 31 0.634381 13
2013 07 27 04 08 32 0.641037 13
2013 07 27 04 08 33 0.647693 13
2013 07 27 04 08 34 0.654349 13
2013 07 27 04 08 35 0.661005 13
2013 07 27 04 08 36 0.667405 13
2013 07 27 04 08 37 0.674061 13
2013 07 27 04 08 38 0.680717 13
2013 07 27 04 08 39 0.687373 13
2013 07 27 04 08 40 0.694029 13
2013 07 27 04 08 41 0.700685 13
2013 07 27 04 08 42 0.707341 13
2013 07 27 04 08 43 0.713997 13
2013 07 27 04 08 44 0.972045 13
2013 07 27 04 08 45 0.978701 13
2013 07 27 04 08 46 0.985357 13
2013 07 27 04 08 47 0.992013 13
2013 07 27 04 08 48 0.998669 13
2013 07 27 04 08 50 0.005133 13
2013 07 27 04 08 51 0.011789 13
2013 07 27 04 08 52 0.018445 13
2013 07 27 04 08 53 0.025101 13
2013 07 27 04 08 54 0.031757 13
2013 07 27 04 08 55 0.038413 13
2013 07 27 04 08 56 0.045069 13
2013 07 27 04 08 57 0.051725 13
2013 07 27 04 08 58 0.058381 13
2013 07 27 04 08 59 0.568333 13
2013 07 27 04 09 00 0.574989 13
2013 07 27 04 09 01 0.581645 13
2013 07 27 04 09 02 0.588045 13
2013 07 27 04 09 03 0.594701 13
2013 07 27 04 09 04 0.601357 13
2013 07 27 04 09 05 0.608013 13
2013 07 27 04 09 06 0.614669 13
2013 07 27 04 09 07 0.621325 13
2013 07 27 04 09 08 0.627981 13
2013 07 27 04 09 09 0.634637 13
2013 07 27 04 09 10 0.641293 13
2013 07 27 04 09 11 0.647949 13
2013 07 27 04 09 12 0.654605 13
2013 07 27 04 09 13 0.661261 13
2013 07 27 04 09 14 0.667661 13
2013 07 27 04 09 15 0.674317 13
2013 07 27 04 09 16 0.680973 13
2013 07 27 04 09 17 0.687629 13
2013 07 27 04 09 18 0.694285 13
2013 07 27 04 09 19 0.700941 13
2013 07 27 04 09 20 0.707597 13
2013 07 27 04 09 21 0.714253 13
2013 07 27 04 09 22 0.720909 13
2013 07 27 04 09 23 0.727565 13
2013 07 27 04 09 24 0.734221 13
2013 07 27 04 09 25 0.740877 13
2013 07 27 04 09 26 0.999181 13
2013 07 27 04 09 28 0.257293 13
2013 07 27 04 09 29 0.515853 13
2013 07 27 04 09 30 0.522509 13
2013 07 27 04 09 31 0.528909 13
2013 07 27 04 09 32 0.535565 13
2013 07 27 04 09 33 0.542221 13
2013 07 27 04 09 34 0.548877 13
2013 07 27 04 09 35 0.555533 13
2013 07 27 04 09 36 0.562189 13
2013 07 27 04 09 37 0.568845 13
2013 07 27 04 09 38 0.575501 13
2013 07 27 04 09 39 0.582157 13
2013 07 27 04 09 40 0.588813 13
2013 07 27 04 09 41 0.595469 13
2013 07 27 04 09 42 0.602125 13
2013 07 27 04 09 43 0.608781 13
2013 07 27 04 09 44 0.615437 13
2013 07 27 04 09 45 0.622093 13
2013 07 27 04 09 46 0.628493 13
2013 07 27 04 09 47 0.635149 13
2013 07 27 04 09 48 0.641805 13
2013 07 27 04 09 49 0.900109 13
2013 07 27 04 09 50 0.906509 13
2013 07 27 04 09 51 0.913165 13
2013 07 27 04 09 52 0.919821 13
2013 07 27 04 09 53 0.926477 13
2013 07 27 04 09 54 0.933133 13
2013 07 27 04 09 55 0.939789 13
2013 07 27 04 09 56 0.946445 13
2013 07 27 04 09 57 0.953101 13
2013 07 27 04 09 58 0.959757 13
2013 07 27 04 09 59 0.966413 13
2013 07 27 04 10 00 0.973069 13
2013 07 27 04 10 01 0.979469 13
2013 07 27 04 10 02 0.986125 13
2013 07 27 04 10 03 0.992781 13
2013 07 27 04 10 04 0.999437 13
2013 07 27 04 10 06 0.006157 13
2013 07 27 04 10 07 0.012813 13
2013 07 27 04 10 08 0.019469 13
2013 07 27 04 10 09 0.026125 13
2013 07 27 04 10 10 0.284429 13
2013 07 27 04 10 11 0.291085 13
2013 07 27 04 10 12 0.297741 13
2013 07 27 04 10 13 0.304397 13
2013 07 27 04 10 14 0.311053 13
2013 07 27 04 10 15 0.317709 13
2013 07 27 04 10 16 0.324365 13
2013 07 27 04 10 17 0.331021 13
2013 07 27 04 10 18 0.337421 13
2013 07 27 04 10 19 0.344077 13
2013 07 27 04 10 20 0.350733 13
2013 07 27 04 10 21 0.357389 13
2013 07 27 04 10 22 0.364045 13
2013 07 27 04 10 23 0.370701 13
2013 07 27 04 10 24 0.377357 13
2013 07 27 04 10 25 0.384013 13
2013 07 27 04 10 26 0.390669 13
2013 07 27 04 10 27 0.397325 13
2013 07 27 04 10 28 0.403981 13
2013 07 27 04 10 29 0.662029 13
2013 07 27 04 10 30 0.668685 13
2013 07 27 04 10 31 0.675341 13
2013 07 27 04 10 32 0.681997 13
2013 07 27 04 10 33 0.688653 13
2013 07 27 04 10 34 0.695309 13
2013 07 27 04 10 35 0.701965 13
2013 07 27 04 10 36 0.708365 13
2013 07 27 04 10 37 0.715021 13
2013 07 27 04 10 38 0.721677 13
2013 07 27 04 10 39 0.728333 13
2013 07 27 04 10 40 0.734989 13
2013 07 27 04 10 41 0.741645 13
2013 07 27 04 10 42 0.748301 13
2013 07 27 04 10 43 0.754957 13
2013 07 27 04 10 44 0.761613 13
2013 07 27 04 10 45 0.768269 13
2013 07 27 04 10 46 0.774925 13
2013 07 27 04 10 47 0.781581 13
2013 07 27 04 10 48 0.787981 13
2013 07 27 04 10 49 0.794637 13
2013 07 27 04 10 50 0.801293 13
2013 07 27 04 10 51 0.807949 13
2013 07 27 04 10 52 0.814605 13
2013 07 27 04 10 53 0.821261 13
2013 07 27 04 10 54 0.827917 13
2013 07 27 04 10 55 0.834573 13
2013 07 27 04 10 56 0.841229 13
2013 07 27 04 10 57 0.847885 13
2013 07 27 04 10 58 0.854541 13
2013 07 27 04 10 59 0.861197 13
2013 07 27 04 11 00 0.867597 13
2013 07 27 04 11 01 0.874253 13
2013 07 27 04 11 02 0.880909 13
2013 07 27 04 11 03 0.887565 13
2013 07 27 04 11 04 0.894221 13
2013 07 27 04 11 05 0.900877 13
2013 07 27 04 11 06 0.907533 13
2013 07 27 04 11 07 0.914189 13
2013 07 27 04 11 09 0.172557 13
2013 07 27 04 11 10 0.179213 13
2013 07 27 04 11 11 0.185869 13
2013 07 27 04 11 12 0.192525 13
2013 07 27 04 11 13 0.199181 13
2013 07 27 04 11 14 0.205837 13
