2013 07 02 04 30 01 0.448768
2013 07 02 04 30 02 0.455424
2013 07 02 04 30 03 0.462080
2013 07 02 04 30 04 0.468736
2013 07 02 04 30 05 0.475392
2013 07 02 04 30 06 0.482048
2013 07 02 04 30 07 0.488704
2013 07 02 04 30 08 0.495360
2013 07 02 04 30 09 0.501760
2013 07 02 04 30 10 0.508416
2013 07 02 04 30 11 0.515072
2013 07 02 04 30 12 0.521728
2013 07 02 04 30 13 0.528384
2013 07 02 04 30 14 0.535040
2013 07 02 04 30 15 0.541696
2013 07 02 04 30 16 0.548352
2013 07 02 04 30 17 0.555008
2013 07 02 04 30 18 0.561408
2013 07 02 04 30 19 0.568064
2013 07 02 04 30 20 0.574720
2013 07 02 04 30 21 0.581376
2013 07 02 04 30 22 0.588032
2013 07 02 04 30 23 0.594688
2013 07 02 04 30 24 0.601344
2013 07 02 04 30 25 0.608000
2013 07 02 04 30 26 0.614656
2013 07 02 04 30 27 0.621312
2013 07 02 04 30 28 0.627968
2013 07 02 04 30 29 0.634368
2013 07 02 04 30 30 0.641024
2013 07 02 04 30 31 0.647680
2013 07 02 04 30 32 0.654336
2013 07 02 04 30 33 0.660992
2013 07 02 04 30 34 0.667648
2013 07 02 04 30 35 0.674304
2013 07 02 04 30 36 0.680960
2013 07 02 04 30 37 0.687616
2013 07 02 04 30 38 0.694016
2013 07 02 04 30 39 0.700672
2013 07 02 04 30 40 0.707328
2013 07 02 04 30 41 0.713984
2013 07 02 04 30 42 0.720640
2013 07 02 04 30 43 0.727296
2013 07 02 04 30 44 0.733952
2013 07 02 04 30 45 0.740608
2013 07 02 04 30 46 0.747264
2013 07 02 04 30 47 0.753664
2013 07 02 04 30 48 0.760320
2013 07 02 04 30 49 0.766976
2013 07 02 04 30 50 0.773632
2013 07 02 04 30 51 0.780288
2013 07 02 04 30 52 0.786944
2013 07 02 04 30 53 0.793600
2013 07 02 04 30 54 0.800256
2013 07 02 04 30 55 0.806656
2013 07 02 04 30 56 0.813312
2013 07 02 04 30 57 0.819968
2013 07 02 04 30 58 0.826624
2013 07 02 04 30 59 0.833280
2013 07 02 04 31 00 0.839936
2013 07 02 04 31 01 0.846592
2013 07 02 04 31 02 0.853248
2013 07 02 04 31 03 0.859904
2013 07 02 04 31 04 0.866304
2013 07 02 04 31 05 0.873216
2013 07 02 04 31 06 0.879616
2013 07 02 04 31 07 0.886272
2013 07 02 04 31 08 0.892928
2013 07 02 04 31 09 0.899584
2013 07 02 04 31 10 0.906240
2013 07 02 04 31 11 0.912896
2013 07 02 04 31 12 0.919552
2013 07 02 04 31 13 0.925952
2013 07 02 04 31 14 0.932608
2013 07 02 04 31 15 0.939264
2013 07 02 04 31 16 0.945920
2013 07 02 04 31 17 0.952576
2013 07 02 04 31 18 0.959232
2013 07 02 04 31 19 0.965888
2013 07 02 04 31 20 0.972544
2013 07 02 04 31 21 0.979200
2013 07 02 04 31 22 0.985856
2013 07 02 04 31 23 0.992256
2013 07 02 04 31 24 0.998912
2013 07 02 04 31 26 0.005632
2013 07 02 04 31 27 0.012288
2013 07 02 04 31 28 0.018944
2013 07 02 04 31 29 0.025600
2013 07 02 04 31 30 0.032000
2013 07 02 04 31 31 0.038656
2013 07 02 04 31 32 0.045312
2013 07 02 04 31 33 0.051968
2013 07 02 04 31 34 0.058624
2013 07 02 04 31 35 0.065280
2013 07 02 04 31 36 0.071936
2013 07 02 04 31 37 0.078592
2013 07 02 04 31 38 0.085248
2013 07 02 04 31 39 0.091648
2013 07 02 04 31 40 0.098304
2013 07 02 04 31 41 0.104960
2013 07 02 04 31 42 0.111616
2013 07 02 04 31 43 0.118272
2013 07 02 04 31 44 0.124928
2013 07 02 04 31 45 0.131584
2013 07 02 04 31 46 0.138240
2013 07 02 04 31 47 0.144896
2013 07 02 04 31 48 0.151296
2013 07 02 04 31 49 0.157952
2013 07 02 04 31 50 0.164608
2013 07 02 04 31 51 0.171264
2013 07 02 04 31 52 0.177920
2013 07 02 04 31 53 0.184576
2013 07 02 04 31 54 0.191232
2013 07 02 04 31 55 0.197888
2013 07 02 04 31 56 0.204544
2013 07 02 04 31 57 0.211200
2013 07 02 04 31 58 0.217600
2013 07 02 04 31 59 0.224256
2013 07 02 04 32 00 0.230912
2013 07 02 04 32 01 0.237568
2013 07 02 04 32 02 0.244224
2013 07 02 04 32 03 0.250880
2013 07 02 04 32 04 0.257536
2013 07 02 04 32 05 0.264192
2013 07 02 04 32 06 0.270848
2013 07 02 04 32 07 0.277760
2013 07 02 04 32 08 0.283904
2013 07 02 04 32 09 0.290560
2013 07 02 04 32 10 0.297216
2013 07 02 04 32 11 0.303872
2013 07 02 04 32 12 0.310528
2013 07 02 04 32 13 0.317184
2013 07 02 04 32 14 0.323840
2013 07 02 04 32 15 0.330496
2013 07 02 04 32 16 0.336896
2013 07 02 04 32 17 0.343552
2013 07 02 04 32 18 0.350208
2013 07 02 04 32 19 0.356864
2013 07 02 04 32 20 0.363520
2013 07 02 04 32 21 0.370176
2013 07 02 04 32 22 0.376832
2013 07 02 04 32 23 0.383488
2013 07 02 04 32 24 0.390144
2013 07 02 04 32 25 0.396544
2013 07 02 04 32 26 0.403200
2013 07 02 04 32 27 0.409856
2013 07 02 04 32 28 0.416512
2013 07 02 04 32 29 0.423168
2013 07 02 04 32 30 0.429824
2013 07 02 04 32 31 0.436480
2013 07 02 04 32 32 0.443136
2013 07 02 04 32 33 0.449792
2013 07 02 04 32 34 0.456192
2013 07 02 04 32 35 0.462848
2013 07 02 04 32 36 0.469504
2013 07 02 04 32 37 0.476160
2013 07 02 04 32 38 0.482816
2013 07 02 04 32 39 0.489472
2013 07 02 04 32 40 0.496128
2013 07 02 04 32 41 0.502784
2013 07 02 04 32 42 0.509440
2013 07 02 04 32 43 0.515840
2013 07 02 04 32 44 0.522496
2013 07 02 04 32 45 0.529152
2013 07 02 04 32 46 0.535808
2013 07 02 04 32 47 0.542464
2013 07 02 04 32 48 0.549120
2013 07 02 04 32 49 0.555776
2013 07 02 04 32 50 0.562432
2013 07 02 04 32 51 0.569088
2013 07 02 04 32 52 0.575488
2013 07 02 04 32 53 0.582144
2013 07 02 04 32 54 0.588800
2013 07 02 04 32 55 0.595456
2013 07 02 04 32 56 0.602112
2013 07 02 04 32 57 0.608768
2013 07 02 04 32 58 0.615424
2013 07 02 04 32 59 0.622080
2013 07 02 04 33 00 0.628736
2013 07 02 04 33 01 0.635136
2013 07 02 04 33 02 0.641792
2013 07 02 04 33 03 0.648448
2013 07 02 04 33 04 0.655104
2013 07 02 04 33 05 0.661760
2013 07 02 04 33 06 0.668416
2013 07 02 04 33 07 0.675072
2013 07 02 04 33 08 0.681728
2013 07 02 04 33 09 0.688384
2013 07 02 04 33 10 0.695040
2013 07 02 04 33 11 0.701440
2013 07 02 04 33 12 0.708096
2013 07 02 04 33 13 0.714752
2013 07 02 04 33 14 0.721408
2013 07 02 04 33 15 0.728064
2013 07 02 04 33 16 0.734720
2013 07 02 04 33 17 0.741376
2013 07 02 04 33 18 0.748032
2013 07 02 04 33 19 0.754688
2013 07 02 04 33 20 0.761088
2013 07 02 04 33 21 0.767744
2013 07 02 04 33 22 0.774400
2013 07 02 04 33 23 0.781056
2013 07 02 04 33 24 0.787712
2013 07 02 04 33 25 0.794368
2013 07 02 04 33 26 0.801024
2013 07 02 04 33 27 0.807680
2013 07 02 04 33 28 0.814336
2013 07 02 04 33 29 0.820736
2013 07 02 04 33 30 0.827392
2013 07 02 04 33 31 0.834048
2013 07 02 04 33 32 0.840704
2013 07 02 04 33 33 0.847360
2013 07 02 04 33 34 0.854016
2013 07 02 04 33 35 0.860672
2013 07 02 04 33 36 0.867328
2013 07 02 04 33 37 0.873984
2013 07 02 04 33 38 0.880640
2013 07 02 04 33 39 0.887040
2013 07 02 04 33 40 0.893696
2013 07 02 04 33 41 0.900352
2013 07 02 04 33 42 0.907008
2013 07 02 04 33 43 0.913664
2013 07 02 04 33 44 0.920320
2013 07 02 04 33 45 0.926976
2013 07 02 04 33 46 0.933632
2013 07 02 04 33 47 0.940288
2013 07 02 04 33 48 0.946688
2013 07 02 04 33 49 0.953344
2013 07 02 04 33 50 0.960000
2013 07 02 04 33 51 0.966656
2013 07 02 04 33 52 0.973312
2013 07 02 04 33 53 0.979968
2013 07 02 04 33 54 0.986624
2013 07 02 04 33 55 0.993280
2013 07 02 04 33 56 0.999680
2013 07 02 04 33 58 0.006400
2013 07 02 04 33 59 0.013056
2013 07 02 04 34 00 0.019712
2013 07 02 04 34 01 0.026368
2013 07 02 04 34 02 0.033024
2013 07 02 04 34 03 0.039680
2013 07 02 04 34 04 0.046080
2013 07 02 04 34 05 0.052736
2013 07 02 04 34 06 0.059392
2013 07 02 04 34 07 0.066048
2013 07 02 04 34 08 0.072704
2013 07 02 04 34 09 0.079360
2013 07 02 04 34 10 0.086016
2013 07 02 04 34 11 0.092672
2013 07 02 04 34 12 0.099328
2013 07 02 04 34 13 0.105728
2013 07 02 04 34 14 0.112384
2013 07 02 04 34 15 0.119040
2013 07 02 04 34 16 0.125696
2013 07 02 04 34 17 0.132352
2013 07 02 04 34 18 0.139008
2013 07 02 04 34 19 0.145664
2013 07 02 04 34 20 0.152320
2013 07 02 04 34 21 0.158976
2013 07 02 04 34 22 0.165376
2013 07 02 04 34 23 0.172032
2013 07 02 04 34 24 0.178688
2013 07 02 04 34 25 0.185344
2013 07 02 04 34 26 0.192000
2013 07 02 04 34 27 0.198656
2013 07 02 04 34 28 0.205312
2013 07 02 04 34 29 0.211968
2013 07 02 04 34 30 0.218624
2013 07 02 04 34 31 0.225024
2013 07 02 04 34 32 0.231680
2013 07 02 04 34 33 0.238336
2013 07 02 04 34 34 0.244992
2013 07 02 04 34 35 0.251648
2013 07 02 04 34 36 0.258304
2013 07 02 04 34 37 0.264960
2013 07 02 04 34 38 0.271616
2013 07 02 04 34 39 0.278272
2013 07 02 04 34 40 0.284928
2013 07 02 04 34 41 0.291328
2013 07 02 04 34 42 0.297984
2013 07 02 04 34 43 0.304640
2013 07 02 04 34 44 0.311296
2013 07 02 04 34 45 0.317952
2013 07 02 04 34 46 0.324608
2013 07 02 04 34 47 0.331264
2013 07 02 04 34 48 0.337920
2013 07 02 04 34 49 0.344576
2013 07 02 04 34 50 0.350976
2013 07 02 04 34 51 0.357632
2013 07 02 04 34 52 0.364288
2013 07 02 04 34 53 0.370944
2013 07 02 04 34 54 0.377600
2013 07 02 04 34 55 0.384256
2013 07 02 04 34 56 0.390912
2013 07 02 04 34 57 0.397568
2013 07 02 04 34 58 0.404224
2013 07 02 04 34 59 0.410624
2013 07 02 04 35 00 0.417280
2013 07 02 04 35 01 0.423936
2013 07 02 04 35 02 0.430592
2013 07 02 04 35 03 0.437248
2013 07 02 04 35 04 0.443904
2013 07 02 04 35 05 0.450560
2013 07 02 04 35 06 0.457216
2013 07 02 04 35 07 0.463872
2013 07 02 04 35 08 0.470272
2013 07 02 04 35 09 0.476928
2013 07 02 04 35 10 0.483584
2013 07 02 04 35 11 0.490240
2013 07 02 04 35 12 0.496896
2013 07 02 04 35 13 0.503552
2013 07 02 04 35 14 0.510208
2013 07 02 04 35 15 0.516864
2013 07 02 04 35 16 0.523520
2013 07 02 04 35 17 0.530176
2013 07 02 04 35 18 0.536576
2013 07 02 04 35 19 0.543232
2013 07 02 04 35 20 0.549888
2013 07 02 04 35 21 0.556544
2013 07 02 04 35 22 0.563200
2013 07 02 04 35 23 0.569856
2013 07 02 04 35 24 0.576512
2013 07 02 04 35 25 0.583168
2013 07 02 04 35 26 0.589824
2013 07 02 04 35 27 0.596224
2013 07 02 04 35 28 0.602880
2013 07 02 04 35 29 0.609536
2013 07 02 04 35 30 0.616192
2013 07 02 04 35 31 0.622848
2013 07 02 04 35 32 0.629504
2013 07 02 04 35 33 0.636160
2013 07 02 04 35 34 0.642816
2013 07 02 04 35 35 0.649472
2013 07 02 04 35 36 0.655872
2013 07 02 04 35 37 0.662528
2013 07 02 04 35 38 0.669184
2013 07 02 04 35 39 0.675840
2013 07 02 04 35 40 0.682496
2013 07 02 04 35 41 0.689152
2013 07 02 04 35 42 0.695808
2013 07 02 04 35 43 0.702464
2013 07 02 04 35 44 0.709120
2013 07 02 04 35 45 0.715520
2013 07 02 04 35 46 0.722176
2013 07 02 04 35 47 0.728832
2013 07 02 04 35 48 0.735488
2013 07 02 04 35 49 0.742144
2013 07 02 04 35 50 0.748800
2013 07 02 04 35 51 0.755456
2013 07 02 04 35 52 0.762112
2013 07 02 04 35 53 0.768768
2013 07 02 04 35 54 0.775424
2013 07 02 04 35 55 0.781824
2013 07 02 04 35 56 0.788480
2013 07 02 04 35 57 0.795136
2013 07 02 04 35 58 0.801792
2013 07 02 04 35 59 0.808448
2013 07 02 04 36 00 0.815104
2013 07 02 04 36 01 0.821760
2013 07 02 04 36 02 0.828416
2013 07 02 04 36 03 0.835072
2013 07 02 04 36 04 0.841472
2013 07 02 04 36 05 0.848128
2013 07 02 04 36 06 0.854784
2013 07 02 04 36 07 0.861440
2013 07 02 04 36 08 0.868096
2013 07 02 04 36 09 0.874752
2013 07 02 04 36 10 0.881408
2013 07 02 04 36 11 0.888064
2013 07 02 04 36 12 0.894720
2013 07 02 04 36 13 0.901120
2013 07 02 04 36 14 0.907776
2013 07 02 04 36 15 0.914432
2013 07 02 04 36 16 0.921088
2013 07 02 04 36 17 0.676096
2013 07 02 04 36 18 0.682752
2013 07 02 04 36 19 0.689664
2013 07 02 04 36 20 0.696064
2013 07 02 04 36 21 0.702720
2013 07 02 04 36 22 0.709376
2013 07 02 04 36 23 0.716032
2013 07 02 04 36 24 0.722688
2013 07 02 04 36 25 0.729344
2013 07 02 04 36 26 0.736000
2013 07 02 04 36 27 0.742656
2013 07 02 04 36 28 0.749056
2013 07 02 04 36 29 0.755712
2013 07 02 04 36 30 0.762368
2013 07 02 04 36 31 0.769024
2013 07 02 04 36 32 0.775680
2013 07 02 04 36 33 0.782336
2013 07 02 04 36 34 0.788992
2013 07 02 04 36 35 0.795648
2013 07 02 04 36 36 0.802304
2013 07 02 04 36 37 0.808704
2013 07 02 04 36 38 0.815616
2013 07 02 04 36 39 0.822016
2013 07 02 04 36 40 0.828672
2013 07 02 04 36 41 0.835328
2013 07 02 04 36 42 0.841984
2013 07 02 04 36 43 0.848640
2013 07 02 04 36 44 0.855296
2013 07 02 04 36 45 0.861952
2013 07 02 04 36 46 0.868608
2013 07 02 04 36 47 0.875008
2013 07 02 04 36 48 0.881664
2013 07 02 04 36 49 0.888320
2013 07 02 04 36 50 0.894976
2013 07 02 04 36 51 0.901632
2013 07 02 04 36 52 0.908288
2013 07 02 04 36 53 0.914944
2013 07 02 04 36 54 0.921344
2013 07 02 04 36 55 0.928000
2013 07 02 04 36 56 0.934656
2013 07 02 04 36 57 0.941312
2013 07 02 04 36 58 0.947968
2013 07 02 04 36 59 0.954624
2013 07 02 04 37 00 0.961280
2013 07 02 04 37 01 0.967936
2013 07 02 04 37 02 0.974592
2013 07 02 04 37 03 0.981248
2013 07 02 04 37 04 0.987904
2013 07 02 04 37 05 0.994560
2013 07 02 04 37 07 0.001024
2013 07 02 04 37 08 0.007680
2013 07 02 04 37 09 0.014336
2013 07 02 04 37 10 0.020992
2013 07 02 04 37 11 0.027648
2013 07 02 04 37 12 0.034048
2013 07 02 04 37 13 0.040704
2013 07 02 04 37 14 0.047360
2013 07 02 04 37 15 0.054016
2013 07 02 04 37 16 0.060672
2013 07 02 04 37 17 0.067328
2013 07 02 04 37 18 0.073984
2013 07 02 04 37 19 0.080640
2013 07 02 04 37 20 0.087296
2013 07 02 04 37 21 0.093952
2013 07 02 04 37 22 0.100608
2013 07 02 04 37 23 0.107264
2013 07 02 04 37 24 0.113664
2013 07 02 04 37 25 0.120320
2013 07 02 04 37 26 0.126976
2013 07 02 04 37 27 0.133632
2013 07 02 04 37 28 0.140288
2013 07 02 04 37 29 0.146944
2013 07 02 04 37 30 0.153600
2013 07 02 04 37 31 0.160000
2013 07 02 04 37 32 0.166656
2013 07 02 04 37 33 0.173312
2013 07 02 04 37 34 0.179968
2013 07 02 04 37 35 0.186624
2013 07 02 04 37 36 0.193280
2013 07 02 04 37 37 0.199936
2013 07 02 04 37 38 0.206592
2013 07 02 04 37 39 0.213248
2013 07 02 04 37 40 0.219904
2013 07 02 04 37 41 0.226560
2013 07 02 04 37 42 0.232960
2013 07 02 04 37 43 0.239616
2013 07 02 04 37 44 0.246272
2013 07 02 04 37 45 0.252928
2013 07 02 04 37 46 0.259584
2013 07 02 04 37 47 0.266240
2013 07 02 04 37 48 0.272896
2013 07 02 04 37 49 0.279296
2013 07 02 04 37 50 0.285952
2013 07 02 04 37 51 0.292608
2013 07 02 04 37 52 0.299264
2013 07 02 04 37 53 0.305920
2013 07 02 04 37 54 0.312576
2013 07 02 04 37 55 0.319232
2013 07 02 04 37 56 0.325888
2013 07 02 04 37 57 0.332544
2013 07 02 04 37 58 0.339200
2013 07 02 04 37 59 0.345856
2013 07 02 04 38 00 0.352512
2013 07 02 04 38 01 0.358912
2013 07 02 04 38 02 0.365568
2013 07 02 04 38 03 0.372224
2013 07 02 04 38 04 0.378880
2013 07 02 04 38 05 0.385536
2013 07 02 04 38 06 0.392192
2013 07 02 04 38 07 0.398848
2013 07 02 04 38 08 0.405504
2013 07 02 04 38 09 0.411904
2013 07 02 04 38 10 0.418560
2013 07 02 04 38 11 0.425216
2013 07 02 04 38 12 0.179968
2013 07 02 04 38 13 0.186624
2013 07 02 04 38 14 0.193280
2013 07 02 04 38 15 0.199936
2013 07 02 04 38 16 0.206592
2013 07 02 04 38 17 0.213248
2013 07 02 04 38 18 0.219904
2013 07 02 04 38 19 0.226560
2013 07 02 04 38 20 0.233216
2013 07 02 04 38 21 0.239872
2013 07 02 04 38 22 0.246272
2013 07 02 04 38 23 0.252928
2013 07 02 04 38 24 0.259584
2013 07 02 04 38 25 0.266240
2013 07 02 04 38 26 0.272896
2013 07 02 04 38 27 0.279552
2013 07 02 04 38 28 0.286208
2013 07 02 04 38 29 0.292864
2013 07 02 04 38 30 0.299520
2013 07 02 04 38 31 0.305920
2013 07 02 04 38 32 0.312576
2013 07 02 04 38 33 0.319232
2013 07 02 04 38 34 0.325888
2013 07 02 04 38 35 0.332544
2013 07 02 04 38 36 0.339200
2013 07 02 04 38 37 0.345856
2013 07 02 04 38 38 0.352512
2013 07 02 04 38 39 0.359168
2013 07 02 04 38 40 0.365568
2013 07 02 04 38 41 0.372224
2013 07 02 04 38 42 0.378880
2013 07 02 04 38 43 0.385536
2013 07 02 04 38 44 0.392192
2013 07 02 04 38 45 0.398848
2013 07 02 04 38 46 0.405504
2013 07 02 04 38 47 0.412160
2013 07 02 04 38 48 0.418816
2013 07 02 04 38 49 0.425216
2013 07 02 04 38 50 0.431872
2013 07 02 04 38 51 0.438528
2013 07 02 04 38 52 0.445184
2013 07 02 04 38 53 0.451840
2013 07 02 04 38 54 0.458496
2013 07 02 04 38 55 0.465152
2013 07 02 04 38 56 0.471808
2013 07 02 04 38 57 0.478464
2013 07 02 04 38 58 0.485120
2013 07 02 04 38 59 0.491520
2013 07 02 04 39 00 0.498176
2013 07 02 04 39 01 0.504832
2013 07 02 04 39 02 0.511488
2013 07 02 04 39 03 0.518144
2013 07 02 04 39 04 0.524800
2013 07 02 04 39 05 0.531456
2013 07 02 04 39 06 0.538112
2013 07 02 04 39 07 0.544768
2013 07 02 04 39 08 0.551168
2013 07 02 04 39 09 0.557824
2013 07 02 04 39 10 0.564480
2013 07 02 04 39 11 0.571136
2013 07 02 04 39 12 0.577792
2013 07 02 04 39 13 0.584448
2013 07 02 04 39 14 0.591104
2013 07 02 04 39 15 0.597760
2013 07 02 04 39 16 0.604416
2013 07 02 04 39 17 0.610816
2013 07 02 04 39 18 0.617472
2013 07 02 04 39 19 0.624128
2013 07 02 04 39 20 0.630784
2013 07 02 04 39 21 0.637440
2013 07 02 04 39 22 0.644096
2013 07 02 04 39 23 0.650752
2013 07 02 04 39 24 0.657408
2013 07 02 04 39 25 0.664064
2013 07 02 04 39 26 0.670720
2013 07 02 04 39 27 0.677120
2013 07 02 04 39 28 0.683776
2013 07 02 04 39 29 0.690432
2013 07 02 04 39 30 0.697088
2013 07 02 04 39 31 0.703744
2013 07 02 04 39 32 0.710400
2013 07 02 04 39 33 0.717056
2013 07 02 04 39 34 0.723712
2013 07 02 04 39 35 0.730368
2013 07 02 04 39 36 0.736768
2013 07 02 04 39 37 0.743424
2013 07 02 04 39 38 0.750080
2013 07 02 04 39 39 0.756736
2013 07 02 04 39 40 0.763392
2013 07 02 04 39 41 0.770048
2013 07 02 04 39 42 0.776704
2013 07 02 04 39 43 0.783360
2013 07 02 04 39 44 0.790016
2013 07 02 04 39 45 0.796416
2013 07 02 04 39 46 0.803072
2013 07 02 04 39 47 0.809728
2013 07 02 04 39 48 0.816384
2013 07 02 04 39 49 0.823040
2013 07 02 04 39 50 0.829696
2013 07 02 04 39 51 0.836352
2013 07 02 04 39 52 0.843008
2013 07 02 04 39 53 0.849664
2013 07 02 04 39 54 0.856064
2013 07 02 04 39 55 0.862720
2013 07 02 04 39 56 0.869376
2013 07 02 04 39 57 0.876032
2013 07 02 04 39 58 0.882688
2013 07 02 04 39 59 0.889344
2013 07 02 04 40 00 0.896000
2013 07 02 04 40 01 0.902656
2013 07 02 04 40 02 0.909312
2013 07 02 04 40 03 0.915712
2013 07 02 04 40 04 0.922368
2013 07 02 04 40 05 0.929024
2013 07 02 04 40 06 0.935680
2013 07 02 04 40 07 0.942336
2013 07 02 04 40 08 0.948992
2013 07 02 04 40 09 0.955648
2013 07 02 04 40 10 0.962304
2013 07 02 04 40 11 0.968960
2013 07 02 04 40 12 0.975360
2013 07 02 04 40 13 0.982016
2013 07 02 04 40 14 0.988672
2013 07 02 04 40 15 0.995328
2013 07 02 04 40 17 0.002048
2013 07 02 04 40 18 0.008704
2013 07 02 04 40 19 0.015360
2013 07 02 04 40 20 0.021760
2013 07 02 04 40 21 0.028416
2013 07 02 04 40 22 0.035072
2013 07 02 04 40 23 0.041728
2013 07 02 04 40 24 0.048384
2013 07 02 04 40 25 0.055040
2013 07 02 04 40 26 0.061696
2013 07 02 04 40 27 0.068352
2013 07 02 04 40 28 0.075008
2013 07 02 04 40 29 0.081408
2013 07 02 04 40 30 0.088064
2013 07 02 04 40 31 0.094720
2013 07 02 04 40 32 0.101376
2013 07 02 04 40 33 0.108032
2013 07 02 04 40 34 0.114688
2013 07 02 04 40 35 0.121344
2013 07 02 04 40 36 0.128000
2013 07 02 04 40 37 0.134656
2013 07 02 04 40 38 0.141056
2013 07 02 04 40 39 0.147712
2013 07 02 04 40 40 0.154368
2013 07 02 04 40 41 0.161024
2013 07 02 04 40 42 0.167680
2013 07 02 04 40 43 0.174336
2013 07 02 04 40 44 0.180992
2013 07 02 04 40 45 0.187648
2013 07 02 04 40 46 0.194304
2013 07 02 04 40 47 0.200960
2013 07 02 04 40 48 0.207360
2013 07 02 04 40 49 0.214016
2013 07 02 04 40 50 0.220672
2013 07 02 04 40 51 0.227328
2013 07 02 04 40 52 0.233984
2013 07 02 04 40 53 0.240640
2013 07 02 04 40 54 0.247296
2013 07 02 04 40 55 0.253952
2013 07 02 04 40 56 0.260608
2013 07 02 04 40 57 0.267008
2013 07 02 04 40 58 0.273664
2013 07 02 04 40 59 0.280320
2013 07 02 04 41 00 0.286976
2013 07 02 04 41 01 0.293632
2013 07 02 04 41 02 0.300288
2013 07 02 04 41 03 0.306944
2013 07 02 04 41 04 0.313600
2013 07 02 04 41 05 0.320256
2013 07 02 04 41 06 0.326656
2013 07 02 04 41 07 0.333312
2013 07 02 04 41 08 0.339968
2013 07 02 04 41 09 0.346624
2013 07 02 04 41 10 0.353280
2013 07 02 04 41 11 0.359936
2013 07 02 04 41 12 0.366592
2013 07 02 04 41 13 0.373248
2013 07 02 04 41 14 0.379904
2013 07 02 04 41 15 0.386304
2013 07 02 04 41 16 0.392960
2013 07 02 04 41 17 0.399616
2013 07 02 04 41 18 0.406272
2013 07 02 04 41 19 0.412928
2013 07 02 04 41 20 0.419584
2013 07 02 04 41 21 0.426240
2013 07 02 04 41 22 0.432896
2013 07 02 04 41 23 0.439552
2013 07 02 04 41 24 0.446208
2013 07 02 04 41 25 0.452608
2013 07 02 04 41 26 0.459264
2013 07 02 04 41 27 0.465920
2013 07 02 04 41 28 0.472576
2013 07 02 04 41 29 0.479232
2013 07 02 04 41 30 0.485888
2013 07 02 04 41 31 0.492544
2013 07 02 04 41 32 0.499200
2013 07 02 04 41 33 0.505856
2013 07 02 04 41 34 0.512256
2013 07 02 04 41 35 0.518912
2013 07 02 04 41 36 0.525568
2013 07 02 04 41 37 0.532224
2013 07 02 04 41 38 0.538880
2013 07 02 04 41 39 0.545536
2013 07 02 04 41 40 0.552192
2013 07 02 04 41 41 0.558848
2013 07 02 04 41 42 0.565504
2013 07 02 04 41 43 0.571904
2013 07 02 04 41 44 0.578560
2013 07 02 04 41 45 0.585216
2013 07 02 04 41 46 0.591872
2013 07 02 04 41 47 0.598528
2013 07 02 04 41 48 0.605184
2013 07 02 04 41 49 0.611840
2013 07 02 04 41 50 0.618496
2013 07 02 04 41 51 0.625152
2013 07 02 04 41 52 0.631552
2013 07 02 04 41 53 0.638208
2013 07 02 04 41 54 0.644864
2013 07 02 04 41 55 0.651520
2013 07 02 04 41 56 0.658176
2013 07 02 04 41 57 0.664832
2013 07 02 04 41 58 0.671488
2013 07 02 04 41 59 0.678144
2013 07 02 04 42 00 0.684800
2013 07 02 04 42 01 0.691456
2013 07 02 04 42 02 0.697856
2013 07 02 04 42 03 0.704512
2013 07 02 04 42 04 0.711168
2013 07 02 04 42 05 0.717824
2013 07 02 04 42 06 0.724480
2013 07 02 04 42 07 0.731136
2013 07 02 04 42 08 0.737792
2013 07 02 04 42 09 0.744448
2013 07 02 04 42 10 0.751104
2013 07 02 04 42 11 0.757504
2013 07 02 04 42 12 0.764160
2013 07 02 04 42 13 0.770816
2013 07 02 04 42 14 0.777472
2013 07 02 04 42 15 0.784128
2013 07 02 04 42 16 0.790784
2013 07 02 04 42 17 0.797440
2013 07 02 04 42 18 0.804096
2013 07 02 04 42 19 0.810752
2013 07 02 04 42 20 0.817152
2013 07 02 04 42 21 0.823808
2013 07 02 04 42 22 0.830464
2013 07 02 04 42 23 0.837120
2013 07 02 04 42 24 0.843776
2013 07 02 04 42 25 0.850432
2013 07 02 04 42 26 0.857088
2013 07 02 04 42 27 0.863744
2013 07 02 04 42 28 0.870400
2013 07 02 04 42 29 0.876800
2013 07 02 04 42 30 0.883456
2013 07 02 04 42 31 0.890112
2013 07 02 04 42 32 0.896768
2013 07 02 04 42 33 0.903424
2013 07 02 04 42 34 0.910080
2013 07 02 04 42 35 0.916736
2013 07 02 04 42 36 0.923392
2013 07 02 04 42 37 0.930048
2013 07 02 04 42 38 0.936704
2013 07 02 04 42 39 0.943104
2013 07 02 04 42 40 0.949760
2013 07 02 04 42 41 0.956416
2013 07 02 04 42 42 0.963072
2013 07 02 04 42 43 0.969728
2013 07 02 04 42 44 0.976384
2013 07 02 04 42 45 0.983040
2013 07 02 04 42 46 0.989696
2013 07 02 04 42 47 0.996352
2013 07 02 04 42 49 0.002816
2013 07 02 04 42 50 0.009472
2013 07 02 04 42 51 0.016128
2013 07 02 04 42 52 0.022784
2013 07 02 04 42 53 0.029440
2013 07 02 04 42 54 0.036096
2013 07 02 04 42 55 0.042752
2013 07 02 04 42 56 0.049152
2013 07 02 04 42 57 0.055808
2013 07 02 04 42 58 0.062464
2013 07 02 04 42 59 0.069120
2013 07 02 04 43 00 0.075776
2013 07 02 04 43 01 0.082432
2013 07 02 04 43 02 0.089088
2013 07 02 04 43 03 0.095744
2013 07 02 04 43 04 0.102400
2013 07 02 04 43 05 0.108800
2013 07 02 04 43 06 0.115456
2013 07 02 04 43 07 0.122112
2013 07 02 04 43 08 0.128768
2013 07 02 04 43 09 0.135424
2013 07 02 04 43 10 0.142080
2013 07 02 04 43 11 0.148736
2013 07 02 04 43 12 0.155392
2013 07 02 04 43 13 0.162048
2013 07 02 04 43 14 0.168704
2013 07 02 04 43 15 0.175104
2013 07 02 04 43 16 0.181760
2013 07 02 04 43 17 0.188416
2013 07 02 04 43 18 0.195072
2013 07 02 04 43 19 0.201728
2013 07 02 04 43 20 0.208384
2013 07 02 04 43 21 0.215040
2013 07 02 04 43 22 0.221696
2013 07 02 04 43 23 0.228352
2013 07 02 04 43 24 0.234752
2013 07 02 04 43 25 0.241408
2013 07 02 04 43 26 0.248064
2013 07 02 04 43 27 0.254720
2013 07 02 04 43 28 0.261376
2013 07 02 04 43 29 0.268032
2013 07 02 04 43 30 0.274688
2013 07 02 04 43 31 0.281344
2013 07 02 04 43 32 0.288000
2013 07 02 04 43 33 0.294400
2013 07 02 04 43 34 0.301056
2013 07 02 04 43 35 0.307712
2013 07 02 04 43 36 0.314368
2013 07 02 04 43 37 0.321024
2013 07 02 04 43 38 0.327680
2013 07 02 04 43 39 0.334336
2013 07 02 04 43 40 0.340992
2013 07 02 04 43 41 0.347648
2013 07 02 04 43 42 0.354304
2013 07 02 04 43 43 0.360704
2013 07 02 04 43 44 0.367360
2013 07 02 04 43 45 0.374016
2013 07 02 04 43 46 0.380672
2013 07 02 04 43 47 0.387328
2013 07 02 04 43 48 0.393984
2013 07 02 04 43 49 0.400640
2013 07 02 04 43 50 0.407296
2013 07 02 04 43 51 0.413952
2013 07 02 04 43 52 0.420352
2013 07 02 04 43 53 0.427008
2013 07 02 04 43 54 0.433664
2013 07 02 04 43 55 0.440320
2013 07 02 04 43 56 0.446976
2013 07 02 04 43 57 0.453632
2013 07 02 04 43 58 0.460288
2013 07 02 04 43 59 0.466944
2013 07 02 04 44 00 0.473600
2013 07 02 04 44 01 0.480000
2013 07 02 04 44 02 0.486656
2013 07 02 04 44 03 0.493312
2013 07 02 04 44 04 0.499968
2013 07 02 04 44 05 0.506624
2013 07 02 04 44 06 0.513280
2013 07 02 04 44 07 0.519936
2013 07 02 04 44 08 0.526592
2013 07 02 04 44 09 0.533248
2013 07 02 04 44 10 0.539904
2013 07 02 04 44 11 0.546304
2013 07 02 04 44 12 0.552960
2013 07 02 04 44 13 0.559616
2013 07 02 04 44 14 0.566272
2013 07 02 04 44 15 0.572928
2013 07 02 04 44 16 0.579584
2013 07 02 04 44 17 0.586240
2013 07 02 04 44 18 0.592896
2013 07 02 04 44 19 0.599552
2013 07 02 04 44 20 0.605952
2013 07 02 04 44 21 0.612608
2013 07 02 04 44 22 0.619264
2013 07 02 04 44 23 0.625920
2013 07 02 04 44 24 0.632576
2013 07 02 04 44 25 0.639232
2013 07 02 04 44 26 0.645888
2013 07 02 04 44 27 0.652544
2013 07 02 04 44 28 0.659200
2013 07 02 04 44 29 0.665600
2013 07 02 04 44 30 0.672256
2013 07 02 04 44 31 0.678912
2013 07 02 04 44 32 0.685568
2013 07 02 04 44 33 0.692224
2013 07 02 04 44 34 0.698880
2013 07 02 04 44 35 0.705536
2013 07 02 04 44 36 0.712192
2013 07 02 04 44 37 0.718848
2013 07 02 04 44 38 0.725504
2013 07 02 04 44 39 0.731904
2013 07 02 04 44 40 0.738560
2013 07 02 04 44 41 0.745216
2013 07 02 04 44 42 0.751872
2013 07 02 04 44 43 0.758528
2013 07 02 04 44 44 0.765184
2013 07 02 04 44 45 0.771840
2013 07 02 04 44 46 0.778496
2013 07 02 04 44 47 0.785152
2013 07 02 04 44 48 0.791552
2013 07 02 04 44 49 0.798208
2013 07 02 04 44 50 0.804864
2013 07 02 04 44 51 0.811520
2013 07 02 04 44 52 0.818176
2013 07 02 04 44 53 0.824832
2013 07 02 04 44 54 0.831488
2013 07 02 04 44 55 0.838144
2013 07 02 04 44 56 0.844800
2013 07 02 04 44 57 0.851200
2013 07 02 04 44 58 0.857856
2013 07 02 04 44 59 0.864512
2013 07 02 04 45 00 0.871168
2013 07 02 04 45 01 0.877824
2013 07 02 04 45 02 0.884480
2013 07 02 04 45 03 0.891136
2013 07 02 04 45 04 0.897792
2013 07 02 04 45 05 0.904448
2013 07 02 04 45 06 0.911104
2013 07 02 04 45 07 0.917504
2013 07 02 04 45 08 0.924160
2013 07 02 04 45 09 0.930816
2013 07 02 04 45 10 0.937472
2013 07 02 04 45 11 0.944128
2013 07 02 04 45 12 0.950784
2013 07 02 04 45 13 0.957440
2013 07 02 04 45 14 0.964096
2013 07 02 04 45 15 0.970752
2013 07 02 04 45 16 0.977152
2013 07 02 04 45 17 0.983808
2013 07 02 04 45 18 0.990464
2013 07 02 04 45 19 0.997120
2013 07 02 04 45 21 0.003840
2013 07 02 04 45 22 0.010496
2013 07 02 04 45 23 0.017152
2013 07 02 04 45 24 0.023808
2013 07 02 04 45 25 0.030208
2013 07 02 04 45 26 0.036864
2013 07 02 04 45 27 0.043520
2013 07 02 04 45 28 0.050176
2013 07 02 04 45 29 0.056832
2013 07 02 04 45 30 0.063488
2013 07 02 04 45 31 0.070144
2013 07 02 04 45 32 0.076800
2013 07 02 04 45 33 0.083456
2013 07 02 04 45 34 0.089856
2013 07 02 04 45 35 0.096512
2013 07 02 04 45 36 0.103168
2013 07 02 04 45 37 0.109824
2013 07 02 04 45 38 0.116480
2013 07 02 04 45 39 0.123136
2013 07 02 04 45 40 0.129792
2013 07 02 04 45 41 0.136448
2013 07 02 04 45 42 0.143104
2013 07 02 04 45 43 0.149504
2013 07 02 04 45 44 0.156160
2013 07 02 04 45 45 0.162816
2013 07 02 04 45 46 0.169472
2013 07 02 04 45 47 0.176128
2013 07 02 04 45 48 0.182784
2013 07 02 04 45 49 0.189440
2013 07 02 04 45 50 0.196096
2013 07 02 04 45 51 0.202752
2013 07 02 04 45 52 0.209408
2013 07 02 04 45 53 0.215808
2013 07 02 04 45 54 0.222464
2013 07 02 04 45 55 0.229120
2013 07 02 04 45 56 0.235776
2013 07 02 04 45 57 0.242432
2013 07 02 04 45 58 0.249088
2013 07 02 04 45 59 0.255744
2013 07 02 04 46 00 0.262400
2013 07 02 04 46 01 0.269056
2013 07 02 04 46 02 0.275456
2013 07 02 04 46 03 0.282112
2013 07 02 04 46 04 0.288768
2013 07 02 04 46 05 0.295424
2013 07 02 04 46 06 0.302080
2013 07 02 04 46 07 0.308736
2013 07 02 04 46 08 0.315392
2013 07 02 04 46 09 0.322048
2013 07 02 04 46 10 0.328704
2013 07 02 04 46 11 0.335360
2013 07 02 04 46 12 0.341760
2013 07 02 04 46 13 0.348416
2013 07 02 04 46 14 0.355072
2013 07 02 04 46 15 0.361728
2013 07 02 04 46 16 0.368384
2013 07 02 04 46 17 0.375040
2013 07 02 04 46 18 0.381696
2013 07 02 04 46 19 0.388352
2013 07 02 04 46 20 0.395008
2013 07 02 04 46 21 0.401408
2013 07 02 04 46 22 0.408064
2013 07 02 04 46 23 0.414720
2013 07 02 04 46 24 0.421376
2013 07 02 04 46 25 0.428032
2013 07 02 04 46 26 0.434688
2013 07 02 04 46 27 0.441344
2013 07 02 04 46 28 0.448000
2013 07 02 04 46 29 0.454656
2013 07 02 04 46 30 0.461312
2013 07 02 04 46 31 0.467712
2013 07 02 04 46 32 0.474368
2013 07 02 04 46 33 0.481024
2013 07 02 04 46 34 0.487680
2013 07 02 04 46 35 0.494336
2013 07 02 04 46 36 0.500992
2013 07 02 04 46 37 0.507648
2013 07 02 04 46 38 0.514304
2013 07 02 04 46 39 0.520960
2013 07 02 04 46 40 0.527360
2013 07 02 04 46 41 0.534016
2013 07 02 04 46 42 0.540672
2013 07 02 04 46 43 0.547328
2013 07 02 04 46 44 0.553984
2013 07 02 04 46 45 0.560640
2013 07 02 04 46 46 0.567296
2013 07 02 04 46 47 0.573952
2013 07 02 04 46 48 0.580608
2013 07 02 04 46 49 0.587008
2013 07 02 04 46 50 0.593664
2013 07 02 04 46 51 0.600320
2013 07 02 04 46 52 0.606976
2013 07 02 04 46 53 0.613632
2013 07 02 04 46 54 0.620288
2013 07 02 04 46 55 0.626944
2013 07 02 04 46 56 0.633600
2013 07 02 04 46 57 0.640256
2013 07 02 04 46 58 0.646912
2013 07 02 04 46 59 0.653312
2013 07 02 04 47 00 0.659968
2013 07 02 04 47 01 0.666624
2013 07 02 04 47 02 0.673280
2013 07 02 04 47 03 0.679936
2013 07 02 04 47 04 0.686592
2013 07 02 04 47 05 0.693248
2013 07 02 04 47 06 0.699904
2013 07 02 04 47 07 0.706560
2013 07 02 04 47 08 0.712960
2013 07 02 04 47 09 0.719616
2013 07 02 04 47 10 0.726272
2013 07 02 04 47 11 0.732928
2013 07 02 04 47 12 0.739584
2013 07 02 04 47 13 0.746240
2013 07 02 04 47 14 0.752896
2013 07 02 04 47 15 0.759552
2013 07 02 04 47 16 0.766208
2013 07 02 04 47 17 0.772864
2013 07 02 04 47 18 0.779520
2013 07 02 04 47 19 0.785920
2013 07 02 04 47 20 0.792576
2013 07 02 04 47 21 0.799232
2013 07 02 04 47 22 0.805888
2013 07 02 04 47 23 0.812544
2013 07 02 04 47 24 0.819200
2013 07 02 04 47 25 0.825856
2013 07 02 04 47 26 0.832512
2013 07 02 04 47 27 0.839168
2013 07 02 04 47 28 0.845568
2013 07 02 04 47 29 0.852224
2013 07 02 04 47 30 0.858880
2013 07 02 04 47 31 0.865536
2013 07 02 04 47 32 0.872192
2013 07 02 04 47 33 0.878848
2013 07 02 04 47 34 0.885504
2013 07 02 04 47 35 0.892160
2013 07 02 04 47 36 0.898816
2013 07 02 04 47 37 0.905216
2013 07 02 04 47 38 0.911872
2013 07 02 04 47 39 0.918528
2013 07 02 04 47 40 0.925184
2013 07 02 04 47 41 0.931840
2013 07 02 04 47 42 0.938496
2013 07 02 04 47 43 0.945152
2013 07 02 04 47 44 0.951808
2013 07 02 04 47 45 0.958208
2013 07 02 04 47 46 0.964864
2013 07 02 04 47 47 0.971520
2013 07 02 04 47 48 0.978176
2013 07 02 04 47 49 0.984832
2013 07 02 04 47 50 0.991488
2013 07 02 04 47 51 0.998144
2013 07 02 04 47 53 0.004608
2013 07 02 04 47 54 0.011264
2013 07 02 04 47 55 0.017920
2013 07 02 04 47 56 0.024576
2013 07 02 04 47 57 0.031232
2013 07 02 04 47 58 0.037888
2013 07 02 04 47 59 0.044544
2013 07 02 04 48 00 0.050944
2013 07 02 04 48 01 0.057600
2013 07 02 04 48 02 0.064256
2013 07 02 04 48 03 0.070912
2013 07 02 04 48 04 0.077568
2013 07 02 04 48 05 0.084224
2013 07 02 04 48 06 0.090880
2013 07 02 04 48 07 0.097536
2013 07 02 04 48 08 0.103936
2013 07 02 04 48 09 0.110592
2013 07 02 04 48 10 0.117248
2013 07 02 04 48 11 0.123904
2013 07 02 04 48 12 0.130560
2013 07 02 04 48 13 0.137216
2013 07 02 04 48 14 0.143872
2013 07 02 04 48 15 0.150272
2013 07 02 04 48 16 0.156928
2013 07 02 04 48 17 0.163584
2013 07 02 04 48 18 0.170240
2013 07 02 04 48 19 0.176896
2013 07 02 04 48 20 0.183552
2013 07 02 04 48 21 0.190208
2013 07 02 04 48 22 0.196864
2013 07 02 04 48 23 0.203520
2013 07 02 04 48 24 0.209920
2013 07 02 04 48 25 0.216576
2013 07 02 04 48 26 0.223232
2013 07 02 04 48 27 0.229888
2013 07 02 04 48 28 0.236544
2013 07 02 04 48 29 0.243200
2013 07 02 04 48 30 0.249856
2013 07 02 04 48 31 0.256256
2013 07 02 04 48 32 0.262912
2013 07 02 04 48 33 0.269568
2013 07 02 04 48 34 0.276224
2013 07 02 04 48 35 0.282880
2013 07 02 04 48 36 0.289536
2013 07 02 04 48 37 0.296192
2013 07 02 04 48 38 0.302848
2013 07 02 04 48 39 0.309504
2013 07 02 04 48 40 0.315904
2013 07 02 04 48 41 0.322560
2013 07 02 04 48 42 0.329216
2013 07 02 04 48 43 0.335872
2013 07 02 04 48 44 0.342528
2013 07 02 04 48 45 0.349184
2013 07 02 04 48 46 0.355840
2013 07 02 04 48 47 0.362496
2013 07 02 04 48 48 0.368896
2013 07 02 04 48 49 0.375552
2013 07 02 04 48 50 0.382208
2013 07 02 04 48 51 0.388864
2013 07 02 04 48 52 0.395520
2013 07 02 04 48 53 0.402176
2013 07 02 04 48 54 0.408832
2013 07 02 04 48 55 0.415488
2013 07 02 04 48 56 0.421888
2013 07 02 04 48 57 0.428544
2013 07 02 04 48 58 0.435200
2013 07 02 04 48 59 0.441856
2013 07 02 04 49 00 0.448512
2013 07 02 04 49 01 0.455168
2013 07 02 04 49 02 0.461824
2013 07 02 04 49 03 0.468480
2013 07 02 04 49 04 0.474880
2013 07 02 04 49 05 0.481536
2013 07 02 04 49 06 0.488192
2013 07 02 04 49 07 0.494848
2013 07 02 04 49 08 0.501504
2013 07 02 04 49 09 0.508160
2013 07 02 04 49 10 0.514816
2013 07 02 04 49 11 0.521472
2013 07 02 04 49 12 0.527872
2013 07 02 04 49 13 0.534528
2013 07 02 04 49 14 0.541184
2013 07 02 04 49 15 0.547840
2013 07 02 04 49 16 0.554496
2013 07 02 04 49 17 0.561152
2013 07 02 04 49 18 0.567808
2013 07 02 04 49 19 0.574464
2013 07 02 04 49 20 0.580864
2013 07 02 04 49 21 0.587520
2013 07 02 04 49 22 0.594176
2013 07 02 04 49 23 0.600832
2013 07 02 04 49 24 0.607488
2013 07 02 04 49 25 0.614144
2013 07 02 04 49 26 0.620800
2013 07 02 04 49 27 0.627456
2013 07 02 04 49 28 0.633856
2013 07 02 04 49 29 0.640512
2013 07 02 04 49 30 0.647168
2013 07 02 04 49 31 0.653824
2013 07 02 04 49 32 0.660480
2013 07 02 04 49 33 0.667136
2013 07 02 04 49 34 0.673792
2013 07 02 04 49 35 0.680448
2013 07 02 04 49 36 0.686848
2013 07 02 04 49 37 0.693504
2013 07 02 04 49 38 0.700160
2013 07 02 04 49 39 0.706816
2013 07 02 04 49 40 0.713472
2013 07 02 04 49 41 0.720128
2013 07 02 04 49 42 0.726784
2013 07 02 04 49 43 0.733440
2013 07 02 04 49 44 0.739840
2013 07 02 04 49 45 0.746496
2013 07 02 04 49 46 0.753152
2013 07 02 04 49 47 0.759808
2013 07 02 04 49 48 0.766464
2013 07 02 04 49 49 0.773120
2013 07 02 04 49 50 0.779776
2013 07 02 04 49 51 0.786432
2013 07 02 04 49 52 0.793088
2013 07 02 04 49 53 0.799488
2013 07 02 04 49 54 0.806144
2013 07 02 04 49 55 0.812800
2013 07 02 04 49 56 0.819456
2013 07 02 04 49 57 0.826112
2013 07 02 04 49 58 0.832768
2013 07 02 04 49 59 0.839424
2013 07 02 04 50 00 0.846080
2013 07 02 04 50 01 0.852480
2013 07 02 04 50 02 0.859136
2013 07 02 04 50 03 0.865792
2013 07 02 04 50 04 0.872448
2013 07 02 04 50 05 0.879104
2013 07 02 04 50 06 0.885760
2013 07 02 04 50 07 0.892416
2013 07 02 04 50 08 0.899072
2013 07 02 04 50 09 0.905472
2013 07 02 04 50 10 0.912128
2013 07 02 04 50 11 0.918784
2013 07 02 04 50 12 0.925440
2013 07 02 04 50 13 0.932096
2013 07 02 04 50 14 0.938752
2013 07 02 04 50 15 0.945408
2013 07 02 04 50 16 0.952064
2013 07 02 04 50 17 0.958464
2013 07 02 04 50 18 0.965120
2013 07 02 04 50 19 0.971776
2013 07 02 04 50 20 0.978432
2013 07 02 04 50 21 0.985088
2013 07 02 04 50 22 0.991744
2013 07 02 04 50 23 0.998400
2013 07 02 04 50 25 0.004864
2013 07 02 04 50 26 0.011520
2013 07 02 04 50 27 0.018176
2013 07 02 04 50 28 0.024832
2013 07 02 04 50 29 0.031488
2013 07 02 04 50 30 0.038144
2013 07 02 04 50 31 0.044800
2013 07 02 04 50 32 0.051456
2013 07 02 04 50 33 0.057856
2013 07 02 04 50 34 0.064512
2013 07 02 04 50 35 0.071168
2013 07 02 04 50 36 0.077824
2013 07 02 04 50 37 0.084480
2013 07 02 04 50 38 0.091136
2013 07 02 04 50 39 0.097792
2013 07 02 04 50 40 0.104448
2013 07 02 04 50 41 0.110848
2013 07 02 04 50 42 0.117504
2013 07 02 04 50 43 0.124160
2013 07 02 04 50 44 0.130816
2013 07 02 04 50 45 0.137472
2013 07 02 04 50 46 0.144128
2013 07 02 04 50 47 0.150784
2013 07 02 04 50 48 0.157440
2013 07 02 04 50 49 0.163840
2013 07 02 04 50 50 0.170496
2013 07 02 04 50 51 0.177152
2013 07 02 04 50 52 0.183808
2013 07 02 04 50 53 0.190464
2013 07 02 04 50 54 0.197120
2013 07 02 04 50 55 0.203776
2013 07 02 04 50 56 0.210432
2013 07 02 04 50 57 0.217088
2013 07 02 04 50 58 0.223488
2013 07 02 04 50 59 0.230144
2013 07 02 04 51 00 0.236800
2013 07 02 04 51 01 0.243456
2013 07 02 04 51 02 0.250112
2013 07 02 04 51 03 0.256768
2013 07 02 04 51 04 0.263424
2013 07 02 04 51 05 0.270080
2013 07 02 04 51 06 0.276480
2013 07 02 04 51 07 0.283136
2013 07 02 04 51 08 0.289792
2013 07 02 04 51 09 0.296448
2013 07 02 04 51 10 0.303104
2013 07 02 04 51 11 0.309760
2013 07 02 04 51 12 0.316416
2013 07 02 04 51 13 0.323072
2013 07 02 04 51 14 0.329472
2013 07 02 04 51 15 0.336128
2013 07 02 04 51 16 0.342784
2013 07 02 04 51 17 0.349440
2013 07 02 04 51 18 0.356096
2013 07 02 04 51 19 0.362752
2013 07 02 04 51 20 0.369408
2013 07 02 04 51 21 0.376064
2013 07 02 04 51 22 0.382720
2013 07 02 04 51 23 0.389120
2013 07 02 04 51 24 0.395776
2013 07 02 04 51 25 0.402432
2013 07 02 04 51 26 0.409088
2013 07 02 04 51 27 0.415744
2013 07 02 04 51 28 0.422400
2013 07 02 04 51 29 0.429056
2013 07 02 04 51 30 0.435712
2013 07 02 04 51 31 0.442112
2013 07 02 04 51 32 0.448768
2013 07 02 04 51 33 0.455424
2013 07 02 04 51 34 0.462080
2013 07 02 04 51 35 0.468736
2013 07 02 04 51 36 0.475392
2013 07 02 04 51 37 0.482048
2013 07 02 04 51 38 0.488704
2013 07 02 04 51 39 0.495360
2013 07 02 04 51 40 0.501760
2013 07 02 04 51 41 0.508416
2013 07 02 04 51 42 0.515072
2013 07 02 04 51 43 0.521728
2013 07 02 04 51 44 0.528384
2013 07 02 04 51 45 0.535040
2013 07 02 04 51 46 0.541696
2013 07 02 04 51 47 0.548352
2013 07 02 04 51 48 0.554752
2013 07 02 04 51 49 0.561408
2013 07 02 04 51 50 0.568064
2013 07 02 04 51 51 0.574720
2013 07 02 04 51 52 0.581376
2013 07 02 04 51 53 0.588032
2013 07 02 04 51 54 0.594688
2013 07 02 04 51 55 0.601344
2013 07 02 04 51 56 0.607744
2013 07 02 04 51 57 0.614400
2013 07 02 04 51 58 0.621056
2013 07 02 04 51 59 0.627712
2013 07 02 04 52 00 0.634368
2013 07 02 04 52 01 0.641024
2013 07 02 04 52 02 0.647680
2013 07 02 04 52 03 0.654336
2013 07 02 04 52 04 0.660992
2013 07 02 04 52 05 0.667392
2013 07 02 04 52 06 0.674048
2013 07 02 04 52 07 0.680704
2013 07 02 04 52 08 0.687360
2013 07 02 04 52 09 0.694016
2013 07 02 04 52 10 0.700672
2013 07 02 04 52 11 0.707328
2013 07 02 04 52 12 0.713984
2013 07 02 04 52 13 0.720384
2013 07 02 04 52 14 0.727040
2013 07 02 04 52 15 0.733696
2013 07 02 04 52 16 0.740352
2013 07 02 04 52 17 0.747008
2013 07 02 04 52 18 0.753664
2013 07 02 04 52 19 0.760320
2013 07 02 04 52 20 0.766976
2013 07 02 04 52 21 0.773376
2013 07 02 04 52 22 0.780032
2013 07 02 04 52 23 0.786688
2013 07 02 04 52 24 0.793344
2013 07 02 04 52 25 0.800000
2013 07 02 04 52 26 0.806656
2013 07 02 04 52 27 0.813312
2013 07 02 04 52 28 0.819968
2013 07 02 04 52 29 0.826368
2013 07 02 04 52 30 0.833024
2013 07 02 04 52 31 0.839680
2013 07 02 04 52 32 0.846336
2013 07 02 04 52 33 0.852992
2013 07 02 04 52 34 0.859648
2013 07 02 04 52 35 0.866304
2013 07 02 04 52 36 0.872960
2013 07 02 04 52 37 0.879616
2013 07 02 04 52 38 0.886016
2013 07 02 04 52 39 0.892672
2013 07 02 04 52 40 0.899328
2013 07 02 04 52 41 0.905984
2013 07 02 04 52 42 0.912640
2013 07 02 04 52 43 0.919296
2013 07 02 04 52 44 0.925952
2013 07 02 04 52 45 0.932608
2013 07 02 04 52 46 0.939264
2013 07 02 04 52 47 0.945664
2013 07 02 04 52 48 0.952320
2013 07 02 04 52 49 0.958976
2013 07 02 04 52 50 0.965632
2013 07 02 04 52 51 0.972288
2013 07 02 04 52 52 0.978944
2013 07 02 04 52 53 0.985600
2013 07 02 04 52 54 0.992256
2013 07 02 04 52 55 0.998656
2013 07 02 04 52 57 0.005376
2013 07 02 04 52 58 0.012032
2013 07 02 04 52 59 0.018688
2013 07 02 04 53 00 0.025344
2013 07 02 04 53 01 0.032000
2013 07 02 04 53 02 0.038400
2013 07 02 04 53 03 0.045056
2013 07 02 04 53 04 0.051712
2013 07 02 04 53 05 0.058368
2013 07 02 04 53 06 0.065024
2013 07 02 04 53 07 0.071680
2013 07 02 04 53 08 0.078336
2013 07 02 04 53 09 0.084992
2013 07 02 04 53 10 0.091392
2013 07 02 04 53 11 0.098048
2013 07 02 04 53 12 0.104704
2013 07 02 04 53 13 0.111360
2013 07 02 04 53 14 0.118016
2013 07 02 04 53 15 0.124672
2013 07 02 04 53 16 0.131328
2013 07 02 04 53 17 0.137984
2013 07 02 04 53 18 0.144640
2013 07 02 04 53 19 0.151040
2013 07 02 04 53 20 0.157696
2013 07 02 04 53 21 0.164352
2013 07 02 04 53 22 0.171008
2013 07 02 04 53 23 0.177664
2013 07 02 04 53 24 0.184320
2013 07 02 04 53 25 0.190976
2013 07 02 04 53 26 0.197632
2013 07 02 04 53 27 0.204288
2013 07 02 04 53 28 0.210688
2013 07 02 04 53 29 0.217344
2013 07 02 04 53 30 0.224000
2013 07 02 04 53 31 0.230656
2013 07 02 04 53 32 0.237312
2013 07 02 04 53 33 0.243968
2013 07 02 04 53 34 0.250624
2013 07 02 04 53 35 0.257280
2013 07 02 04 53 36 0.263680
2013 07 02 04 53 37 0.270336
2013 07 02 04 53 38 0.276992
2013 07 02 04 53 39 0.283648
2013 07 02 04 53 40 0.290304
2013 07 02 04 53 41 0.296960
2013 07 02 04 53 42 0.303616
2013 07 02 04 53 43 0.310272
2013 07 02 04 53 44 0.316928
2013 07 02 04 53 45 0.323328
2013 07 02 04 53 46 0.329984
2013 07 02 04 53 47 0.336640
2013 07 02 04 53 48 0.343296
2013 07 02 04 53 49 0.349952
2013 07 02 04 53 50 0.356608
2013 07 02 04 53 51 0.363264
2013 07 02 04 53 52 0.369920
2013 07 02 04 53 53 0.376320
2013 07 02 04 53 54 0.382976
2013 07 02 04 53 55 0.389632
2013 07 02 04 53 56 0.396288
2013 07 02 04 53 57 0.402944
2013 07 02 04 53 58 0.409600
2013 07 02 04 53 59 0.416256
2013 07 02 04 54 00 0.422912
2013 07 02 04 54 01 0.429568
2013 07 02 04 54 02 0.435968
2013 07 02 04 54 03 0.442624
2013 07 02 04 54 04 0.449280
2013 07 02 04 54 05 0.455936
2013 07 02 04 54 06 0.462592
2013 07 02 04 54 07 0.469248
2013 07 02 04 54 08 0.475904
2013 07 02 04 54 09 0.482560
2013 07 02 04 54 10 0.488960
2013 07 02 04 54 11 0.495616
2013 07 02 04 54 12 0.502272
2013 07 02 04 54 13 0.508928
2013 07 02 04 54 14 0.515584
2013 07 02 04 54 15 0.522240
2013 07 02 04 54 16 0.528896
2013 07 02 04 54 17 0.535552
2013 07 02 04 54 18 0.542208
2013 07 02 04 54 19 0.548608
2013 07 02 04 54 20 0.555264
2013 07 02 04 54 21 0.561920
2013 07 02 04 54 22 0.568576
2013 07 02 04 54 23 0.575232
2013 07 02 04 54 24 0.581888
2013 07 02 04 54 25 0.588544
2013 07 02 04 54 26 0.595200
2013 07 02 04 54 27 0.601600
2013 07 02 04 54 28 0.608256
2013 07 02 04 54 29 0.614912
2013 07 02 04 54 30 0.621568
2013 07 02 04 54 31 0.628224
2013 07 02 04 54 32 0.634880
2013 07 02 04 54 33 0.641536
2013 07 02 04 54 34 0.648192
2013 07 02 04 54 35 0.654848
2013 07 02 04 54 36 0.661248
2013 07 02 04 54 37 0.667904
2013 07 02 04 54 38 0.674560
2013 07 02 04 54 39 0.681216
2013 07 02 04 54 40 0.687872
2013 07 02 04 54 41 0.694528
2013 07 02 04 54 42 0.701184
2013 07 02 04 54 43 0.707840
2013 07 02 04 54 44 0.714496
2013 07 02 04 54 45 0.720896
2013 07 02 04 54 46 0.727552
2013 07 02 04 54 47 0.734208
2013 07 02 04 54 48 0.740864
2013 07 02 04 54 49 0.747520
2013 07 02 04 54 50 0.754176
2013 07 02 04 54 51 0.760832
2013 07 02 04 54 52 0.767488
2013 07 02 04 54 53 0.773888
2013 07 02 04 54 54 0.780544
2013 07 02 04 54 55 0.787200
2013 07 02 04 54 56 0.793856
2013 07 02 04 54 57 0.800512
2013 07 02 04 54 58 0.807168
2013 07 02 04 54 59 0.813824
2013 07 02 04 55 00 0.820480
2013 07 02 04 55 01 0.827136
2013 07 02 04 55 02 0.833536
2013 07 02 04 55 03 0.840192
2013 07 02 04 55 04 0.846848
2013 07 02 04 55 05 0.853504
2013 07 02 04 55 06 0.860160
2013 07 02 04 55 07 0.866816
2013 07 02 04 55 08 0.873472
2013 07 02 04 55 09 0.880128
2013 07 02 04 55 10 0.886528
2013 07 02 04 55 11 0.893184
2013 07 02 04 55 12 0.899840
2013 07 02 04 55 13 0.906496
2013 07 02 04 55 14 0.913152
2013 07 02 04 55 15 0.919808
2013 07 02 04 55 16 0.926464
2013 07 02 04 55 17 0.933120
2013 07 02 04 55 18 0.939776
2013 07 02 04 55 19 0.946176
2013 07 02 04 55 20 0.952832
2013 07 02 04 55 21 0.959488
2013 07 02 04 55 22 0.966144
2013 07 02 04 55 23 0.972800
2013 07 02 04 55 24 0.979456
2013 07 02 04 55 25 0.986112
2013 07 02 04 55 26 0.992768
2013 07 02 04 55 27 0.999424
2013 07 02 04 55 29 0.005888
2013 07 02 04 55 30 0.012544
2013 07 02 04 55 31 0.019200
2013 07 02 04 55 32 0.025856
2013 07 02 04 55 33 0.032512
2013 07 02 04 55 34 0.039168
2013 07 02 04 55 35 0.045824
2013 07 02 04 55 36 0.052224
2013 07 02 04 55 37 0.058880
2013 07 02 04 55 38 0.065536
2013 07 02 04 55 39 0.072192
2013 07 02 04 55 40 0.078848
2013 07 02 04 55 41 0.085504
2013 07 02 04 55 42 0.092160
2013 07 02 04 55 43 0.098816
2013 07 02 04 55 44 0.105216
2013 07 02 04 55 45 0.111872
2013 07 02 04 55 46 0.118528
2013 07 02 04 55 47 0.125184
2013 07 02 04 55 48 0.131840
2013 07 02 04 55 49 0.138496
2013 07 02 04 55 50 0.145152
2013 07 02 04 55 51 0.151808
2013 07 02 04 55 52 0.158464
2013 07 02 04 55 53 0.164864
2013 07 02 04 55 54 0.171520
2013 07 02 04 55 55 0.178176
2013 07 02 04 55 56 0.184832
2013 07 02 04 55 57 0.191488
2013 07 02 04 55 58 0.198144
2013 07 02 04 55 59 0.204800
2013 07 02 04 56 00 0.211456
2013 07 02 04 56 01 0.218112
2013 07 02 04 56 02 0.224512
2013 07 02 04 56 03 0.231168
2013 07 02 04 56 04 0.237824
2013 07 02 04 56 05 0.244480
2013 07 02 04 56 06 0.251136
2013 07 02 04 56 07 0.257792
2013 07 02 04 56 08 0.264448
2013 07 02 04 56 09 0.271104
2013 07 02 04 56 10 0.277504
2013 07 02 04 56 11 0.284160
2013 07 02 04 56 12 0.290816
2013 07 02 04 56 13 0.297472
2013 07 02 04 56 14 0.304128
2013 07 02 04 56 15 0.310784
2013 07 02 04 56 16 0.317440
2013 07 02 04 56 17 0.323840
2013 07 02 04 56 18 0.330496
2013 07 02 04 56 19 0.337152
2013 07 02 04 56 20 0.343808
2013 07 02 04 56 21 0.350464
2013 07 02 04 56 22 0.357120
2013 07 02 04 56 23 0.363776
2013 07 02 04 56 24 0.370176
2013 07 02 04 56 25 0.376832
2013 07 02 04 56 26 0.383488
2013 07 02 04 56 27 0.390144
2013 07 02 04 56 28 0.396800
2013 07 02 04 56 29 0.403456
2013 07 02 04 56 30 0.410112
2013 07 02 04 56 31 0.416512
2013 07 02 04 56 32 0.423168
2013 07 02 04 56 33 0.429824
2013 07 02 04 56 34 0.436480
2013 07 02 04 56 35 0.443136
2013 07 02 04 56 36 0.449792
2013 07 02 04 56 37 0.456448
2013 07 02 04 56 38 0.462848
2013 07 02 04 56 39 0.469504
2013 07 02 04 56 40 0.476160
2013 07 02 04 56 41 0.482816
2013 07 02 04 56 42 0.489472
2013 07 02 04 56 43 0.496128
2013 07 02 04 56 44 0.502784
2013 07 02 04 56 45 0.509184
2013 07 02 04 56 46 0.515840
2013 07 02 04 56 47 0.522496
2013 07 02 04 56 48 0.529152
2013 07 02 04 56 49 0.535808
2013 07 02 04 56 50 0.542464
2013 07 02 04 56 51 0.548864
2013 07 02 04 56 52 0.555520
2013 07 02 04 56 53 0.562176
2013 07 02 04 56 54 0.568832
2013 07 02 04 56 55 0.575488
2013 07 02 04 56 56 0.582144
2013 07 02 04 56 57 0.588800
2013 07 02 04 56 58 0.595456
2013 07 02 04 56 59 0.601856
2013 07 02 04 57 00 0.608512
2013 07 02 04 57 01 0.615168
2013 07 02 04 57 02 0.621824
2013 07 02 04 57 03 0.628480
2013 07 02 04 57 04 0.635136
2013 07 02 04 57 05 0.641536
2013 07 02 04 57 06 0.648192
2013 07 02 04 57 07 0.654848
2013 07 02 04 57 08 0.661504
2013 07 02 04 57 09 0.668160
2013 07 02 04 57 10 0.674816
2013 07 02 04 57 11 0.681472
2013 07 02 04 57 12 0.688128
2013 07 02 04 57 13 0.694528
2013 07 02 04 57 14 0.701184
2013 07 02 04 57 15 0.707840
2013 07 02 04 57 16 0.714496
2013 07 02 04 57 17 0.721152
2013 07 02 04 57 18 0.727808
2013 07 02 04 57 19 0.734464
2013 07 02 04 57 20 0.740864
2013 07 02 04 57 21 0.747520
2013 07 02 04 57 22 0.754176
2013 07 02 04 57 23 0.760832
2013 07 02 04 57 24 0.767488
2013 07 02 04 57 25 0.774144
2013 07 02 04 57 26 0.780800
2013 07 02 04 57 27 0.787200
2013 07 02 04 57 28 0.793856
2013 07 02 04 57 29 0.800512
2013 07 02 04 57 30 0.807168
2013 07 02 04 57 31 0.813824
2013 07 02 04 57 32 0.820480
2013 07 02 04 57 33 0.827136
2013 07 02 04 57 34 0.833536
2013 07 02 04 57 35 0.840192
2013 07 02 04 57 36 0.846848
2013 07 02 04 57 37 0.853504
2013 07 02 04 57 38 0.860160
2013 07 02 04 57 39 0.866816
2013 07 02 04 57 40 0.873472
2013 07 02 04 57 41 0.879872
2013 07 02 04 57 42 0.886528
2013 07 02 04 57 43 0.893184
2013 07 02 04 57 44 0.899840
2013 07 02 04 57 45 0.906496
2013 07 02 04 57 46 0.913152
2013 07 02 04 57 47 0.919808
2013 07 02 04 57 48 0.926208
2013 07 02 04 57 49 0.932864
2013 07 02 04 57 50 0.939520
2013 07 02 04 57 51 0.946176
2013 07 02 04 57 52 0.952832
2013 07 02 04 57 53 0.959488
2013 07 02 04 57 54 0.966144
2013 07 02 04 57 55 0.972800
2013 07 02 04 57 56 0.979200
2013 07 02 04 57 57 0.985856
2013 07 02 04 57 58 0.992512
2013 07 02 04 57 59 0.999168
2013 07 02 04 58 01 0.005888
2013 07 02 04 58 02 0.012288
2013 07 02 04 58 03 0.018944
2013 07 02 04 58 04 0.025600
2013 07 02 04 58 05 0.032256
2013 07 02 04 58 06 0.038912
2013 07 02 04 58 07 0.045568
2013 07 02 04 58 08 0.052224
2013 07 02 04 58 09 0.058880
2013 07 02 04 58 10 0.065280
2013 07 02 04 58 11 0.071936
2013 07 02 04 58 12 0.078592
2013 07 02 04 58 13 0.085248
2013 07 02 04 58 14 0.091904
2013 07 02 04 58 15 0.098560
2013 07 02 04 58 16 0.105216
2013 07 02 04 58 17 0.111616
2013 07 02 04 58 18 0.118272
2013 07 02 04 58 19 0.124928
2013 07 02 04 58 20 0.131584
2013 07 02 04 58 21 0.138240
2013 07 02 04 58 22 0.144896
2013 07 02 04 58 23 0.151552
2013 07 02 04 58 24 0.158208
2013 07 02 04 58 25 0.164608
2013 07 02 04 58 26 0.171264
2013 07 02 04 58 27 0.177920
2013 07 02 04 58 28 0.184576
2013 07 02 04 58 29 0.191232
2013 07 02 04 58 30 0.197888
2013 07 02 04 58 31 0.204544
2013 07 02 04 58 32 0.210944
2013 07 02 04 58 33 0.217600
2013 07 02 04 58 34 0.224256
2013 07 02 04 58 35 0.230912
2013 07 02 04 58 36 0.237568
2013 07 02 04 58 37 0.244224
2013 07 02 04 58 38 0.250880
2013 07 02 04 58 39 0.257536
2013 07 02 04 58 40 0.263936
2013 07 02 04 58 41 0.270592
2013 07 02 04 58 42 0.277248
2013 07 02 04 58 43 0.283904
2013 07 02 04 58 44 0.290560
2013 07 02 04 58 45 0.297216
2013 07 02 04 58 46 0.303872
2013 07 02 04 58 47 0.310528
2013 07 02 04 58 48 0.316928
2013 07 02 04 58 49 0.323584
2013 07 02 04 58 50 0.330240
2013 07 02 04 58 51 0.336896
2013 07 02 04 58 52 0.343552
2013 07 02 04 58 53 0.350208
2013 07 02 04 58 54 0.356864
2013 07 02 04 58 55 0.363520
2013 07 02 04 58 56 0.369920
2013 07 02 04 58 57 0.376576
2013 07 02 04 58 58 0.383232
2013 07 02 04 58 59 0.389888
2013 07 02 04 59 00 0.396544
2013 07 02 04 59 01 0.403200
2013 07 02 04 59 02 0.409856
2013 07 02 04 59 03 0.416256
2013 07 02 04 59 04 0.422912
2013 07 02 04 59 05 0.429568
2013 07 02 04 59 06 0.436224
2013 07 02 04 59 07 0.442880
2013 07 02 04 59 08 0.449536
2013 07 02 04 59 09 0.456192
2013 07 02 04 59 10 0.462848
2013 07 02 04 59 11 0.469248
2013 07 02 04 59 12 0.475904
2013 07 02 04 59 13 0.482560
2013 07 02 04 59 14 0.489216
2013 07 02 04 59 15 0.495872
2013 07 02 04 59 16 0.502528
2013 07 02 04 59 17 0.509184
2013 07 02 04 59 18 0.515840
2013 07 02 04 59 19 0.522240
2013 07 02 04 59 20 0.528896
2013 07 02 04 59 21 0.535552
2013 07 02 04 59 22 0.542208
2013 07 02 04 59 23 0.548864
2013 07 02 04 59 24 0.555520
2013 07 02 04 59 25 0.562176
2013 07 02 04 59 26 0.568832
2013 07 02 04 59 27 0.575232
2013 07 02 04 59 28 0.581888
2013 07 02 04 59 29 0.588544
2013 07 02 04 59 30 0.595200
2013 07 02 04 59 31 0.601856
2013 07 02 04 59 32 0.608512
2013 07 02 04 59 33 0.615168
2013 07 02 04 59 34 0.621824
2013 07 02 04 59 35 0.628224
2013 07 02 04 59 36 0.634880
2013 07 02 04 59 37 0.641536
2013 07 02 04 59 38 0.648192
2013 07 02 04 59 39 0.654848
2013 07 02 04 59 40 0.661504
2013 07 02 04 59 41 0.668160
2013 07 02 04 59 42 0.674816
2013 07 02 04 59 43 0.681216
2013 07 02 04 59 44 0.687872
2013 07 02 04 59 45 0.694528
2013 07 02 04 59 46 0.701184
2013 07 02 04 59 47 0.707840
2013 07 02 04 59 48 0.714496
2013 07 02 04 59 49 0.721152
2013 07 02 04 59 50 0.727808
2013 07 02 04 59 51 0.734208
2013 07 02 04 59 52 0.489472
2013 07 02 04 59 53 0.496128
2013 07 02 04 59 54 0.502784
2013 07 02 04 59 55 0.509440
2013 07 02 04 59 56 0.516096
2013 07 02 04 59 57 0.522496
2013 07 02 04 59 58 0.529152
2013 07 02 04 59 59 0.535808
2013 07 02 05 00 00 0.542464
2013 07 02 05 00 01 0.549120
2013 07 02 05 00 02 0.555776
2013 07 02 05 00 03 0.562176
2013 07 02 05 00 04 0.568832
2013 07 02 05 00 05 0.575488
2013 07 02 05 00 06 0.582144
2013 07 02 05 00 07 0.588800
2013 07 02 05 00 08 0.595456
2013 07 02 05 00 09 0.602112
2013 07 02 05 00 10 0.608768
2013 07 02 05 00 11 0.615424
2013 07 02 05 00 12 0.622080
2013 07 02 05 00 13 0.628736
2013 07 02 05 00 14 0.635136
2013 07 02 05 00 15 0.641792
2013 07 02 05 00 16 0.648448
2013 07 02 05 00 17 0.655104
2013 07 02 05 00 18 0.661760
2013 07 02 05 00 19 0.668416
2013 07 02 05 00 20 0.674816
2013 07 02 05 00 21 0.681472
2013 07 02 05 00 22 0.688128
2013 07 02 05 00 23 0.694784
2013 07 02 05 00 24 0.701440
2013 07 02 05 00 25 0.708096
2013 07 02 05 00 26 0.714752
2013 07 02 05 00 27 0.721152
2013 07 02 05 00 28 0.727808
2013 07 02 05 00 29 0.734464
2013 07 02 05 00 30 0.741120
2013 07 02 05 00 31 0.747776
2013 07 02 05 00 32 0.754432
2013 07 02 05 00 33 0.761088
2013 07 02 05 00 34 0.767744
2013 07 02 05 00 35 0.774144
2013 07 02 05 00 36 0.780800
2013 07 02 05 00 37 0.787456
2013 07 02 05 00 38 0.794112
2013 07 02 05 00 39 0.800768
2013 07 02 05 00 40 0.807424
2013 07 02 05 00 41 0.814080
2013 07 02 05 00 42 0.820736
2013 07 02 05 00 43 0.827392
2013 07 02 05 00 44 0.834048
2013 07 02 05 00 45 0.840704
2013 07 02 05 00 46 0.847104
2013 07 02 05 00 47 0.853760
2013 07 02 05 00 48 0.860416
2013 07 02 05 00 49 0.867072
2013 07 02 05 00 50 0.873728
2013 07 02 05 00 51 0.880128
2013 07 02 05 00 52 0.886784
2013 07 02 05 00 53 0.893440
2013 07 02 05 00 54 0.900096
2013 07 02 05 00 55 0.906752
2013 07 02 05 00 56 0.913408
2013 07 02 05 00 57 0.920064
2013 07 02 05 00 58 0.926720
2013 07 02 05 00 59 0.933376
2013 07 02 05 01 00 0.940032
2013 07 02 05 01 01 0.946432
2013 07 02 05 01 02 0.953088
2013 07 02 05 01 03 0.959744
2013 07 02 05 01 04 0.966400
2013 07 02 05 01 05 0.973056
2013 07 02 05 01 06 0.979712
2013 07 02 05 01 07 0.986112
2013 07 02 05 01 08 0.993024
2013 07 02 05 01 09 0.999424
2013 07 02 05 01 11 0.006144
2013 07 02 05 01 12 0.012800
2013 07 02 05 01 13 0.019456
2013 07 02 05 01 14 0.025856
2013 07 02 05 01 15 0.032512
2013 07 02 05 01 16 0.039168
2013 07 02 05 01 17 0.045824
2013 07 02 05 01 18 0.052480
2013 07 02 05 01 19 0.059136
2013 07 02 05 01 20 0.065792
2013 07 02 05 01 21 0.072448
2013 07 02 05 01 22 0.079104
2013 07 02 05 01 23 0.085760
2013 07 02 05 01 24 0.092160
2013 07 02 05 01 25 0.098816
2013 07 02 05 01 26 0.105472
2013 07 02 05 01 27 0.112128
2013 07 02 05 01 28 0.118784
2013 07 02 05 01 29 0.125440
2013 07 02 05 01 30 0.131840
2013 07 02 05 01 31 0.138496
2013 07 02 05 01 32 0.145152
2013 07 02 05 01 33 0.151808
2013 07 02 05 01 34 0.158464
2013 07 02 05 01 35 0.165120
2013 07 02 05 01 36 0.171776
2013 07 02 05 01 37 0.178432
2013 07 02 05 01 38 0.184832
2013 07 02 05 01 39 0.191488
2013 07 02 05 01 40 0.198144
2013 07 02 05 01 41 0.204800
2013 07 02 05 01 42 0.211456
2013 07 02 05 01 43 0.218112
2013 07 02 05 01 44 0.224768
2013 07 02 05 01 45 0.231424
2013 07 02 05 01 46 0.237824
2013 07 02 05 01 47 0.244480
2013 07 02 05 01 48 0.251136
2013 07 02 05 01 49 0.257792
2013 07 02 05 01 50 0.264448
2013 07 02 05 01 51 0.271104
2013 07 02 05 01 52 0.277760
2013 07 02 05 01 53 0.284416
2013 07 02 05 01 54 0.291072
2013 07 02 05 01 55 0.297728
2013 07 02 05 01 56 0.304128
2013 07 02 05 01 57 0.310784
2013 07 02 05 01 58 0.317440
2013 07 02 05 01 59 0.324096
2013 07 02 05 02 00 0.330752
2013 07 02 05 02 01 0.337408
2013 07 02 05 02 02 0.343808
2013 07 02 05 02 03 0.350464
2013 07 02 05 02 04 0.357120
2013 07 02 05 02 05 0.363776
2013 07 02 05 02 06 0.370432
2013 07 02 05 02 07 0.377088
2013 07 02 05 02 08 0.383744
2013 07 02 05 02 09 0.390400
2013 07 02 05 02 10 0.397056
2013 07 02 05 02 11 0.403456
2013 07 02 05 02 12 0.410112
2013 07 02 05 02 13 0.416768
2013 07 02 05 02 14 0.423424
2013 07 02 05 02 15 0.430080
2013 07 02 05 02 16 0.436736
2013 07 02 05 02 17 0.443392
2013 07 02 05 02 18 0.450048
2013 07 02 05 02 19 0.456448
2013 07 02 05 02 20 0.463104
2013 07 02 05 02 21 0.470016
2013 07 02 05 02 22 0.476416
2013 07 02 05 02 23 0.483072
2013 07 02 05 02 24 0.489728
2013 07 02 05 02 25 0.496384
2013 07 02 05 02 26 0.503040
2013 07 02 05 02 27 0.509696
2013 07 02 05 02 28 0.516352
2013 07 02 05 02 29 0.522752
2013 07 02 05 02 30 0.529408
2013 07 02 05 02 31 0.536064
2013 07 02 05 02 32 0.542720
2013 07 02 05 02 33 0.549376
2013 07 02 05 02 34 0.556032
2013 07 02 05 02 35 0.562688
2013 07 02 05 02 36 0.569088
2013 07 02 05 02 37 0.575744
2013 07 02 05 02 38 0.582400
2013 07 02 05 02 39 0.589056
2013 07 02 05 02 40 0.595712
2013 07 02 05 02 41 0.602368
2013 07 02 05 02 42 0.609024
2013 07 02 05 02 43 0.615424
2013 07 02 05 02 44 0.622080
2013 07 02 05 02 45 0.628736
2013 07 02 05 02 46 0.635392
2013 07 02 05 02 47 0.642048
2013 07 02 05 02 48 0.648704
2013 07 02 05 02 49 0.655360
2013 07 02 05 02 50 0.662016
2013 07 02 05 02 51 0.668672
2013 07 02 05 02 52 0.675328
2013 07 02 05 02 53 0.681984
2013 07 02 05 02 54 0.688384
2013 07 02 05 02 55 0.695040
2013 07 02 05 02 56 0.701696
2013 07 02 05 02 57 0.708352
2013 07 02 05 02 58 0.715008
2013 07 02 05 02 59 0.721664
2013 07 02 05 03 00 0.476416
2013 07 02 05 03 01 0.483072
2013 07 02 05 03 02 0.489728
2013 07 02 05 03 03 0.496128
2013 07 02 05 03 04 0.502784
2013 07 02 05 03 05 0.509440
2013 07 02 05 03 06 0.516096
2013 07 02 05 03 07 0.522752
2013 07 02 05 03 08 0.529408
2013 07 02 05 03 09 0.536064
2013 07 02 05 03 10 0.542720
2013 07 02 05 03 11 0.549120
2013 07 02 05 03 12 0.555776
2013 07 02 05 03 13 0.562432
2013 07 02 05 03 14 0.569088
2013 07 02 05 03 15 0.575744
2013 07 02 05 03 16 0.582400
2013 07 02 05 03 17 0.589056
2013 07 02 05 03 18 0.595712
2013 07 02 05 03 19 0.602112
2013 07 02 05 03 20 0.608768
2013 07 02 05 03 21 0.615424
2013 07 02 05 03 22 0.622080
2013 07 02 05 03 23 0.628736
2013 07 02 05 03 24 0.635392
2013 07 02 05 03 25 0.642048
2013 07 02 05 03 26 0.648704
2013 07 02 05 03 27 0.655104
2013 07 02 05 03 28 0.661760
2013 07 02 05 03 29 0.668416
2013 07 02 05 03 30 0.675072
2013 07 02 05 03 31 0.681728
2013 07 02 05 03 32 0.688384
2013 07 02 05 03 33 0.695040
2013 07 02 05 03 34 0.701696
2013 07 02 05 03 35 0.708096
2013 07 02 05 03 36 0.714752
2013 07 02 05 03 37 0.721408
2013 07 02 05 03 38 0.728064
2013 07 02 05 03 39 0.734720
2013 07 02 05 03 40 0.741376
2013 07 02 05 03 41 0.748032
2013 07 02 05 03 42 0.754688
2013 07 02 05 03 43 0.761088
2013 07 02 05 03 44 0.767744
2013 07 02 05 03 45 0.774400
2013 07 02 05 03 46 0.781056
2013 07 02 05 03 47 0.787712
2013 07 02 05 03 48 0.794368
2013 07 02 05 03 49 0.801024
2013 07 02 05 03 50 0.807680
2013 07 02 05 03 51 0.814080
2013 07 02 05 03 52 0.820736
2013 07 02 05 03 53 0.827392
2013 07 02 05 03 54 0.834048
2013 07 02 05 03 55 0.840704
2013 07 02 05 03 56 0.847360
2013 07 02 05 03 57 0.854016
2013 07 02 05 03 58 0.860672
2013 07 02 05 03 59 0.867072
2013 07 02 05 04 00 0.873728
2013 07 02 05 04 01 0.880384
2013 07 02 05 04 02 0.887040
2013 07 02 05 04 03 0.893696
2013 07 02 05 04 04 0.900352
2013 07 02 05 04 05 0.907008
2013 07 02 05 04 06 0.913664
2013 07 02 05 04 07 0.920064
2013 07 02 05 04 08 0.926720
2013 07 02 05 04 09 0.933376
2013 07 02 05 04 10 0.940032
2013 07 02 05 04 11 0.946688
2013 07 02 05 04 12 0.953344
2013 07 02 05 04 13 0.960000
2013 07 02 05 04 14 0.966656
2013 07 02 05 04 15 0.973056
2013 07 02 05 04 16 0.979712
2013 07 02 05 04 17 0.986368
2013 07 02 05 04 18 0.993024
2013 07 02 05 04 19 0.999680
2013 07 02 05 04 21 0.006400
2013 07 02 05 04 22 0.013056
2013 07 02 05 04 23 0.019456
2013 07 02 05 04 24 0.026112
2013 07 02 05 04 25 0.032768
2013 07 02 05 04 26 0.039424
2013 07 02 05 04 27 0.046080
2013 07 02 05 04 28 0.052736
2013 07 02 05 04 29 0.059392
2013 07 02 05 04 30 0.066048
2013 07 02 05 04 31 0.072448
2013 07 02 05 04 32 0.079104
2013 07 02 05 04 33 0.085760
2013 07 02 05 04 34 0.092416
2013 07 02 05 04 35 0.099072
2013 07 02 05 04 36 0.105728
2013 07 02 05 04 37 0.112384
2013 07 02 05 04 38 0.119040
2013 07 02 05 04 39 0.125440
2013 07 02 05 04 40 0.132096
2013 07 02 05 04 41 0.138752
2013 07 02 05 04 42 0.145408
2013 07 02 05 04 43 0.152064
2013 07 02 05 04 44 0.158720
2013 07 02 05 04 45 0.165376
2013 07 02 05 04 46 0.172032
2013 07 02 05 04 47 0.178432
2013 07 02 05 04 48 0.185088
2013 07 02 05 04 49 0.191744
2013 07 02 05 04 50 0.198400
2013 07 02 05 04 51 0.205056
2013 07 02 05 04 52 0.211712
2013 07 02 05 04 53 0.218368
2013 07 02 05 04 54 0.225024
2013 07 02 05 04 55 0.231680
2013 07 02 05 04 56 0.238080
2013 07 02 05 04 57 0.244736
2013 07 02 05 04 58 0.251392
2013 07 02 05 04 59 0.258048
2013 07 02 05 05 00 0.264704
2013 07 02 05 05 01 0.271360
2013 07 02 05 05 02 0.278016
2013 07 02 05 05 03 0.284672
2013 07 02 05 05 04 0.291328
2013 07 02 05 05 05 0.297728
2013 07 02 05 05 06 0.304384
2013 07 02 05 05 07 0.311040
2013 07 02 05 05 08 0.317696
2013 07 02 05 05 09 0.324352
2013 07 02 05 05 10 0.331008
2013 07 02 05 05 11 0.337664
2013 07 02 05 05 12 0.344320
2013 07 02 05 05 13 0.350720
2013 07 02 05 05 14 0.357376
2013 07 02 05 05 15 0.364032
2013 07 02 05 05 16 0.370688
2013 07 02 05 05 17 0.377344
2013 07 02 05 05 18 0.384000
2013 07 02 05 05 19 0.390656
2013 07 02 05 05 20 0.397312
2013 07 02 05 05 21 0.403968
2013 07 02 05 05 22 0.410368
2013 07 02 05 05 23 0.417024
2013 07 02 05 05 24 0.423680
2013 07 02 05 05 25 0.430336
2013 07 02 05 05 26 0.436992
2013 07 02 05 05 27 0.443648
2013 07 02 05 05 28 0.450304
2013 07 02 05 05 29 0.456960
2013 07 02 05 05 30 0.463616
2013 07 02 05 05 31 0.470016
2013 07 02 05 05 32 0.476672
2013 07 02 05 05 33 0.483328
2013 07 02 05 05 34 0.489984
2013 07 02 05 05 35 0.496640
2013 07 02 05 05 36 0.503296
2013 07 02 05 05 37 0.509952
2013 07 02 05 05 38 0.516608
2013 07 02 05 05 39 0.523008
2013 07 02 05 05 40 0.529664
2013 07 02 05 05 41 0.536320
2013 07 02 05 05 42 0.542976
2013 07 02 05 05 43 0.549632
2013 07 02 05 05 44 0.556288
2013 07 02 05 05 45 0.562944
2013 07 02 05 05 46 0.569600
2013 07 02 05 05 47 0.576256
2013 07 02 05 05 48 0.582656
2013 07 02 05 05 49 0.589312
2013 07 02 05 05 50 0.595968
2013 07 02 05 05 51 0.602624
2013 07 02 05 05 52 0.609280
2013 07 02 05 05 53 0.615936
2013 07 02 05 05 54 0.622592
2013 07 02 05 05 55 0.629248
2013 07 02 05 05 56 0.635904
2013 07 02 05 05 57 0.642304
2013 07 02 05 05 58 0.648960
2013 07 02 05 05 59 0.655616
2013 07 02 05 06 00 0.662272
2013 07 02 05 06 01 0.668928
2013 07 02 05 06 02 0.675584
2013 07 02 05 06 03 0.682240
2013 07 02 05 06 04 0.688896
2013 07 02 05 06 05 0.695552
2013 07 02 05 06 06 0.701952
2013 07 02 05 06 07 0.708608
2013 07 02 05 06 08 0.715264
2013 07 02 05 06 09 0.721920
2013 07 02 05 06 10 0.728576
2013 07 02 05 06 11 0.735232
2013 07 02 05 06 12 0.741888
2013 07 02 05 06 13 0.748544
2013 07 02 05 06 14 0.754944
2013 07 02 05 06 15 0.761600
2013 07 02 05 06 16 0.768256
2013 07 02 05 06 17 0.774912
2013 07 02 05 06 18 0.781568
2013 07 02 05 06 19 0.788224
2013 07 02 05 06 20 0.794880
2013 07 02 05 06 21 0.801536
2013 07 02 05 06 22 0.808192
2013 07 02 05 06 23 0.814592
2013 07 02 05 06 24 0.821248
2013 07 02 05 06 25 0.827904
2013 07 02 05 06 26 0.834560
2013 07 02 05 06 27 0.841216
2013 07 02 05 06 28 0.847872
2013 07 02 05 06 29 0.854528
2013 07 02 05 06 30 0.861184
2013 07 02 05 06 31 0.867840
2013 07 02 05 06 32 0.874240
2013 07 02 05 06 33 0.880896
2013 07 02 05 06 34 0.887552
2013 07 02 05 06 35 0.894208
2013 07 02 05 06 36 0.900864
2013 07 02 05 06 37 0.907520
2013 07 02 05 06 38 0.914176
2013 07 02 05 06 39 0.920832
2013 07 02 05 06 40 0.927488
2013 07 02 05 06 41 0.933888
2013 07 02 05 06 42 0.940544
2013 07 02 05 06 43 0.947200
2013 07 02 05 06 44 0.953856
2013 07 02 05 06 45 0.960512
2013 07 02 05 06 46 0.967168
2013 07 02 05 06 47 0.973824
2013 07 02 05 06 48 0.980480
2013 07 02 05 06 49 0.987136
2013 07 02 05 06 50 0.993536
2013 07 02 05 06 52 0.000256
2013 07 02 05 06 53 0.006912
2013 07 02 05 06 54 0.013568
2013 07 02 05 06 55 0.020224
2013 07 02 05 06 56 0.026880
2013 07 02 05 06 57 0.033280
2013 07 02 05 06 58 0.039936
2013 07 02 05 06 59 0.046592
2013 07 02 05 07 00 0.053248
2013 07 02 05 07 01 0.059904
2013 07 02 05 07 02 0.066560
2013 07 02 05 07 03 0.073216
2013 07 02 05 07 04 0.079872
2013 07 02 05 07 05 0.086528
2013 07 02 05 07 06 0.092928
2013 07 02 05 07 07 0.099584
2013 07 02 05 07 08 0.106240
2013 07 02 05 07 09 0.112896
2013 07 02 05 07 10 0.119552
2013 07 02 05 07 11 0.126208
2013 07 02 05 07 12 0.132864
2013 07 02 05 07 13 0.139520
2013 07 02 05 07 14 0.146176
2013 07 02 05 07 15 0.152576
2013 07 02 05 07 16 0.159232
2013 07 02 05 07 17 0.165888
2013 07 02 05 07 18 0.172544
2013 07 02 05 07 19 0.179200
2013 07 02 05 07 20 0.185856
2013 07 02 05 07 21 0.192512
2013 07 02 05 07 22 0.199168
2013 07 02 05 07 23 0.205568
2013 07 02 05 07 24 0.212224
2013 07 02 05 07 25 0.218880
2013 07 02 05 07 26 0.225536
2013 07 02 05 07 27 0.232192
2013 07 02 05 07 28 0.238848
2013 07 02 05 07 29 0.245504
2013 07 02 05 07 30 0.252160
2013 07 02 05 07 31 0.258816
2013 07 02 05 07 32 0.265216
2013 07 02 05 07 33 0.271872
2013 07 02 05 07 34 0.278528
2013 07 02 05 07 35 0.285184
2013 07 02 05 07 36 0.291840
2013 07 02 05 07 37 0.298496
2013 07 02 05 07 38 0.305152
2013 07 02 05 07 39 0.311808
2013 07 02 05 07 40 0.318464
2013 07 02 05 07 41 0.324864
2013 07 02 05 07 42 0.331520
2013 07 02 05 07 43 0.338176
2013 07 02 05 07 44 0.344832
2013 07 02 05 07 45 0.351488
2013 07 02 05 07 46 0.358144
2013 07 02 05 07 47 0.364800
2013 07 02 05 07 48 0.371456
2013 07 02 05 07 49 0.378112
2013 07 02 05 07 50 0.384512
2013 07 02 05 07 51 0.391168
2013 07 02 05 07 52 0.397824
2013 07 02 05 07 53 0.404480
2013 07 02 05 07 54 0.411136
2013 07 02 05 07 55 0.417792
2013 07 02 05 07 56 0.424448
2013 07 02 05 07 57 0.431104
2013 07 02 05 07 58 0.437760
2013 07 02 05 07 59 0.444160
2013 07 02 05 08 00 0.450816
2013 07 02 05 08 01 0.457472
2013 07 02 05 08 02 0.464128
2013 07 02 05 08 03 0.470784
2013 07 02 05 08 04 0.477440
2013 07 02 05 08 05 0.484096
2013 07 02 05 08 06 0.490752
2013 07 02 05 08 07 0.497152
2013 07 02 05 08 08 0.503808
2013 07 02 05 08 09 0.510464
2013 07 02 05 08 10 0.517120
2013 07 02 05 08 11 0.523776
2013 07 02 05 08 12 0.530432
2013 07 02 05 08 13 0.537088
2013 07 02 05 08 14 0.543744
2013 07 02 05 08 15 0.550400
2013 07 02 05 08 16 0.556800
2013 07 02 05 08 17 0.563456
2013 07 02 05 08 18 0.570112
2013 07 02 05 08 19 0.576768
2013 07 02 05 08 20 0.583424
2013 07 02 05 08 21 0.590080
2013 07 02 05 08 22 0.596736
2013 07 02 05 08 23 0.603392
2013 07 02 05 08 24 0.610048
2013 07 02 05 08 25 0.616448
2013 07 02 05 08 26 0.623104
2013 07 02 05 08 27 0.629760
2013 07 02 05 08 28 0.636416
2013 07 02 05 08 29 0.643072
2013 07 02 05 08 30 0.649728
2013 07 02 05 08 31 0.656384
2013 07 02 05 08 32 0.663040
2013 07 02 05 08 33 0.669696
2013 07 02 05 08 34 0.676096
2013 07 02 05 08 35 0.682752
2013 07 02 05 08 36 0.689408
2013 07 02 05 08 37 0.696064
2013 07 02 05 08 38 0.702720
2013 07 02 05 08 39 0.709376
2013 07 02 05 08 40 0.716032
2013 07 02 05 08 41 0.722688
2013 07 02 05 08 42 0.729344
2013 07 02 05 08 43 0.735744
2013 07 02 05 08 44 0.742400
2013 07 02 05 08 45 0.749056
2013 07 02 05 08 46 0.755712
2013 07 02 05 08 47 0.762368
2013 07 02 05 08 48 0.769024
2013 07 02 05 08 49 0.775680
2013 07 02 05 08 50 0.782336
2013 07 02 05 08 51 0.788992
2013 07 02 05 08 52 0.795392
2013 07 02 05 08 53 0.802048
2013 07 02 05 08 54 0.808704
2013 07 02 05 08 55 0.815360
2013 07 02 05 08 56 0.822016
2013 07 02 05 08 57 0.828672
2013 07 02 05 08 58 0.835328
2013 07 02 05 08 59 0.841984
2013 07 02 05 09 00 0.848640
2013 07 02 05 09 01 0.855296
2013 07 02 05 09 02 0.861696
2013 07 02 05 09 03 0.868352
2013 07 02 05 09 04 0.875008
2013 07 02 05 09 05 0.881664
2013 07 02 05 09 06 0.888320
2013 07 02 05 09 07 0.894976
2013 07 02 05 09 08 0.901632
2013 07 02 05 09 09 0.908288
2013 07 02 05 09 10 0.914688
2013 07 02 05 09 11 0.921344
2013 07 02 05 09 12 0.928000
2013 07 02 05 09 13 0.934656
2013 07 02 05 09 14 0.941312
2013 07 02 05 09 15 0.947968
2013 07 02 05 09 16 0.954624
2013 07 02 05 09 17 0.961280
2013 07 02 05 09 18 0.967680
2013 07 02 05 09 19 0.974336
2013 07 02 05 09 20 0.980992
2013 07 02 05 09 21 0.987648
2013 07 02 05 09 22 0.994304
2013 07 02 05 09 24 0.001024
2013 07 02 05 09 25 0.007680
2013 07 02 05 09 26 0.014336
2013 07 02 05 09 27 0.020736
2013 07 02 05 09 28 0.027392
2013 07 02 05 09 29 0.034048
2013 07 02 05 09 30 0.040704
2013 07 02 05 09 31 0.047360
2013 07 02 05 09 32 0.054016
2013 07 02 05 09 33 0.060672
2013 07 02 05 09 34 0.067328
2013 07 02 05 09 35 0.073728
2013 07 02 05 09 36 0.080384
2013 07 02 05 09 37 0.087040
2013 07 02 05 09 38 0.093696
2013 07 02 05 09 39 0.100352
2013 07 02 05 09 40 0.107008
2013 07 02 05 09 41 0.113664
2013 07 02 05 09 42 0.120320
2013 07 02 05 09 43 0.126720
2013 07 02 05 09 44 0.133376
2013 07 02 05 09 45 0.140032
2013 07 02 05 09 46 0.146688
2013 07 02 05 09 47 0.153344
2013 07 02 05 09 48 0.160000
2013 07 02 05 09 49 0.166656
2013 07 02 05 09 50 0.173312
2013 07 02 05 09 51 0.179968
2013 07 02 05 09 52 0.186368
2013 07 02 05 09 53 0.193024
2013 07 02 05 09 54 0.199680
2013 07 02 05 09 55 0.206336
2013 07 02 05 09 56 0.212992
2013 07 02 05 09 57 0.219648
2013 07 02 05 09 58 0.226304
2013 07 02 05 09 59 0.232960
