2013 07 27 03 56 00 0.688131 3
2013 07 27 03 56 01 0.694787 3
2013 07 27 03 56 02 0.701443 3
2013 07 27 03 56 03 0.708099 3
2013 07 27 03 56 04 0.714755 3
2013 07 27 03 56 05 0.721411 3
2013 07 27 03 56 06 0.727811 3
2013 07 27 03 56 07 0.734467 3
2013 07 27 03 56 08 0.741123 3
2013 07 27 03 56 09 0.747779 3
2013 07 27 03 56 10 0.754435 3
2013 07 27 03 56 11 0.761091 3
2013 07 27 03 56 12 0.767747 3
2013 07 27 03 56 13 0.774403 3
2013 07 27 03 56 14 0.781059 3
2013 07 27 03 56 15 0.787715 3
2013 07 27 03 56 16 0.794371 3
2013 07 27 03 56 17 0.800771 3
2013 07 27 03 56 18 0.807427 3
2013 07 27 03 56 19 0.814083 3
2013 07 27 03 56 20 0.820739 3
2013 07 27 03 56 21 0.827395 3
2013 07 27 03 56 22 0.834051 3
2013 07 27 03 56 23 0.840707 3
2013 07 27 03 56 24 0.847363 3
2013 07 27 03 56 25 0.854019 3
2013 07 27 03 56 26 0.860419 3
2013 07 27 03 56 27 0.867075 3
2013 07 27 03 56 28 0.873987 3
2013 07 27 03 56 29 0.880643 3
2013 07 27 03 56 30 0.887043 3
2013 07 27 03 56 31 0.893699 3
2013 07 27 03 56 32 0.900355 3
2013 07 27 03 56 33 0.907011 3
2013 07 27 03 56 34 0.913667 3
2013 07 27 03 56 35 0.920323 3
2013 07 27 03 56 36 0.926979 3
2013 07 27 03 56 37 0.933635 3
2013 07 27 03 56 38 0.940035 3
2013 07 27 03 56 39 0.946691 3
2013 07 27 03 56 40 0.953347 3
2013 07 27 03 56 41 0.960003 3
2013 07 27 03 56 42 0.966659 3
2013 07 27 03 56 43 0.973315 3
2013 07 27 03 56 44 0.979971 3
2013 07 27 03 56 45 0.986627 3
2013 07 27 03 56 46 0.993283 3
2013 07 27 03 56 47 0.999939 3
2013 07 27 03 56 49 0.006659 3
2013 07 27 03 56 50 0.013059 3
2013 07 27 03 56 51 0.019715 3
2013 07 27 03 56 52 0.026371 3
2013 07 27 03 56 53 0.033027 3
2013 07 27 03 56 54 0.039683 3
2013 07 27 03 56 55 0.046339 3
2013 07 27 03 56 56 0.052995 3
2013 07 27 03 56 57 0.059651 3
2013 07 27 03 56 58 0.066307 3
2013 07 27 03 56 59 0.072707 3
2013 07 27 03 57 00 0.079363 3
2013 07 27 03 57 01 0.086019 3
2013 07 27 03 57 02 0.092675 3
2013 07 27 03 57 03 0.099331 3
2013 07 27 03 57 04 0.105987 3
2013 07 27 03 57 05 0.112643 3
2013 07 27 03 57 06 0.119299 3
2013 07 27 03 57 07 0.125955 3
2013 07 27 03 57 08 0.132611 3
2013 07 27 03 57 09 0.139267 3
2013 07 27 03 57 10 0.145923 3
2013 07 27 03 57 11 0.152579 3
2013 07 27 03 57 12 0.158979 3
2013 07 27 03 57 13 0.165635 3
2013 07 27 03 57 14 0.172291 3
2013 07 27 03 57 15 0.178947 3
2013 07 27 03 57 16 0.185603 3
2013 07 27 03 57 17 0.192259 3
2013 07 27 03 57 18 0.198915 3
2013 07 27 03 57 19 0.205571 3
2013 07 27 03 57 20 0.212227 3
2013 07 27 03 57 21 0.218883 3
2013 07 27 03 57 22 0.225539 3
2013 07 27 03 57 23 0.231939 3
2013 07 27 03 57 24 0.238595 3
2013 07 27 03 57 25 0.245251 3
2013 07 27 03 57 26 0.251907 3
2013 07 27 03 57 27 0.258563 3
2013 07 27 03 57 28 0.265219 3
2013 07 27 03 57 29 0.271875 3
2013 07 27 03 57 30 0.278531 3
2013 07 27 03 57 31 0.285187 3
2013 07 27 03 57 32 0.291843 3
2013 07 27 03 57 33 0.298243 3
2013 07 27 03 57 34 0.304899 3
2013 07 27 03 57 35 0.311555 3
2013 07 27 03 57 36 0.318211 3
2013 07 27 03 57 37 0.324867 3
2013 07 27 03 57 38 0.331523 3
2013 07 27 03 57 39 0.338179 3
2013 07 27 03 57 40 0.344835 3
2013 07 27 03 57 41 0.351491 3
2013 07 27 03 57 42 0.358147 3
2013 07 27 03 57 43 0.364803 3
2013 07 27 03 57 44 0.371459 3
2013 07 27 03 57 45 0.378115 3
2013 07 27 03 57 46 0.384515 3
2013 07 27 03 57 47 0.391171 3
2013 07 27 03 57 48 0.397827 3
2013 07 27 03 57 49 0.404483 3
2013 07 27 03 57 50 0.411139 3
2013 07 27 03 57 51 0.417795 3
2013 07 27 03 57 52 0.424451 3
2013 07 27 03 57 53 0.431107 3
2013 07 27 03 57 54 0.437763 3
2013 07 27 03 57 55 0.444163 3
2013 07 27 03 57 56 0.199171 3
2013 07 27 03 57 57 0.205827 3
2013 07 27 03 57 57 0.960771 3
2013 07 27 03 57 58 0.967683 3
2013 07 27 03 57 59 0.974083 3
2013 07 27 03 58 00 0.980739 3
2013 07 27 03 58 01 0.987395 3
2013 07 27 03 58 02 0.994051 3
2013 07 27 03 58 04 0.000771 3
2013 07 27 03 58 05 0.007427 3
2013 07 27 03 58 06 0.014083 3
2013 07 27 03 58 07 0.020739 3
2013 07 27 03 58 08 0.027139 3
2013 07 27 03 58 09 0.033795 3
2013 07 27 03 58 10 0.040451 3
2013 07 27 03 58 11 0.047107 3
2013 07 27 03 58 12 0.053763 3
2013 07 27 03 58 13 0.060419 3
2013 07 27 03 58 14 0.067075 3
2013 07 27 03 58 15 0.073731 3
2013 07 27 03 58 16 0.080387 3
2013 07 27 03 58 17 0.086787 3
2013 07 27 03 58 18 0.093443 3
2013 07 27 03 58 19 0.100355 3
2013 07 27 03 58 20 0.107011 3
2013 07 27 03 58 21 0.113411 3
2013 07 27 03 58 22 0.120067 3
2013 07 27 03 58 23 0.126723 3
2013 07 27 03 58 24 0.133379 3
2013 07 27 03 58 25 0.391427 3
2013 07 27 03 58 26 0.398083 3
2013 07 27 03 58 27 0.404739 3
2013 07 27 03 58 28 0.411395 3
2013 07 27 03 58 29 0.418051 3
2013 07 27 03 58 30 0.424707 3
2013 07 27 03 58 31 0.431363 3
2013 07 27 03 58 32 0.438019 3
2013 07 27 03 58 33 0.444675 3
2013 07 27 03 58 34 0.451075 3
2013 07 27 03 58 35 0.457731 3
2013 07 27 03 58 36 0.464387 3
2013 07 27 03 58 37 0.471043 3
2013 07 27 03 58 38 0.477699 3
2013 07 27 03 58 39 0.484355 3
2013 07 27 03 58 40 0.491011 3
2013 07 27 03 58 41 0.497667 3
2013 07 27 03 58 42 0.504323 3
2013 07 27 03 58 43 0.510979 3
2013 07 27 03 58 44 0.517635 3
2013 07 27 03 58 45 0.524035 3
2013 07 27 03 58 46 0.530691 3
2013 07 27 03 58 47 0.537347 3
2013 07 27 03 58 48 0.544003 3
2013 07 27 03 58 49 0.550659 3
2013 07 27 03 58 50 0.557315 3
2013 07 27 03 58 51 0.563971 3
2013 07 27 03 58 52 0.570627 3
2013 07 27 03 58 53 0.577283 3
2013 07 27 03 58 54 0.583939 3
2013 07 27 03 58 55 0.590595 3
2013 07 27 03 58 56 0.596995 3
2013 07 27 03 58 57 0.603651 3
2013 07 27 03 58 58 0.610307 3
2013 07 27 03 58 59 0.616963 3
2013 07 27 03 59 00 0.623619 3
2013 07 27 03 59 01 0.630275 3
2013 07 27 03 59 02 0.636931 3
2013 07 27 03 59 03 0.643587 3
2013 07 27 03 59 04 0.650243 3
2013 07 27 03 59 05 0.656899 3
2013 07 27 03 59 06 0.663555 3
2013 07 27 03 59 07 0.669955 3
2013 07 27 03 59 08 0.676611 3
2013 07 27 03 59 09 0.683267 3
2013 07 27 03 59 10 0.689923 3
2013 07 27 03 59 11 0.696579 3
2013 07 27 03 59 12 0.703235 3
2013 07 27 03 59 13 0.709891 3
2013 07 27 03 59 14 0.716547 3
2013 07 27 03 59 15 0.723203 3
2013 07 27 03 59 16 0.729859 3
2013 07 27 03 59 17 0.736515 3
2013 07 27 03 59 18 0.743171 3
2013 07 27 03 59 19 0.498179 3
2013 07 27 03 59 20 0.504835 3
2013 07 27 03 59 21 0.511491 3
2013 07 27 03 59 22 0.518147 3
2013 07 27 03 59 23 0.524803 3
2013 07 27 03 59 24 0.531459 3
2013 07 27 03 59 25 0.538115 3
2013 07 27 03 59 26 0.544771 3
2013 07 27 03 59 27 0.551427 3
2013 07 27 03 59 28 0.557827 3
2013 07 27 03 59 29 0.564483 3
2013 07 27 03 59 30 0.571139 3
2013 07 27 03 59 31 0.577795 3
2013 07 27 03 59 32 0.584451 3
2013 07 27 03 59 33 0.591107 3
2013 07 27 03 59 34 0.597763 3
2013 07 27 03 59 35 0.604419 3
2013 07 27 03 59 36 0.610819 3
2013 07 27 03 59 37 0.365827 3
2013 07 27 03 59 38 0.372483 3
2013 07 27 03 59 39 0.379139 3
2013 07 27 03 59 40 0.385795 3
2013 07 27 03 59 41 0.392195 3
2013 07 27 03 59 42 0.398851 3
2013 07 27 03 59 43 0.405507 3
2013 07 27 03 59 44 0.412163 3
2013 07 27 03 59 45 0.418819 3
2013 07 27 03 59 46 0.425475 3
2013 07 27 03 59 47 0.432131 3
2013 07 27 03 59 48 0.438787 3
2013 07 27 03 59 49 0.445443 3
2013 07 27 03 59 50 0.452099 3
2013 07 27 03 59 51 0.458499 3
2013 07 27 03 59 52 0.465155 3
2013 07 27 03 59 53 0.471811 3
2013 07 27 03 59 54 0.478467 3
2013 07 27 03 59 55 0.485123 3
2013 07 27 03 59 56 0.491779 3
2013 07 27 03 59 57 0.498435 3
2013 07 27 03 59 58 0.505091 3
2013 07 27 03 59 59 0.260355 3
2013 07 27 04 00 00 0.266755 3
2013 07 27 04 00 01 0.273411 3
2013 07 27 04 00 02 0.280067 3
2013 07 27 04 00 03 0.286723 3
2013 07 27 04 00 04 0.293379 3
2013 07 27 04 00 05 0.300035 3
2013 07 27 04 00 06 0.054787 3
2013 07 27 04 00 07 0.061443 3
2013 07 27 04 00 08 0.068099 3
2013 07 27 04 00 09 0.074755 3
2013 07 27 04 00 10 0.081411 3
2013 07 27 04 00 11 0.088067 3
2013 07 27 04 00 12 0.094723 3
2013 07 27 04 00 13 0.101379 3
2013 07 27 04 00 14 0.107779 3
2013 07 27 04 00 15 0.114435 3
2013 07 27 04 00 16 0.121091 3
2013 07 27 04 00 17 0.127747 3
2013 07 27 04 00 18 0.134403 3
2013 07 27 04 00 19 0.141059 3
2013 07 27 04 00 20 0.147715 3
2013 07 27 04 00 21 0.154371 3
2013 07 27 04 00 22 0.161027 3
2013 07 27 04 00 23 0.167683 3
2013 07 27 04 00 24 0.174339 3
2013 07 27 04 00 25 0.180739 3
2013 07 27 04 00 26 0.187395 3
2013 07 27 04 00 27 0.194051 3
2013 07 27 04 00 28 0.200707 3
2013 07 27 04 00 29 0.207363 3
2013 07 27 04 00 30 0.214019 3
2013 07 27 04 00 31 0.220675 3
2013 07 27 04 00 32 0.227331 3
2013 07 27 04 00 33 0.233987 3
2013 07 27 04 00 34 0.240643 3
2013 07 27 04 00 35 0.247299 3
2013 07 27 04 00 36 0.253699 3
2013 07 27 04 00 37 0.260355 3
2013 07 27 04 00 38 0.267011 3
2013 07 27 04 00 39 0.273667 3
2013 07 27 04 00 40 0.280323 3
2013 07 27 04 00 41 0.286979 3
2013 07 27 04 00 42 0.293635 3
2013 07 27 04 00 43 0.300291 3
2013 07 27 04 00 44 0.558851 3
2013 07 27 04 00 45 0.565251 3
2013 07 27 04 00 46 0.571907 3
2013 07 27 04 00 47 0.578563 3
2013 07 27 04 00 48 0.585219 3
2013 07 27 04 00 49 0.591875 3
2013 07 27 04 00 50 0.598531 3
2013 07 27 04 00 51 0.605187 3
2013 07 27 04 00 52 0.611843 3
2013 07 27 04 00 53 0.618243 3
2013 07 27 04 00 54 0.624899 3
2013 07 27 04 00 55 0.631555 3
2013 07 27 04 00 56 0.638211 3
2013 07 27 04 00 57 0.644867 3
2013 07 27 04 00 58 0.651523 3
2013 07 27 04 00 59 0.658179 3
2013 07 27 04 01 00 0.664835 3
2013 07 27 04 01 01 0.671491 3
2013 07 27 04 01 02 0.678147 3
2013 07 27 04 01 03 0.684803 3
2013 07 27 04 01 04 0.691459 3
2013 07 27 04 01 05 0.446211 3
2013 07 27 04 01 06 0.452867 3
2013 07 27 04 01 07 0.459523 3
2013 07 27 04 01 08 0.466179 3
2013 07 27 04 01 09 0.472835 3
2013 07 27 04 01 10 0.479235 3
2013 07 27 04 01 11 0.485891 3
2013 07 27 04 01 12 0.492547 3
2013 07 27 04 01 13 0.499203 3
2013 07 27 04 01 14 0.505859 3
2013 07 27 04 01 15 0.512515 3
2013 07 27 04 01 16 0.519171 3
2013 07 27 04 01 17 0.525827 3
2013 07 27 04 01 18 0.532483 3
2013 07 27 04 01 19 0.539139 3
2013 07 27 04 01 20 0.545795 3
2013 07 27 04 01 21 0.552195 3
2013 07 27 04 01 22 0.558851 3
2013 07 27 04 01 23 0.565507 3
2013 07 27 04 01 24 0.572163 3
2013 07 27 04 01 25 0.578819 3
2013 07 27 04 01 26 0.585475 3
2013 07 27 04 01 27 0.592131 3
2013 07 27 04 01 28 0.598787 3
2013 07 27 04 01 29 0.605443 3
2013 07 27 04 01 30 0.612099 3
2013 07 27 04 01 31 0.618755 3
2013 07 27 04 01 32 0.625155 3
2013 07 27 04 01 33 0.631811 3
2013 07 27 04 01 34 0.638467 3
2013 07 27 04 01 35 0.645123 3
2013 07 27 04 01 36 0.651779 3
2013 07 27 04 01 37 0.658435 3
2013 07 27 04 01 38 0.665091 3
2013 07 27 04 01 39 0.671747 3
2013 07 27 04 01 40 0.678403 3
2013 07 27 04 01 41 0.685059 3
2013 07 27 04 01 42 0.691715 3
2013 07 27 04 01 43 0.698371 3
2013 07 27 04 01 44 0.704771 3
2013 07 27 04 01 45 0.711427 3
2013 07 27 04 01 46 0.718083 3
2013 07 27 04 01 47 0.724739 3
2013 07 27 04 01 48 0.731395 3
2013 07 27 04 01 49 0.738051 3
2013 07 27 04 01 50 0.744707 3
2013 07 27 04 01 51 0.751363 3
2013 07 27 04 01 52 0.758019 3
2013 07 27 04 01 53 0.764675 3
2013 07 27 04 01 54 0.771075 3
2013 07 27 04 01 55 0.777731 3
2013 07 27 04 01 56 0.784387 3
2013 07 27 04 01 57 0.791043 3
2013 07 27 04 01 58 0.797699 3
2013 07 27 04 01 59 0.804355 3
2013 07 27 04 02 00 0.811011 3
2013 07 27 04 02 01 0.817667 3
2013 07 27 04 02 02 0.824323 3
2013 07 27 04 02 03 0.830979 3
2013 07 27 04 02 04 0.837635 3
2013 07 27 04 02 05 0.844291 3
2013 07 27 04 02 06 0.850691 3
2013 07 27 04 02 07 0.857347 3
2013 07 27 04 02 08 0.864003 3
2013 07 27 04 02 09 0.870659 3
2013 07 27 04 02 10 0.877315 3
2013 07 27 04 02 11 0.883971 3
2013 07 27 04 02 12 0.890627 3
2013 07 27 04 02 13 0.897283 3
2013 07 27 04 02 14 0.903939 3
2013 07 27 04 02 15 0.910595 3
2013 07 27 04 02 16 0.917251 3
2013 07 27 04 02 17 0.923651 3
2013 07 27 04 02 18 0.930307 3
2013 07 27 04 02 19 0.936963 3
2013 07 27 04 02 20 0.943619 3
2013 07 27 04 02 21 0.950275 3
2013 07 27 04 02 22 0.956931 3
2013 07 27 04 02 23 0.963587 3
2013 07 27 04 02 24 0.970243 3
2013 07 27 04 02 25 0.976899 3
2013 07 27 04 02 26 0.983555 3
2013 07 27 04 02 27 0.990211 3
2013 07 27 04 02 28 0.996867 3
2013 07 27 04 02 30 0.003331 3
2013 07 27 04 02 31 0.009987 3
2013 07 27 04 02 32 0.016643 3
2013 07 27 04 02 33 0.023299 3
2013 07 27 04 02 34 0.029955 3
2013 07 27 04 02 35 0.036611 3
2013 07 27 04 02 36 0.043267 3
2013 07 27 04 02 37 0.049923 3
2013 07 27 04 02 38 0.056323 3
2013 07 27 04 02 39 0.062979 3
2013 07 27 04 02 40 0.069635 3
2013 07 27 04 02 41 0.076291 3
2013 07 27 04 02 42 0.082947 3
2013 07 27 04 02 43 0.089603 3
2013 07 27 04 02 44 0.096259 3
2013 07 27 04 02 45 0.102915 3
2013 07 27 04 02 46 0.109571 3
2013 07 27 04 02 47 0.116227 3
2013 07 27 04 02 48 0.122883 3
2013 07 27 04 02 49 0.129283 3
2013 07 27 04 02 50 0.135939 3
2013 07 27 04 02 51 0.142595 3
2013 07 27 04 02 52 0.149251 3
2013 07 27 04 02 53 0.155907 3
2013 07 27 04 02 54 0.162563 3
2013 07 27 04 02 55 0.169219 3
2013 07 27 04 02 56 0.175875 3
2013 07 27 04 02 57 0.182531 3
2013 07 27 04 02 58 0.189187 3
2013 07 27 04 02 59 0.195843 3
2013 07 27 04 03 00 0.202243 3
2013 07 27 04 03 01 0.208899 3
2013 07 27 04 03 02 0.215555 3
2013 07 27 04 03 03 0.222211 3
2013 07 27 04 03 04 0.228867 3
2013 07 27 04 03 05 0.235523 3
2013 07 27 04 03 06 0.242179 3
2013 07 27 04 03 07 0.248835 3
2013 07 27 04 03 08 0.255491 3
2013 07 27 04 03 09 0.262147 3
2013 07 27 04 03 10 0.268803 3
2013 07 27 04 03 11 0.275203 3
2013 07 27 04 03 12 0.281859 3
2013 07 27 04 03 13 0.288515 3
2013 07 27 04 03 14 0.295171 3
2013 07 27 04 03 15 0.301827 3
2013 07 27 04 03 16 0.308483 3
2013 07 27 04 03 17 0.315139 3
2013 07 27 04 03 18 0.321795 3
2013 07 27 04 03 19 0.328451 3
2013 07 27 04 03 20 0.335107 3
2013 07 27 04 03 21 0.341763 3
2013 07 27 04 03 22 0.348419 3
2013 07 27 04 03 23 0.354819 3
2013 07 27 04 03 24 0.361475 3
2013 07 27 04 03 25 0.368131 3
2013 07 27 04 03 26 0.374787 3
2013 07 27 04 03 27 0.381443 3
2013 07 27 04 03 28 0.388099 3
2013 07 27 04 03 29 0.394755 3
2013 07 27 04 03 30 0.401411 3
2013 07 27 04 03 31 0.408067 3
2013 07 27 04 03 32 0.414723 3
2013 07 27 04 03 33 0.421379 3
2013 07 27 04 03 34 0.427779 3
2013 07 27 04 03 35 0.434435 3
2013 07 27 04 03 36 0.441091 3
2013 07 27 04 03 37 0.447747 3
2013 07 27 04 03 38 0.454403 3
2013 07 27 04 03 39 0.461059 3
2013 07 27 04 03 40 0.467715 3
2013 07 27 04 03 41 0.474371 3
2013 07 27 04 03 42 0.481027 3
2013 07 27 04 03 43 0.487683 3
2013 07 27 04 03 44 0.494339 3
2013 07 27 04 03 45 0.500995 3
2013 07 27 04 03 46 0.507395 3
2013 07 27 04 03 47 0.514051 3
2013 07 27 04 03 48 0.520707 3
2013 07 27 04 03 49 0.779267 3
2013 07 27 04 03 50 0.785923 3
2013 07 27 04 03 51 0.792579 3
2013 07 27 04 03 52 0.798979 3
2013 07 27 04 03 53 0.805891 3
2013 07 27 04 03 54 0.812291 3
2013 07 27 04 03 55 0.818947 3
2013 07 27 04 03 56 0.825603 3
2013 07 27 04 03 57 0.832259 3
2013 07 27 04 03 58 0.838915 3
2013 07 27 04 03 59 0.845571 3
2013 07 27 04 04 00 0.852227 3
2013 07 27 04 04 01 0.858883 3
2013 07 27 04 04 02 0.865539 3
2013 07 27 04 04 03 0.872195 3
2013 07 27 04 04 04 0.878851 3
2013 07 27 04 04 05 0.885507 3
2013 07 27 04 04 06 0.892163 3
2013 07 27 04 04 07 0.898563 3
2013 07 27 04 04 08 0.905219 3
2013 07 27 04 04 09 0.911875 3
2013 07 27 04 04 10 0.918531 3
2013 07 27 04 04 11 0.925187 3
2013 07 27 04 04 12 0.931843 3
2013 07 27 04 04 13 0.938499 3
2013 07 27 04 04 14 0.945155 3
2013 07 27 04 04 15 0.951811 3
2013 07 27 04 04 16 0.958211 3
2013 07 27 04 04 17 0.964867 3
2013 07 27 04 04 18 0.971523 3
2013 07 27 04 04 19 0.978179 3
2013 07 27 04 04 20 0.984835 3
2013 07 27 04 04 21 0.991491 3
2013 07 27 04 04 22 0.998147 3
2013 07 27 04 04 24 0.004611 3
2013 07 27 04 04 25 0.011267 3
2013 07 27 04 04 26 0.017923 3
2013 07 27 04 04 27 0.024579 3
2013 07 27 04 04 28 0.031235 3
2013 07 27 04 04 29 0.037891 3
2013 07 27 04 04 30 0.044547 3
2013 07 27 04 04 31 0.051203 3
2013 07 27 04 04 32 0.057859 3
2013 07 27 04 04 33 0.064515 3
2013 07 27 04 04 34 0.071171 3
2013 07 27 04 04 35 0.077827 3
2013 07 27 04 04 36 0.084483 3
2013 07 27 04 04 37 0.091139 3
2013 07 27 04 04 38 0.097795 3
2013 07 27 04 04 39 0.104195 3
2013 07 27 04 04 40 0.110851 3
2013 07 27 04 04 41 0.117507 3
2013 07 27 04 04 42 0.124163 3
2013 07 27 04 04 43 0.130819 3
2013 07 27 04 04 44 0.137475 3
2013 07 27 04 04 45 0.144131 3
2013 07 27 04 04 46 0.150787 3
2013 07 27 04 04 47 0.157187 3
2013 07 27 04 04 48 0.163843 3
2013 07 27 04 04 49 0.170755 3
2013 07 27 04 04 50 0.177155 3
2013 07 27 04 04 51 0.183811 3
2013 07 27 04 04 52 0.190467 3
2013 07 27 04 04 53 0.197123 3
2013 07 27 04 04 54 0.203779 3
2013 07 27 04 04 55 0.210435 3
2013 07 27 04 04 56 0.217091 3
2013 07 27 04 04 57 0.223747 3
2013 07 27 04 04 57 0.978435 3
2013 07 27 04 04 58 0.985091 3
2013 07 27 04 04 59 0.991747 3
2013 07 27 04 05 00 0.998403 3
2013 07 27 04 05 02 0.005123 3
2013 07 27 04 05 03 0.011779 3
2013 07 27 04 05 04 0.018179 3
2013 07 27 04 05 05 0.024835 3
2013 07 27 04 05 06 0.031491 3
2013 07 27 04 05 07 0.038147 3
2013 07 27 04 05 08 0.044803 3
2013 07 27 04 05 09 0.051459 3
2013 07 27 04 05 10 0.058115 3
2013 07 27 04 05 11 0.064771 3
2013 07 27 04 05 12 0.071427 3
2013 07 27 04 05 13 0.078083 3
2013 07 27 04 05 14 0.084739 3
2013 07 27 04 05 15 0.091139 3
2013 07 27 04 05 16 0.097795 3
2013 07 27 04 05 17 0.104451 3
2013 07 27 04 05 18 0.111107 3
2013 07 27 04 05 19 0.117763 3
2013 07 27 04 05 20 0.124419 3
2013 07 27 04 05 21 0.131075 3
2013 07 27 04 05 22 0.137731 3
2013 07 27 04 05 23 0.144387 3
2013 07 27 04 05 24 0.151043 3
2013 07 27 04 05 25 0.157699 3
2013 07 27 04 05 26 0.164099 3
2013 07 27 04 05 27 0.170755 3
2013 07 27 04 05 28 0.177411 3
2013 07 27 04 05 29 0.184067 3
2013 07 27 04 05 30 0.190723 3
2013 07 27 04 05 31 0.197379 3
2013 07 27 04 05 32 0.204035 3
2013 07 27 04 05 33 0.210691 3
2013 07 27 04 05 34 0.217347 3
2013 07 27 04 05 35 0.224003 3
2013 07 27 04 05 36 0.230659 3
2013 07 27 04 05 37 0.237059 3
2013 07 27 04 05 38 0.243715 3
2013 07 27 04 05 39 0.250371 3
2013 07 27 04 05 40 0.257027 3
2013 07 27 04 05 41 0.263683 3
2013 07 27 04 05 42 0.270339 3
2013 07 27 04 05 43 0.276995 3
2013 07 27 04 05 44 0.283651 3
2013 07 27 04 05 45 0.290307 3
2013 07 27 04 05 46 0.296963 3
2013 07 27 04 05 47 0.303619 3
2013 07 27 04 05 48 0.310019 3
2013 07 27 04 05 49 0.316675 3
2013 07 27 04 05 50 0.323331 3
2013 07 27 04 05 51 0.078595 3
2013 07 27 04 05 52 0.085251 3
2013 07 27 04 05 53 0.091907 3
2013 07 27 04 05 54 0.098563 3
2013 07 27 04 05 55 0.105219 3
2013 07 27 04 05 56 0.111875 3
2013 07 27 04 05 57 0.118275 3
2013 07 27 04 05 58 0.124931 3
2013 07 27 04 05 59 0.131587 3
2013 07 27 04 06 00 0.138243 3
2013 07 27 04 06 01 0.144899 3
2013 07 27 04 06 02 0.151555 3
2013 07 27 04 06 03 0.158211 3
2013 07 27 04 06 04 0.164611 3
2013 07 27 04 06 05 0.171267 3
2013 07 27 04 06 06 0.177923 3
2013 07 27 04 06 07 0.184579 3
2013 07 27 04 06 08 0.191235 3
2013 07 27 04 06 09 0.197891 3
2013 07 27 04 06 10 0.204547 3
2013 07 27 04 06 11 0.211203 3
2013 07 27 04 06 12 0.217859 3
2013 07 27 04 06 13 0.224515 3
2013 07 27 04 06 14 0.231171 3
2013 07 27 04 06 15 0.237827 3
2013 07 27 04 06 16 0.244483 3
2013 07 27 04 06 17 0.251139 3
2013 07 27 04 06 18 0.257795 3
2013 07 27 04 06 19 0.264195 3
2013 07 27 04 06 20 0.270851 3
2013 07 27 04 06 21 0.277507 3
2013 07 27 04 06 22 0.284163 3
2013 07 27 04 06 23 0.290819 3
2013 07 27 04 06 24 0.297475 3
2013 07 27 04 06 25 0.304131 3
2013 07 27 04 06 26 0.310787 3
2013 07 27 04 06 27 0.317187 3
2013 07 27 04 06 28 0.323843 3
2013 07 27 04 06 29 0.330755 3
2013 07 27 04 06 30 0.337411 3
2013 07 27 04 06 31 0.343811 3
2013 07 27 04 06 32 0.350467 3
2013 07 27 04 06 33 0.357123 3
2013 07 27 04 06 34 0.363779 3
2013 07 27 04 06 35 0.370435 3
2013 07 27 04 06 36 0.377091 3
2013 07 27 04 06 37 0.383747 3
2013 07 27 04 06 38 0.390403 3
2013 07 27 04 06 39 0.396803 3
2013 07 27 04 06 40 0.403459 3
2013 07 27 04 06 41 0.410115 3
2013 07 27 04 06 42 0.416771 3
2013 07 27 04 06 43 0.423427 3
2013 07 27 04 06 44 0.430083 3
2013 07 27 04 06 45 0.436739 3
2013 07 27 04 06 46 0.443395 3
2013 07 27 04 06 47 0.450051 3
2013 07 27 04 06 48 0.456707 3
2013 07 27 04 06 49 0.463363 3
2013 07 27 04 06 50 0.469763 3
2013 07 27 04 06 51 0.476419 3
2013 07 27 04 06 52 0.483331 3
2013 07 27 04 06 53 0.489731 3
2013 07 27 04 06 54 0.496387 3
2013 07 27 04 06 55 0.503043 3
2013 07 27 04 06 56 0.509699 3
2013 07 27 04 06 57 0.516355 3
2013 07 27 04 06 58 0.523011 3
2013 07 27 04 06 59 0.529667 3
2013 07 27 04 07 00 0.536323 3
2013 07 27 04 07 01 0.542723 3
2013 07 27 04 07 02 0.549379 3
2013 07 27 04 07 03 0.556035 3
2013 07 27 04 07 04 0.562691 3
2013 07 27 04 07 05 0.569347 3
2013 07 27 04 07 06 0.576003 3
2013 07 27 04 07 07 0.582659 3
2013 07 27 04 07 08 0.589315 3
2013 07 27 04 07 09 0.595971 3
2013 07 27 04 07 10 0.602627 3
2013 07 27 04 07 11 0.609283 3
2013 07 27 04 07 12 0.615939 3
2013 07 27 04 07 13 0.622595 3
2013 07 27 04 07 14 0.629251 3
2013 07 27 04 07 15 0.635907 3
2013 07 27 04 07 16 0.642307 3
2013 07 27 04 07 17 0.648963 3
2013 07 27 04 07 18 0.655619 3
2013 07 27 04 07 19 0.662275 3
2013 07 27 04 07 20 0.668931 3
2013 07 27 04 07 21 0.675587 3
2013 07 27 04 07 22 0.682243 3
2013 07 27 04 07 23 0.688643 3
2013 07 27 04 07 24 0.695299 3
2013 07 27 04 07 25 0.701955 3
2013 07 27 04 07 26 0.708611 3
2013 07 27 04 07 27 0.715267 3
2013 07 27 04 07 28 0.721923 3
2013 07 27 04 07 29 0.728579 3
2013 07 27 04 07 30 0.735235 3
2013 07 27 04 07 31 0.741891 3
2013 07 27 04 07 32 0.748547 3
2013 07 27 04 07 33 0.755203 3
2013 07 27 04 07 34 0.761859 3
2013 07 27 04 07 35 0.768515 3
2013 07 27 04 07 36 0.774915 3
2013 07 27 04 07 37 0.781571 3
2013 07 27 04 07 38 0.788227 3
2013 07 27 04 07 39 0.795139 3
2013 07 27 04 07 40 0.801539 3
2013 07 27 04 07 41 0.808195 3
2013 07 27 04 07 42 0.814851 3
2013 07 27 04 07 43 0.821507 3
2013 07 27 04 07 44 0.828163 3
2013 07 27 04 07 45 0.834819 3
2013 07 27 04 07 46 0.841475 3
2013 07 27 04 07 47 0.848131 3
2013 07 27 04 07 48 0.854787 3
2013 07 27 04 07 49 0.861187 3
2013 07 27 04 07 50 0.867843 3
2013 07 27 04 07 51 0.874499 3
2013 07 27 04 07 52 0.881155 3
2013 07 27 04 07 53 0.887811 3
2013 07 27 04 07 54 0.894467 3
2013 07 27 04 07 55 0.901123 3
2013 07 27 04 07 56 0.907779 3
2013 07 27 04 07 57 0.914435 3
2013 07 27 04 07 58 0.921091 3
2013 07 27 04 07 59 0.927747 3
2013 07 27 04 08 00 0.934147 3
2013 07 27 04 08 01 0.940803 3
2013 07 27 04 08 02 0.947459 3
2013 07 27 04 08 03 0.954115 3
2013 07 27 04 08 04 0.960771 3
2013 07 27 04 08 05 0.967427 3
2013 07 27 04 08 06 0.974083 3
2013 07 27 04 08 07 0.980739 3
2013 07 27 04 08 08 0.987395 3
2013 07 27 04 08 09 0.994051 3
2013 07 27 04 08 11 0.000771 3
2013 07 27 04 08 12 0.007171 3
2013 07 27 04 08 13 0.013827 3
2013 07 27 04 08 14 0.020483 3
2013 07 27 04 08 15 0.027139 3
2013 07 27 04 08 16 0.033795 3
2013 07 27 04 08 17 0.040451 3
2013 07 27 04 08 18 0.047107 3
2013 07 27 04 08 19 0.053763 3
2013 07 27 04 08 20 0.060163 3
2013 07 27 04 08 21 0.066819 3
2013 07 27 04 08 22 0.073475 3
2013 07 27 04 08 23 0.080131 3
2013 07 27 04 08 24 0.086787 3
2013 07 27 04 08 25 0.093443 3
2013 07 27 04 08 26 0.100099 3
2013 07 27 04 08 27 0.106755 3
2013 07 27 04 08 28 0.113411 3
2013 07 27 04 08 29 0.120067 3
2013 07 27 04 08 30 0.126467 3
2013 07 27 04 08 31 0.133123 3
2013 07 27 04 08 32 0.139779 3
2013 07 27 04 08 33 0.146435 3
2013 07 27 04 08 34 0.153091 3
2013 07 27 04 08 35 0.159747 3
2013 07 27 04 08 36 0.166403 3
2013 07 27 04 08 37 0.173059 3
2013 07 27 04 08 38 0.179715 3
2013 07 27 04 08 39 0.186371 3
2013 07 27 04 08 40 0.193027 3
2013 07 27 04 08 41 0.199683 3
2013 07 27 04 08 42 0.206339 3
2013 07 27 04 08 43 0.212995 3
2013 07 27 04 08 44 0.219651 3
2013 07 27 04 08 45 0.226051 3
2013 07 27 04 08 46 0.232707 3
2013 07 27 04 08 47 0.239363 3
2013 07 27 04 08 48 0.246019 3
2013 07 27 04 08 49 0.252675 3
2013 07 27 04 08 50 0.259331 3
2013 07 27 04 08 51 0.265987 3
2013 07 27 04 08 52 0.272643 3
2013 07 27 04 08 53 0.279043 3
2013 07 27 04 08 54 0.285699 3
2013 07 27 04 08 55 0.292355 3
2013 07 27 04 08 56 0.299011 3
2013 07 27 04 08 57 0.305667 3
2013 07 27 04 08 58 0.312323 3
2013 07 27 04 08 59 0.318979 3
2013 07 27 04 09 00 0.325635 3
2013 07 27 04 09 01 0.332291 3
2013 07 27 04 09 02 0.338947 3
2013 07 27 04 09 03 0.345603 3
2013 07 27 04 09 04 0.352259 3
2013 07 27 04 09 05 0.358915 3
2013 07 27 04 09 06 0.365571 3
2013 07 27 04 09 07 0.371971 3
2013 07 27 04 09 08 0.378627 3
2013 07 27 04 09 09 0.385283 3
2013 07 27 04 09 10 0.391939 3
2013 07 27 04 09 11 0.398595 3
2013 07 27 04 09 12 0.405251 3
2013 07 27 04 09 13 0.411907 3
2013 07 27 04 09 14 0.418563 3
2013 07 27 04 09 15 0.425219 3
2013 07 27 04 09 16 0.431875 3
2013 07 27 04 09 17 0.438531 3
2013 07 27 04 09 18 0.444931 3
2013 07 27 04 09 19 0.451587 3
2013 07 27 04 09 20 0.206339 3
2013 07 27 04 09 21 0.212995 3
2013 07 27 04 09 22 0.219651 3
2013 07 27 04 09 23 0.226307 3
2013 07 27 04 09 24 0.232963 3
2013 07 27 04 09 25 0.239619 3
2013 07 27 04 09 26 0.246275 3
2013 07 27 04 09 27 0.252931 3
2013 07 27 04 09 28 0.259587 3
2013 07 27 04 09 29 0.266243 3
2013 07 27 04 09 30 0.272899 3
2013 07 27 04 09 31 0.279299 3
2013 07 27 04 09 32 0.285955 3
2013 07 27 04 09 33 0.292611 3
2013 07 27 04 09 34 0.299267 3
2013 07 27 04 09 35 0.305923 3
2013 07 27 04 09 36 0.312579 3
2013 07 27 04 09 37 0.319235 3
2013 07 27 04 09 38 0.325891 3
2013 07 27 04 09 39 0.332547 3
2013 07 27 04 09 40 0.339203 3
2013 07 27 04 09 41 0.345859 3
2013 07 27 04 09 42 0.352259 3
2013 07 27 04 09 43 0.358915 3
2013 07 27 04 09 44 0.365571 3
2013 07 27 04 09 45 0.372227 3
2013 07 27 04 09 46 0.378883 3
2013 07 27 04 09 47 0.385539 3
2013 07 27 04 09 48 0.392195 3
2013 07 27 04 09 49 0.147203 3
2013 07 27 04 09 50 0.154115 3
2013 07 27 04 09 51 0.160771 3
2013 07 27 04 09 52 0.167171 3
2013 07 27 04 09 53 0.173827 3
2013 07 27 04 09 54 0.180483 3
2013 07 27 04 09 55 0.187139 3
2013 07 27 04 09 56 0.193795 3
2013 07 27 04 09 57 0.200451 3
2013 07 27 04 09 58 0.207107 3
2013 07 27 04 09 59 0.213763 3
2013 07 27 04 10 00 0.220163 3
2013 07 27 04 10 01 0.226819 3
2013 07 27 04 10 02 0.233475 3
2013 07 27 04 10 03 0.240131 3
2013 07 27 04 10 04 0.498435 3
2013 07 27 04 10 05 0.504835 3
2013 07 27 04 10 06 0.511491 3
2013 07 27 04 10 07 0.518147 3
2013 07 27 04 10 08 0.524803 3
2013 07 27 04 10 09 0.531459 3
2013 07 27 04 10 10 0.538115 3
2013 07 27 04 10 11 0.544771 3
2013 07 27 04 10 12 0.551427 3
2013 07 27 04 10 13 0.558083 3
2013 07 27 04 10 14 0.564739 3
2013 07 27 04 10 15 0.571395 3
2013 07 27 04 10 16 0.578051 3
2013 07 27 04 10 17 0.584451 3
2013 07 27 04 10 18 0.591107 3
2013 07 27 04 10 19 0.346371 3
2013 07 27 04 10 20 0.353027 3
2013 07 27 04 10 21 0.359683 3
2013 07 27 04 10 22 0.366339 3
2013 07 27 04 10 23 0.372739 3
2013 07 27 04 10 24 0.379395 3
2013 07 27 04 10 25 0.386051 3
2013 07 27 04 10 26 0.392707 3
2013 07 27 04 10 27 0.399363 3
2013 07 27 04 10 28 0.406019 3
2013 07 27 04 10 29 0.412675 3
2013 07 27 04 10 30 0.419331 3
2013 07 27 04 10 31 0.425987 3
2013 07 27 04 10 32 0.432643 3
2013 07 27 04 10 33 0.439299 3
2013 07 27 04 10 34 0.445955 3
2013 07 27 04 10 35 0.452611 3
2013 07 27 04 10 36 0.459267 3
2013 07 27 04 10 37 0.465667 3
2013 07 27 04 10 38 0.472323 3
2013 07 27 04 10 39 0.478979 3
2013 07 27 04 10 40 0.485635 3
2013 07 27 04 10 41 0.492291 3
2013 07 27 04 10 42 0.498947 3
2013 07 27 04 10 43 0.505603 3
2013 07 27 04 10 44 0.512259 3
2013 07 27 04 10 45 0.518659 3
2013 07 27 04 10 46 0.525315 3
2013 07 27 04 10 47 0.531971 3
2013 07 27 04 10 48 0.538627 3
2013 07 27 04 10 49 0.545283 3
2013 07 27 04 10 50 0.551939 3
2013 07 27 04 10 51 0.558595 3
2013 07 27 04 10 52 0.565251 3
2013 07 27 04 10 53 0.571907 3
2013 07 27 04 10 54 0.578563 3
2013 07 27 04 10 55 0.585219 3
2013 07 27 04 10 56 0.591875 3
2013 07 27 04 10 57 0.598531 3
2013 07 27 04 10 58 0.605187 3
2013 07 27 04 10 59 0.611587 3
2013 07 27 04 11 00 0.618243 3
2013 07 27 04 11 01 0.624899 3
2013 07 27 04 11 02 0.631555 3
2013 07 27 04 11 03 0.638211 3
2013 07 27 04 11 04 0.644867 3
2013 07 27 04 11 05 0.651523 3
2013 07 27 04 11 06 0.658179 3
2013 07 27 04 11 07 0.664579 3
2013 07 27 04 11 08 0.671235 3
2013 07 27 04 11 09 0.678147 3
2013 07 27 04 11 10 0.684547 3
2013 07 27 04 11 11 0.691203 3
2013 07 27 04 11 12 0.698115 3
2013 07 27 04 11 13 0.704515 3
