2013 07 02 04 30 00 0.952064
2013 07 02 04 30 01 0.958720
2013 07 02 04 30 02 0.965376
2013 07 02 04 30 03 0.972032
2013 07 02 04 30 04 0.978688
2013 07 02 04 30 05 0.985088
2013 07 02 04 30 06 0.991744
2013 07 02 04 30 07 0.998400
2013 07 02 04 30 09 0.005120
2013 07 02 04 30 10 0.011776
2013 07 02 04 30 11 0.018432
2013 07 02 04 30 12 0.025088
2013 07 02 04 30 13 0.031744
2013 07 02 04 30 14 0.038400
2013 07 02 04 30 15 0.044800
2013 07 02 04 30 16 0.051456
2013 07 02 04 30 17 0.058112
2013 07 02 04 30 18 0.064768
2013 07 02 04 30 19 0.071424
2013 07 02 04 30 20 0.078080
2013 07 02 04 30 21 0.084736
2013 07 02 04 30 22 0.091392
2013 07 02 04 30 23 0.098048
2013 07 02 04 30 24 0.104704
2013 07 02 04 30 25 0.111104
2013 07 02 04 30 26 0.117760
2013 07 02 04 30 27 0.124416
2013 07 02 04 30 28 0.131072
2013 07 02 04 30 29 0.137728
2013 07 02 04 30 30 0.144384
2013 07 02 04 30 31 0.151040
2013 07 02 04 30 32 0.157696
2013 07 02 04 30 33 0.164352
2013 07 02 04 30 34 0.171008
2013 07 02 04 30 35 0.177664
2013 07 02 04 30 36 0.184064
2013 07 02 04 30 37 0.190720
2013 07 02 04 30 38 0.197376
2013 07 02 04 30 39 0.204032
2013 07 02 04 30 40 0.210688
2013 07 02 04 30 41 0.217344
2013 07 02 04 30 42 0.224000
2013 07 02 04 30 43 0.230656
2013 07 02 04 30 44 0.237312
2013 07 02 04 30 45 0.243968
2013 07 02 04 30 46 0.502272
2013 07 02 04 30 47 0.508928
2013 07 02 04 30 48 0.766976
2013 07 02 04 30 50 0.025600
2013 07 02 04 30 51 0.283648
2013 07 02 04 30 52 0.542208
2013 07 02 04 30 53 0.548608
2013 07 02 04 30 54 0.555520
2013 07 02 04 30 55 0.562176
2013 07 02 04 30 56 0.568576
2013 07 02 04 30 57 0.575232
2013 07 02 04 30 58 0.581888
2013 07 02 04 30 59 0.588544
2013 07 02 04 31 00 0.595200
2013 07 02 04 31 01 0.601856
2013 07 02 04 31 02 0.608512
2013 07 02 04 31 03 0.615168
2013 07 02 04 31 04 0.621568
2013 07 02 04 31 05 0.628224
2013 07 02 04 31 06 0.634880
2013 07 02 04 31 07 0.641536
2013 07 02 04 31 08 0.648192
2013 07 02 04 31 09 0.654848
2013 07 02 04 31 10 0.661504
2013 07 02 04 31 11 0.668160
2013 07 02 04 31 12 0.674816
2013 07 02 04 31 13 0.681472
2013 07 02 04 31 14 0.688128
2013 07 02 04 31 15 0.694784
2013 07 02 04 31 16 0.701440
2013 07 02 04 31 17 0.707840
2013 07 02 04 31 18 0.714496
2013 07 02 04 31 19 0.721152
2013 07 02 04 31 20 0.979200
2013 07 02 04 31 22 0.237824
2013 07 02 04 31 23 0.244480
2013 07 02 04 31 24 0.250880
2013 07 02 04 31 25 0.509184
2013 07 02 04 31 26 0.767488
2013 07 02 04 31 28 0.025856
2013 07 02 04 31 29 0.032256
2013 07 02 04 31 30 0.038912
2013 07 02 04 31 31 0.297472
2013 07 02 04 31 32 0.304128
2013 07 02 04 31 33 0.310784
2013 07 02 04 31 34 0.317440
2013 07 02 04 31 35 0.323840
2013 07 02 04 31 36 0.330496
2013 07 02 04 31 37 0.337152
2013 07 02 04 31 38 0.343808
2013 07 02 04 31 39 0.350464
2013 07 02 04 31 40 0.357120
2013 07 02 04 31 41 0.363776
2013 07 02 04 31 42 0.370432
2013 07 02 04 31 43 0.377088
2013 07 02 04 31 44 0.383744
2013 07 02 04 31 45 0.390400
2013 07 02 04 31 46 0.397056
2013 07 02 04 31 47 0.403712
2013 07 02 04 31 48 0.410112
2013 07 02 04 31 49 0.416768
2013 07 02 04 31 50 0.423424
2013 07 02 04 31 51 0.430080
2013 07 02 04 31 52 0.436736
2013 07 02 04 31 53 0.443392
2013 07 02 04 31 54 0.450048
2013 07 02 04 31 55 0.456704
2013 07 02 04 31 56 0.463360
2013 07 02 04 31 57 0.469760
2013 07 02 04 31 58 0.476416
2013 07 02 04 31 59 0.483072
2013 07 02 04 32 00 0.489728
2013 07 02 04 32 01 0.496384
2013 07 02 04 32 02 0.503040
2013 07 02 04 32 03 0.509696
2013 07 02 04 32 04 0.516352
2013 07 02 04 32 05 0.523008
2013 07 02 04 32 06 0.529664
2013 07 02 04 32 07 0.787712
2013 07 02 04 32 09 0.046080
2013 07 02 04 32 10 0.304384
2013 07 02 04 32 11 0.311040
2013 07 02 04 32 12 0.317440
2013 07 02 04 32 13 0.324096
2013 07 02 04 32 14 0.330752
2013 07 02 04 32 15 0.337408
2013 07 02 04 32 16 0.344064
2013 07 02 04 32 17 0.350720
2013 07 02 04 32 18 0.357376
2013 07 02 04 32 19 0.364032
2013 07 02 04 32 20 0.370688
2013 07 02 04 32 21 0.377344
2013 07 02 04 32 22 0.384000
2013 07 02 04 32 23 0.390400
2013 07 02 04 32 24 0.397056
2013 07 02 04 32 25 0.403712
2013 07 02 04 32 26 0.410368
2013 07 02 04 32 27 0.417024
2013 07 02 04 32 28 0.423680
2013 07 02 04 32 29 0.430336
2013 07 02 04 32 30 0.436992
2013 07 02 04 32 31 0.443648
2013 07 02 04 32 32 0.450304
2013 07 02 04 32 33 0.456960
2013 07 02 04 32 34 0.463360
2013 07 02 04 32 35 0.470016
2013 07 02 04 32 36 0.476672
2013 07 02 04 32 37 0.483328
2013 07 02 04 32 38 0.741888
2013 07 02 04 32 39 0.748544
2013 07 02 04 32 40 0.754944
2013 07 02 04 32 41 0.761600
2013 07 02 04 32 42 0.768256
2013 07 02 04 32 43 0.774912
2013 07 02 04 32 44 0.781568
2013 07 02 04 32 45 0.788224
2013 07 02 04 32 46 0.794880
2013 07 02 04 32 47 0.801536
2013 07 02 04 32 48 0.808192
2013 07 02 04 32 50 0.066304
2013 07 02 04 32 51 0.072960
2013 07 02 04 32 52 0.331264
2013 07 02 04 32 53 0.337920
2013 07 02 04 32 54 0.344576
2013 07 02 04 32 55 0.351232
2013 07 02 04 32 56 0.357888
2013 07 02 04 32 57 0.364544
2013 07 02 04 32 58 0.371200
2013 07 02 04 32 59 0.377856
2013 07 02 04 33 00 0.384512
2013 07 02 04 33 01 0.391168
2013 07 02 04 33 02 0.397824
2013 07 02 04 33 03 0.404224
2013 07 02 04 33 04 0.410880
2013 07 02 04 33 05 0.417536
2013 07 02 04 33 06 0.424192
2013 07 02 04 33 07 0.430848
2013 07 02 04 33 08 0.437504
2013 07 02 04 33 09 0.444160
2013 07 02 04 33 10 0.450816
2013 07 02 04 33 11 0.457216
2013 07 02 04 33 12 0.463872
2013 07 02 04 33 13 0.470528
2013 07 02 04 33 14 0.477184
2013 07 02 04 33 15 0.483840
2013 07 02 04 33 16 0.490496
2013 07 02 04 33 17 0.497152
2013 07 02 04 33 18 0.503808
2013 07 02 04 33 19 0.510464
2013 07 02 04 33 20 0.517120
2013 07 02 04 33 21 0.523776
2013 07 02 04 33 22 0.530432
2013 07 02 04 33 23 0.537088
2013 07 02 04 33 24 0.543488
2013 07 02 04 33 25 0.550144
2013 07 02 04 33 26 0.556800
2013 07 02 04 33 27 0.563456
2013 07 02 04 33 28 0.570112
2013 07 02 04 33 29 0.576768
2013 07 02 04 33 30 0.834816
2013 07 02 04 33 32 0.093184
2013 07 02 04 33 33 0.351488
2013 07 02 04 33 34 0.358144
2013 07 02 04 33 35 0.364800
2013 07 02 04 33 36 0.371456
2013 07 02 04 33 37 0.378112
2013 07 02 04 33 38 0.384512
2013 07 02 04 33 39 0.391168
2013 07 02 04 33 40 0.397824
2013 07 02 04 33 41 0.404480
2013 07 02 04 33 42 0.411136
2013 07 02 04 33 43 0.417792
2013 07 02 04 33 44 0.424448
2013 07 02 04 33 45 0.431104
2013 07 02 04 33 46 0.437760
2013 07 02 04 33 47 0.444416
2013 07 02 04 33 48 0.450816
2013 07 02 04 33 49 0.457472
2013 07 02 04 33 50 0.464128
2013 07 02 04 33 51 0.470784
2013 07 02 04 33 52 0.477440
2013 07 02 04 33 53 0.484096
2013 07 02 04 33 54 0.490752
2013 07 02 04 33 55 0.497408
2013 07 02 04 33 56 0.504064
2013 07 02 04 33 57 0.510720
2013 07 02 04 33 58 0.517376
2013 07 02 04 33 59 0.523776
2013 07 02 04 34 00 0.530432
2013 07 02 04 34 01 0.537088
2013 07 02 04 34 02 0.795648
2013 07 02 04 34 04 0.053760
2013 07 02 04 34 05 0.060416
2013 07 02 04 34 06 0.067072
2013 07 02 04 34 07 0.073728
2013 07 02 04 34 08 0.332032
2013 07 02 04 34 09 0.338688
2013 07 02 04 34 10 0.345344
2013 07 02 04 34 11 0.352000
2013 07 02 04 34 12 0.358656
2013 07 02 04 34 13 0.365312
2013 07 02 04 34 14 0.371968
2013 07 02 04 34 15 0.378624
2013 07 02 04 34 16 0.385280
2013 07 02 04 34 17 0.391680
2013 07 02 04 34 18 0.398336
2013 07 02 04 34 19 0.404992
2013 07 02 04 34 20 0.411648
2013 07 02 04 34 21 0.418304
2013 07 02 04 34 22 0.424960
2013 07 02 04 34 23 0.431616
2013 07 02 04 34 24 0.438272
2013 07 02 04 34 25 0.444928
2013 07 02 04 34 26 0.451328
2013 07 02 04 34 27 0.457984
2013 07 02 04 34 28 0.464640
2013 07 02 04 34 29 0.471296
2013 07 02 04 34 30 0.477952
2013 07 02 04 34 31 0.484608
2013 07 02 04 34 32 0.491264
2013 07 02 04 34 33 0.497920
2013 07 02 04 34 34 0.504576
2013 07 02 04 34 35 0.511232
2013 07 02 04 34 36 0.517888
2013 07 02 04 34 37 0.524544
2013 07 02 04 34 38 0.530944
2013 07 02 04 34 39 0.537600
2013 07 02 04 34 40 0.795904
2013 07 02 04 34 41 0.802560
2013 07 02 04 34 42 0.808960
2013 07 02 04 34 43 0.815616
2013 07 02 04 34 44 0.822272
2013 07 02 04 34 45 0.828928
2013 07 02 04 34 46 0.835584
2013 07 02 04 34 47 0.842240
2013 07 02 04 34 48 0.848896
2013 07 02 04 34 49 0.603904
2013 07 02 04 34 50 0.610560
2013 07 02 04 34 51 0.617216
2013 07 02 04 34 52 0.623872
2013 07 02 04 34 53 0.630528
2013 07 02 04 34 54 0.637184
2013 07 02 04 34 55 0.643840
2013 07 02 04 34 56 0.650496
2013 07 02 04 34 57 0.657152
2013 07 02 04 34 58 0.663808
2013 07 02 04 34 59 0.670464
2013 07 02 04 35 00 0.676864
2013 07 02 04 35 01 0.683520
2013 07 02 04 35 02 0.690176
2013 07 02 04 35 03 0.696832
2013 07 02 04 35 04 0.703488
2013 07 02 04 35 05 0.710144
2013 07 02 04 35 06 0.716800
2013 07 02 04 35 07 0.723456
2013 07 02 04 35 08 0.981504
2013 07 02 04 35 09 0.988160
2013 07 02 04 35 11 0.246528
2013 07 02 04 35 12 0.253184
2013 07 02 04 35 13 0.259840
2013 07 02 04 35 14 0.266496
2013 07 02 04 35 15 0.524544
2013 07 02 04 35 16 0.531200
2013 07 02 04 35 17 0.537856
2013 07 02 04 35 18 0.544512
2013 07 02 04 35 19 0.803072
2013 07 02 04 35 21 0.061184
2013 07 02 04 35 22 0.319488
2013 07 02 04 35 23 0.326144
2013 07 02 04 35 24 0.332800
2013 07 02 04 35 25 0.339456
2013 07 02 04 35 26 0.346112
2013 07 02 04 35 27 0.352768
2013 07 02 04 35 28 0.359424
2013 07 02 04 35 29 0.366080
2013 07 02 04 35 30 0.372480
2013 07 02 04 35 31 0.379136
2013 07 02 04 35 32 0.385792
2013 07 02 04 35 33 0.392448
2013 07 02 04 35 34 0.399104
2013 07 02 04 35 35 0.405760
2013 07 02 04 35 36 0.412416
2013 07 02 04 35 37 0.419072
2013 07 02 04 35 38 0.425728
2013 07 02 04 35 39 0.432384
2013 07 02 04 35 40 0.439040
2013 07 02 04 35 41 0.445696
2013 07 02 04 35 42 0.452352
2013 07 02 04 35 43 0.458752
2013 07 02 04 35 44 0.465408
2013 07 02 04 35 45 0.472064
2013 07 02 04 35 46 0.478720
2013 07 02 04 35 47 0.485376
2013 07 02 04 35 48 0.492032
2013 07 02 04 35 49 0.498688
2013 07 02 04 35 50 0.505344
2013 07 02 04 35 51 0.512000
2013 07 02 04 35 52 0.518400
2013 07 02 04 35 53 0.525056
2013 07 02 04 35 54 0.531712
2013 07 02 04 35 55 0.286720
2013 07 02 04 35 56 0.293120
2013 07 02 04 35 57 0.299776
2013 07 02 04 35 58 0.306432
2013 07 02 04 35 59 0.313088
2013 07 02 04 36 00 0.319744
2013 07 02 04 36 01 0.326400
2013 07 02 04 36 02 0.333056
2013 07 02 04 36 03 0.339712
2013 07 02 04 36 04 0.346368
2013 07 02 04 36 05 0.353024
2013 07 02 04 36 06 0.611328
2013 07 02 04 36 07 0.617984
2013 07 02 04 36 08 0.624640
2013 07 02 04 36 09 0.631296
2013 07 02 04 36 10 0.637952
2013 07 02 04 36 11 0.644608
2013 07 02 04 36 12 0.902656
2013 07 02 04 36 14 0.161280
2013 07 02 04 36 15 0.167680
2013 07 02 04 36 16 0.174336
2013 07 02 04 36 17 0.180992
2013 07 02 04 36 18 0.187648
2013 07 02 04 36 19 0.194304
2013 07 02 04 36 20 0.200960
2013 07 02 04 36 21 0.207616
2013 07 02 04 36 22 0.214272
2013 07 02 04 36 23 0.220928
2013 07 02 04 36 24 0.227328
2013 07 02 04 36 25 0.233984
2013 07 02 04 36 26 0.240640
2013 07 02 04 36 27 0.247296
2013 07 02 04 36 28 0.253952
2013 07 02 04 36 29 0.260608
2013 07 02 04 36 30 0.267264
2013 07 02 04 36 31 0.273920
2013 07 02 04 36 32 0.280576
2013 07 02 04 36 33 0.287232
2013 07 02 04 36 34 0.293888
2013 07 02 04 36 35 0.300544
2013 07 02 04 36 36 0.306944
2013 07 02 04 36 37 0.313600
2013 07 02 04 36 38 0.320256
2013 07 02 04 36 39 0.326912
2013 07 02 04 36 40 0.333568
2013 07 02 04 36 41 0.340224
2013 07 02 04 36 42 0.346880
2013 07 02 04 36 43 0.353536
2013 07 02 04 36 44 0.360192
2013 07 02 04 36 45 0.366592
2013 07 02 04 36 46 0.373248
2013 07 02 04 36 47 0.631552
2013 07 02 04 36 48 0.638208
2013 07 02 04 36 49 0.644608
2013 07 02 04 36 50 0.651264
2013 07 02 04 36 51 0.909824
2013 07 02 04 36 52 0.916480
2013 07 02 04 36 53 0.923136
2013 07 02 04 36 54 0.929792
2013 07 02 04 36 55 0.936448
2013 07 02 04 36 57 0.194560
2013 07 02 04 36 58 0.452864
2013 07 02 04 36 59 0.459520
2013 07 02 04 37 00 0.466176
2013 07 02 04 37 01 0.472832
2013 07 02 04 37 02 0.479488
2013 07 02 04 37 03 0.486144
2013 07 02 04 37 04 0.492544
2013 07 02 04 37 05 0.499200
2013 07 02 04 37 06 0.505856
2013 07 02 04 37 07 0.512512
2013 07 02 04 37 08 0.519168
2013 07 02 04 37 09 0.525824
2013 07 02 04 37 10 0.532480
2013 07 02 04 37 11 0.539136
2013 07 02 04 37 12 0.545792
2013 07 02 04 37 13 0.552448
2013 07 02 04 37 14 0.559104
2013 07 02 04 37 15 0.565760
2013 07 02 04 37 16 0.572416
2013 07 02 04 37 17 0.578816
2013 07 02 04 37 18 0.585472
2013 07 02 04 37 19 0.592128
2013 07 02 04 37 20 0.598784
2013 07 02 04 37 21 0.605440
2013 07 02 04 37 22 0.612096
2013 07 02 04 37 23 0.618752
2013 07 02 04 37 24 0.625408
2013 07 02 04 37 25 0.632064
2013 07 02 04 37 26 0.638464
2013 07 02 04 37 27 0.645120
2013 07 02 04 37 28 0.903424
2013 07 02 04 37 30 0.161792
2013 07 02 04 37 31 0.168448
2013 07 02 04 37 32 0.175104
2013 07 02 04 37 33 0.181760
2013 07 02 04 37 34 0.188416
2013 07 02 04 37 35 0.195072
2013 07 02 04 37 36 0.201728
2013 07 02 04 37 37 0.208128
2013 07 02 04 37 38 0.214784
2013 07 02 04 37 39 0.221440
2013 07 02 04 37 40 0.228096
2013 07 02 04 37 41 0.234752
2013 07 02 04 37 42 0.241408
2013 07 02 04 37 43 0.248064
2013 07 02 04 37 44 0.254720
2013 07 02 04 37 45 0.261120
2013 07 02 04 37 46 0.267776
2013 07 02 04 37 47 0.274432
2013 07 02 04 37 48 0.281088
2013 07 02 04 37 49 0.287744
2013 07 02 04 37 50 0.294400
2013 07 02 04 37 51 0.301056
2013 07 02 04 37 52 0.307712
2013 07 02 04 37 53 0.314368
2013 07 02 04 37 54 0.321024
2013 07 02 04 37 55 0.327680
2013 07 02 04 37 56 0.334336
2013 07 02 04 37 57 0.340992
2013 07 02 04 37 58 0.347648
2013 07 02 04 37 59 0.354048
2013 07 02 04 38 00 0.360704
2013 07 02 04 38 01 0.367360
2013 07 02 04 38 02 0.374016
2013 07 02 04 38 03 0.380672
2013 07 02 04 38 04 0.387328
2013 07 02 04 38 05 0.142080
2013 07 02 04 38 06 0.148736
2013 07 02 04 38 07 0.155392
2013 07 02 04 38 08 0.413696
2013 07 02 04 38 09 0.420352
2013 07 02 04 38 10 0.427008
2013 07 02 04 38 11 0.685312
2013 07 02 04 38 12 0.691712
2013 07 02 04 38 13 0.698368
2013 07 02 04 38 14 0.705024
2013 07 02 04 38 15 0.711680
2013 07 02 04 38 16 0.718336
2013 07 02 04 38 17 0.724992
2013 07 02 04 38 18 0.731648
2013 07 02 04 38 19 0.738304
2013 07 02 04 38 20 0.744960
2013 07 02 04 38 21 0.751616
2013 07 02 04 38 22 0.758272
2013 07 02 04 38 23 0.764672
2013 07 02 04 38 24 0.771328
2013 07 02 04 38 25 0.777984
2013 07 02 04 38 26 0.784640
2013 07 02 04 38 27 0.791296
2013 07 02 04 38 28 0.797952
2013 07 02 04 38 29 0.804608
2013 07 02 04 38 30 0.811264
2013 07 02 04 38 31 0.817920
2013 07 02 04 38 32 0.824576
2013 07 02 04 38 33 0.830976
2013 07 02 04 38 34 0.837632
2013 07 02 04 38 35 0.844288
2013 07 02 04 38 36 0.850944
2013 07 02 04 38 37 0.857600
2013 07 02 04 38 38 0.864256
2013 07 02 04 38 39 0.870912
2013 07 02 04 38 40 0.877568
2013 07 02 04 38 41 0.884224
2013 07 02 04 38 42 0.890880
2013 07 02 04 38 43 0.897536
2013 07 02 04 38 44 0.903936
2013 07 02 04 38 45 0.910592
2013 07 02 04 38 46 0.917248
2013 07 02 04 38 47 0.923904
2013 07 02 04 38 48 0.930560
2013 07 02 04 38 49 0.937216
2013 07 02 04 38 50 0.943872
2013 07 02 04 38 52 0.202240
2013 07 02 04 38 53 0.208896
2013 07 02 04 38 54 0.466944
2013 07 02 04 38 55 0.473600
2013 07 02 04 38 56 0.480256
2013 07 02 04 38 57 0.486912
2013 07 02 04 38 58 0.493568
2013 07 02 04 38 59 0.248832
2013 07 02 04 39 00 0.255232
2013 07 02 04 39 01 0.261888
2013 07 02 04 39 02 0.268544
2013 07 02 04 39 03 0.023296
2013 07 02 04 39 04 0.029952
2013 07 02 04 39 05 0.036608
2013 07 02 04 39 06 0.043264
2013 07 02 04 39 07 0.049920
2013 07 02 04 39 08 0.056576
2013 07 02 04 39 09 0.063232
2013 07 02 04 39 10 0.069888
2013 07 02 04 39 11 0.076544
2013 07 02 04 39 12 0.083200
2013 07 02 04 39 13 0.089856
2013 07 02 04 39 14 0.096256
2013 07 02 04 39 15 0.354816
2013 07 02 04 39 16 0.361472
2013 07 02 04 39 17 0.368128
2013 07 02 04 39 18 0.374784
2013 07 02 04 39 19 0.381440
2013 07 02 04 39 20 0.388096
2013 07 02 04 39 21 0.394752
2013 07 02 04 39 22 0.401152
2013 07 02 04 39 23 0.407808
2013 07 02 04 39 24 0.414464
2013 07 02 04 39 25 0.421120
2013 07 02 04 39 26 0.427776
2013 07 02 04 39 27 0.434432
2013 07 02 04 39 28 0.441088
2013 07 02 04 39 29 0.447744
2013 07 02 04 39 30 0.454144
2013 07 02 04 39 31 0.460800
2013 07 02 04 39 32 0.467456
2013 07 02 04 39 33 0.474112
2013 07 02 04 39 34 0.480768
2013 07 02 04 39 35 0.487424
2013 07 02 04 39 36 0.494080
2013 07 02 04 39 37 0.500736
2013 07 02 04 39 38 0.507392
2013 07 02 04 39 39 0.514048
2013 07 02 04 39 40 0.520704
2013 07 02 04 39 41 0.527360
2013 07 02 04 39 42 0.534016
2013 07 02 04 39 43 0.540672
2013 07 02 04 39 44 0.547072
2013 07 02 04 39 45 0.553728
2013 07 02 04 39 46 0.560384
2013 07 02 04 39 47 0.567040
2013 07 02 04 39 48 0.573696
2013 07 02 04 39 49 0.580352
2013 07 02 04 39 50 0.587008
2013 07 02 04 39 51 0.593664
2013 07 02 04 39 52 0.600064
2013 07 02 04 39 53 0.606720
2013 07 02 04 39 54 0.613376
2013 07 02 04 39 55 0.620032
2013 07 02 04 39 56 0.626688
2013 07 02 04 39 57 0.633344
2013 07 02 04 39 58 0.640000
2013 07 02 04 39 59 0.646656
2013 07 02 04 40 00 0.653312
2013 07 02 04 40 01 0.659968
2013 07 02 04 40 02 0.666624
2013 07 02 04 40 03 0.673280
2013 07 02 04 40 04 0.679680
2013 07 02 04 40 05 0.686336
2013 07 02 04 40 06 0.692992
2013 07 02 04 40 07 0.699648
2013 07 02 04 40 08 0.706304
2013 07 02 04 40 09 0.712960
2013 07 02 04 40 10 0.719616
2013 07 02 04 40 11 0.726272
2013 07 02 04 40 12 0.732672
2013 07 02 04 40 13 0.739328
2013 07 02 04 40 14 0.746240
2013 07 02 04 40 15 0.752640
2013 07 02 04 40 16 0.759296
2013 07 02 04 40 17 0.765952
2013 07 02 04 40 18 0.772608
2013 07 02 04 40 19 0.779264
2013 07 02 04 40 20 0.785920
2013 07 02 04 40 21 0.792576
2013 07 02 04 40 22 0.799232
2013 07 02 04 40 23 0.805888
2013 07 02 04 40 24 0.812288
2013 07 02 04 40 25 0.818944
2013 07 02 04 40 26 0.825600
2013 07 02 04 40 27 0.832256
2013 07 02 04 40 28 0.838912
2013 07 02 04 40 29 0.845568
2013 07 02 04 40 30 0.852224
2013 07 02 04 40 31 0.858880
2013 07 02 04 40 32 0.865536
2013 07 02 04 40 33 0.872192
2013 07 02 04 40 34 0.878592
2013 07 02 04 40 36 0.136960
2013 07 02 04 40 37 0.395264
2013 07 02 04 40 38 0.653312
2013 07 02 04 40 39 0.659968
2013 07 02 04 40 40 0.918528
2013 07 02 04 40 42 0.176640
2013 07 02 04 40 43 0.183296
2013 07 02 04 40 44 0.189952
2013 07 02 04 40 45 0.196608
2013 07 02 04 40 46 0.203264
2013 07 02 04 40 47 0.209920
2013 07 02 04 40 48 0.216320
2013 07 02 04 40 49 0.222976
2013 07 02 04 40 50 0.229632
2013 07 02 04 40 51 0.236288
2013 07 02 04 40 52 0.242944
2013 07 02 04 40 53 0.249600
2013 07 02 04 40 54 0.256256
2013 07 02 04 40 55 0.262912
2013 07 02 04 40 56 0.269568
2013 07 02 04 40 57 0.276224
2013 07 02 04 40 58 0.282880
2013 07 02 04 40 59 0.289280
2013 07 02 04 41 00 0.295936
2013 07 02 04 41 01 0.302592
2013 07 02 04 41 02 0.309248
2013 07 02 04 41 03 0.567808
2013 07 02 04 41 04 0.574208
2013 07 02 04 41 05 0.580864
2013 07 02 04 41 06 0.587520
2013 07 02 04 41 07 0.594176
2013 07 02 04 41 08 0.600832
2013 07 02 04 41 09 0.607488
2013 07 02 04 41 10 0.614144
2013 07 02 04 41 11 0.620800
2013 07 02 04 41 12 0.878848
2013 07 02 04 41 13 0.885504
2013 07 02 04 41 14 0.892160
2013 07 02 04 41 15 0.898816
2013 07 02 04 41 16 0.905472
2013 07 02 04 41 18 0.163840
2013 07 02 04 41 19 0.170496
2013 07 02 04 41 20 0.177152
2013 07 02 04 41 21 0.183808
2013 07 02 04 41 22 0.441856
2013 07 02 04 41 23 0.700416
2013 07 02 04 41 24 0.958464
2013 07 02 04 41 25 0.965120
2013 07 02 04 41 26 0.971776
2013 07 02 04 41 28 0.230144
2013 07 02 04 41 29 0.236800
2013 07 02 04 41 30 0.243456
2013 07 02 04 41 31 0.250112
2013 07 02 04 41 32 0.256768
2013 07 02 04 41 33 0.263424
2013 07 02 04 41 34 0.270080
2013 07 02 04 41 35 0.276736
2013 07 02 04 41 36 0.283392
2013 07 02 04 41 37 0.290048
2013 07 02 04 41 38 0.296704
2013 07 02 04 41 39 0.303104
2013 07 02 04 41 40 0.309760
2013 07 02 04 41 41 0.316416
2013 07 02 04 41 42 0.574464
2013 07 02 04 41 43 0.581120
2013 07 02 04 41 44 0.587776
2013 07 02 04 41 45 0.594432
2013 07 02 04 41 46 0.601088
2013 07 02 04 41 47 0.607744
2013 07 02 04 41 48 0.614400
2013 07 02 04 41 49 0.621056
2013 07 02 04 41 50 0.627712
2013 07 02 04 41 51 0.634112
2013 07 02 04 41 52 0.640768
2013 07 02 04 41 53 0.647424
2013 07 02 04 41 54 0.654080
2013 07 02 04 41 55 0.660736
2013 07 02 04 41 56 0.919296
2013 07 02 04 41 57 0.925952
2013 07 02 04 41 58 0.932608
2013 07 02 04 42 00 0.190720
2013 07 02 04 42 01 0.197120
2013 07 02 04 42 02 0.455680
2013 07 02 04 42 03 0.462336
2013 07 02 04 42 04 0.468992
2013 07 02 04 42 05 0.475648
2013 07 02 04 42 06 0.482304
2013 07 02 04 42 07 0.740352
2013 07 02 04 42 08 0.998656
2013 07 02 04 42 10 0.005376
2013 07 02 04 42 11 0.012032
2013 07 02 04 42 12 0.018688
2013 07 02 04 42 12 0.773376
2013 07 02 04 42 13 0.780032
2013 07 02 04 42 14 0.786688
2013 07 02 04 42 15 0.793344
2013 07 02 04 42 16 0.800000
2013 07 02 04 42 17 0.555264
2013 07 02 04 42 18 0.561920
2013 07 02 04 42 19 0.568576
2013 07 02 04 42 20 0.575232
2013 07 02 04 42 21 0.581632
2013 07 02 04 42 22 0.588288
2013 07 02 04 42 23 0.846336
2013 07 02 04 42 24 0.852992
2013 07 02 04 42 25 0.859648
2013 07 02 04 42 26 0.866304
2013 07 02 04 42 27 0.872960
2013 07 02 04 42 28 0.879616
2013 07 02 04 42 29 0.886272
2013 07 02 04 42 30 0.892928
2013 07 02 04 42 32 0.151296
2013 07 02 04 42 33 0.157952
2013 07 02 04 42 34 0.164608
2013 07 02 04 42 35 0.171264
2013 07 02 04 42 36 0.177920
2013 07 02 04 42 37 0.184576
2013 07 02 04 42 38 0.191232
2013 07 02 04 42 39 0.197888
2013 07 02 04 42 40 0.204544
2013 07 02 04 42 41 0.210944
2013 07 02 04 42 42 0.217600
2013 07 02 04 42 43 0.475648
2013 07 02 04 42 44 0.734208
2013 07 02 04 42 45 0.992256
2013 07 02 04 42 46 0.998912
2013 07 02 04 42 48 0.005632
2013 07 02 04 42 49 0.012288
2013 07 02 04 42 50 0.018944
2013 07 02 04 42 51 0.025600
2013 07 02 04 42 52 0.032256
2013 07 02 04 42 53 0.038656
2013 07 02 04 42 54 0.045312
2013 07 02 04 42 55 0.051968
2013 07 02 04 42 56 0.058624
2013 07 02 04 42 57 0.065280
2013 07 02 04 42 58 0.071936
2013 07 02 04 42 59 0.078592
2013 07 02 04 43 00 0.085248
2013 07 02 04 43 01 0.091904
2013 07 02 04 43 02 0.098560
2013 07 02 04 43 03 0.105216
2013 07 02 04 43 04 0.111616
2013 07 02 04 43 05 0.118272
2013 07 02 04 43 06 0.124928
2013 07 02 04 43 07 0.131584
2013 07 02 04 43 08 0.138240
2013 07 02 04 43 09 0.144896
2013 07 02 04 43 10 0.151552
2013 07 02 04 43 11 0.158208
2013 07 02 04 43 12 0.164864
2013 07 02 04 43 13 0.171520
2013 07 02 04 43 14 0.429824
2013 07 02 04 43 15 0.436480
2013 07 02 04 43 16 0.694528
2013 07 02 04 43 17 0.701184
2013 07 02 04 43 18 0.707840
2013 07 02 04 43 19 0.714496
2013 07 02 04 43 20 0.721152
2013 07 02 04 43 21 0.727808
2013 07 02 04 43 22 0.734464
2013 07 02 04 43 23 0.741120
2013 07 02 04 43 24 0.747776
2013 07 02 04 43 25 0.754176
2013 07 02 04 43 26 0.760832
2013 07 02 04 43 27 0.767488
2013 07 02 04 43 28 0.774144
2013 07 02 04 43 29 0.780800
2013 07 02 04 43 30 0.787456
2013 07 02 04 43 31 0.794112
2013 07 02 04 43 32 0.800768
2013 07 02 04 43 34 0.059136
2013 07 02 04 43 35 0.065792
2013 07 02 04 43 36 0.072448
2013 07 02 04 43 37 0.079104
2013 07 02 04 43 38 0.085760
2013 07 02 04 43 39 0.092416
2013 07 02 04 43 40 0.099072
2013 07 02 04 43 41 0.105728
2013 07 02 04 43 42 0.112128
2013 07 02 04 43 43 0.118784
2013 07 02 04 43 44 0.125440
2013 07 02 04 43 45 0.132096
2013 07 02 04 43 46 0.138752
2013 07 02 04 43 47 0.145408
2013 07 02 04 43 48 0.152064
2013 07 02 04 43 49 0.158720
2013 07 02 04 43 50 0.165376
2013 07 02 04 43 51 0.171776
2013 07 02 04 43 52 0.178432
2013 07 02 04 43 53 0.185088
2013 07 02 04 43 54 0.191744
2013 07 02 04 43 55 0.198400
2013 07 02 04 43 56 0.205056
2013 07 02 04 43 57 0.211712
2013 07 02 04 43 58 0.218368
2013 07 02 04 43 59 0.225024
2013 07 02 04 44 00 0.231680
2013 07 02 04 44 01 0.238336
2013 07 02 04 44 02 0.244992
2013 07 02 04 44 03 0.251648
2013 07 02 04 44 04 0.258048
2013 07 02 04 44 05 0.264704
2013 07 02 04 44 06 0.271360
2013 07 02 04 44 07 0.278016
2013 07 02 04 44 08 0.536064
2013 07 02 04 44 09 0.542720
2013 07 02 04 44 10 0.549376
2013 07 02 04 44 11 0.556032
2013 07 02 04 44 12 0.562688
2013 07 02 04 44 13 0.569344
2013 07 02 04 44 14 0.324352
2013 07 02 04 44 15 0.331008
2013 07 02 04 44 16 0.337664
2013 07 02 04 44 17 0.344320
2013 07 02 04 44 18 0.350976
2013 07 02 04 44 19 0.609024
2013 07 02 04 44 20 0.615680
2013 07 02 04 44 21 0.622336
2013 07 02 04 44 22 0.628992
2013 07 02 04 44 23 0.635648
2013 07 02 04 44 24 0.642304
2013 07 02 04 44 25 0.648960
2013 07 02 04 44 26 0.655616
2013 07 02 04 44 27 0.662272
2013 07 02 04 44 28 0.668928
2013 07 02 04 44 29 0.675328
2013 07 02 04 44 30 0.681984
2013 07 02 04 44 31 0.688640
2013 07 02 04 44 32 0.695296
2013 07 02 04 44 33 0.701952
2013 07 02 04 44 34 0.708608
2013 07 02 04 44 35 0.715264
2013 07 02 04 44 36 0.721920
2013 07 02 04 44 37 0.728576
2013 07 02 04 44 38 0.735232
2013 07 02 04 44 39 0.741888
2013 07 02 04 44 40 0.748288
2013 07 02 04 44 41 0.754944
2013 07 02 04 44 42 0.761600
2013 07 02 04 44 43 0.768256
2013 07 02 04 44 44 0.774912
2013 07 02 04 44 45 0.781568
2013 07 02 04 44 47 0.039936
2013 07 02 04 44 48 0.046592
2013 07 02 04 44 49 0.304640
2013 07 02 04 44 50 0.311296
2013 07 02 04 44 51 0.317952
2013 07 02 04 44 52 0.576512
2013 07 02 04 44 53 0.583168
2013 07 02 04 44 54 0.589568
2013 07 02 04 44 55 0.596480
2013 07 02 04 44 56 0.603136
2013 07 02 04 44 57 0.609536
2013 07 02 04 44 58 0.616192
2013 07 02 04 44 59 0.622848
2013 07 02 04 45 00 0.629504
2013 07 02 04 45 01 0.636160
2013 07 02 04 45 02 0.642816
2013 07 02 04 45 03 0.397568
2013 07 02 04 45 04 0.404224
2013 07 02 04 45 05 0.410880
2013 07 02 04 45 06 0.417536
2013 07 02 04 45 07 0.424192
2013 07 02 04 45 08 0.430848
2013 07 02 04 45 09 0.437248
2013 07 02 04 45 10 0.192512
2013 07 02 04 45 11 0.199168
2013 07 02 04 45 12 0.205824
2013 07 02 04 45 13 0.212480
2013 07 02 04 45 14 0.219136
2013 07 02 04 45 15 0.225536
2013 07 02 04 45 16 0.232192
2013 07 02 04 45 17 0.238848
2013 07 02 04 45 18 0.245504
2013 07 02 04 45 19 0.252160
2013 07 02 04 45 20 0.258816
2013 07 02 04 45 21 0.265472
2013 07 02 04 45 22 0.523520
2013 07 02 04 45 23 0.530176
2013 07 02 04 45 24 0.536832
2013 07 02 04 45 25 0.543488
2013 07 02 04 45 26 0.550144
2013 07 02 04 45 27 0.556800
2013 07 02 04 45 28 0.563456
2013 07 02 04 45 29 0.570112
2013 07 02 04 45 30 0.576768
2013 07 02 04 45 31 0.583168
2013 07 02 04 45 32 0.589824
2013 07 02 04 45 33 0.596480
2013 07 02 04 45 34 0.603136
2013 07 02 04 45 35 0.609792
2013 07 02 04 45 36 0.616448
2013 07 02 04 45 37 0.623104
2013 07 02 04 45 38 0.629760
2013 07 02 04 45 39 0.636416
2013 07 02 04 45 40 0.643072
2013 07 02 04 45 41 0.901376
2013 07 02 04 45 43 0.159488
2013 07 02 04 45 44 0.166144
2013 07 02 04 45 45 0.172800
2013 07 02 04 45 46 0.179456
2013 07 02 04 45 47 0.186112
2013 07 02 04 45 48 0.192768
2013 07 02 04 45 49 0.199424
2013 07 02 04 45 50 0.206080
2013 07 02 04 45 51 0.464384
2013 07 02 04 45 52 0.471040
2013 07 02 04 45 53 0.729088
2013 07 02 04 45 54 0.735744
2013 07 02 04 45 55 0.742400
2013 07 02 04 45 56 0.749056
2013 07 02 04 45 57 0.755712
2013 07 02 04 45 58 0.762368
2013 07 02 04 45 59 0.769024
2013 07 02 04 46 00 0.775680
2013 07 02 04 46 01 0.782336
2013 07 02 04 46 02 0.788992
2013 07 02 04 46 03 0.544000
2013 07 02 04 46 04 0.550656
2013 07 02 04 46 05 0.557312
2013 07 02 04 46 06 0.563968
2013 07 02 04 46 07 0.570624
2013 07 02 04 46 08 0.325376
2013 07 02 04 46 09 0.332032
2013 07 02 04 46 10 0.338688
2013 07 02 04 46 11 0.345344
2013 07 02 04 46 12 0.351744
2013 07 02 04 46 13 0.358400
2013 07 02 04 46 14 0.113664
2013 07 02 04 46 15 0.120320
2013 07 02 04 46 16 0.126976
2013 07 02 04 46 17 0.133632
2013 07 02 04 46 18 0.140288
2013 07 02 04 46 19 0.146944
2013 07 02 04 46 20 0.153344
2013 07 02 04 46 21 0.160000
2013 07 02 04 46 22 0.166656
2013 07 02 04 46 23 0.173312
2013 07 02 04 46 24 0.179968
2013 07 02 04 46 25 0.186624
2013 07 02 04 46 26 0.193280
2013 07 02 04 46 27 0.199936
2013 07 02 04 46 28 0.206336
2013 07 02 04 46 29 0.464640
2013 07 02 04 46 30 0.722944
2013 07 02 04 46 31 0.729600
2013 07 02 04 46 32 0.736256
2013 07 02 04 46 33 0.742912
2013 07 02 04 46 34 0.749568
2013 07 02 04 46 36 0.007680
2013 07 02 04 46 37 0.014336
2013 07 02 04 46 38 0.020992
2013 07 02 04 46 39 0.027648
2013 07 02 04 46 40 0.034304
2013 07 02 04 46 41 0.040960
2013 07 02 04 46 42 0.047616
2013 07 02 04 46 43 0.054016
2013 07 02 04 46 44 0.060672
2013 07 02 04 46 45 0.067328
2013 07 02 04 46 46 0.073984
2013 07 02 04 46 47 0.080640
2013 07 02 04 46 48 0.087296
2013 07 02 04 46 49 0.093952
2013 07 02 04 46 50 0.100608
2013 07 02 04 46 51 0.107264
2013 07 02 04 46 52 0.113920
2013 07 02 04 46 53 0.120576
2013 07 02 04 46 54 0.126976
2013 07 02 04 46 55 0.133632
2013 07 02 04 46 56 0.140288
2013 07 02 04 46 57 0.146944
2013 07 02 04 46 58 0.153600
2013 07 02 04 46 59 0.160256
2013 07 02 04 47 00 0.166912
2013 07 02 04 47 01 0.173568
2013 07 02 04 47 01 0.928768
2013 07 02 04 47 02 0.935424
2013 07 02 04 47 03 0.941824
2013 07 02 04 47 04 0.948480
2013 07 02 04 47 05 0.955136
2013 07 02 04 47 06 0.961792
2013 07 02 04 47 07 0.968448
2013 07 02 04 47 08 0.975104
2013 07 02 04 47 09 0.981760
2013 07 02 04 47 10 0.988416
2013 07 02 04 47 11 0.995072
2013 07 02 04 47 13 0.001536
2013 07 02 04 47 14 0.259840
2013 07 02 04 47 15 0.266496
2013 07 02 04 47 16 0.524800
2013 07 02 04 47 17 0.782848
2013 07 02 04 47 18 0.789504
2013 07 02 04 47 19 0.796160
2013 07 02 04 47 20 0.802816
2013 07 02 04 47 21 0.809472
2013 07 02 04 47 22 0.816128
2013 07 02 04 47 23 0.822784
2013 07 02 04 47 24 0.829440
2013 07 02 04 47 25 0.836096
2013 07 02 04 47 26 0.842496
2013 07 02 04 47 27 0.849152
2013 07 02 04 47 28 0.855808
2013 07 02 04 47 29 0.862464
2013 07 02 04 47 30 0.869120
2013 07 02 04 47 31 0.875776
2013 07 02 04 47 32 0.882432
2013 07 02 04 47 33 0.889088
2013 07 02 04 47 34 0.895744
2013 07 02 04 47 35 0.902400
2013 07 02 04 47 36 0.909056
2013 07 02 04 47 37 0.915456
2013 07 02 04 47 38 0.922112
2013 07 02 04 47 39 0.928768
2013 07 02 04 47 41 0.187392
2013 07 02 04 47 42 0.194048
2013 07 02 04 47 43 0.200448
2013 07 02 04 47 44 0.207104
2013 07 02 04 47 45 0.213760
2013 07 02 04 47 46 0.220416
2013 07 02 04 47 47 0.227072
2013 07 02 04 47 48 0.233728
2013 07 02 04 47 49 0.240384
2013 07 02 04 47 50 0.247040
2013 07 02 04 47 51 0.253696
2013 07 02 04 47 52 0.260096
2013 07 02 04 47 53 0.266752
2013 07 02 04 47 54 0.273408
2013 07 02 04 47 55 0.280064
2013 07 02 04 47 56 0.286720
2013 07 02 04 47 57 0.293376
2013 07 02 04 47 58 0.300032
2013 07 02 04 47 59 0.306688
2013 07 02 04 48 00 0.313344
2013 07 02 04 48 01 0.320000
2013 07 02 04 48 02 0.326656
2013 07 02 04 48 03 0.333312
2013 07 02 04 48 04 0.339968
2013 07 02 04 48 05 0.346368
2013 07 02 04 48 06 0.353024
2013 07 02 04 48 07 0.359680
2013 07 02 04 48 08 0.366336
2013 07 02 04 48 09 0.372992
2013 07 02 04 48 10 0.379648
2013 07 02 04 48 11 0.386304
2013 07 02 04 48 12 0.392960
2013 07 02 04 48 13 0.399360
2013 07 02 04 48 14 0.406016
2013 07 02 04 48 15 0.412672
2013 07 02 04 48 16 0.670976
2013 07 02 04 48 17 0.929280
2013 07 02 04 48 18 0.935936
2013 07 02 04 48 19 0.942592
2013 07 02 04 48 20 0.949248
2013 07 02 04 48 21 0.955904
2013 07 02 04 48 22 0.710656
2013 07 02 04 48 23 0.717312
2013 07 02 04 48 24 0.723968
2013 07 02 04 48 25 0.730624
2013 07 02 04 48 26 0.737280
2013 07 02 04 48 27 0.743936
2013 07 02 04 48 28 0.750592
2013 07 02 04 48 29 0.756992
2013 07 02 04 48 30 0.763648
2013 07 02 04 48 31 0.770304
2013 07 02 04 48 32 0.776960
2013 07 02 04 48 33 0.783616
2013 07 02 04 48 34 0.790272
2013 07 02 04 48 35 0.796928
2013 07 02 04 48 36 0.803584
2013 07 02 04 48 37 0.810240
2013 07 02 04 48 38 0.816896
2013 07 02 04 48 40 0.075264
2013 07 02 04 48 41 0.081920
2013 07 02 04 48 42 0.088576
2013 07 02 04 48 43 0.095232
2013 07 02 04 48 44 0.101888
2013 07 02 04 48 45 0.108288
2013 07 02 04 48 46 0.114944
2013 07 02 04 48 46 0.869888
2013 07 02 04 48 47 0.876544
2013 07 02 04 48 48 0.883200
2013 07 02 04 48 49 0.889856
2013 07 02 04 48 50 0.896256
2013 07 02 04 48 51 0.902912
2013 07 02 04 48 52 0.909568
2013 07 02 04 48 54 0.168192
2013 07 02 04 48 55 0.174848
2013 07 02 04 48 56 0.181504
2013 07 02 04 48 57 0.187904
2013 07 02 04 48 58 0.194560
2013 07 02 04 48 59 0.201216
2013 07 02 04 49 00 0.207872
2013 07 02 04 49 01 0.214528
2013 07 02 04 49 02 0.221184
2013 07 02 04 49 03 0.227840
2013 07 02 04 49 04 0.234496
2013 07 02 04 49 05 0.241152
2013 07 02 04 49 06 0.247552
2013 07 02 04 49 07 0.254208
2013 07 02 04 49 08 0.260864
2013 07 02 04 49 09 0.267520
2013 07 02 04 49 10 0.525824
2013 07 02 04 49 11 0.532224
2013 07 02 04 49 12 0.538880
2013 07 02 04 49 13 0.797440
2013 07 02 04 49 14 0.804096
2013 07 02 04 49 15 0.810752
2013 07 02 04 49 17 0.068864
2013 07 02 04 49 18 0.327424
2013 07 02 04 49 19 0.333824
2013 07 02 04 49 20 0.340480
2013 07 02 04 49 21 0.598528
2013 07 02 04 49 22 0.605184
2013 07 02 04 49 23 0.863744
2013 07 02 04 49 24 0.870400
2013 07 02 04 49 25 0.877056
2013 07 02 04 49 26 0.883712
2013 07 02 04 49 27 0.638464
2013 07 02 04 49 28 0.645120
2013 07 02 04 49 29 0.651776
2013 07 02 04 49 30 0.658432
2013 07 02 04 49 31 0.665088
2013 07 02 04 49 32 0.671488
2013 07 02 04 49 33 0.426752
2013 07 02 04 49 34 0.433408
2013 07 02 04 49 35 0.440064
2013 07 02 04 49 36 0.446720
2013 07 02 04 49 37 0.453376
2013 07 02 04 49 38 0.460032
2013 07 02 04 49 39 0.466688
2013 07 02 04 49 40 0.473088
2013 07 02 04 49 41 0.479744
2013 07 02 04 49 42 0.486400
2013 07 02 04 49 43 0.493056
2013 07 02 04 49 44 0.499712
2013 07 02 04 49 45 0.506368
2013 07 02 04 49 46 0.513024
2013 07 02 04 49 47 0.519680
2013 07 02 04 49 48 0.526080
2013 07 02 04 49 49 0.532736
2013 07 02 04 49 50 0.539392
2013 07 02 04 49 51 0.797696
2013 07 02 04 49 53 0.056064
2013 07 02 04 49 54 0.314112
2013 07 02 04 49 55 0.572672
2013 07 02 04 49 56 0.579328
2013 07 02 04 49 57 0.837376
2013 07 02 04 49 59 0.096000
2013 07 02 04 50 00 0.102400
2013 07 02 04 50 01 0.109056
2013 07 02 04 50 02 0.115712
2013 07 02 04 50 03 0.122368
2013 07 02 04 50 04 0.129024
2013 07 02 04 50 05 0.135680
2013 07 02 04 50 06 0.142336
2013 07 02 04 50 07 0.148992
2013 07 02 04 50 08 0.155392
2013 07 02 04 50 09 0.162048
2013 07 02 04 50 10 0.168704
2013 07 02 04 50 11 0.175360
2013 07 02 04 50 12 0.182016
2013 07 02 04 50 13 0.188672
2013 07 02 04 50 14 0.195328
2013 07 02 04 50 15 0.201984
2013 07 02 04 50 16 0.208640
2013 07 02 04 50 17 0.215296
2013 07 02 04 50 18 0.221952
2013 07 02 04 50 19 0.228608
2013 07 02 04 50 20 0.235008
2013 07 02 04 50 21 0.241664
2013 07 02 04 50 22 0.248320
2013 07 02 04 50 23 0.254976
2013 07 02 04 50 24 0.261632
2013 07 02 04 50 25 0.268288
2013 07 02 04 50 26 0.274944
2013 07 02 04 50 27 0.281600
2013 07 02 04 50 28 0.288256
2013 07 02 04 50 29 0.546304
2013 07 02 04 50 30 0.552960
2013 07 02 04 50 31 0.559616
2013 07 02 04 50 32 0.566272
2013 07 02 04 50 33 0.824576
2013 07 02 04 50 35 0.082688
2013 07 02 04 50 36 0.089344
2013 07 02 04 50 37 0.096000
2013 07 02 04 50 38 0.354560
2013 07 02 04 50 39 0.361216
2013 07 02 04 50 40 0.619264
2013 07 02 04 50 41 0.877824
2013 07 02 04 50 42 0.884480
2013 07 02 04 50 43 0.890880
2013 07 02 04 50 45 0.148992
2013 07 02 04 50 46 0.155648
2013 07 02 04 50 47 0.162304
2013 07 02 04 50 48 0.168960
2013 07 02 04 50 49 0.175616
2013 07 02 04 50 50 0.182272
2013 07 02 04 50 51 0.188928
2013 07 02 04 50 52 0.195584
2013 07 02 04 50 53 0.202240
2013 07 02 04 50 54 0.208896
2013 07 02 04 50 55 0.215552
2013 07 02 04 50 56 0.221952
2013 07 02 04 50 57 0.228608
2013 07 02 04 50 58 0.235264
2013 07 02 04 50 59 0.241920
2013 07 02 04 51 00 0.248576
2013 07 02 04 51 01 0.255232
2013 07 02 04 51 02 0.261888
2013 07 02 04 51 03 0.268544
2013 07 02 04 51 04 0.275200
2013 07 02 04 51 05 0.281856
2013 07 02 04 51 06 0.288512
2013 07 02 04 51 07 0.294912
2013 07 02 04 51 08 0.301568
2013 07 02 04 51 09 0.308224
2013 07 02 04 51 10 0.314880
2013 07 02 04 51 11 0.321536
2013 07 02 04 51 12 0.328192
2013 07 02 04 51 13 0.334848
2013 07 02 04 51 14 0.593152
2013 07 02 04 51 15 0.599808
2013 07 02 04 51 16 0.606464
2013 07 02 04 51 17 0.613120
2013 07 02 04 51 18 0.619776
2013 07 02 04 51 19 0.626432
2013 07 02 04 51 20 0.633088
2013 07 02 04 51 21 0.639744
2013 07 02 04 51 22 0.646400
2013 07 02 04 51 23 0.653056
2013 07 02 04 51 24 0.659712
2013 07 02 04 51 25 0.666112
2013 07 02 04 51 26 0.672768
2013 07 02 04 51 27 0.679424
2013 07 02 04 51 28 0.434176
2013 07 02 04 51 29 0.440832
2013 07 02 04 51 30 0.447488
2013 07 02 04 51 31 0.454144
2013 07 02 04 51 32 0.209408
2013 07 02 04 51 33 0.215808
2013 07 02 04 51 34 0.222464
2013 07 02 04 51 35 0.229120
2013 07 02 04 51 36 0.235776
2013 07 02 04 51 37 0.242432
2013 07 02 04 51 38 0.249088
2013 07 02 04 51 39 0.255744
2013 07 02 04 51 40 0.262400
2013 07 02 04 51 41 0.269056
2013 07 02 04 51 42 0.275712
2013 07 02 04 51 43 0.282368
2013 07 02 04 51 44 0.289024
2013 07 02 04 51 45 0.295424
2013 07 02 04 51 46 0.302080
2013 07 02 04 51 47 0.308736
2013 07 02 04 51 48 0.315392
2013 07 02 04 51 49 0.322048
2013 07 02 04 51 50 0.328704
2013 07 02 04 51 51 0.335360
2013 07 02 04 51 52 0.593408
2013 07 02 04 51 53 0.600064
2013 07 02 04 51 54 0.606720
2013 07 02 04 51 55 0.613376
2013 07 02 04 51 56 0.620032
2013 07 02 04 51 57 0.626688
2013 07 02 04 51 58 0.633344
2013 07 02 04 51 59 0.639744
2013 07 02 04 52 00 0.646400
2013 07 02 04 52 01 0.653056
2013 07 02 04 52 02 0.659712
2013 07 02 04 52 03 0.666368
2013 07 02 04 52 04 0.673024
2013 07 02 04 52 05 0.679680
2013 07 02 04 52 06 0.686336
2013 07 02 04 52 07 0.692992
2013 07 02 04 52 08 0.699648
2013 07 02 04 52 09 0.706304
2013 07 02 04 52 10 0.712704
2013 07 02 04 52 11 0.719360
2013 07 02 04 52 12 0.726016
2013 07 02 04 52 13 0.732672
2013 07 02 04 52 14 0.739328
2013 07 02 04 52 15 0.745984
2013 07 02 04 52 16 0.752640
2013 07 02 04 52 18 0.011008
2013 07 02 04 52 19 0.017664
2013 07 02 04 52 20 0.024320
2013 07 02 04 52 21 0.030976
2013 07 02 04 52 22 0.037632
2013 07 02 04 52 23 0.044288
2013 07 02 04 52 24 0.050944
2013 07 02 04 52 25 0.057600
2013 07 02 04 52 26 0.064000
2013 07 02 04 52 27 0.322304
2013 07 02 04 52 28 0.328960
2013 07 02 04 52 29 0.335616
2013 07 02 04 52 30 0.342016
2013 07 02 04 52 31 0.097280
2013 07 02 04 52 32 0.103936
2013 07 02 04 52 33 0.110592
2013 07 02 04 52 34 0.117248
2013 07 02 04 52 34 0.871936
2013 07 02 04 52 35 0.878592
2013 07 02 04 52 36 0.885248
2013 07 02 04 52 37 0.891904
2013 07 02 04 52 38 0.898560
2013 07 02 04 52 39 0.653568
2013 07 02 04 52 40 0.660224
2013 07 02 04 52 41 0.666880
2013 07 02 04 52 42 0.673536
2013 07 02 04 52 43 0.680192
2013 07 02 04 52 44 0.686848
2013 07 02 04 52 45 0.693504
2013 07 02 04 52 46 0.700160
2013 07 02 04 52 47 0.706560
2013 07 02 04 52 48 0.713216
2013 07 02 04 52 49 0.719872
2013 07 02 04 52 50 0.726528
2013 07 02 04 52 51 0.733184
2013 07 02 04 52 52 0.739840
2013 07 02 04 52 53 0.746496
2013 07 02 04 52 54 0.753152
2013 07 02 04 52 55 0.759808
2013 07 02 04 52 56 0.766464
2013 07 02 04 52 58 0.024576
2013 07 02 04 52 59 0.031232
2013 07 02 04 53 00 0.037888
2013 07 02 04 53 01 0.044544
2013 07 02 04 53 02 0.051200
2013 07 02 04 53 03 0.057600
2013 07 02 04 53 04 0.064512
2013 07 02 04 53 05 0.070912
2013 07 02 04 53 06 0.077568
2013 07 02 04 53 07 0.084224
2013 07 02 04 53 08 0.090880
2013 07 02 04 53 09 0.097536
2013 07 02 04 53 10 0.104192
2013 07 02 04 53 11 0.110848
2013 07 02 04 53 12 0.117248
2013 07 02 04 53 13 0.123904
2013 07 02 04 53 14 0.130560
2013 07 02 04 53 15 0.137216
2013 07 02 04 53 16 0.143872
2013 07 02 04 53 17 0.150528
2013 07 02 04 53 18 0.157184
2013 07 02 04 53 19 0.163840
2013 07 02 04 53 20 0.170496
2013 07 02 04 53 21 0.177152
2013 07 02 04 53 22 0.183552
2013 07 02 04 53 23 0.190208
2013 07 02 04 53 24 0.196864
2013 07 02 04 53 25 0.203520
2013 07 02 04 53 26 0.210176
2013 07 02 04 53 27 0.216832
2013 07 02 04 53 28 0.223488
2013 07 02 04 53 29 0.481792
2013 07 02 04 53 30 0.488448
2013 07 02 04 53 31 0.495104
2013 07 02 04 53 32 0.501760
2013 07 02 04 53 33 0.508416
2013 07 02 04 53 34 0.515072
2013 07 02 04 53 35 0.521728
2013 07 02 04 53 36 0.528384
2013 07 02 04 53 37 0.535040
2013 07 02 04 53 38 0.541696
2013 07 02 04 53 39 0.548096
2013 07 02 04 53 40 0.554752
2013 07 02 04 53 41 0.561408
2013 07 02 04 53 42 0.819456
2013 07 02 04 53 43 0.826112
2013 07 02 04 53 44 0.832768
2013 07 02 04 53 46 0.091136
2013 07 02 04 53 47 0.097792
2013 07 02 04 53 48 0.104448
2013 07 02 04 53 49 0.362496
2013 07 02 04 53 50 0.369152
2013 07 02 04 53 51 0.375808
2013 07 02 04 53 52 0.382464
2013 07 02 04 53 53 0.389120
2013 07 02 04 53 54 0.395776
2013 07 02 04 53 55 0.402432
2013 07 02 04 53 56 0.409088
2013 07 02 04 53 57 0.415744
2013 07 02 04 53 58 0.422400
2013 07 02 04 53 59 0.428800
2013 07 02 04 54 00 0.435456
2013 07 02 04 54 01 0.442112
2013 07 02 04 54 02 0.448768
2013 07 02 04 54 03 0.455424
2013 07 02 04 54 04 0.462080
2013 07 02 04 54 05 0.468736
2013 07 02 04 54 06 0.475392
2013 07 02 04 54 07 0.482048
2013 07 02 04 54 08 0.740352
2013 07 02 04 54 09 0.747008
2013 07 02 04 54 11 0.005120
2013 07 02 04 54 12 0.263424
2013 07 02 04 54 13 0.270080
2013 07 02 04 54 14 0.276736
2013 07 02 04 54 15 0.283648
2013 07 02 04 54 16 0.290048
2013 07 02 04 54 17 0.296704
2013 07 02 04 54 18 0.303360
2013 07 02 04 54 19 0.561408
2013 07 02 04 54 20 0.568064
2013 07 02 04 54 21 0.574720
2013 07 02 04 54 22 0.581376
2013 07 02 04 54 23 0.588032
2013 07 02 04 54 24 0.594688
2013 07 02 04 54 25 0.601344
2013 07 02 04 54 26 0.607744
2013 07 02 04 54 27 0.614400
2013 07 02 04 54 28 0.621056
2013 07 02 04 54 29 0.627712
2013 07 02 04 54 30 0.634368
2013 07 02 04 54 31 0.641024
2013 07 02 04 54 32 0.647680
2013 07 02 04 54 33 0.654336
2013 07 02 04 54 34 0.660992
2013 07 02 04 54 35 0.667392
2013 07 02 04 54 36 0.674048
2013 07 02 04 54 37 0.680704
2013 07 02 04 54 38 0.687360
2013 07 02 04 54 39 0.694016
2013 07 02 04 54 40 0.700672
2013 07 02 04 54 41 0.707328
2013 07 02 04 54 42 0.713984
2013 07 02 04 54 43 0.720640
2013 07 02 04 54 44 0.727040
2013 07 02 04 54 45 0.733696
2013 07 02 04 54 46 0.992256
2013 07 02 04 54 47 0.998912
2013 07 02 04 54 49 0.005376
2013 07 02 04 54 50 0.012032
2013 07 02 04 54 51 0.018688
2013 07 02 04 54 52 0.025344
2013 07 02 04 54 53 0.032000
2013 07 02 04 54 54 0.038656
2013 07 02 04 54 55 0.045312
2013 07 02 04 54 56 0.051968
2013 07 02 04 54 57 0.058624
2013 07 02 04 54 58 0.065280
2013 07 02 04 54 59 0.071936
2013 07 02 04 55 00 0.078336
2013 07 02 04 55 01 0.084992
2013 07 02 04 55 02 0.091648
2013 07 02 04 55 03 0.098304
2013 07 02 04 55 04 0.104960
2013 07 02 04 55 05 0.111616
2013 07 02 04 55 06 0.118272
2013 07 02 04 55 07 0.124672
2013 07 02 04 55 08 0.131328
2013 07 02 04 55 09 0.137984
2013 07 02 04 55 10 0.144640
2013 07 02 04 55 11 0.151296
2013 07 02 04 55 12 0.157952
2013 07 02 04 55 13 0.164608
2013 07 02 04 55 14 0.171264
2013 07 02 04 55 15 0.177920
2013 07 02 04 55 16 0.184576
2013 07 02 04 55 17 0.191232
2013 07 02 04 55 18 0.449280
2013 07 02 04 55 19 0.455936
2013 07 02 04 55 20 0.462592
2013 07 02 04 55 21 0.468992
2013 07 02 04 55 22 0.475648
2013 07 02 04 55 23 0.482304
2013 07 02 04 55 24 0.488960
2013 07 02 04 55 25 0.495616
2013 07 02 04 55 26 0.502272
2013 07 02 04 55 27 0.508928
2013 07 02 04 55 28 0.515584
2013 07 02 04 55 29 0.522240
2013 07 02 04 55 30 0.528640
2013 07 02 04 55 31 0.535296
2013 07 02 04 55 32 0.541952
2013 07 02 04 55 33 0.297216
2013 07 02 04 55 34 0.303872
2013 07 02 04 55 35 0.310272
2013 07 02 04 55 36 0.065280
2013 07 02 04 55 37 0.071936
2013 07 02 04 55 38 0.078336
2013 07 02 04 55 39 0.084992
2013 07 02 04 55 39 0.840192
2013 07 02 04 55 40 0.846848
2013 07 02 04 55 41 0.853504
2013 07 02 04 55 42 0.860160
2013 07 02 04 55 43 0.866816
2013 07 02 04 55 44 0.873472
2013 07 02 04 55 45 0.879872
2013 07 02 04 55 46 0.886528
2013 07 02 04 55 47 0.893184
2013 07 02 04 55 48 0.899840
2013 07 02 04 55 49 0.906496
2013 07 02 04 55 51 0.164608
2013 07 02 04 55 52 0.171264
2013 07 02 04 55 53 0.177920
2013 07 02 04 55 54 0.436224
2013 07 02 04 55 55 0.694528
2013 07 02 04 55 56 0.952832
2013 07 02 04 55 57 0.959488
2013 07 02 04 55 58 0.966144
2013 07 02 04 56 00 0.224256
2013 07 02 04 56 01 0.482816
2013 07 02 04 56 02 0.489472
2013 07 02 04 56 03 0.496128
2013 07 02 04 56 04 0.502784
2013 07 02 04 56 05 0.509184
2013 07 02 04 56 06 0.515840
2013 07 02 04 56 07 0.522496
2013 07 02 04 56 08 0.529152
2013 07 02 04 56 09 0.535808
2013 07 02 04 56 10 0.542464
2013 07 02 04 56 11 0.548864
2013 07 02 04 56 12 0.555520
2013 07 02 04 56 13 0.562176
2013 07 02 04 56 14 0.568832
2013 07 02 04 56 15 0.575488
2013 07 02 04 56 16 0.582144
2013 07 02 04 56 17 0.588800
2013 07 02 04 56 18 0.595456
2013 07 02 04 56 19 0.602112
2013 07 02 04 56 20 0.608768
2013 07 02 04 56 21 0.615424
2013 07 02 04 56 22 0.621824
2013 07 02 04 56 23 0.628480
2013 07 02 04 56 24 0.886784
2013 07 02 04 56 25 0.893184
2013 07 02 04 56 26 0.899840
2013 07 02 04 56 28 0.158464
2013 07 02 04 56 29 0.164864
2013 07 02 04 56 30 0.423168
2013 07 02 04 56 31 0.429824
2013 07 02 04 56 32 0.688128
2013 07 02 04 56 33 0.694784
2013 07 02 04 56 34 0.701440
2013 07 02 04 56 35 0.708096
2013 07 02 04 56 36 0.714752
2013 07 02 04 56 37 0.721408
2013 07 02 04 56 38 0.728064
2013 07 02 04 56 39 0.734720
2013 07 02 04 56 40 0.741376
2013 07 02 04 56 41 0.747776
2013 07 02 04 56 42 0.754432
2013 07 02 04 56 43 0.761088
2013 07 02 04 56 44 0.767744
2013 07 02 04 56 45 0.774400
2013 07 02 04 56 46 0.781056
2013 07 02 04 56 47 0.787712
2013 07 02 04 56 48 0.794112
2013 07 02 04 56 49 0.801024
2013 07 02 04 56 50 0.807424
2013 07 02 04 56 51 0.814080
2013 07 02 04 56 52 0.820736
2013 07 02 04 56 54 0.078848
2013 07 02 04 56 55 0.085504
2013 07 02 04 56 56 0.092160
2013 07 02 04 56 57 0.098816
2013 07 02 04 56 58 0.105472
2013 07 02 04 56 59 0.112128
2013 07 02 04 57 00 0.118784
2013 07 02 04 57 01 0.125184
2013 07 02 04 57 02 0.131840
2013 07 02 04 57 03 0.390400
2013 07 02 04 57 04 0.397056
2013 07 02 04 57 05 0.403712
2013 07 02 04 57 06 0.410112
2013 07 02 04 57 07 0.416768
2013 07 02 04 57 08 0.423424
2013 07 02 04 57 09 0.430080
2013 07 02 04 57 10 0.436736
2013 07 02 04 57 11 0.443392
2013 07 02 04 57 12 0.450048
2013 07 02 04 57 13 0.456704
2013 07 02 04 57 14 0.463360
2013 07 02 04 57 15 0.470016
2013 07 02 04 57 16 0.476672
2013 07 02 04 57 17 0.483072
2013 07 02 04 57 18 0.489728
2013 07 02 04 57 19 0.496384
2013 07 02 04 57 20 0.503040
2013 07 02 04 57 21 0.509696
2013 07 02 04 57 22 0.516352
2013 07 02 04 57 23 0.523008
2013 07 02 04 57 24 0.529664
2013 07 02 04 57 25 0.536320
2013 07 02 04 57 26 0.542720
2013 07 02 04 57 27 0.549376
2013 07 02 04 57 28 0.556032
2013 07 02 04 57 29 0.562688
2013 07 02 04 57 30 0.569344
2013 07 02 04 57 31 0.576000
2013 07 02 04 57 32 0.582656
2013 07 02 04 57 33 0.589312
2013 07 02 04 57 34 0.595712
2013 07 02 04 57 35 0.602624
2013 07 02 04 57 36 0.609024
2013 07 02 04 57 37 0.615680
2013 07 02 04 57 38 0.622336
2013 07 02 04 57 39 0.628992
2013 07 02 04 57 40 0.635648
2013 07 02 04 57 41 0.642304
2013 07 02 04 57 42 0.648960
2013 07 02 04 57 43 0.655616
2013 07 02 04 57 44 0.662272
2013 07 02 04 57 45 0.668672
2013 07 02 04 57 46 0.675328
2013 07 02 04 57 47 0.681984
2013 07 02 04 57 48 0.940032
2013 07 02 04 57 49 0.946688
2013 07 02 04 57 50 0.953344
2013 07 02 04 57 52 0.211712
2013 07 02 04 57 53 0.470016
2013 07 02 04 57 54 0.476672
2013 07 02 04 57 55 0.483328
2013 07 02 04 57 56 0.489984
2013 07 02 04 57 57 0.496384
2013 07 02 04 57 58 0.503040
2013 07 02 04 57 59 0.509696
2013 07 02 04 58 00 0.516352
2013 07 02 04 58 01 0.523008
2013 07 02 04 58 02 0.529664
2013 07 02 04 58 03 0.536320
2013 07 02 04 58 04 0.542976
2013 07 02 04 58 05 0.549632
2013 07 02 04 58 06 0.556032
2013 07 02 04 58 07 0.562688
2013 07 02 04 58 08 0.569344
2013 07 02 04 58 09 0.576000
2013 07 02 04 58 10 0.582656
2013 07 02 04 58 11 0.589312
2013 07 02 04 58 12 0.595968
2013 07 02 04 58 13 0.602624
2013 07 02 04 58 14 0.609280
2013 07 02 04 58 15 0.615936
2013 07 02 04 58 16 0.622336
2013 07 02 04 58 17 0.628992
2013 07 02 04 58 18 0.635648
2013 07 02 04 58 19 0.642304
2013 07 02 04 58 20 0.648960
2013 07 02 04 58 21 0.655616
2013 07 02 04 58 22 0.662272
2013 07 02 04 58 23 0.668928
2013 07 02 04 58 24 0.675584
2013 07 02 04 58 25 0.681984
2013 07 02 04 58 26 0.688640
2013 07 02 04 58 27 0.695296
2013 07 02 04 58 28 0.953856
2013 07 02 04 58 30 0.211968
2013 07 02 04 58 31 0.470272
2013 07 02 04 58 32 0.476928
2013 07 02 04 58 33 0.483584
2013 07 02 04 58 34 0.490240
2013 07 02 04 58 35 0.496896
2013 07 02 04 58 36 0.503552
2013 07 02 04 58 37 0.510208
2013 07 02 04 58 38 0.516864
2013 07 02 04 58 39 0.523520
2013 07 02 04 58 40 0.530176
2013 07 02 04 58 41 0.536576
2013 07 02 04 58 42 0.543232
2013 07 02 04 58 43 0.549888
2013 07 02 04 58 44 0.556544
2013 07 02 04 58 45 0.563200
2013 07 02 04 58 46 0.569856
2013 07 02 04 58 47 0.576512
2013 07 02 04 58 48 0.583168
2013 07 02 04 58 49 0.841216
2013 07 02 04 58 50 0.847872
2013 07 02 04 58 51 0.854528
2013 07 02 04 58 52 0.861184
2013 07 02 04 58 53 0.867584
2013 07 02 04 58 54 0.874240
2013 07 02 04 58 55 0.880896
2013 07 02 04 58 56 0.887552
2013 07 02 04 58 57 0.894208
2013 07 02 04 58 58 0.900864
2013 07 02 04 58 59 0.907520
2013 07 02 04 59 00 0.914176
2013 07 02 04 59 01 0.920832
2013 07 02 04 59 02 0.927488
2013 07 02 04 59 03 0.933888
2013 07 02 04 59 04 0.940544
2013 07 02 04 59 05 0.947200
2013 07 02 04 59 06 0.953856
2013 07 02 04 59 07 0.960512
2013 07 02 04 59 08 0.967168
2013 07 02 04 59 09 0.973824
2013 07 02 04 59 10 0.980480
2013 07 02 04 59 11 0.987136
2013 07 02 04 59 12 0.993536
2013 07 02 04 59 14 0.000256
2013 07 02 04 59 15 0.006912
2013 07 02 04 59 16 0.013568
2013 07 02 04 59 17 0.020224
2013 07 02 04 59 18 0.026880
2013 07 02 04 59 19 0.033536
2013 07 02 04 59 20 0.039936
2013 07 02 04 59 21 0.046592
2013 07 02 04 59 22 0.053248
2013 07 02 04 59 23 0.059904
2013 07 02 04 59 24 0.066560
2013 07 02 04 59 25 0.073216
2013 07 02 04 59 26 0.079872
2013 07 02 04 59 27 0.086528
2013 07 02 04 59 28 0.093184
2013 07 02 04 59 29 0.099840
2013 07 02 04 59 30 0.106240
2013 07 02 04 59 31 0.112896
2013 07 02 04 59 32 0.119552
2013 07 02 04 59 33 0.126208
2013 07 02 04 59 34 0.132864
2013 07 02 04 59 35 0.139520
2013 07 02 04 59 36 0.398080
2013 07 02 04 59 37 0.404480
2013 07 02 04 59 38 0.411136
2013 07 02 04 59 39 0.417792
2013 07 02 04 59 40 0.675840
2013 07 02 04 59 41 0.682496
2013 07 02 04 59 42 0.941056
2013 07 02 04 59 44 0.199168
2013 07 02 04 59 45 0.457728
2013 07 02 04 59 46 0.464128
2013 07 02 04 59 47 0.470784
2013 07 02 04 59 48 0.477440
2013 07 02 04 59 49 0.484096
2013 07 02 04 59 50 0.490752
2013 07 02 04 59 51 0.497408
2013 07 02 04 59 52 0.504064
2013 07 02 04 59 53 0.510720
2013 07 02 04 59 54 0.517120
2013 07 02 04 59 55 0.523776
2013 07 02 04 59 56 0.782080
2013 07 02 04 59 58 0.040448
2013 07 02 04 59 59 0.047104
2013 07 02 05 00 00 0.053760
2013 07 02 05 00 01 0.060416
2013 07 02 05 00 02 0.067072
2013 07 02 05 00 03 0.073728
2013 07 02 05 00 04 0.080128
2013 07 02 05 00 05 0.086784
2013 07 02 05 00 06 0.093440
2013 07 02 05 00 07 0.100096
2013 07 02 05 00 08 0.106752
2013 07 02 05 00 09 0.113408
2013 07 02 05 00 10 0.120064
2013 07 02 05 00 11 0.126720
2013 07 02 05 00 12 0.133120
2013 07 02 05 00 13 0.139776
2013 07 02 05 00 14 0.146432
2013 07 02 05 00 15 0.153088
2013 07 02 05 00 16 0.159744
2013 07 02 05 00 17 0.166400
2013 07 02 05 00 18 0.173056
2013 07 02 05 00 19 0.179712
2013 07 02 05 00 20 0.186368
2013 07 02 05 00 21 0.193024
2013 07 02 05 00 22 0.199680
2013 07 02 05 00 23 0.206080
2013 07 02 05 00 24 0.212736
2013 07 02 05 00 25 0.219392
2013 07 02 05 00 26 0.226048
2013 07 02 05 00 27 0.232704
2013 07 02 05 00 28 0.239360
2013 07 02 05 00 29 0.246016
2013 07 02 05 00 30 0.504064
2013 07 02 05 00 31 0.510720
2013 07 02 05 00 32 0.265728
2013 07 02 05 00 33 0.272384
2013 07 02 05 00 34 0.530688
2013 07 02 05 00 35 0.537344
2013 07 02 05 00 36 0.795648
2013 07 02 05 00 38 0.053760
2013 07 02 05 00 39 0.312320
2013 07 02 05 00 40 0.318976
2013 07 02 05 00 41 0.325632
2013 07 02 05 00 42 0.332032
2013 07 02 05 00 43 0.338688
2013 07 02 05 00 44 0.345344
2013 07 02 05 00 45 0.352000
2013 07 02 05 00 46 0.358656
2013 07 02 05 00 47 0.365568
2013 07 02 05 00 48 0.371968
2013 07 02 05 00 49 0.378368
2013 07 02 05 00 50 0.385024
2013 07 02 05 00 51 0.391680
2013 07 02 05 00 52 0.398336
2013 07 02 05 00 53 0.404992
2013 07 02 05 00 54 0.411648
2013 07 02 05 00 55 0.418304
2013 07 02 05 00 56 0.424960
2013 07 02 05 00 57 0.431616
2013 07 02 05 00 58 0.689664
2013 07 02 05 00 59 0.696320
2013 07 02 05 01 00 0.702976
2013 07 02 05 01 01 0.709632
2013 07 02 05 01 02 0.716288
2013 07 02 05 01 03 0.974592
2013 07 02 05 01 04 0.981248
2013 07 02 05 01 05 0.987904
2013 07 02 05 01 06 0.994560
2013 07 02 05 01 08 0.001024
2013 07 02 05 01 09 0.007680
2013 07 02 05 01 10 0.014336
2013 07 02 05 01 11 0.020992
2013 07 02 05 01 12 0.027648
2013 07 02 05 01 13 0.034304
2013 07 02 05 01 14 0.040960
2013 07 02 05 01 15 0.047616
2013 07 02 05 01 16 0.054272
2013 07 02 05 01 17 0.060928
2013 07 02 05 01 18 0.067584
2013 07 02 05 01 19 0.073984
2013 07 02 05 01 20 0.080640
2013 07 02 05 01 21 0.087296
2013 07 02 05 01 22 0.093952
2013 07 02 05 01 23 0.100608
2013 07 02 05 01 24 0.107264
2013 07 02 05 01 25 0.113920
2013 07 02 05 01 26 0.120320
2013 07 02 05 01 27 0.126976
2013 07 02 05 01 28 0.133632
2013 07 02 05 01 29 0.140288
2013 07 02 05 01 30 0.398592
2013 07 02 05 01 31 0.404992
2013 07 02 05 01 32 0.411648
2013 07 02 05 01 33 0.418304
2013 07 02 05 01 34 0.424960
2013 07 02 05 01 35 0.683520
2013 07 02 05 01 36 0.690176
2013 07 02 05 01 37 0.696832
2013 07 02 05 01 38 0.954880
2013 07 02 05 01 40 0.213248
2013 07 02 05 01 41 0.471552
2013 07 02 05 01 42 0.729856
2013 07 02 05 01 43 0.987904
2013 07 02 05 01 45 0.246528
2013 07 02 05 01 46 0.504576
2013 07 02 05 01 47 0.511232
2013 07 02 05 01 48 0.769536
2013 07 02 05 01 49 0.776192
2013 07 02 05 01 50 0.782848
2013 07 02 05 01 51 0.789504
2013 07 02 05 01 52 0.796160
2013 07 02 05 01 53 0.802816
2013 07 02 05 01 54 0.809472
2013 07 02 05 01 55 0.816128
2013 07 02 05 01 56 0.822784
2013 07 02 05 01 57 0.829184
2013 07 02 05 01 58 0.835840
2013 07 02 05 01 59 0.842496
2013 07 02 05 02 00 0.849152
2013 07 02 05 02 01 0.855808
2013 07 02 05 02 02 0.862464
2013 07 02 05 02 03 0.869120
2013 07 02 05 02 04 0.875776
2013 07 02 05 02 05 0.882176
2013 07 02 05 02 06 0.888832
2013 07 02 05 02 07 0.895488
2013 07 02 05 02 08 0.902144
2013 07 02 05 02 09 0.908800
2013 07 02 05 02 10 0.915456
2013 07 02 05 02 11 0.922112
2013 07 02 05 02 12 0.928768
2013 07 02 05 02 13 0.935168
2013 07 02 05 02 14 0.941824
2013 07 02 05 02 15 0.948480
2013 07 02 05 02 16 0.955136
2013 07 02 05 02 17 0.961792
2013 07 02 05 02 18 0.968448
2013 07 02 05 02 20 0.226560
2013 07 02 05 02 21 0.233216
2013 07 02 05 02 22 0.239872
2013 07 02 05 02 23 0.246528
2013 07 02 05 02 24 0.253184
2013 07 02 05 02 25 0.259584
2013 07 02 05 02 26 0.266240
2013 07 02 05 02 27 0.272896
2013 07 02 05 02 28 0.279552
2013 07 02 05 02 29 0.286208
2013 07 02 05 02 30 0.292864
2013 07 02 05 02 31 0.299520
2013 07 02 05 02 32 0.306176
2013 07 02 05 02 33 0.312832
2013 07 02 05 02 34 0.319232
2013 07 02 05 02 35 0.325888
2013 07 02 05 02 36 0.332544
2013 07 02 05 02 37 0.339200
2013 07 02 05 02 38 0.345856
2013 07 02 05 02 39 0.352512
2013 07 02 05 02 40 0.359168
2013 07 02 05 02 41 0.365824
2013 07 02 05 02 42 0.372480
2013 07 02 05 02 43 0.378880
2013 07 02 05 02 44 0.385536
2013 07 02 05 02 45 0.392192
2013 07 02 05 02 46 0.398848
2013 07 02 05 02 47 0.405504
2013 07 02 05 02 48 0.412160
2013 07 02 05 02 49 0.418816
2013 07 02 05 02 50 0.425472
2013 07 02 05 02 51 0.432128
2013 07 02 05 02 52 0.438528
2013 07 02 05 02 53 0.445184
2013 07 02 05 02 54 0.451840
2013 07 02 05 02 55 0.458496
2013 07 02 05 02 56 0.465152
2013 07 02 05 02 57 0.471808
2013 07 02 05 02 58 0.478464
2013 07 02 05 02 59 0.736768
2013 07 02 05 03 00 0.743424
2013 07 02 05 03 01 0.750080
2013 07 02 05 03 02 0.756736
2013 07 02 05 03 03 0.763392
2013 07 02 05 03 04 0.770048
2013 07 02 05 03 05 0.776704
2013 07 02 05 03 06 0.783104
2013 07 02 05 03 07 0.789760
2013 07 02 05 03 08 0.796416
2013 07 02 05 03 09 0.803072
2013 07 02 05 03 10 0.809728
2013 07 02 05 03 11 0.816384
2013 07 02 05 03 12 0.823040
2013 07 02 05 03 13 0.829696
2013 07 02 05 03 14 0.836352
2013 07 02 05 03 15 0.843008
2013 07 02 05 03 16 0.849664
2013 07 02 05 03 17 0.856064
2013 07 02 05 03 18 0.862720
2013 07 02 05 03 19 0.869376
2013 07 02 05 03 20 0.876032
2013 07 02 05 03 21 0.882688
2013 07 02 05 03 22 0.889344
2013 07 02 05 03 23 0.896000
2013 07 02 05 03 24 0.902656
2013 07 02 05 03 26 0.160768
2013 07 02 05 03 27 0.167168
2013 07 02 05 03 28 0.425728
2013 07 02 05 03 29 0.683776
2013 07 02 05 03 30 0.690432
2013 07 02 05 03 31 0.697088
2013 07 02 05 03 32 0.703744
2013 07 02 05 03 33 0.710400
2013 07 02 05 03 34 0.465408
2013 07 02 05 03 35 0.472064
2013 07 02 05 03 36 0.478720
2013 07 02 05 03 37 0.485376
2013 07 02 05 03 38 0.492032
2013 07 02 05 03 39 0.498688
2013 07 02 05 03 40 0.505344
2013 07 02 05 03 41 0.512000
2013 07 02 05 03 42 0.518656
2013 07 02 05 03 43 0.525056
2013 07 02 05 03 44 0.531712
2013 07 02 05 03 45 0.538368
2013 07 02 05 03 46 0.796416
2013 07 02 05 03 47 0.803072
2013 07 02 05 03 48 0.809728
2013 07 02 05 03 49 0.816384
2013 07 02 05 03 50 0.823040
2013 07 02 05 03 51 0.829696
2013 07 02 05 03 52 0.836352
2013 07 02 05 03 53 0.843008
2013 07 02 05 03 54 0.849408
2013 07 02 05 03 55 0.856064
2013 07 02 05 03 56 0.862720
2013 07 02 05 03 57 0.869376
2013 07 02 05 03 58 0.876032
2013 07 02 05 03 59 0.882688
2013 07 02 05 04 00 0.889344
2013 07 02 05 04 02 0.147712
2013 07 02 05 04 03 0.154368
2013 07 02 05 04 04 0.412416
2013 07 02 05 04 05 0.419072
2013 07 02 05 04 06 0.425728
2013 07 02 05 04 07 0.432384
2013 07 02 05 04 08 0.439040
2013 07 02 05 04 09 0.445696
2013 07 02 05 04 10 0.452352
2013 07 02 05 04 11 0.459008
2013 07 02 05 04 12 0.465408
2013 07 02 05 04 13 0.472064
2013 07 02 05 04 14 0.478720
2013 07 02 05 04 15 0.485376
2013 07 02 05 04 16 0.492032
2013 07 02 05 04 17 0.498688
2013 07 02 05 04 18 0.505344
2013 07 02 05 04 19 0.512000
2013 07 02 05 04 20 0.518656
2013 07 02 05 04 21 0.525056
2013 07 02 05 04 22 0.280320
2013 07 02 05 04 23 0.286976
2013 07 02 05 04 24 0.293632
2013 07 02 05 04 25 0.300288
2013 07 02 05 04 26 0.306944
2013 07 02 05 04 27 0.313600
2013 07 02 05 04 28 0.320000
2013 07 02 05 04 29 0.326656
2013 07 02 05 04 30 0.333312
2013 07 02 05 04 31 0.339968
2013 07 02 05 04 32 0.346624
2013 07 02 05 04 33 0.353280
2013 07 02 05 04 34 0.359936
2013 07 02 05 04 35 0.366592
2013 07 02 05 04 36 0.372992
2013 07 02 05 04 37 0.379648
2013 07 02 05 04 38 0.637952
2013 07 02 05 04 39 0.644352
2013 07 02 05 04 40 0.651008
2013 07 02 05 04 42 0.161024
2013 07 02 05 04 43 0.167680
2013 07 02 05 04 44 0.174336
2013 07 02 05 04 45 0.180992
2013 07 02 05 04 46 0.187648
2013 07 02 05 04 47 0.194048
2013 07 02 05 04 48 0.200704
2013 07 02 05 04 49 0.207360
2013 07 02 05 04 50 0.214016
2013 07 02 05 04 51 0.220672
2013 07 02 05 04 52 0.227328
2013 07 02 05 04 53 0.233984
2013 07 02 05 04 54 0.240640
2013 07 02 05 04 55 0.247296
2013 07 02 05 04 56 0.253696
2013 07 02 05 04 57 0.260352
2013 07 02 05 04 58 0.267008
2013 07 02 05 04 59 0.273664
2013 07 02 05 05 00 0.280320
2013 07 02 05 05 01 0.538624
2013 07 02 05 05 02 0.545280
2013 07 02 05 05 03 0.551936
2013 07 02 05 05 04 0.558592
2013 07 02 05 05 05 0.565248
2013 07 02 05 05 06 0.571904
2013 07 02 05 05 07 0.829952
2013 07 02 05 05 09 0.088576
2013 07 02 05 05 10 0.095232
2013 07 02 05 05 11 0.353280
2013 07 02 05 05 12 0.359936
2013 07 02 05 05 13 0.366592
2013 07 02 05 05 14 0.373248
2013 07 02 05 05 15 0.379648
2013 07 02 05 05 16 0.386304
2013 07 02 05 05 17 0.392960
2013 07 02 05 05 18 0.399616
2013 07 02 05 05 19 0.406272
2013 07 02 05 05 20 0.412928
2013 07 02 05 05 21 0.419584
2013 07 02 05 05 22 0.426240
2013 07 02 05 05 23 0.432640
2013 07 02 05 05 24 0.439296
2013 07 02 05 05 25 0.445952
2013 07 02 05 05 26 0.452608
2013 07 02 05 05 27 0.459264
2013 07 02 05 05 28 0.465920
2013 07 02 05 05 29 0.472576
2013 07 02 05 05 30 0.479232
2013 07 02 05 05 31 0.485888
2013 07 02 05 05 32 0.744192
2013 07 02 05 05 33 0.750848
2013 07 02 05 05 34 0.505600
2013 07 02 05 05 35 0.512256
2013 07 02 05 05 36 0.770816
2013 07 02 05 05 37 0.777472
2013 07 02 05 05 38 0.783872
2013 07 02 05 05 39 0.790528
2013 07 02 05 05 40 0.797184
2013 07 02 05 05 42 0.055296
2013 07 02 05 05 43 0.061952
2013 07 02 05 05 44 0.068608
2013 07 02 05 05 45 0.075264
2013 07 02 05 05 46 0.081920
2013 07 02 05 05 47 0.088576
2013 07 02 05 05 48 0.095232
2013 07 02 05 05 49 0.353536
2013 07 02 05 05 50 0.611584
2013 07 02 05 05 51 0.870144
2013 07 02 05 05 52 0.876800
2013 07 02 05 05 53 0.883456
2013 07 02 05 05 54 0.890112
2013 07 02 05 05 55 0.896768
2013 07 02 05 05 56 0.903168
2013 07 02 05 05 57 0.909824
2013 07 02 05 05 58 0.916480
2013 07 02 05 05 59 0.923136
2013 07 02 05 06 00 0.929792
2013 07 02 05 06 01 0.936448
2013 07 02 05 06 02 0.943104
2013 07 02 05 06 03 0.949760
2013 07 02 05 06 04 0.956160
2013 07 02 05 06 05 0.962816
2013 07 02 05 06 06 0.969472
2013 07 02 05 06 07 0.976128
2013 07 02 05 06 08 0.982784
2013 07 02 05 06 09 0.989440
2013 07 02 05 06 10 0.996096
2013 07 02 05 06 12 0.002816
2013 07 02 05 06 13 0.009472
2013 07 02 05 06 14 0.016128
2013 07 02 05 06 15 0.022528
2013 07 02 05 06 16 0.029184
2013 07 02 05 06 17 0.035840
2013 07 02 05 06 18 0.042496
2013 07 02 05 06 19 0.300544
2013 07 02 05 06 21 0.062208
2013 07 02 05 06 22 0.068864
2013 07 02 05 06 23 0.075520
2013 07 02 05 06 24 0.082176
2013 07 02 05 06 25 0.088832
2013 07 02 05 06 26 0.095488
2013 07 02 05 06 26 0.850432
2013 07 02 05 06 27 0.856832
2013 07 02 05 06 28 0.863488
2013 07 02 05 06 29 0.870144
2013 07 02 05 06 30 0.876800
2013 07 02 05 06 31 0.883456
2013 07 02 05 06 32 0.890112
2013 07 02 05 06 33 0.896768
2013 07 02 05 06 34 0.903424
2013 07 02 05 06 35 0.910080
2013 07 02 05 06 36 0.916480
2013 07 02 05 06 37 0.923136
2013 07 02 05 06 38 0.929792
2013 07 02 05 06 39 0.936448
2013 07 02 05 06 40 0.943104
2013 07 02 05 06 41 0.949760
2013 07 02 05 06 42 0.956416
2013 07 02 05 06 43 0.963072
2013 07 02 05 06 44 0.969472
2013 07 02 05 06 45 0.976128
2013 07 02 05 06 46 0.982784
2013 07 02 05 06 47 0.989440
2013 07 02 05 06 48 0.996096
2013 07 02 05 06 50 0.002816
2013 07 02 05 06 51 0.009472
2013 07 02 05 06 52 0.267776
2013 07 02 05 06 53 0.525824
2013 07 02 05 06 54 0.784384
2013 07 02 05 06 55 0.791040
2013 07 02 05 06 56 0.797696
2013 07 02 05 06 57 0.804352
2013 07 02 05 06 58 0.810752
2013 07 02 05 06 59 0.817408
2013 07 02 05 07 00 0.824064
2013 07 02 05 07 01 0.830720
2013 07 02 05 07 02 0.837376
2013 07 02 05 07 03 0.844032
2013 07 02 05 07 04 0.850688
2013 07 02 05 07 05 0.857344
2013 07 02 05 07 06 0.864000
2013 07 02 05 07 07 0.870656
2013 07 02 05 07 08 0.877312
2013 07 02 05 07 09 0.883968
2013 07 02 05 07 10 0.890368
2013 07 02 05 07 11 0.897024
2013 07 02 05 07 12 0.903680
2013 07 02 05 07 13 0.910336
2013 07 02 05 07 14 0.916992
2013 07 02 05 07 15 0.923648
2013 07 02 05 07 16 0.930304
2013 07 02 05 07 17 0.936960
2013 07 02 05 07 18 0.943360
2013 07 02 05 07 19 0.950016
2013 07 02 05 07 20 0.956672
2013 07 02 05 07 21 0.963328
2013 07 02 05 07 22 0.969984
2013 07 02 05 07 23 0.976640
2013 07 02 05 07 24 0.983296
2013 07 02 05 07 25 0.989952
2013 07 02 05 07 26 0.996608
2013 07 02 05 07 28 0.003072
2013 07 02 05 07 29 0.009728
2013 07 02 05 07 30 0.016384
2013 07 02 05 07 31 0.023040
2013 07 02 05 07 32 0.029696
2013 07 02 05 07 33 0.287744
2013 07 02 05 07 34 0.294400
2013 07 02 05 07 35 0.552960
2013 07 02 05 07 36 0.811008
2013 07 02 05 07 37 0.817664
2013 07 02 05 07 38 0.824320
2013 07 02 05 07 39 0.830720
2013 07 02 05 07 40 0.837376
2013 07 02 05 07 41 0.844032
2013 07 02 05 07 42 0.850688
2013 07 02 05 07 43 0.857344
2013 07 02 05 07 44 0.864000
2013 07 02 05 07 45 0.870656
2013 07 02 05 07 46 0.877312
2013 07 02 05 07 47 0.883968
2013 07 02 05 07 48 0.890368
2013 07 02 05 07 49 0.897024
2013 07 02 05 07 50 0.903680
2013 07 02 05 07 51 0.910336
2013 07 02 05 07 52 0.916992
2013 07 02 05 07 53 0.923648
2013 07 02 05 07 54 0.930304
2013 07 02 05 07 55 0.936960
2013 07 02 05 07 56 0.943616
2013 07 02 05 07 57 0.950016
2013 07 02 05 07 58 0.956672
2013 07 02 05 07 59 0.963328
2013 07 02 05 08 00 0.969984
2013 07 02 05 08 01 0.976640
2013 07 02 05 08 02 0.983296
2013 07 02 05 08 04 0.241664
2013 07 02 05 08 05 0.248320
2013 07 02 05 08 06 0.254976
2013 07 02 05 08 07 0.261632
2013 07 02 05 08 08 0.268288
2013 07 02 05 08 09 0.274944
2013 07 02 05 08 10 0.281600
2013 07 02 05 08 11 0.288256
2013 07 02 05 08 12 0.294656
2013 07 02 05 08 13 0.552960
2013 07 02 05 08 14 0.559616
2013 07 02 05 08 15 0.566016
2013 07 02 05 08 16 0.572672
2013 07 02 05 08 17 0.579328
2013 07 02 05 08 18 0.585984
2013 07 02 05 08 19 0.592640
2013 07 02 05 08 20 0.599296
2013 07 02 05 08 21 0.605952
2013 07 02 05 08 22 0.612608
2013 07 02 05 08 23 0.619264
2013 07 02 05 08 24 0.625664
2013 07 02 05 08 25 0.632320
2013 07 02 05 08 26 0.638976
2013 07 02 05 08 27 0.645632
2013 07 02 05 08 28 0.652288
2013 07 02 05 08 29 0.658944
2013 07 02 05 08 30 0.665600
2013 07 02 05 08 31 0.672256
2013 07 02 05 08 32 0.678912
2013 07 02 05 08 33 0.685312
2013 07 02 05 08 34 0.691968
2013 07 02 05 08 35 0.698624
2013 07 02 05 08 36 0.705280
2013 07 02 05 08 37 0.711936
2013 07 02 05 08 38 0.718592
2013 07 02 05 08 39 0.725248
2013 07 02 05 08 40 0.731904
2013 07 02 05 08 41 0.738560
2013 07 02 05 08 42 0.744960
2013 07 02 05 08 43 0.751616
2013 07 02 05 08 45 0.010240
2013 07 02 05 08 46 0.016640
2013 07 02 05 08 47 0.023552
2013 07 02 05 08 48 0.029952
2013 07 02 05 08 49 0.036608
2013 07 02 05 08 50 0.043264
2013 07 02 05 08 51 0.049920
2013 07 02 05 08 52 0.307968
2013 07 02 05 08 53 0.566528
2013 07 02 05 08 54 0.573184
2013 07 02 05 08 55 0.579840
2013 07 02 05 08 56 0.586496
2013 07 02 05 08 57 0.593152
2013 07 02 05 08 58 0.599552
2013 07 02 05 08 59 0.606208
2013 07 02 05 09 00 0.612864
2013 07 02 05 09 01 0.619520
2013 07 02 05 09 02 0.626176
2013 07 02 05 09 03 0.632832
2013 07 02 05 09 04 0.639488
2013 07 02 05 09 05 0.897536
2013 07 02 05 09 06 0.904192
2013 07 02 05 09 07 0.910848
2013 07 02 05 09 08 0.917504
2013 07 02 05 09 09 0.924160
2013 07 02 05 09 10 0.930560
2013 07 02 05 09 11 0.937216
2013 07 02 05 09 12 0.943872
2013 07 02 05 09 13 0.950528
2013 07 02 05 09 14 0.957184
2013 07 02 05 09 15 0.963840
2013 07 02 05 09 16 0.970496
2013 07 02 05 09 17 0.977152
2013 07 02 05 09 18 0.983808
2013 07 02 05 09 19 0.990208
2013 07 02 05 09 21 0.248832
2013 07 02 05 09 22 0.255488
2013 07 02 05 09 23 0.262144
2013 07 02 05 09 24 0.520192
2013 07 02 05 09 25 0.778496
2013 07 02 05 09 27 0.036608
2013 07 02 05 09 28 0.546560
2013 07 02 05 09 29 0.805120
2013 07 02 05 09 30 0.811776
2013 07 02 05 09 31 0.818432
2013 07 02 05 09 32 0.825088
2013 07 02 05 09 33 0.831488
2013 07 02 05 09 34 0.838144
2013 07 02 05 09 35 0.844800
2013 07 02 05 09 36 0.851456
2013 07 02 05 09 37 0.858112
2013 07 02 05 09 38 0.864768
2013 07 02 05 09 39 0.871424
2013 07 02 05 09 40 0.878080
2013 07 02 05 09 41 0.884736
2013 07 02 05 09 42 0.891392
2013 07 02 05 09 43 0.898048
2013 07 02 05 09 44 0.904704
2013 07 02 05 09 45 0.911104
2013 07 02 05 09 46 0.917760
2013 07 02 05 09 47 0.924416
2013 07 02 05 09 48 0.931072
2013 07 02 05 09 49 0.937728
2013 07 02 05 09 50 0.944384
2013 07 02 05 09 51 0.951040
2013 07 02 05 09 52 0.957440
2013 07 02 05 09 53 0.964096
2013 07 02 05 09 54 0.970752
2013 07 02 05 09 55 0.977408
2013 07 02 05 09 56 0.984064
2013 07 02 05 09 57 0.990720
2013 07 02 05 09 58 0.997376
