2 3  
3 2  
4 0  
5 1  
6 3  
7 2  
8 0  
9 1  
10 3  
11 2  
12 0  
13 1  
14 3  
15 2  
16 0  
17 1  
18 3  
19 2  
20 0  
21 1  
22 3  
23 2  
24 0  
25 1  
26 3  
27 2  
28 0  
29 1  
30 3  
31 2  
32 0  
33 1  
34 3  
35 2  
36 0  
37 1  
38 3  
39 2  
40 0  
41 1  
42 3  
43 2  
44 0  
45 1  
46 3  
47 2  
48 0  
49 1  
50 3  
51 2  
52 0  
53 1  
54 3  
55 2  
56 0  
57 1  
58 3  
59 2  
60 0  
61 1  
62 3  
63 2  
64 0  
65 1  
66 3  
67 2  
68 0  
69 1  
70 3  
71 2  
72 0  
73 1  
74 3  
75 2  
76 0  
77 3  
78 1  
79 2  
80 0  
81 3  
82 1  
83 2  
84 0  
85 3  
86 1  
87 2  
88 0  
89 3  
90 1  
91 2  
92 0  
93 3  
94 1  
95 2  
96 0  
97 3  
98 1  
99 2  
100 0  
101 3  
102 1  
103 2  
104 0  
105 3  
106 1  
107 2  
108 0  
109 3  
110 1  
111 2  
112 0  
113 3  
114 1  
115 2  
116 0  
117 3  
118 1  
119 2  
120 0  
121 3  
122 1  
123 2  
124 0  
125 3  
126 1  
127 2  
128 0  
129 3  
130 1  
131 2  
132 0  
133 3  
134 1  
135 2  
136 0  
137 3  
138 1  
139 2  
140 0  
141 3  
142 1  
143 2  
144 0  
145 3  
146 1  
147 2  
148 0  
149 3  
150 1  
151 2  
152 0  
153 3  
154 1  
155 2  
156 0  
157 3  
158 1  
159 0  
160 2  
161 3  
162 1  
163 0  
164 2  
165 3  
166 1  
167 0  
168 2  
169 3  
170 1  
171 0  
172 2  
173 3  
174 1  
175 0  
176 3  
177 2  
178 1  
179 0  
180 3  
181 1  
182 2  
183 0  
184 3  
185 1  
186 2  
187 0  
188 3  
189 1  
190 2  
191 0  
192 3  
193 1  
194 2  
195 0  
196 3  
197 1  
198 2  
199 0  
200 3  
201 1  
202 2  
203 0  
204 3  
205 1  
206 2  
207 0  
208 3  
209 1  
210 2  
211 3  
212 0  
213 1  
214 2  
215 3  
216 0  
217 1  
218 2  
219 3  
220 0  
221 1  
222 2  
223 3  
224 0  
225 1  
226 2  
227 3  
228 0  
229 1  
230 2  
231 3  
232 1  
233 0  
234 2  
235 3  
236 1  
237 0  
238 2  
239 3  
240 1  
241 0  
242 2  
243 3  
244 1  
245 0  
246 2  
247 3  
248 1  
249 0  
250 2  
251 3  
252 1  
253 0  
254 2  
255 3  
256 1  
257 0  
258 2  
259 3  
260 1  
261 0  
262 2  
263 3  
264 1  
265 0  
266 2  
267 3  
268 1  
269 0  
270 2  
271 3  
272 1  
273 0  
274 2  
275 3  
276 1  
277 0  
278 2  
279 3  
280 1  
281 0  
282 2  
283 3  
284 1  
285 0  
286 2  
287 3  
288 0  
289 1  
290 2  
291 3  
292 0  
293 1  
294 2  
295 3  
296 0  
297 1  
298 2  
299 3  
300 0  
301 2  
302 1  
303 3  
304 0  
305 2  
306 1  
307 3  
308 0  
309 2  
310 3  
311 1  
312 0  
313 2  
314 3  
315 1  
316 0  
317 2  
318 3  
319 1  
320 0  
321 2  
322 3  
323 1  
324 0  
325 2  
326 3  
327 1  
328 0  
329 2  
330 3  
331 1  
332 0  
333 2  
334 3  
335 1  
336 0  
337 2  
338 3  
339 1  
340 0  
341 2  
342 3  
343 1  
344 0  
345 2  
346 3  
347 1  
348 0  
349 2  
350 3  
351 1  
352 0  
353 2  
354 3  
355 1  
356 0  
357 2  
358 3  
359 1  
360 0  
361 2  
362 3  
363 1  
364 0  
365 2  
366 3  
367 1  
368 0  
369 2  
370 3  
371 1  
372 0  
373 2  
374 1  
375 3  
376 0  
377 2  
378 1  
379 3  
380 0  
381 2  
382 1  
383 3  
384 0  
385 2  
386 1  
387 3  
388 0  
389 2  
390 1  
391 3  
392 0  
393 2  
394 1  
395 3  
396 0  
397 2  
398 1  
399 3  
400 0  
401 2  
402 1  
403 3  
404 0  
405 2  
406 1  
407 3  
408 0  
409 2  
410 1  
411 3  
412 0  
413 2  
414 1  
415 3  
416 0  
417 2  
418 1  
419 3  
420 0  
421 2  
422 1  
423 3  
424 0  
425 2  
426 1  
427 3  
428 0  
429 2  
430 1  
431 3  
432 0  
433 2  
434 1  
435 3  
436 2  
437 0  
438 1  
439 3  
440 2  
441 0  
442 1  
443 3  
444 2  
445 0  
446 1  
447 3  
448 2  
449 0  
450 1  
451 3  
452 2  
453 0  
454 1  
455 3  
456 2  
457 0  
458 1  
459 3  
460 2  
461 0  
462 1  
463 3  
464 2  
465 0  
466 3  
467 1  
468 2  
469 0  
470 3  
471 1  
472 2  
473 0  
474 3  
475 1  
476 2  
477 0  
478 3  
479 2  
480 1  
481 0  
482 3  
483 2  
484 1  
485 0  
486 3  
487 2  
488 1  
489 0  
490 3  
491 2  
492 1  
493 0  
494 3  
495 2  
496 1  
497 0  
498 3  
499 2  
500 1  
501 0  
502 3  
503 2  
504 1  
505 0  
506 3  
507 2  
508 0  
509 1  
510 3  
511 2  
512 0  
513 3  
514 1  
515 2  
516 0  
517 3  
518 1  
519 2  
520 0  
521 3  
522 1  
523 2  
524 0  
525 3  
526 1  
527 2  
528 0  
529 3  
530 1  
531 2  
532 0  
533 3  
534 1  
535 2  
536 0  
537 3  
538 1  
539 2  
540 0  
541 3  
542 1  
543 0  
544 2  
545 3  
546 1  
547 0  
548 2  
549 3  
550 1  
551 0  
552 2  
553 3  
554 1  
555 0  
556 2  
557 3  
558 1  
559 0  
560 2  
561 3  
562 1  
563 0  
564 2  
565 3  
566 1  
567 0  
568 2  
569 3  
570 1  
571 0  
572 2  
573 3  
574 1  
575 0  
576 2  
577 3  
578 1  
579 0  
580 2  
581 3  
582 1  
583 0  
584 2  
585 3  
586 1  
587 0  
588 2  
589 3  
590 1  
591 0  
592 2  
593 3  
594 1  
595 0  
596 2  
597 3  
598 1  
599 0  
600 2  
601 3  
602 1  
603 0  
604 2  
605 3  
606 1  
607 0  
608 2  
609 3  
610 1  
611 2  
612 0  
613 3  
614 1  
615 2  
616 3  
617 0  
618 1  
619 2  
620 3  
621 0  
622 1  
623 2  
624 3  
625 0  
626 1  
627 2  
628 3  
629 0  
630 1  
631 2  
632 3  
633 0  
634 1  
635 2  
636 3  
637 0  
638 1  
639 2  
640 3  
641 0  
642 1  
643 2  
644 3  
645 0  
646 1  
647 2  
648 3  
649 0  
650 1  
651 2  
652 3  
653 0  
654 1  
655 2  
656 3  
657 0  
658 1  
659 2  
660 3  
661 0  
662 1  
663 2  
664 3  
665 0  
666 1  
667 2  
668 3  
669 0  
670 1  
671 2  
672 3  
673 0  
674 1  
675 2  
676 3  
677 0  
678 1  
679 2  
680 3  
681 0  
682 1  
683 2  
684 3  
685 0  
686 1  
687 2  
688 3  
689 0  
690 1  
691 2  
692 3  
693 0  
694 1  
695 2  
696 3  
697 0  
698 1  
699 2  
700 3  
701 0  
702 1  
703 2  
704 3  
705 0  
706 1  
707 2  
708 3  
709 0  
710 1  
711 2  
712 3  
713 0  
714 1  
715 2  
716 3  
717 0  
718 1  
719 2  
720 3  
721 0  
722 1  
723 2  
724 3  
725 0  
726 1  
727 2  
728 3  
729 0  
730 1  
731 2  
732 3  
733 0  
734 1  
735 2  
736 3  
737 0  
738 1  
739 2  
740 3  
741 0  
742 1  
743 2  
744 3  
745 0  
746 1  
747 2  
748 3  
749 0  
750 1  
751 2  
752 3  
753 0  
754 1  
755 2  
756 3  
757 0  
758 1  
759 2  
760 3  
761 0  
762 1  
763 3  
764 2  
765 0  
766 1  
767 3  
768 2  
769 0  
770 1  
771 3  
772 0  
773 2  
774 1  
775 3  
776 0  
777 1  
778 2  
779 3  
780 0  
781 1  
782 2  
783 3  
784 0  
785 1  
786 2  
787 3  
788 0  
789 1  
790 2  
791 3  
792 0  
793 1  
794 2  
795 3  
796 0  
797 1  
798 2  
799 3  
800 0  
801 1  
802 2  
803 3  
804 0  
805 1  
806 2  
807 3  
808 0  
809 1  
810 2  
811 3  
812 0  
813 1  
814 2  
815 3  
816 0  
817 1  
818 2  
819 3  
820 0  
821 1  
822 2  
823 3  
824 0  
825 1  
826 2  
827 3  
828 0  
829 1  
830 2  
831 3  
832 0  
833 1  
834 2  
835 3  
836 0  
837 1  
838 2  
839 3  
840 0  
841 1  
842 2  
843 3  
844 0  
845 1  
846 2  
847 3  
848 0  
849 1  
850 2  
851 3  
852 0  
853 1  
854 2  
855 3  
856 0  
857 1  
858 2  
859 3  
860 0  
861 1  
862 2  
863 3  
864 0  
865 1  
866 2  
867 3  
868 0  
869 1  
870 2  
871 3  
872 0  
873 1  
874 2  
875 3  
876 0  
877 1  
878 2  
879 3  
880 0  
881 1  
882 2  
883 3  
884 0  
885 1  
886 2  
887 3  
888 0  
889 1  
890 2  
891 3  
892 0  
893 1  
894 2  
895 3  
896 0  
897 1  
898 2  
899 3  
900 0  
901 1  
902 2  
903 3  
904 0  
905 1  
906 2  
907 3  
908 0  
909 1  
910 2  
911 3  
912 0  
913 1  
914 2  
915 3  
916 0  
917 1  
918 2  
919 3  
920 0  
921 1  
922 2  
923 3  
924 0  
925 1  
926 2  
927 3  
928 0  
929 1  
930 3  
931 0  
932 2  
933 1  
934 3  
935 0  
936 2  
937 1  
938 3  
939 0  
940 2  
941 1  
942 3  
943 0  
944 2  
945 1  
946 3  
947 0  
948 2  
949 1  
950 3  
951 0  
952 2  
953 1  
954 3  
955 0  
956 2  
957 1  
958 3  
959 0  
960 2  
961 1  
962 3  
963 0  
964 2  
965 1  
966 3  
967 0  
968 2  
969 3  
970 1  
971 0  
972 3  
973 2  
974 1  
975 0  
976 3  
977 2  
978 1  
979 0  
980 3  
981 2  
982 1  
983 0  
984 3  
985 2  
986 1  
987 0  
988 3  
989 2  
990 0  
991 1  
992 3  
993 0  
994 2  
995 1  
996 3  
997 0  
998 2  
999 3  
1000 1  
1001 0  
1002 2  
1003 3  
1004 1  
1005 0  
1006 2  
1007 3  
1008 1  
1009 0  
1010 2  
1011 3  
1012 1  
1013 0  
1014 2  
1015 3  
1016 1  
1017 0  
1018 2  
1019 3  
1020 1  
1021 0  
1022 2  
1023 3  
1024 1  
1025 0  
1026 2  
1027 3  
1028 1  
1029 0  
1030 2  
1031 3  
1032 1  
1033 0  
1034 2  
1035 3  
1036 1  
1037 0  
1038 2  
1039 3  
1040 1  
1041 0  
1042 2  
1043 3  
1044 1  
1045 0  
1046 2  
1047 3  
1048 1  
1049 0  
1050 2  
1051 3  
1052 1  
1053 0  
1054 2  
1055 3  
1056 1  
1057 0  
1058 2  
1059 3  
1060 1  
1061 0  
1062 2  
1063 3  
1064 1  
1065 0  
1066 2  
1067 3  
1068 1  
1069 0  
1070 2  
1071 3  
1072 1  
1073 0  
1074 2  
1075 3  
1076 1  
1077 0  
1078 2  
1079 1  
1080 3  
1081 0  
1082 2  
1083 1  
1084 3  
1085 0  
1086 2  
1087 1  
1088 3  
1089 0  
1090 2  
1091 1  
1092 3  
1093 0  
1094 2  
1095 1  
1096 3  
1097 0  
1098 2  
1099 1  
1100 3  
1101 0  
1102 2  
1103 1  
1104 3  
1105 0  
1106 2  
1107 1  
1108 3  
1109 0  
1110 2  
1111 1  
1112 3  
1113 0  
1114 2  
1115 1  
1116 3  
1117 0  
1118 2  
1119 1  
1120 3  
1121 0  
1122 2  
1123 1  
1124 3  
1125 0  
1126 2  
1127 1  
1128 3  
1129 0  
1130 2  
1131 1  
1132 3  
1133 0  
1134 2  
1135 1  
1136 3  
1137 0  
1138 2  
1139 1  
1140 3  
1141 0  
1142 2  
1143 1  
1144 3  
1145 0  
1146 2  
1147 1  
1148 3  
1149 0  
1150 2  
1151 1  
1152 3  
1153 0  
1154 2  
1155 1  
1156 3  
1157 0  
1158 1  
1159 2  
1160 3  
1161 0  
1162 1  
1163 2  
1164 3  
1165 0  
1166 1  
1167 2  
1168 3  
1169 0  
1170 1  
1171 2  
1172 3  
1173 0  
1174 1  
1175 2  
1176 3  
1177 0  
1178 1  
1179 3  
1180 2  
1181 0  
1182 1  
1183 3  
1184 2  
1185 0  
1186 1  
1187 3  
1188 2  
1189 0  
1190 1  
1191 3  
1192 2  
1193 0  
1194 1  
1195 3  
1196 2  
1197 0  
1198 1  
1199 3  
1200 2  
1201 0  
1202 1  
1203 3  
1204 2  
1205 0  
1206 1  
1207 3  
1208 2  
1209 0  
1210 1  
1211 3  
1212 2  
1213 0  
1214 1  
1215 3  
1216 2  
1217 0  
1218 1  
1219 3  
1220 2  
1221 0  
1222 1  
1223 3  
1224 2  
1225 0  
1226 1  
1227 3  
1228 2  
1229 0  
1230 1  
1231 3  
1232 2  
1233 0  
1234 1  
1235 3  
1236 2  
1237 0  
1238 1  
1239 3  
1240 2  
1241 0  
1242 1  
1243 3  
1244 2  
1245 0  
1246 1  
1247 3  
1248 2  
1249 0  
1250 1  
1251 3  
1252 2  
1253 0  
1254 1  
1255 3  
1256 2  
1257 0  
1258 1  
1259 3  
1260 2  
1261 0  
1262 1  
1263 3  
1264 2  
1265 0  
1266 1  
1267 2  
1268 3  
1269 0  
1270 1  
1271 2  
1272 3  
1273 0  
1274 1  
1275 2  
1276 3  
1277 0  
1278 1  
1279 2  
1280 3  
1281 0  
1282 1  
1283 2  
1284 3  
1285 0  
1286 2  
1287 1  
1288 3  
1289 0  
1290 2  
1291 3  
1292 1  
1293 0  
1294 2  
1295 3  
1296 1  
1297 0  
1298 2  
1299 3  
1300 1  
1301 0  
1302 2  
1303 3  
1304 1  
1305 0  
1306 2  
1307 3  
1308 1  
1309 0  
1310 2  
1311 3  
1312 1  
1313 0  
1314 2  
1315 3  
1316 1  
1317 0  
1318 2  
1319 3  
1320 1  
1321 0  
1322 2  
1323 3  
1324 1  
1325 0  
1326 2  
1327 3  
1328 1  
1329 0  
1330 2  
1331 3  
1332 1  
1333 0  
1334 2  
1335 3  
1336 1  
1337 0  
1338 2  
1339 3  
1340 1  
1341 0  
1342 2  
1343 3  
1344 1  
1345 0  
1346 2  
1347 3  
1348 1  
1349 0  
1350 2  
1351 3  
1352 1  
1353 0  
1354 3  
1355 2  
1356 1  
1357 0  
1358 3  
1359 1  
1360 2  
1361 0  
1362 3  
1363 1  
1364 2  
1365 0  
1366 3  
1367 1  
1368 2  
1369 0  
1370 3  
1371 1  
1372 2  
1373 0  
1374 3  
1375 1  
1376 2  
1377 0  
1378 3  
1379 1  
1380 0  
1381 2  
1382 3  
1383 1  
1384 0  
1385 2  
1386 3  
1387 1  
1388 0  
1389 3  
1390 2  
1391 1  
1392 0  
1393 3  
1394 2  
1395 1  
1396 0  
1397 3  
1398 2  
1399 1  
1400 0  
1401 3  
1402 2  
1403 1  
1404 0  
1405 3  
1406 2  
1407 1  
1408 0  
1409 3  
1410 2  
1411 1  
1412 0  
1413 3  
1414 2  
1415 1  
1416 0  
1417 3  
1418 2  
1419 1  
1420 0  
1421 3  
1422 2  
1423 1  
1424 0  
1425 3  
1426 2  
1427 1  
1428 0  
1429 3  
1430 2  
1431 1  
1432 0  
1433 3  
1434 2  
1435 1  
1436 0  
1437 3  
1438 2  
1439 1  
1440 0  
1441 3  
1442 2  
1443 1  
1444 0  
1445 3  
1446 2  
1447 1  
1448 0  
1449 3  
1450 2  
1451 1  
1452 0  
1453 3  
1454 2  
1455 1  
1456 0  
1457 3  
1458 2  
1459 1  
1460 0  
1461 3  
1462 2  
1463 1  
1464 0  
1465 3  
1466 2  
1467 1  
1468 0  
1469 3  
1470 2  
1471 1  
1472 0  
1473 3  
1474 2  
1475 1  
1476 0  
1477 3  
1478 2  
1479 1  
1480 0  
1481 3  
1482 2  
1483 1  
1484 0  
1485 3  
1486 2  
1487 1  
1488 0  
1489 3  
1490 2  
1491 1  
1492 0  
1493 3  
1494 2  
1495 1  
1496 3  
1497 0  
1498 2  
1499 1  
1500 3  
1501 0  
1502 2  
1503 1  
1504 3  
1505 0  
1506 2  
1507 1  
1508 0  
1509 3  
1510 2  
1511 1  
1512 0  
1513 3  
1514 2  
1515 0  
1516 1  
1517 3  
1518 2  
1519 0  
1520 1  
1521 3  
1522 2  
1523 0  
1524 1  
1525 3  
1526 2  
1527 0  
1528 1  
1529 3  
1530 0  
1531 2  
1532 1  
1533 0  
1534 3  
1535 2  
1536 0  
1537 1  
1538 3  
1539 2  
1540 0  
1541 3  
1542 1  
1543 2  
1544 0  
1545 3  
1546 1  
1547 2  
1548 0  
1549 3  
1550 1  
1551 0  
1552 2  
1553 3  
1554 1  
1555 0  
1556 2  
1557 3  
1558 1  
1559 0  
1560 3  
1561 2  
1562 1  
1563 0  
1564 3  
1565 2  
1566 1  
1567 0  
1568 3  
1569 2  
1570 1  
1571 0  
1572 3  
1573 2  
1574 1  
1575 0  
1576 3  
1577 2  
1578 1  
1579 0  
1580 3  
1581 2  
1582 1  
1583 0  
1584 3  
1585 2  
1586 1  
1587 0  
1588 3  
1589 2  
1590 1  
1591 0  
1592 3  
1593 2  
1594 1  
1595 0  
1596 3  
1597 2  
1598 1  
1599 0  
1600 3  
1601 2  
1602 1  
1603 0  
1604 3  
1605 2  
1606 1  
1607 0  
1608 3  
1609 2  
1610 1  
1611 0  
1612 3  
1613 2  
1614 1  
1615 0  
1616 3  
1617 2  
1618 1  
1619 0  
1620 3  
1621 2  
1622 1  
1623 0  
1624 3  
1625 2  
1626 1  
1627 0  
1628 3  
1629 2  
1630 1  
1631 0  
1632 3  
1633 2  
1634 1  
1635 0  
1636 3  
1637 2  
1638 1  
1639 0  
1640 3  
1641 2  
1642 1  
1643 0  
1644 3  
1645 2  
1646 1  
1647 0  
1648 3  
1649 2  
1650 1  
1651 0  
1652 3  
1653 2  
1654 1  
1655 0  
1656 3  
1657 2  
1658 1  
1659 0  
1660 3  
1661 2  
1662 1  
1663 0  
1664 3  
1665 2  
1666 1  
1667 0  
1668 3  
1669 2  
1670 1  
1671 0  
1672 3  
1673 2  
1674 1  
1675 0  
1676 3  
1677 2  
1678 1  
1679 0  
1680 3  
1681 2  
1682 1  
1683 0  
1684 3  
1685 2  
1686 1  
1687 0  
1688 3  
1689 2  
1690 1  
1691 0  
1692 3  
1693 2  
1694 1  
1695 0  
1696 3  
1697 2  
1698 1  
1699 0  
1700 3  
1701 2  
1702 1  
1703 0  
1704 3  
1705 2  
1706 1  
1707 0  
1708 3  
1709 2  
1710 1  
1711 0  
1712 3  
1713 2  
1714 1  
1715 0  
1716 3  
1717 2  
1718 1  
1719 0  
1720 3  
1721 2  
1722 1  
1723 0  
1724 3  
1725 2  
1726 1  
1727 0  
1728 3  
1729 2  
1730 1  
1731 0  
1732 3  
1733 2  
1734 1  
1735 0  
1736 3  
1737 2  
1738 1  
1739 0  
1740 3  
1741 2  
1742 1  
1743 0  
1744 3  
1745 2  
1746 1  
1747 0  
1748 3  
1749 2  
1750 1  
1751 0  
1752 3  
1753 2  
1754 1  
1755 0  
1756 3  
1757 2  
1758 1  
1759 0  
1760 3  
1761 2  
1762 1  
1763 3  
1764 0  
1765 2  
1766 1  
1767 3  
1768 0  
1769 2  
1770 1  
1771 3  
1772 0  
1773 2  
1774 1  
1775 3  
1776 0  
1777 2  
1778 1  
1779 3  
1780 0  
1781 1  
1782 2  
1783 3  
1784 0  
1785 1  
1786 2  
1787 3  
1788 0  
1789 1  
1790 3  
1791 2  
1792 0  
1793 1  
1794 3  
1795 2  
1796 0  
1797 1  
1798 3  
1799 2  
1800 0  
1801 1  
1802 3  
1803 2  
1804 0  
1805 1  
1806 3  
1807 2  
1808 0  
1809 1  
1810 3  
1811 2  
1812 0  
1813 1  
1814 3  
1815 2  
1816 0  
1817 1  
1818 3  
1819 2  
1820 0  
1821 1  
1822 3  
1823 2  
1824 0  
1825 1  
1826 3  
1827 2  
1828 0  
1829 1  
1830 3  
1831 2  
1832 0  
1833 1  
1834 3  
1835 2  
1836 0  
1837 1  
1838 3  
1839 2  
1840 0  
1841 1  
1842 3  
1843 2  
1844 0  
1845 1  
1846 3  
1847 2  
1848 0  
1849 1  
1850 3  
1851 2  
1852 0  
1853 1  
1854 3  
1855 2  
1856 0  
1857 1  
1858 3  
1859 2  
1860 0  
1861 1  
1862 3  
1863 2  
1864 0  
1865 1  
1866 3  
1867 2  
1868 0  
1869 1  
1870 3  
1871 2  
1872 0  
1873 1  
1874 3  
1875 2  
1876 0  
1877 1  
1878 3  
1879 2  
1880 0  
1881 1  
1882 3  
1883 2  
1884 0  
1885 1  
1886 3  
1887 2  
1888 0  
1889 1  
1890 3  
1891 2  
1892 0  
1893 1  
1894 3  
1895 2  
1896 0  
1897 1  
1898 3  
1899 2  
1900 0  
1901 1  
1902 3  
1903 2  
1904 0  
1905 1  
1906 3  
1907 2  
1908 0  
1909 1  
1910 3  
1911 2  
1912 0  
1913 1  
1914 3  
1915 2  
1916 0  
1917 1  
1918 3  
1919 2  
1920 0  
1921 1  
1922 3  
1923 2  
1924 0  
1925 1  
1926 3  
1927 2  
1928 0  
1929 1  
1930 3  
1931 2  
1932 0  
1933 1  
1934 3  
1935 2  
1936 0  
1937 1  
1938 3  
1939 2  
1940 0  
1941 1  
1942 3  
1943 2  
1944 0  
1945 1  
1946 3  
1947 2  
1948 0  
1949 1  
1950 3  
1951 2  
1952 0  
1953 1  
1954 3  
1955 2  
1956 0  
1957 1  
1958 3  
1959 2  
1960 0  
1961 3  
1962 1  
1963 2  
1964 0  
1965 3  
1966 1  
1967 2  
1968 0  
1969 3  
1970 1  
1971 2  
1972 0  
1973 3  
1974 1  
1975 2  
1976 3  
1977 0  
1978 1  
1979 2  
1980 3  
1981 1  
1982 0  
1983 2  
1984 3  
1985 1  
1986 0  
1987 2  
1988 3  
1989 1  
1990 0  
1991 3  
1992 2  
1993 1  
1994 0  
1995 3  
1996 2  
1997 1  
1998 0  
1999 3  
2000 1  
2001 2  
2002 0  
2003 3  
2004 1  
2005 2  
2006 0  
2007 3  
2008 1  
2009 2  
2010 0  
2011 3  
2012 1  
2013 0  
2014 2  
2015 3  
2016 1  
2017 0  
2018 3  
2019 2  
2020 1  
2021 0  
2022 3  
2023 2  
2024 1  
2025 0  
2026 3  
2027 2  
2028 1  
2029 0  
2030 3  
2031 2  
2032 1  
2033 0  
2034 3  
2035 2  
2036 1  
2037 0  
2038 3  
2039 2  
2040 1  
2041 0  
2042 3  
2043 2  
2044 1  
2045 0  
2046 3  
2047 2  
2048 1  
2049 0  
2050 3  
2051 2  
2052 1  
2053 0  
2054 3  
2055 2  
2056 1  
2057 0  
2058 3  
2059 2  
2060 1  
2061 0  
2062 3  
2063 2  
2064 1  
2065 0  
2066 3  
2067 2  
2068 1  
2069 0  
2070 3  
2071 2  
2072 1  
2073 0  
2074 3  
2075 2  
2076 1  
2077 0  
2078 3  
2079 2  
2080 1  
2081 0  
2082 3  
2083 2  
2084 1  
2085 0  
2086 3  
2087 2  
2088 1  
2089 0  
2090 3  
2091 2  
2092 1  
2093 0  
2094 3  
2095 2  
2096 1  
2097 0  
2098 3  
2099 2  
2100 1  
2101 0  
2102 3  
2103 2  
2104 1  
2105 0  
2106 3  
2107 2  
2108 1  
2109 0  
2110 3  
2111 2  
2112 1  
2113 0  
2114 3  
2115 2  
2116 1  
2117 0  
2118 3  
2119 2  
2120 1  
2121 0  
2122 3  
2123 2  
2124 1  
2125 0  
2126 3  
2127 2  
2128 1  
2129 0  
2130 3  
2131 2  
2132 1  
2133 0  
2134 3  
2135 2  
2136 1  
2137 0  
2138 3  
2139 2  
2140 1  
2141 0  
2142 3  
2143 2  
2144 1  
2145 0  
2146 3  
2147 2  
2148 1  
2149 0  
2150 3  
2151 2  
2152 1  
2153 0  
2154 3  
2155 2  
2156 1  
2157 0  
2158 3  
2159 2  
2160 1  
2161 0  
2162 3  
2163 2  
2164 1  
2165 0  
2166 3  
2167 2  
2168 1  
2169 0  
2170 3  
2171 2  
2172 1  
2173 0  
2174 3  
2175 2  
2176 1  
2177 0  
2178 3  
2179 2  
2180 1  
2181 0  
2182 3  
2183 2  
2184 1  
2185 0  
2186 3  
2187 2  
2188 1  
2189 0  
2190 3  
2191 2  
2192 1  
2193 0  
2194 3  
2195 2  
2196 1  
2197 0  
2198 3  
2199 2  
2200 1  
2201 0  
2202 3  
2203 2  
2204 1  
2205 0  
2206 3  
2207 2  
2208 1  
2209 0  
2210 3  
2211 2  
2212 1  
2213 0  
2214 3  
2215 2  
2216 1  
2217 0  
2218 3  
2219 2  
2220 1  
2221 0  
2222 3  
2223 2  
2224 1  
2225 0  
2226 3  
2227 2  
2228 1  
2229 0  
2230 3  
2231 1  
2232 2  
2233 0  
2234 3  
2235 1  
2236 2  
2237 0  
2238 3  
2239 1  
2240 2  
2241 0  
2242 3  
2243 1  
2244 2  
2245 0  
2246 3  
2247 1  
2248 2  
2249 0  
2250 3  
2251 1  
2252 2  
2253 0  
2254 3  
2255 1  
2256 0  
2257 2  
2258 3  
2259 1  
2260 0  
2261 3  
2262 2  
2263 1  
2264 0  
2265 3  
2266 1  
2267 2  
2268 0  
2269 3  
2270 1  
2271 2  
2272 0  
2273 3  
2274 1  
2275 0  
2276 2  
2277 3  
2278 1  
2279 0  
2280 2  
2281 3  
2282 1  
2283 0  
2284 2  
2285 3  
2286 1  
2287 0  
2288 2  
2289 3  
2290 1  
2291 0  
2292 2  
2293 3  
2294 1  
2295 0  
2296 2  
2297 3  
2298 1  
2299 0  
2300 2  
2301 3  
2302 1  
2303 0  
2304 2  
2305 3  
2306 1  
2307 0  
2308 2  
2309 3  
2310 1  
2311 0  
2312 2  
2313 3  
2314 1  
2315 0  
2316 2  
2317 3  
2318 1  
2319 0  
2320 2  
2321 3  
2322 1  
2323 0  
2324 2  
2325 3  
2326 1  
2327 0  
2328 2  
2329 3  
2330 1  
2331 0  
2332 2  
2333 3  
2334 1  
2335 0  
2336 2  
2337 3  
2338 1  
2339 0  
2340 2  
2341 3  
2342 1  
2343 0  
2344 2  
2345 3  
2346 1  
2347 0  
2348 2  
2349 3  
2350 1  
2351 0  
2352 2  
2353 3  
2354 1  
2355 0  
2356 2  
2357 3  
2358 1  
2359 0  
2360 2  
2361 3  
2362 1  
2363 0  
2364 2  
2365 3  
2366 1  
2367 2  
2368 0  
2369 3  
2370 1  
2371 2  
2372 0  
2373 3  
2374 2  
2375 1  
2376 0  
2377 3  
2378 2  
2379 1  
2380 0  
2381 3  
2382 2  
2383 1  
2384 0  
2385 3  
