2 0  
3 1  
4 3  
5 2  
6 0  
7 1  
8 3  
9 2  
10 0  
11 1  
12 3  
13 2  
14 0  
15 1  
16 3  
17 2  
18 0  
19 1  
20 3  
21 2  
22 0  
23 1  
24 3  
25 2  
26 0  
27 1  
28 3  
29 2  
30 0  
31 1  
32 3  
33 2  
34 0  
35 1  
36 3  
37 2  
38 0  
39 1  
40 3  
41 2  
42 0  
43 1  
44 3  
45 2  
46 0  
47 1  
48 3  
49 2  
50 0  
51 1  
52 3  
53 2  
54 0  
55 1  
56 3  
57 2  
58 0  
59 1  
60 3  
61 2  
62 0  
63 1  
64 3  
65 2  
66 0  
67 1  
68 3  
69 2  
70 0  
71 1  
72 3  
73 2  
74 0  
75 1  
76 3  
77 2  
78 0  
79 1  
80 3  
81 2  
82 0  
83 1  
84 3  
85 2  
86 0  
87 1  
88 3  
89 2  
90 0  
91 1  
92 3  
93 2  
94 0  
95 1  
96 3  
97 2  
98 0  
99 1  
100 3  
101 2  
102 0  
103 1  
104 3  
105 2  
106 0  
107 1  
108 3  
109 2  
110 0  
111 1  
112 3  
113 2  
114 0  
115 1  
116 3  
117 2  
118 0  
119 1  
120 3  
121 2  
122 0  
123 1  
124 3  
125 2  
126 0  
127 1  
128 3  
129 2  
130 0  
131 1  
132 3  
133 2  
134 0  
135 1  
136 3  
137 2  
138 0  
139 1  
140 3  
141 2  
142 0  
143 1  
144 3  
145 2  
146 0  
147 1  
148 3  
149 2  
150 0  
151 1  
152 3  
153 2  
154 0  
155 1  
156 3  
157 2  
158 0  
159 1  
160 3  
161 2  
162 0  
163 1  
164 3  
165 2  
166 1  
167 0  
168 3  
169 2  
170 1  
171 0  
172 3  
173 2  
174 1  
175 0  
176 3  
177 2  
178 1  
179 0  
180 3  
181 2  
182 1  
183 0  
184 3  
185 2  
186 1  
187 0  
188 3  
189 2  
190 1  
191 0  
192 3  
193 2  
194 1  
195 0  
196 3  
197 2  
198 1  
199 0  
200 3  
201 2  
202 1  
203 0  
204 2  
205 3  
206 1  
207 0  
208 2  
209 3  
210 1  
211 0  
212 2  
213 3  
214 0  
215 1  
216 2  
217 0  
218 3  
219 1  
220 2  
221 0  
222 3  
223 1  
224 2  
225 0  
226 3  
227 1  
228 2  
229 0  
230 3  
231 1  
232 2  
233 0  
234 3  
235 1  
236 2  
237 0  
238 3  
239 1  
240 2  
241 0  
242 3  
243 1  
244 2  
245 0  
246 3  
247 1  
248 2  
249 0  
250 3  
251 1  
252 2  
253 0  
254 3  
255 1  
256 2  
257 0  
258 3  
259 1  
260 2  
261 0  
262 3  
263 1  
264 2  
265 0  
266 3  
267 1  
268 2  
269 0  
270 3  
271 1  
272 2  
273 0  
274 3  
275 1  
276 2  
277 0  
278 3  
279 1  
280 2  
281 0  
282 3  
283 1  
284 2  
285 0  
286 3  
287 1  
288 2  
289 0  
290 3  
291 1  
292 2  
293 0  
294 3  
295 1  
296 2  
297 0  
298 3  
299 1  
300 2  
301 0  
302 3  
303 1  
304 2  
305 0  
306 3  
307 1  
308 2  
309 0  
310 3  
311 1  
312 2  
313 0  
314 3  
315 1  
316 2  
317 0  
318 3  
319 1  
320 2  
321 0  
322 3  
323 1  
324 2  
325 0  
326 3  
327 1  
328 2  
329 0  
330 3  
331 1  
332 2  
333 0  
334 3  
335 1  
336 0  
337 2  
338 3  
339 1  
340 0  
341 2  
342 3  
343 1  
344 0  
345 2  
346 3  
347 1  
348 0  
349 3  
350 2  
351 1  
352 0  
353 3  
354 1  
355 2  
356 0  
357 3  
358 1  
359 2  
360 0  
361 3  
362 1  
363 2  
364 0  
365 3  
366 1  
367 2  
368 0  
369 3  
370 1  
371 2  
372 0  
373 3  
374 1  
375 2  
376 0  
377 3  
378 1  
379 2  
380 0  
381 3  
382 1  
383 2  
384 0  
385 3  
386 1  
387 2  
388 0  
389 1  
390 3  
391 2  
392 0  
393 1  
394 3  
395 2  
396 0  
397 1  
398 3  
399 2  
400 0  
401 1  
402 3  
403 2  
404 0  
405 1  
406 2  
407 3  
408 0  
409 1  
410 2  
411 3  
412 0  
413 1  
414 2  
415 3  
416 0  
417 1  
418 2  
419 3  
420 0  
421 1  
422 2  
423 3  
424 0  
425 1  
426 2  
427 0  
428 3  
429 1  
430 2  
431 0  
432 1  
433 3  
434 2  
435 0  
436 1  
437 3  
438 2  
439 0  
440 1  
441 3  
442 2  
443 0  
444 1  
445 3  
446 2  
447 0  
448 1  
449 3  
450 2  
451 0  
452 1  
453 3  
454 2  
455 0  
456 1  
457 3  
458 2  
459 0  
460 1  
461 3  
462 2  
463 0  
464 1  
465 3  
466 2  
467 0  
468 1  
469 3  
470 2  
471 0  
472 1  
473 3  
474 2  
475 0  
476 1  
477 3  
478 2  
479 0  
480 1  
481 3  
482 0  
483 2  
484 1  
485 3  
486 0  
487 2  
488 1  
489 3  
490 0  
491 2  
492 1  
493 3  
494 0  
495 2  
496 1  
497 3  
498 0  
499 2  
500 1  
501 3  
502 0  
503 2  
504 1  
505 3  
506 0  
507 2  
508 1  
509 3  
510 0  
511 2  
512 1  
513 3  
514 0  
515 2  
516 1  
517 3  
518 0  
519 2  
520 1  
521 3  
522 0  
523 2  
524 1  
525 3  
526 0  
527 1  
528 2  
529 3  
530 0  
531 1  
532 2  
533 3  
534 0  
535 1  
536 2  
537 3  
538 0  
539 1  
540 2  
541 3  
542 0  
543 1  
544 2  
545 3  
546 0  
547 1  
548 2  
549 3  
550 0  
551 1  
552 2  
553 3  
554 0  
555 1  
556 2  
557 3  
558 0  
559 1  
560 2  
561 3  
562 0  
563 1  
564 2  
565 3  
566 0  
567 1  
568 2  
569 3  
570 0  
571 1  
572 2  
573 3  
574 0  
575 1  
576 2  
577 3  
578 0  
579 1  
580 2  
581 0  
582 3  
583 1  
584 2  
585 0  
586 3  
587 1  
588 2  
589 0  
590 3  
591 1  
592 2  
593 0  
594 3  
595 1  
596 2  
597 0  
598 3  
599 1  
600 2  
601 0  
602 3  
603 1  
604 2  
605 0  
606 3  
607 1  
608 2  
609 0  
610 3  
611 1  
612 2  
613 0  
614 1  
615 3  
616 2  
617 0  
618 1  
619 3  
620 2  
621 0  
622 1  
623 3  
624 2  
625 0  
626 1  
627 3  
628 2  
629 0  
630 1  
631 3  
632 2  
633 0  
634 1  
635 3  
636 2  
637 0  
638 1  
639 3  
640 2  
641 0  
642 1  
643 3  
644 2  
645 0  
646 1  
647 3  
648 2  
649 0  
650 1  
651 3  
652 2  
653 0  
654 1  
655 3  
656 2  
657 0  
658 1  
659 3  
660 2  
661 0  
662 1  
663 3  
664 2  
665 0  
666 1  
667 3  
668 2  
669 0  
670 1  
671 3  
672 2  
673 0  
674 1  
675 3  
676 2  
677 0  
678 1  
679 3  
680 2  
681 0  
682 1  
683 3  
684 2  
685 0  
686 1  
687 3  
688 2  
689 0  
690 1  
691 3  
692 2  
693 0  
694 1  
695 3  
696 2  
697 0  
698 1  
699 3  
700 2  
701 0  
702 1  
703 3  
704 2  
705 0  
706 1  
707 3  
708 2  
709 0  
710 1  
711 3  
712 2  
713 0  
714 1  
715 3  
716 2  
717 0  
718 1  
719 3  
720 2  
721 0  
722 1  
723 3  
724 2  
725 0  
726 1  
727 3  
728 2  
729 0  
730 1  
731 3  
732 2  
733 0  
734 1  
735 3  
736 2  
737 0  
738 1  
739 3  
740 2  
741 0  
742 1  
743 3  
744 0  
745 2  
746 1  
747 3  
748 0  
749 2  
750 1  
751 3  
752 0  
753 2  
754 1  
755 3  
756 0  
757 2  
758 1  
759 3  
760 0  
761 2  
762 1  
763 3  
764 0  
765 2  
766 1  
767 3  
768 0  
769 2  
770 1  
771 3  
772 0  
773 2  
774 1  
775 3  
776 2  
777 0  
778 1  
779 3  
780 2  
781 1  
782 0  
783 3  
784 2  
785 1  
786 0  
787 3  
788 2  
789 1  
790 0  
791 3  
792 2  
793 1  
794 0  
795 3  
796 2  
797 1  
798 0  
799 3  
800 2  
801 1  
802 0  
803 3  
804 2  
805 1  
806 0  
807 3  
808 2  
809 1  
810 0  
811 3  
812 2  
813 1  
814 0  
815 3  
816 2  
817 1  
818 0  
819 3  
820 2  
821 1  
822 0  
823 2  
824 3  
825 1  
826 0  
827 2  
828 3  
829 1  
830 0  
831 2  
832 3  
833 1  
834 0  
835 2  
836 3  
837 1  
838 0  
839 2  
840 3  
841 1  
842 0  
843 2  
844 3  
845 1  
846 0  
847 2  
848 3  
849 1  
850 0  
851 2  
852 3  
853 1  
854 0  
855 2  
856 3  
857 1  
858 0  
859 2  
860 3  
861 1  
862 0  
863 2  
864 3  
865 1  
866 0  
867 2  
868 3  
869 1  
870 0  
871 2  
872 3  
873 1  
874 0  
875 2  
876 3  
877 1  
878 0  
879 2  
880 3  
881 1  
882 0  
883 2  
884 3  
885 1  
886 0  
887 2  
888 3  
889 1  
890 0  
891 2  
892 3  
893 1  
894 0  
895 2  
896 3  
897 1  
898 0  
899 2  
900 3  
901 1  
902 0  
903 2  
904 3  
905 1  
906 0  
907 2  
908 3  
909 1  
910 0  
911 2  
912 3  
913 1  
914 0  
915 2  
916 3  
917 1  
918 0  
919 2  
920 3  
921 1  
922 0  
923 2  
924 3  
925 1  
926 0  
927 2  
928 3  
929 1  
930 0  
931 2  
932 3  
933 1  
934 0  
935 2  
936 3  
937 1  
938 0  
939 2  
940 3  
941 1  
942 0  
943 2  
944 3  
945 1  
946 0  
947 2  
948 3  
949 1  
950 0  
951 2  
952 3  
953 1  
954 0  
955 2  
956 3  
957 1  
958 0  
959 3  
960 2  
961 1  
962 0  
963 3  
964 2  
965 1  
966 0  
967 3  
968 2  
969 1  
970 0  
971 3  
972 2  
973 1  
974 0  
975 3  
976 2  
977 1  
978 0  
979 3  
980 2  
981 1  
982 0  
983 3  
984 2  
985 1  
986 0  
987 3  
988 2  
989 1  
990 0  
991 3  
992 2  
993 1  
994 0  
995 2  
996 3  
997 1  
998 0  
999 2  
1000 3  
1001 1  
1002 0  
1003 2  
1004 1  
1005 3  
1006 0  
1007 2  
1008 1  
1009 3  
1010 0  
1011 2  
1012 1  
1013 3  
1014 0  
1015 2  
1016 1  
1017 3  
1018 0  
1019 2  
1020 1  
1021 3  
1022 2  
1023 0  
1024 1  
1025 3  
1026 2  
1027 0  
1028 1  
1029 3  
1030 2  
1031 1  
1032 0  
1033 3  
1034 2  
1035 1  
1036 0  
1037 2  
1038 3  
1039 1  
1040 0  
1041 2  
1042 3  
1043 1  
1044 0  
1045 2  
1046 3  
1047 1  
1048 0  
1049 2  
1050 3  
1051 1  
1052 0  
1053 2  
1054 3  
1055 1  
1056 0  
1057 2  
1058 3  
1059 1  
1060 0  
1061 2  
1062 3  
1063 1  
1064 0  
1065 2  
1066 3  
1067 1  
1068 0  
1069 2  
1070 3  
1071 1  
1072 0  
1073 2  
1074 3  
1075 1  
1076 0  
1077 2  
1078 3  
1079 1  
1080 0  
1081 2  
1082 3  
1083 1  
1084 0  
1085 2  
1086 3  
1087 1  
1088 0  
1089 2  
1090 3  
1091 1  
1092 0  
1093 2  
1094 3  
1095 1  
1096 0  
1097 2  
1098 3  
1099 1  
1100 0  
1101 2  
1102 3  
1103 1  
1104 0  
1105 2  
1106 3  
1107 1  
1108 0  
1109 2  
1110 3  
1111 1  
1112 0  
1113 2  
1114 3  
1115 1  
1116 0  
1117 2  
1118 3  
1119 1  
1120 0  
1121 2  
1122 3  
1123 1  
1124 0  
1125 2  
1126 3  
1127 1  
1128 0  
1129 2  
1130 3  
1131 1  
1132 0  
1133 2  
1134 3  
1135 1  
1136 0  
1137 2  
1138 3  
1139 1  
1140 0  
1141 2  
1142 3  
1143 1  
1144 0  
1145 2  
1146 3  
1147 1  
1148 0  
1149 3  
1150 2  
1151 1  
1152 0  
1153 3  
1154 2  
1155 1  
1156 0  
1157 3  
1158 2  
1159 1  
1160 0  
1161 3  
1162 2  
1163 1  
1164 0  
1165 3  
1166 2  
1167 1  
1168 0  
1169 3  
1170 1  
1171 0  
1172 2  
1173 3  
1174 1  
1175 0  
1176 2  
1177 3  
1178 1  
1179 0  
1180 2  
1181 3  
1182 1  
1183 0  
1184 2  
1185 3  
1186 1  
1187 0  
1188 2  
1189 3  
1190 1  
1191 0  
1192 2  
1193 3  
1194 1  
1195 0  
1196 2  
1197 3  
1198 1  
1199 0  
1200 2  
1201 3  
1202 1  
1203 0  
1204 2  
1205 1  
1206 3  
1207 0  
1208 2  
1209 1  
1210 0  
1211 3  
1212 2  
1213 1  
1214 0  
1215 2  
1216 3  
1217 1  
1218 0  
1219 2  
1220 1  
1221 3  
1222 0  
1223 2  
1224 1  
1225 3  
1226 0  
1227 2  
1228 1  
1229 3  
1230 0  
1231 2  
1232 1  
1233 3  
1234 0  
1235 2  
1236 1  
1237 3  
1238 0  
1239 2  
1240 1  
1241 3  
1242 0  
1243 2  
1244 1  
1245 3  
1246 0  
1247 2  
1248 1  
1249 3  
1250 0  
1251 2  
1252 1  
1253 3  
1254 0  
1255 2  
1256 1  
1257 3  
1258 0  
1259 2  
1260 1  
1261 3  
1262 0  
1263 2  
1264 1  
1265 3  
1266 0  
1267 2  
1268 1  
1269 3  
1270 0  
1271 2  
1272 1  
1273 3  
1274 0  
1275 2  
1276 1  
1277 3  
1278 0  
1279 2  
1280 1  
1281 3  
1282 0  
1283 2  
1284 1  
1285 3  
1286 0  
1287 2  
1288 1  
1289 3  
1290 0  
1291 2  
1292 1  
1293 3  
1294 0  
1295 2  
1296 1  
1297 3  
1298 0  
1299 2  
1300 1  
1301 3  
1302 0  
1303 2  
1304 1  
1305 3  
1306 0  
1307 2  
1308 1  
1309 3  
1310 0  
1311 2  
1312 1  
1313 3  
1314 0  
1315 2  
1316 1  
1317 3  
1318 0  
1319 2  
1320 1  
1321 3  
1322 0  
1323 2  
1324 1  
1325 3  
1326 0  
1327 2  
1328 1  
1329 3  
1330 0  
1331 2  
1332 1  
1333 3  
1334 0  
1335 2  
1336 1  
1337 3  
1338 0  
1339 2  
1340 1  
1341 3  
1342 0  
1343 2  
1344 1  
1345 3  
1346 0  
1347 2  
1348 1  
1349 3  
1350 0  
1351 2  
1352 1  
1353 3  
1354 0  
1355 2  
1356 1  
1357 3  
1358 0  
1359 2  
1360 1  
1361 3  
1362 0  
1363 2  
1364 1  
1365 3  
1366 0  
1367 2  
1368 1  
1369 3  
1370 0  
1371 2  
1372 1  
1373 3  
1374 0  
1375 2  
1376 1  
1377 3  
1378 0  
1379 2  
1380 1  
1381 3  
1382 0  
1383 2  
1384 1  
1385 3  
1386 0  
1387 2  
1388 1  
1389 0  
1390 3  
1391 2  
1392 1  
1393 0  
1394 3  
1395 2  
1396 1  
1397 0  
1398 3  
1399 2  
1400 1  
1401 0  
1402 3  
1403 2  
1404 1  
1405 0  
1406 3  
1407 2  
1408 1  
1409 0  
1410 3  
1411 2  
1412 1  
1413 0  
1414 3  
1415 2  
1416 1  
1417 0  
1418 3  
1419 2  
1420 1  
1421 0  
1422 3  
1423 2  
1424 1  
1425 0  
1426 3  
1427 2  
1428 1  
1429 0  
1430 3  
1431 2  
1432 1  
1433 0  
1434 3  
1435 2  
1436 1  
1437 0  
1438 3  
1439 2  
1440 1  
1441 0  
1442 3  
1443 2  
1444 1  
1445 0  
1446 3  
1447 2  
1448 1  
1449 0  
1450 3  
1451 2  
1452 1  
1453 0  
1454 3  
1455 2  
1456 1  
1457 0  
1458 3  
1459 2  
1460 1  
1461 0  
1462 3  
1463 2  
1464 1  
1465 0  
1466 3  
1467 2  
1468 1  
1469 0  
1470 3  
1471 2  
1472 1  
1473 0  
1474 3  
1475 2  
1476 0  
1477 1  
1478 3  
1479 2  
1480 0  
1481 1  
1482 3  
1483 2  
1484 0  
1485 1  
1486 3  
1487 2  
1488 0  
1489 1  
1490 3  
1491 2  
1492 0  
1493 1  
1494 3  
1495 2  
1496 0  
1497 1  
1498 3  
1499 2  
1500 0  
1501 1  
1502 3  
1503 2  
1504 0  
1505 1  
1506 3  
1507 2  
1508 0  
1509 1  
1510 3  
1511 2  
1512 0  
1513 1  
1514 3  
1515 2  
1516 0  
1517 1  
1518 3  
1519 2  
1520 0  
1521 1  
1522 3  
1523 2  
1524 0  
1525 1  
1526 3  
1527 2  
1528 0  
1529 1  
1530 3  
1531 0  
1532 2  
1533 1  
1534 3  
1535 0  
1536 2  
1537 1  
1538 0  
1539 3  
1540 2  
1541 1  
1542 0  
1543 3  
1544 1  
1545 2  
1546 0  
1547 3  
1548 1  
1549 2  
1550 0  
1551 3  
1552 1  
1553 2  
1554 0  
1555 3  
1556 1  
1557 0  
1558 2  
1559 1  
1560 3  
1561 0  
1562 1  
1563 2  
1564 0  
1565 3  
1566 1  
1567 2  
1568 0  
1569 1  
1570 3  
1571 2  
1572 0  
1573 1  
1574 2  
1575 3  
1576 0  
1577 1  
1578 2  
1579 3  
1580 0  
1581 1  
1582 2  
1583 3  
1584 0  
1585 1  
1586 2  
1587 3  
1588 0  
1589 1  
1590 2  
1591 3  
1592 0  
1593 1  
1594 2  
1595 3  
1596 0  
1597 1  
1598 2  
1599 3  
1600 0  
1601 1  
1602 2  
1603 3  
1604 0  
1605 1  
1606 2  
1607 3  
1608 0  
1609 1  
1610 2  
1611 3  
1612 0  
1613 1  
1614 2  
1615 3  
1616 0  
1617 1  
1618 2  
1619 3  
1620 0  
1621 1  
1622 2  
1623 3  
1624 0  
1625 1  
1626 2  
1627 3  
1628 0  
1629 1  
1630 2  
1631 3  
1632 0  
1633 1  
1634 2  
1635 3  
1636 0  
1637 1  
1638 2  
1639 3  
1640 1  
1641 0  
1642 2  
1643 3  
1644 1  
1645 0  
1646 2  
1647 3  
1648 1  
1649 0  
1650 2  
1651 3  
1652 1  
1653 0  
1654 2  
1655 3  
1656 1  
1657 0  
1658 2  
1659 3  
1660 1  
1661 0  
1662 2  
1663 3  
1664 1  
1665 0  
1666 2  
1667 3  
1668 1  
1669 0  
1670 2  
1671 3  
1672 1  
1673 0  
1674 2  
1675 3  
1676 1  
1677 0  
1678 2  
1679 3  
1680 1  
1681 0  
1682 2  
1683 3  
1684 1  
1685 0  
1686 2  
1687 3  
1688 1  
1689 0  
1690 2  
1691 3  
1692 1  
1693 0  
1694 2  
1695 3  
1696 1  
1697 0  
1698 2  
1699 3  
1700 1  
1701 0  
1702 2  
1703 3  
1704 1  
1705 0  
1706 2  
1707 3  
1708 1  
1709 0  
1710 2  
1711 3  
1712 1  
1713 0  
1714 2  
1715 3  
1716 1  
1717 0  
1718 2  
1719 3  
1720 1  
1721 0  
1722 2  
1723 3  
1724 1  
1725 0  
1726 2  
1727 3  
1728 1  
1729 0  
1730 2  
1731 3  
1732 1  
1733 0  
1734 2  
1735 3  
1736 1  
1737 0  
1738 2  
1739 3  
1740 1  
1741 0  
1742 2  
1743 3  
1744 1  
1745 0  
1746 2  
1747 3  
1748 1  
1749 0  
1750 2  
1751 3  
1752 1  
1753 0  
1754 2  
1755 3  
1756 1  
1757 0  
1758 2  
1759 3  
1760 1  
1761 0  
1762 2  
1763 3  
1764 1  
1765 0  
1766 2  
1767 1  
1768 3  
1769 0  
1770 2  
1771 1  
1772 0  
1773 3  
1774 2  
1775 1  
1776 0  
1777 3  
1778 2  
1779 1  
1780 0  
1781 2  
1782 3  
1783 1  
1784 0  
1785 2  
1786 3  
1787 1  
1788 0  
1789 2  
1790 3  
1791 1  
1792 0  
1793 2  
1794 3  
1795 1  
1796 0  
1797 2  
1798 3  
1799 1  
1800 0  
1801 2  
1802 3  
1803 1  
1804 0  
1805 2  
1806 3  
1807 1  
1808 0  
1809 2  
1810 3  
1811 1  
1812 0  
1813 2  
1814 3  
1815 1  
1816 0  
1817 2  
1818 3  
1819 1  
1820 0  
1821 2  
1822 3  
1823 1  
1824 0  
1825 2  
1826 3  
1827 1  
1828 0  
1829 2  
1830 3  
1831 1  
1832 0  
1833 2  
1834 3  
1835 0  
1836 1  
1837 2  
1838 3  
1839 0  
1840 1  
1841 2  
1842 3  
1843 0  
1844 1  
1845 2  
1846 3  
1847 0  
1848 1  
1849 2  
1850 3  
1851 0  
1852 1  
1853 2  
1854 3  
1855 0  
1856 1  
1857 2  
1858 3  
1859 0  
1860 1  
1861 2  
1862 3  
1863 0  
1864 1  
1865 2  
1866 3  
1867 0  
1868 1  
1869 2  
1870 3  
1871 0  
1872 1  
1873 2  
1874 3  
1875 0  
1876 1  
1877 2  
1878 3  
1879 0  
1880 1  
1881 2  
1882 3  
1883 0  
1884 1  
1885 2  
1886 3  
1887 0  
1888 1  
1889 2  
1890 3  
1891 0  
1892 1  
1893 2  
1894 3  
1895 0  
1896 1  
1897 2  
1898 3  
1899 0  
1900 1  
1901 2  
1902 3  
1903 0  
1904 1  
1905 2  
1906 3  
1907 0  
1908 1  
1909 2  
1910 3  
1911 0  
1912 1  
1913 2  
1914 3  
1915 0  
1916 1  
1917 2  
1918 3  
1919 0  
1920 1  
1921 2  
1922 3  
1923 0  
1924 1  
1925 2  
1926 3  
1927 0  
1928 1  
1929 2  
1930 3  
1931 0  
1932 1  
1933 2  
1934 3  
1935 1  
1936 0  
1937 2  
1938 3  
1939 1  
1940 0  
1941 2  
1942 3  
1943 1  
1944 0  
1945 2  
1946 3  
1947 1  
1948 0  
1949 2  
1950 1  
1951 3  
1952 0  
1953 2  
1954 1  
1955 0  
1956 3  
1957 2  
1958 1  
1959 0  
1960 3  
1961 2  
1962 1  
1963 0  
1964 2  
1965 3  
1966 1  
1967 0  
1968 2  
1969 3  
1970 1  
1971 0  
1972 2  
1973 3  
1974 1  
1975 0  
1976 2  
1977 3  
1978 1  
1979 0  
1980 2  
1981 3  
1982 1  
1983 0  
1984 2  
1985 3  
1986 1  
1987 0  
1988 2  
1989 3  
1990 1  
1991 0  
1992 2  
1993 3  
1994 1  
1995 0  
1996 2  
1997 3  
1998 1  
1999 0  
2000 2  
2001 3  
2002 1  
2003 0  
2004 2  
2005 3  
2006 1  
2007 0  
2008 2  
2009 3  
2010 1  
2011 0  
2012 2  
2013 3  
2014 1  
2015 0  
2016 2  
2017 3  
2018 1  
2019 0  
2020 2  
2021 3  
2022 1  
2023 0  
2024 2  
2025 3  
2026 1  
2027 0  
2028 2  
2029 3  
2030 1  
2031 0  
2032 2  
2033 3  
2034 1  
2035 0  
2036 2  
2037 3  
2038 1  
2039 0  
2040 2  
2041 3  
2042 0  
2043 1  
2044 2  
2045 3  
2046 0  
2047 1  
2048 2  
2049 3  
2050 0  
2051 1  
2052 2  
2053 3  
2054 0  
2055 1  
2056 2  
2057 3  
2058 0  
2059 1  
2060 2  
2061 3  
2062 0  
2063 1  
2064 2  
2065 3  
2066 0  
2067 1  
2068 2  
2069 3  
2070 0  
2071 1  
2072 2  
2073 3  
2074 0  
2075 1  
2076 2  
2077 3  
2078 0  
2079 1  
2080 2  
2081 3  
2082 0  
2083 1  
2084 2  
2085 3  
2086 0  
2087 1  
2088 2  
2089 3  
2090 0  
2091 1  
2092 2  
2093 3  
2094 0  
2095 1  
2096 2  
2097 3  
2098 0  
2099 1  
2100 2  
2101 3  
2102 0  
2103 1  
2104 2  
2105 3  
2106 0  
2107 1  
2108 2  
2109 3  
2110 0  
2111 1  
2112 2  
2113 3  
2114 0  
2115 1  
2116 2  
2117 3  
2118 0  
2119 1  
2120 2  
2121 3  
2122 0  
2123 1  
2124 2  
2125 3  
2126 0  
2127 1  
2128 2  
2129 3  
2130 0  
2131 1  
2132 2  
2133 0  
2134 3  
2135 1  
2136 2  
2137 0  
2138 3  
2139 1  
2140 2  
2141 0  
2142 3  
2143 1  
2144 2  
2145 0  
2146 1  
2147 3  
2148 2  
2149 0  
2150 1  
2151 3  
2152 2  
2153 0  
2154 1  
2155 2  
2156 3  
2157 0  
2158 1  
2159 2  
2160 3  
2161 0  
2162 1  
2163 2  
2164 3  
2165 0  
2166 1  
2167 2  
2168 3  
2169 0  
2170 1  
2171 2  
2172 3  
2173 0  
2174 1  
2175 2  
2176 3  
2177 0  
2178 1  
2179 2  
2180 3  
2181 0  
2182 1  
2183 2  
2184 3  
2185 0  
2186 1  
2187 2  
2188 3  
2189 0  
2190 1  
2191 2  
2192 3  
2193 0  
2194 1  
2195 2  
2196 3  
2197 0  
2198 1  
2199 2  
2200 3  
2201 0  
2202 1  
2203 2  
2204 3  
2205 0  
2206 1  
2207 2  
2208 3  
2209 0  
2210 1  
2211 2  
2212 3  
2213 0  
2214 1  
2215 2  
2216 3  
2217 0  
2218 1  
2219 2  
2220 3  
2221 0  
2222 1  
2223 2  
2224 3  
2225 0  
2226 1  
2227 2  
2228 3  
2229 0  
2230 1  
2231 2  
2232 3  
2233 0  
2234 1  
2235 2  
2236 3  
2237 0  
2238 1  
2239 2  
2240 3  
2241 0  
2242 1  
2243 2  
2244 3  
2245 0  
2246 1  
2247 2  
2248 3  
2249 0  
2250 1  
2251 2  
2252 3  
2253 0  
2254 1  
2255 2  
2256 3  
2257 0  
2258 1  
2259 2  
2260 3  
2261 0  
2262 1  
2263 2  
2264 3  
2265 0  
2266 1  
2267 2  
2268 3  
2269 0  
2270 1  
2271 2  
2272 3  
2273 0  
2274 1  
2275 2  
2276 0  
2277 3  
2278 1  
2279 2  
2280 0  
2281 3  
2282 1  
2283 2  
2284 0  
2285 3  
2286 1  
2287 2  
2288 0  
2289 3  
2290 1  
2291 0  
2292 2  
2293 3  
2294 1  
2295 0  
2296 2  
2297 3  
2298 1  
2299 0  
2300 2  
2301 3  
2302 0  
2303 1  
2304 2  
2305 3  
2306 0  
2307 1  
2308 2  
2309 3  
2310 0  
2311 1  
2312 2  
2313 3  
2314 0  
2315 1  
2316 2  
2317 3  
2318 0  
2319 1  
2320 2  
2321 3  
2322 0  
2323 1  
2324 2  
2325 3  
2326 0  
2327 1  
2328 2  
2329 3  
2330 0  
2331 1  
2332 2  
2333 3  
2334 0  
2335 1  
2336 2  
2337 0  
2338 3  
2339 1  
2340 2  
2341 0  
2342 3  
2343 1  
2344 2  
2345 0  
2346 3  
2347 1  
2348 2  
2349 0  
2350 3  
2351 1  
2352 2  
2353 0  
2354 1  
2355 3  
2356 2  
2357 0  
2358 1  
2359 3  
2360 2  
2361 0  
2362 1  
2363 3  
2364 2  
2365 0  
2366 1  
2367 3  
2368 2  
2369 0  
2370 1  
2371 3  
2372 2  
2373 0  
2374 1  
2375 3  
2376 2  
2377 0  
2378 1  
2379 3  
2380 2  
2381 0  
2382 1  
2383 3  
2384 2  
2385 0  
2386 1  
2387 3  
2388 2  
2389 0  
2390 1  
2391 3  
2392 2  
2393 0  
2394 1  
2395 3  
2396 2  
2397 0  
2398 1  
2399 3  
2400 2  
2401 0  
2402 1  
2403 3  
2404 2  
2405 0  
2406 1  
2407 3  
2408 2  
2409 0  
2410 1  
2411 3  
2412 2  
2413 0  
2414 1  
2415 3  
2416 2  
2417 0  
2418 1  
2419 3  
2420 2  
2421 0  
2422 1  
2423 3  
2424 2  
2425 0  
2426 1  
2427 3  
2428 2  
2429 0  
2430 1  
2431 3  
2432 2  
2433 0  
2434 1  
2435 3  
2436 2  
2437 0  
2438 1  
2439 3  
2440 2  
2441 0  
2442 1  
2443 3  
2444 2  
2445 0  
2446 1  
2447 3  
2448 2  
2449 0  
2450 1  
2451 3  
2452 2  
2453 0  
2454 1  
2455 3  
2456 2  
2457 0  
2458 1  
2459 3  
2460 2  
2461 0  
2462 1  
2463 3  
2464 2  
2465 0  
2466 1  
2467 3  
2468 2  
2469 0  
2470 1  
2471 3  
2472 2  
2473 1  
2474 0  
2475 3  
2476 2  
2477 1  
2478 0  
2479 3  
2480 2  
2481 1  
2482 0  
2483 3  
2484 2  
2485 1  
2486 0  
2487 3  
2488 2  
2489 1  
2490 0  
2491 3  
2492 2  
2493 1  
2494 0  
2495 3  
2496 2  
2497 1  
2498 0  
2499 3  
2500 2  
2501 1  
2502 0  
2503 3  
2504 2  
2505 1  
2506 0  
2507 3  
2508 2  
2509 1  
2510 0  
2511 3  
2512 2  
2513 1  
2514 0  
2515 3  
2516 2  
2517 1  
2518 0  
2519 3  
2520 2  
2521 1  
2522 0  
2523 3  
2524 2  
2525 1  
2526 0  
2527 3  
2528 2  
2529 1  
2530 0  
2531 3  
2532 2  
2533 1  
2534 0  
2535 3  
2536 1  
2537 2  
2538 0  
2539 3  
2540 1  
2541 0  
2542 2  
2543 3  
2544 1  
2545 0  
2546 2  
2547 3  
2548 1  
2549 0  
2550 2  
2551 3  
2552 1  
2553 0  
2554 2  
2555 3  
2556 1  
2557 0  
2558 2  
2559 3  
2560 1  
2561 0  
2562 2  
2563 3  
2564 1  
2565 0  
2566 2  
2567 3  
2568 1  
2569 0  
2570 2  
2571 3  
2572 1  
2573 0  
2574 2  
2575 3  
2576 1  
2577 0  
2578 2  
2579 3  
2580 1  
2581 0  
2582 2  
2583 3  
2584 1  
2585 0  
2586 2  
2587 3  
2588 1  
2589 0  
2590 2  
2591 3  
2592 1  
2593 0  
2594 2  
2595 3  
2596 1  
2597 0  
2598 2  
2599 3  
2600 1  
2601 0  
2602 2  
2603 3  
2604 1  
2605 0  
2606 2  
2607 3  
2608 1  
2609 0  
2610 2  
2611 3  
2612 1  
2613 0  
2614 2  
2615 3  
2616 0  
2617 1  
2618 2  
2619 3  
2620 0  
2621 1  
2622 2  
2623 3  
2624 0  
2625 1  
2626 2  
2627 3  
2628 0  
2629 1  
2630 2  
2631 3  
2632 0  
2633 1  
2634 2  
2635 3  
2636 0  
2637 1  
2638 2  
2639 3  
2640 0  
2641 1  
2642 2  
2643 3  
2644 0  
2645 1  
2646 2  
2647 3  
2648 0  
2649 1  
2650 2  
2651 3  
2652 0  
2653 1  
2654 2  
2655 3  
2656 0  
2657 1  
2658 2  
2659 3  
2660 0  
2661 1  
2662 2  
2663 3  
2664 0  
2665 1  
2666 2  
2667 3  
2668 0  
2669 1  
2670 2  
2671 3  
2672 0  
2673 1  
2674 2  
2675 3  
2676 0  
2677 1  
2678 2  
2679 3  
2680 0  
2681 1  
2682 2  
2683 3  
2684 0  
2685 1  
2686 2  
2687 3  
2688 0  
2689 1  
2690 2  
2691 3  
2692 0  
2693 1  
2694 2  
2695 3  
2696 0  
2697 1  
2698 2  
2699 3  
2700 0  
2701 1  
2702 2  
2703 3  
2704 0  
2705 1  
2706 2  
2707 3  
2708 0  
2709 1  
2710 2  
2711 3  
2712 0  
2713 1  
2714 2  
2715 3  
2716 0  
2717 1  
2718 2  
2719 3  
2720 0  
2721 1  
2722 2  
2723 3  
2724 0  
2725 1  
2726 2  
2727 3  
2728 0  
2729 1  
2730 2  
2731 3  
2732 0  
2733 1  
2734 2  
2735 3  
2735 1  
2736 0  
2736 2  
2737 1  
2737 3  
2738 0  
2739 2  
2740 1  
2740 3  
2740 0  
2741 2  
2742 1  
2742 3  
2742 0  
2742 2  
2742 1  
2742 3  
2742 0  
2742 2  
2742 1  
2742 3  
2742 0  
2742 2  
2742 1  
2742 3  
2742 0  
2742 2  
2742 1  
2742 3  
2742 0  
2742 2  
2742 1  
2742 3  
2742 0  
2742 2  
2742 1  
2742 3  
2742 0  
2742 2  
2742 1  
2742 3  
2742 0  
2742 2  
2742 1  
2742 3  
2742 0  
2742 2  
2742 1  
2742 3  
2742 0  
2742 2  
2742 1  
2742 3  
2742 0  
2742 2  
2742 1  
2742 3  
2742 0  
2742 2  
2742 1  
2742 3  
2742 0  
2742 2  
2742 1  
2742 3  
2742 0  
2742 2  
2742 1  
2742 3  
2742 0  
2742 2  
2742 1  
2742 3  
2742 0  
2742 2  
2742 1  
2742 3  
2742 0  
2742 2  
2742 1  
2742 3  
2742 0  
2742 2  
2742 1  
2742 3  
2742 0  
2742 2  
2742 1  
2742 3  
2742 0  
2742 2  
2742 1  
2742 3  
2742 0  
2742 2  
2742 1  
2742 3  
2742 0  
2742 2  
2742 1  
2742 3  
2742 0  
2742 2  
2742 1  
2742 3  
2742 0  
2742 2  
2742 1  
2742 3  
2742 0  
2742 2  
2742 1  
2742 3  
2742 0  
2742 2  
2742 1  
2742 3  
2742 0  
2742 2  
2742 1  
2742 3  
2742 0  
2742 2  
2742 1  
2742 3  
2742 0  
2742 2  
2742 1  
2742 3  
2742 0  
2742 2  
2742 1  
2742 3  
2742 0  
2742 2  
2742 1  
2742 3  
2742 0  
2742 2  
2742 1  
2742 3  
2742 0  
2742 2  
2742 1  
2742 3  
2742 0  
2742 2  
2742 1  
2742 3  
2742 0  
2742 2  
2742 1  
2742 3  
2742 0  
2742 2  
2742 1  
2742 3  
2742 0  
2742 2  
2742 1  
2742 3  
2742 0  
2742 2  
2742 1  
2742 3  
2742 0  
2742 2  
2742 1  
2742 3  
2742 0  
2742 2  
2742 1  
2742 3  
2742 0  
2742 2  
2742 1  
2742 3  
2742 0  
2742 1  
2742 2  
2742 3  
2742 0  
2742 1  
2742 2  
2742 3  
2742 0  
2742 1  
2742 2  
2742 3  
2742 0  
2742 1  
2742 2  
2742 3  
2742 0  
2742 1  
2742 3  
2742 2  
2742 0  
2742 1  
2742 3  
2742 2  
2742 0  
2742 1  
2742 3  
2742 2  
2742 0  
2742 1  
2742 3  
2742 2  
2742 0  
2742 1  
2742 3  
2742 2  
2742 0  
2742 1  
2742 3  
2742 2  
2742 0  
2742 1  
2742 3  
2742 2  
2742 0  
2742 1  
2742 3  
2742 2  
2742 0  
2742 1  
2742 3  
2742 2  
2742 1  
2742 0  
2742 3  
2742 2  
2742 1  
2742 0  
2742 3  
2742 2  
2742 1  
2742 0  
2742 2  
2742 3  
2742 1  
2742 0  
2742 2  
2742 1  
2742 3  
2742 0  
2742 2  
2742 1  
2742 3  
2742 0  
2742 2  
2742 1  
2742 0  
2742 3  
2742 2  
2742 1  
2742 0  
2742 3  
2742 2  
2742 1  
2742 0  
2742 3  
2742 2  
2742 1  
2742 0  
2742 3  
2742 2  
2742 1  
2742 0  
2742 3  
2742 2  
2742 1  
2742 0  
2742 3  
2742 2  
2742 1  
2742 0  
2742 3  
2742 2  
2742 1  
2742 0  
2742 3  
2742 2  
2742 1  
2742 0  
2742 3  
2742 2  
2742 1  
2742 0  
2742 3  
2742 2  
2742 1  
2742 0  
2742 3  
2742 2  
2742 1  
2742 0  
2742 3  
2742 2  
2742 1  
2742 0  
2742 3  
2742 2  
2742 1  
2742 0  
2742 3  
2742 2  
2742 1  
2742 0  
2742 3  
2742 2  
2742 1  
2742 0  
2742 3  
2742 2  
2742 1  
2742 0  
2742 3  
2742 2  
2742 1  
2742 0  
2742 3  
2742 2  
2742 1  
2742 0  
2742 3  
2742 2  
2742 1  
2742 0  
2742 3  
2742 2  
2742 1  
2742 0  
2742 3  
2742 2  
2742 0  
2742 1  
2742 3  
2742 2  
2742 0  
2742 1  
2742 3  
2742 2  
2742 0  
2742 1  
2742 3  
2742 2  
2742 0  
2742 1  
2742 3  
2742 2  
2742 0  
2742 1  
2742 3  
2742 2  
2742 0  
2742 1  
2742 3  
2742 2  
2742 0  
2742 1  
2742 3  
2742 2  
2742 0  
2742 1  
2742 3  
2742 2  
2742 0  
2742 1  
2742 3  
2742 2  
2742 0  
2742 1  
2742 3  
2742 2  
2742 0  
2742 1  
2742 3  
2742 2  
2742 0  
2742 1  
2742 3  
2742 2  
2742 0  
2742 1  
2742 3  
2742 2  
2742 0  
2742 1  
2742 3  
2742 2  
2742 0  
2742 1  
2742 3  
2742 2  
2742 0  
2742 1  
2742 3  
2742 2  
2742 0  
2742 1  
2742 2  
2742 3  
2742 0  
2742 1  
2742 2  
2742 0  
2742 3  
2742 1  
2742 2  
2742 0  
2742 1  
2742 3  
2742 2  
2742 0  
2742 1  
2742 3  
2742 2  
2742 0  
2742 1  
2742 3  
2742 2  
2742 0  
2742 1  
2742 3  
2742 2  
2742 0  
2742 1  
2742 3  
2742 2  
2742 0  
2742 1  
2742 3  
2742 2  
2742 0  
2742 1  
2742 3  
2742 2  
2742 0  
2742 1  
2742 3  
2742 2  
2742 0  
2742 1  
2742 3  
2742 2  
2742 0  
2742 1  
2742 3  
2742 0  
2742 2  
2742 1  
2742 3  
2742 0  
2742 2  
2742 1  
2742 3  
2742 0  
2742 2  
2742 1  
2742 3  
2742 0  
2742 1  
2742 2  
2742 3  
2742 0  
2742 1  
2742 3  
2742 2  
2742 0  
2742 1  
2742 3  
2742 2  
2742 0  
2742 1  
2742 3  
2742 2  
2742 0  
2742 1  
2742 3  
2742 2  
2742 0  
2742 1  
2742 3  
2742 2  
2742 0  
2742 1  
2742 3  
2742 2  
2742 0  
2742 1  
2742 3  
2742 2  
2742 0  
2742 1  
2742 3  
2742 2  
2742 0  
2742 1  
2742 3  
2742 2  
2742 0  
2742 1  
2742 3  
2742 2  
2742 0  
2742 1  
2742 3  
2742 2  
2742 0  
2742 1  
2742 3  
2742 2  
2742 0  
2742 1  
2742 3  
2742 2  
2742 0  
2742 1  
2742 3  
2742 2  
2742 0  
2742 1  
2742 3  
2742 2  
2742 0  
2742 1  
2742 3  
2742 2  
2742 0  
2742 1  
2742 3  
2742 2  
2742 0  
2742 1  
2742 3  
2742 2  
2742 0  
2742 1  
2742 3  
2742 2  
2742 0  
2742 1  
2742 3  
2742 2  
2742 0  
2742 1  
2742 3  
2742 2  
2742 0  
2742 1  
2742 3  
2742 2  
2742 0  
2742 1  
2742 3  
2742 2  
2742 0  
2742 1  
2742 3  
2742 2  
2742 0  
2742 1  
2742 3  
2742 2  
2742 0  
2742 1  
2742 3  
2742 2  
2742 0  
2742 1  
2742 3  
2742 2  
2742 0  
2742 1  
2742 3  
2742 2  
2742 0  
2742 1  
2742 3  
2742 2  
2742 0  
2742 1  
2742 3  
2742 2  
2742 0  
2742 1  
2742 2  
2742 3  
2742 0  
2742 1  
2742 2  
2742 0  
2742 3  
2742 1  
2742 2  
2742 0  
2742 3  
2742 1  
2742 2  
2742 0  
2742 3  
2742 1  
2742 2  
2742 0  
2742 3  
2742 1  
2742 2  
2742 0  
2742 3  
2742 1  
2742 2  
2742 0  
2742 3  
2742 1  
2742 2  
2742 0  
2742 3  
2742 1  
2742 2  
2742 0  
2742 3  
2742 1  
2742 0  
2742 2  
2742 3  
2742 1  
2742 0  
2742 2  
2742 3  
2742 1  
2742 0  
2742 2  
2742 3  
2742 1  
2742 0  
2742 2  
2742 3  
2742 1  
2742 0  
2742 2  
2742 3  
2742 1  
2742 0  
2742 3  
2742 2  
2742 1  
2742 0  
2742 3  
2742 2  
2742 1  
2742 0  
2742 3  
2742 2  
2742 1  
2742 0  
2742 3  
2742 2  
2742 1  
2742 0  
2742 3  
2742 2  
2742 1  
2742 0  
2742 3  
2742 2  
2742 1  
2742 0  
2742 3  
2742 2  
2742 1  
2742 0  
2742 3  
2742 2  
2742 1  
2742 0  
2742 3  
2742 2  
2742 1  
2742 0  
2742 3  
2742 2  
2742 1  
2742 0  
2742 3  
2742 2  
2742 1  
2742 0  
2742 3  
2742 2  
2742 1  
2742 0  
2742 3  
2742 2  
2742 1  
2742 0  
2742 3  
2742 2  
2742 1  
2742 0  
2742 3  
2742 2  
2742 1  
2742 0  
2742 3  
2742 2  
2742 1  
2742 0  
2742 3  
2742 2  
2742 1  
2742 0  
2742 3  
2742 2  
2742 1  
2742 0  
2742 3  
2742 2  
2742 1  
2742 0  
2742 3  
2742 2  
2742 1  
2742 0  
2742 3  
2742 2  
2742 1  
2742 0  
2742 3  
2742 2  
2742 1  
2742 0  
2742 3  
2742 2  
2742 1  
2742 0  
2742 3  
2742 2  
2742 1  
2742 0  
2742 3  
2742 2  
2742 1  
2742 0  
2742 2  
2742 3  
2742 1  
2742 0  
2742 2  
2742 3  
2742 1  
2742 0  
2742 2  
2742 3  
2742 1  
2742 0  
2742 2  
2742 3  
2742 1  
2742 0  
2742 2  
2742 3  
2742 1  
2742 0  
2742 2  
2742 1  
2742 3  
2742 0  
2742 2  
2742 1  
2742 3  
2742 0  
2742 2  
2742 1  
2742 3  
2742 0  
2742 2  
2742 1  
2742 3  
2742 0  
2742 2  
2742 1  
2742 3  
2742 0  
2742 2  
2742 1  
2742 3  
2742 0  
2742 2  
2742 1  
2742 3  
2742 0  
2742 2  
2742 3  
2742 1  
2742 0  
2742 2  
2742 3  
2742 1  
2742 0  
2742 2  
2742 3  
2742 1  
2742 0  
2742 2  
2742 3  
2742 1  
2742 0  
2742 2  
2742 3  
2742 1  
2742 0  
2742 2  
2742 3  
2742 1  
2742 0  
2742 2  
2742 3  
2742 1  
2742 0  
2742 2  
2742 3  
2742 1  
2742 0  
2742 2  
2742 3  
2742 1  
2742 0  
2742 2  
2742 3  
2742 1  
2742 0  
2742 2  
2742 3  
2742 1  
2742 0  
2742 2  
2742 3  
2742 1  
2742 0  
2742 2  
2742 3  
2742 1  
2742 0  
2742 2  
2742 3  
2742 1  
2742 0  
2742 2  
2742 3  
2742 1  
2742 0  
2742 2  
2742 3  
2742 1  
2742 0  
2742 2  
2742 3  
2742 1  
2742 0  
2742 2  
2742 3  
2742 1  
2742 0  
2742 2  
2742 3  
2742 1  
2742 0  
2742 2  
2742 3  
2742 1  
2742 0  
2742 2  
2742 3  
2742 1  
2742 0  
2742 2  
2742 3  
2742 1  
2742 0  
2742 2  
2742 3  
2742 1  
2742 0  
2742 2  
2742 3  
2742 1  
2742 0  
2742 2  
2742 3  
2742 1  
2742 0  
2742 2  
2742 3  
2742 1  
2742 0  
2742 2  
2742 3  
2742 1  
2742 0  
2742 2  
2742 3  
2742 1  
2742 0  
2742 2  
2742 3  
2742 1  
2742 0  
2742 2  
2742 3  
2742 1  
2742 0  
2742 2  
2742 3  
2742 1  
2742 0  
2742 2  
2742 3  
2742 1  
2742 0  
2742 2  
2742 3  
2742 1  
2742 0  
2742 2  
2742 3  
2742 1  
2742 0  
2742 2  
2742 3  
2742 1  
2742 0  
2742 2  
2742 3  
2742 1  
2742 0  
2742 2  
2742 3  
2742 1  
2742 0  
2742 2  
2742 3  
2742 1  
2742 0  
2742 2  
2742 3  
2742 1  
2742 0  
2742 2  
2742 3  
2742 1  
2742 0  
2742 2  
2742 3  
2742 1  
2742 0  
2742 2  
2742 1  
2742 3  
2742 0  
2742 2  
2742 1  
2742 3  
2742 0  
2742 2  
2742 1  
2742 3  
2742 0  
2742 2  
2742 1  
2742 3  
2742 0  
2742 2  
2742 1  
2742 3  
2742 0  
2742 2  
2742 1  
2742 0  
2742 3  
2742 2  
2742 1  
2742 0  
2742 2  
2742 3  
2742 1  
2742 0  
2742 2  
2742 3  
2742 1  
2742 0  
2742 2  
2742 3  
2742 1  
2742 0  
2742 2  
2742 3  
2742 1  
2742 0  
2742 2  
2742 3  
2742 1  
2742 0  
2742 2  
2742 3  
2742 1  
2742 0  
2742 2  
2742 3  
2742 1  
2742 0  
2742 2  
2742 3  
2742 1  
2742 0  
2742 2  
2742 3  
2742 1  
2742 0  
2742 2  
2742 3  
2742 1  
2742 0  
2742 2  
2742 3  
2742 1  
2742 0  
2742 2  
2742 3  
2742 1  
2742 0  
2742 2  
2742 3  
2742 1  
2742 0  
2742 2  
2742 3  
2742 1  
2742 0  
2742 2  
2742 3  
2742 1  
2742 0  
2742 2  
2742 3  
2742 1  
2742 0  
2742 3  
2742 2  
2742 1  
2742 0  
2742 3  
2742 2  
2742 1  
2742 0  
2742 3  
2742 2  
2742 1  
2742 0  
2742 3  
2742 2  
2742 1  
2742 0  
2742 3  
2742 2  
2742 1  
2742 0  
2742 3  
2742 2  
2742 1  
2742 0  
2742 3  
2742 1  
2742 2  
2742 0  
2742 3  
2742 1  
2742 2  
2742 0  
2742 3  
