2013 07 02 04 30 01 0.454656
2013 07 02 04 30 02 0.461312
2013 07 02 04 30 03 0.467968
2013 07 02 04 30 04 0.474624
2013 07 02 04 30 05 0.481024
2013 07 02 04 30 06 0.487680
2013 07 02 04 30 07 0.494336
2013 07 02 04 30 08 0.500992
2013 07 02 04 30 09 0.507648
2013 07 02 04 30 10 0.514304
2013 07 02 04 30 11 0.520960
2013 07 02 04 30 12 0.527616
2013 07 02 04 30 13 0.534272
2013 07 02 04 30 14 0.540928
2013 07 02 04 30 15 0.547584
2013 07 02 04 30 16 0.553984
2013 07 02 04 30 17 0.560640
2013 07 02 04 30 18 0.567296
2013 07 02 04 30 19 0.573952
2013 07 02 04 30 20 0.580608
2013 07 02 04 30 21 0.587264
2013 07 02 04 30 22 0.593920
2013 07 02 04 30 23 0.600576
2013 07 02 04 30 24 0.607232
2013 07 02 04 30 25 0.613888
2013 07 02 04 30 26 0.620544
2013 07 02 04 30 27 0.626944
2013 07 02 04 30 28 0.633600
2013 07 02 04 30 29 0.640256
2013 07 02 04 30 30 0.646912
2013 07 02 04 30 31 0.653568
2013 07 02 04 30 32 0.660224
2013 07 02 04 30 33 0.666880
2013 07 02 04 30 34 0.673536
2013 07 02 04 30 35 0.680192
2013 07 02 04 30 36 0.686848
2013 07 02 04 30 37 0.693504
2013 07 02 04 30 38 0.700160
2013 07 02 04 30 39 0.706560
2013 07 02 04 30 40 0.713216
2013 07 02 04 30 41 0.719872
2013 07 02 04 30 42 0.726528
2013 07 02 04 30 43 0.733184
2013 07 02 04 30 44 0.739840
2013 07 02 04 30 45 0.746496
2013 07 02 04 30 46 0.753152
2013 07 02 04 30 47 0.759808
2013 07 02 04 30 48 0.766464
2013 07 02 04 30 49 0.773120
2013 07 02 04 30 50 0.779520
2013 07 02 04 30 51 0.786176
2013 07 02 04 30 52 0.792832
2013 07 02 04 30 53 0.799488
2013 07 02 04 30 54 0.806144
2013 07 02 04 30 55 0.812800
2013 07 02 04 30 56 0.819456
2013 07 02 04 30 57 0.826112
2013 07 02 04 30 58 0.832768
2013 07 02 04 30 59 0.839424
2013 07 02 04 31 00 0.846080
2013 07 02 04 31 01 0.852480
2013 07 02 04 31 02 0.859136
2013 07 02 04 31 04 0.117760
2013 07 02 04 31 05 0.124416
2013 07 02 04 31 06 0.131072
2013 07 02 04 31 07 0.137472
2013 07 02 04 31 08 0.144128
2013 07 02 04 31 09 0.150784
2013 07 02 04 31 10 0.157440
2013 07 02 04 31 11 0.164096
2013 07 02 04 31 12 0.170752
2013 07 02 04 31 13 0.177408
2013 07 02 04 31 14 0.184064
2013 07 02 04 31 15 0.190720
2013 07 02 04 31 16 0.197376
2013 07 02 04 31 17 0.203776
2013 07 02 04 31 18 0.210432
2013 07 02 04 31 19 0.217088
2013 07 02 04 31 20 0.223744
2013 07 02 04 31 21 0.230400
2013 07 02 04 31 22 0.237056
2013 07 02 04 31 23 0.243712
2013 07 02 04 31 24 0.250368
2013 07 02 04 31 25 0.257024
2013 07 02 04 31 26 0.263680
2013 07 02 04 31 28 0.528384
2013 07 02 04 31 29 0.535040
2013 07 02 04 31 30 0.541696
2013 07 02 04 31 31 0.548352
2013 07 02 04 31 32 0.555008
2013 07 02 04 31 33 0.561408
2013 07 02 04 31 34 0.568064
2013 07 02 04 31 35 0.574720
2013 07 02 04 31 36 0.581376
2013 07 02 04 31 37 0.588032
2013 07 02 04 31 38 0.594688
2013 07 02 04 31 39 0.601344
2013 07 02 04 31 40 0.608000
2013 07 02 04 31 41 0.363008
2013 07 02 04 31 42 0.369664
2013 07 02 04 31 43 0.124416
2013 07 02 04 31 44 0.131072
2013 07 02 04 31 45 0.137728
2013 07 02 04 31 46 0.144384
2013 07 02 04 31 47 0.151040
2013 07 02 04 31 48 0.157696
2013 07 02 04 31 49 0.164352
2013 07 02 04 31 50 0.171008
2013 07 02 04 31 51 0.177664
2013 07 02 04 31 52 0.184320
2013 07 02 04 31 53 0.190720
2013 07 02 04 31 54 0.197376
2013 07 02 04 31 55 0.204032
2013 07 02 04 31 56 0.210688
2013 07 02 04 31 57 0.217344
2013 07 02 04 31 58 0.224000
2013 07 02 04 31 59 0.230656
2013 07 02 04 32 00 0.237312
2013 07 02 04 32 01 0.243968
2013 07 02 04 32 02 0.250624
2013 07 02 04 32 03 0.257280
2013 07 02 04 32 04 0.263936
2013 07 02 04 32 05 0.270336
2013 07 02 04 32 06 0.276992
2013 07 02 04 32 07 0.283648
2013 07 02 04 32 08 0.290304
2013 07 02 04 32 09 0.296960
2013 07 02 04 32 10 0.303616
2013 07 02 04 32 11 0.310272
2013 07 02 04 32 12 0.316928
2013 07 02 04 32 13 0.323584
2013 07 02 04 32 14 0.330240
2013 07 02 04 32 15 0.336896
2013 07 02 04 32 16 0.343296
2013 07 02 04 32 17 0.349952
2013 07 02 04 32 18 0.356608
2013 07 02 04 32 19 0.363264
2013 07 02 04 32 20 0.369920
2013 07 02 04 32 21 0.376576
2013 07 02 04 32 22 0.383232
2013 07 02 04 32 23 0.389888
2013 07 02 04 32 24 0.648192
2013 07 02 04 32 25 0.654848
2013 07 02 04 32 26 0.661504
2013 07 02 04 32 27 0.668160
2013 07 02 04 32 28 0.674816
2013 07 02 04 32 29 0.681472
2013 07 02 04 32 30 0.688128
2013 07 02 04 32 31 0.694784
2013 07 02 04 32 32 0.701184
2013 07 02 04 32 33 0.707840
2013 07 02 04 32 34 0.714496
2013 07 02 04 32 35 0.721152
2013 07 02 04 32 36 0.727808
2013 07 02 04 32 37 0.734464
2013 07 02 04 32 38 0.741120
2013 07 02 04 32 39 0.747776
2013 07 02 04 32 40 0.754432
2013 07 02 04 32 41 0.761088
2013 07 02 04 32 42 0.767744
2013 07 02 04 32 43 0.774400
2013 07 02 04 32 44 0.781056
2013 07 02 04 32 45 0.787712
2013 07 02 04 32 46 0.794112
2013 07 02 04 32 47 0.800768
2013 07 02 04 32 48 0.807424
2013 07 02 04 32 49 0.814080
2013 07 02 04 32 50 0.820736
2013 07 02 04 32 51 0.827392
2013 07 02 04 32 52 0.834048
2013 07 02 04 32 53 0.840704
2013 07 02 04 32 54 0.847360
2013 07 02 04 32 55 0.853760
2013 07 02 04 32 56 0.860416
2013 07 02 04 32 57 0.867072
2013 07 02 04 32 58 0.873728
2013 07 02 04 32 59 0.880384
2013 07 02 04 33 00 0.887040
2013 07 02 04 33 01 0.893696
2013 07 02 04 33 02 0.900352
2013 07 02 04 33 03 0.907008
2013 07 02 04 33 04 0.913664
2013 07 02 04 33 05 0.920320
2013 07 02 04 33 06 0.926976
2013 07 02 04 33 07 0.933632
2013 07 02 04 33 08 0.940032
2013 07 02 04 33 09 0.946688
2013 07 02 04 33 10 0.953344
2013 07 02 04 33 11 0.960000
2013 07 02 04 33 12 0.966656
2013 07 02 04 33 13 0.973312
2013 07 02 04 33 14 0.979968
2013 07 02 04 33 15 0.986624
2013 07 02 04 33 16 0.993024
2013 07 02 04 33 17 0.999936
2013 07 02 04 33 19 0.006400
2013 07 02 04 33 20 0.013056
2013 07 02 04 33 21 0.019712
2013 07 02 04 33 22 0.026368
2013 07 02 04 33 23 0.033024
2013 07 02 04 33 24 0.039680
2013 07 02 04 33 25 0.046336
2013 07 02 04 33 26 0.052736
2013 07 02 04 33 27 0.059392
2013 07 02 04 33 28 0.066048
2013 07 02 04 33 29 0.072704
2013 07 02 04 33 30 0.079360
2013 07 02 04 33 31 0.086016
2013 07 02 04 33 32 0.092672
2013 07 02 04 33 33 0.099328
2013 07 02 04 33 34 0.105984
2013 07 02 04 33 35 0.112384
2013 07 02 04 33 36 0.119040
2013 07 02 04 33 37 0.125696
2013 07 02 04 33 38 0.132352
2013 07 02 04 33 39 0.139008
2013 07 02 04 33 40 0.145664
2013 07 02 04 33 41 0.152320
2013 07 02 04 33 42 0.158976
2013 07 02 04 33 43 0.165632
2013 07 02 04 33 44 0.172288
2013 07 02 04 33 45 0.178944
2013 07 02 04 33 46 0.185600
2013 07 02 04 33 47 0.192256
2013 07 02 04 33 48 0.198656
2013 07 02 04 33 49 0.205312
2013 07 02 04 33 50 0.211968
2013 07 02 04 33 51 0.218624
2013 07 02 04 33 52 0.225280
2013 07 02 04 33 53 0.231936
2013 07 02 04 33 54 0.238592
2013 07 02 04 33 55 0.245248
2013 07 02 04 33 56 0.251904
2013 07 02 04 33 57 0.258560
2013 07 02 04 33 58 0.265216
2013 07 02 04 33 59 0.271872
2013 07 02 04 34 00 0.278272
2013 07 02 04 34 01 0.284928
2013 07 02 04 34 02 0.291584
2013 07 02 04 34 03 0.298240
2013 07 02 04 34 04 0.304896
2013 07 02 04 34 05 0.059648
2013 07 02 04 34 06 0.066304
2013 07 02 04 34 07 0.072960
2013 07 02 04 34 08 0.079616
2013 07 02 04 34 09 0.086272
2013 07 02 04 34 10 0.092928
2013 07 02 04 34 11 0.099584
2013 07 02 04 34 12 0.105984
2013 07 02 04 34 13 0.112640
2013 07 02 04 34 14 0.119296
2013 07 02 04 34 14 0.874496
2013 07 02 04 34 15 0.881152
2013 07 02 04 34 16 0.887808
2013 07 02 04 34 17 0.894464
2013 07 02 04 34 18 0.901120
2013 07 02 04 34 19 0.907776
2013 07 02 04 34 20 0.914432
2013 07 02 04 34 21 0.920832
2013 07 02 04 34 22 0.927488
2013 07 02 04 34 23 0.934144
2013 07 02 04 34 24 0.940800
2013 07 02 04 34 25 0.947456
2013 07 02 04 34 26 0.954112
2013 07 02 04 34 27 0.960768
2013 07 02 04 34 28 0.967424
2013 07 02 04 34 29 0.974080
2013 07 02 04 34 30 0.980480
2013 07 02 04 34 31 0.987136
2013 07 02 04 34 32 0.993792
2013 07 02 04 34 34 0.000512
2013 07 02 04 34 35 0.007168
2013 07 02 04 34 36 0.013824
2013 07 02 04 34 37 0.020480
2013 07 02 04 34 38 0.027136
2013 07 02 04 34 39 0.033792
2013 07 02 04 34 40 0.040448
2013 07 02 04 34 41 0.046848
2013 07 02 04 34 42 0.053504
2013 07 02 04 34 43 0.060160
2013 07 02 04 34 44 0.066816
2013 07 02 04 34 45 0.073472
2013 07 02 04 34 46 0.080128
2013 07 02 04 34 47 0.086784
2013 07 02 04 34 48 0.093440
2013 07 02 04 34 49 0.100096
2013 07 02 04 34 50 0.106496
2013 07 02 04 34 51 0.113152
2013 07 02 04 34 52 0.119808
2013 07 02 04 34 53 0.126464
2013 07 02 04 34 54 0.133120
2013 07 02 04 34 55 0.139776
2013 07 02 04 34 56 0.146432
2013 07 02 04 34 57 0.153088
2013 07 02 04 34 58 0.159744
2013 07 02 04 34 59 0.166400
2013 07 02 04 35 00 0.173056
2013 07 02 04 35 01 0.179712
2013 07 02 04 35 02 0.186112
2013 07 02 04 35 03 0.192768
2013 07 02 04 35 04 0.199424
2013 07 02 04 35 05 0.206080
2013 07 02 04 35 06 0.464128
2013 07 02 04 35 07 0.470784
2013 07 02 04 35 08 0.477440
2013 07 02 04 35 09 0.484096
2013 07 02 04 35 10 0.490752
2013 07 02 04 35 11 0.497408
2013 07 02 04 35 12 0.252416
2013 07 02 04 35 13 0.259072
2013 07 02 04 35 14 0.265728
2013 07 02 04 35 15 0.272384
2013 07 02 04 35 16 0.279040
2013 07 02 04 35 17 0.285696
2013 07 02 04 35 18 0.292352
2013 07 02 04 35 19 0.299008
2013 07 02 04 35 20 0.305664
2013 07 02 04 35 21 0.312320
2013 07 02 04 35 22 0.318976
2013 07 02 04 35 23 0.325632
2013 07 02 04 35 24 0.332032
2013 07 02 04 35 25 0.338688
2013 07 02 04 35 26 0.345344
2013 07 02 04 35 27 0.352000
2013 07 02 04 35 28 0.358656
2013 07 02 04 35 29 0.365312
2013 07 02 04 35 30 0.371968
2013 07 02 04 35 31 0.378624
2013 07 02 04 35 32 0.385280
2013 07 02 04 35 33 0.391680
2013 07 02 04 35 34 0.398336
2013 07 02 04 35 35 0.404992
2013 07 02 04 35 36 0.411648
2013 07 02 04 35 37 0.418304
2013 07 02 04 35 38 0.424960
2013 07 02 04 35 39 0.431616
2013 07 02 04 35 40 0.438272
2013 07 02 04 35 41 0.444928
2013 07 02 04 35 42 0.451584
2013 07 02 04 35 43 0.458240
2013 07 02 04 35 44 0.464640
2013 07 02 04 35 45 0.471296
2013 07 02 04 35 46 0.477952
2013 07 02 04 35 47 0.484608
2013 07 02 04 35 48 0.491264
2013 07 02 04 35 49 0.497920
2013 07 02 04 35 50 0.504576
2013 07 02 04 35 51 0.511232
2013 07 02 04 35 52 0.517888
2013 07 02 04 35 53 0.524544
2013 07 02 04 35 54 0.279296
2013 07 02 04 35 55 0.285952
2013 07 02 04 35 56 0.292608
2013 07 02 04 35 57 0.299264
2013 07 02 04 35 58 0.305664
2013 07 02 04 35 59 0.312320
2013 07 02 04 36 00 0.318976
2013 07 02 04 36 01 0.325632
2013 07 02 04 36 02 0.332288
2013 07 02 04 36 03 0.338944
2013 07 02 04 36 04 0.345600
2013 07 02 04 36 05 0.352256
2013 07 02 04 36 06 0.358912
2013 07 02 04 36 07 0.365568
2013 07 02 04 36 08 0.372224
2013 07 02 04 36 09 0.378624
2013 07 02 04 36 10 0.385280
2013 07 02 04 36 11 0.391936
2013 07 02 04 36 12 0.398592
2013 07 02 04 36 13 0.405248
2013 07 02 04 36 14 0.411904
2013 07 02 04 36 15 0.418560
2013 07 02 04 36 16 0.425216
2013 07 02 04 36 17 0.431872
2013 07 02 04 36 18 0.438528
2013 07 02 04 36 19 0.445184
2013 07 02 04 36 20 0.451584
2013 07 02 04 36 21 0.458240
2013 07 02 04 36 22 0.464896
2013 07 02 04 36 23 0.471552
2013 07 02 04 36 24 0.478208
2013 07 02 04 36 25 0.484864
2013 07 02 04 36 26 0.743424
2013 07 02 04 36 27 0.750080
2013 07 02 04 36 28 0.756480
2013 07 02 04 36 30 0.014592
2013 07 02 04 36 31 0.021248
2013 07 02 04 36 32 0.027904
2013 07 02 04 36 33 0.286464
2013 07 02 04 36 34 0.293120
2013 07 02 04 36 35 0.551168
2013 07 02 04 36 36 0.557824
2013 07 02 04 36 37 0.564480
2013 07 02 04 36 38 0.571136
2013 07 02 04 36 39 0.577792
2013 07 02 04 36 40 0.584448
2013 07 02 04 36 41 0.590848
2013 07 02 04 36 42 0.597504
2013 07 02 04 36 43 0.604160
2013 07 02 04 36 44 0.610816
2013 07 02 04 36 45 0.617472
2013 07 02 04 36 46 0.624128
2013 07 02 04 36 47 0.630784
2013 07 02 04 36 48 0.637440
2013 07 02 04 36 49 0.644096
2013 07 02 04 36 50 0.650752
2013 07 02 04 36 51 0.657408
2013 07 02 04 36 52 0.663808
2013 07 02 04 36 53 0.670464
2013 07 02 04 36 54 0.677120
2013 07 02 04 36 55 0.683776
2013 07 02 04 36 56 0.690432
2013 07 02 04 36 57 0.697088
2013 07 02 04 36 58 0.703744
2013 07 02 04 36 59 0.710400
2013 07 02 04 37 00 0.717056
2013 07 02 04 37 01 0.723712
2013 07 02 04 37 02 0.730368
2013 07 02 04 37 03 0.736768
2013 07 02 04 37 04 0.743424
2013 07 02 04 37 05 0.750080
2013 07 02 04 37 06 0.756736
2013 07 02 04 37 07 0.763392
2013 07 02 04 37 08 0.770048
2013 07 02 04 37 09 0.776704
2013 07 02 04 37 10 0.783360
2013 07 02 04 37 11 0.790016
2013 07 02 04 37 12 0.796672
2013 07 02 04 37 13 0.803072
2013 07 02 04 37 14 0.809728
2013 07 02 04 37 15 0.816384
2013 07 02 04 37 16 0.823040
2013 07 02 04 37 17 0.829696
2013 07 02 04 37 18 0.836352
2013 07 02 04 37 19 0.843008
2013 07 02 04 37 20 0.849664
2013 07 02 04 37 21 0.856320
2013 07 02 04 37 22 0.862976
2013 07 02 04 37 23 0.869632
2013 07 02 04 37 24 0.876032
2013 07 02 04 37 25 0.882688
2013 07 02 04 37 26 0.889344
2013 07 02 04 37 27 0.896000
2013 07 02 04 37 28 0.902656
2013 07 02 04 37 29 0.909312
2013 07 02 04 37 30 0.915968
2013 07 02 04 37 31 0.922624
2013 07 02 04 37 32 0.929280
2013 07 02 04 37 33 0.935936
2013 07 02 04 37 34 0.942592
2013 07 02 04 37 35 0.948992
2013 07 02 04 37 36 0.955648
2013 07 02 04 37 37 0.962304
2013 07 02 04 37 38 0.968960
2013 07 02 04 37 39 0.975616
2013 07 02 04 37 40 0.982272
2013 07 02 04 37 41 0.988928
2013 07 02 04 37 42 0.995584
2013 07 02 04 37 44 0.002048
2013 07 02 04 37 45 0.260608
2013 07 02 04 37 46 0.518656
2013 07 02 04 37 47 0.525312
2013 07 02 04 37 48 0.531968
2013 07 02 04 37 49 0.538624
2013 07 02 04 37 50 0.545280
2013 07 02 04 37 51 0.551936
2013 07 02 04 37 52 0.558592
2013 07 02 04 37 53 0.565248
2013 07 02 04 37 54 0.571904
2013 07 02 04 37 55 0.578304
2013 07 02 04 37 56 0.584960
2013 07 02 04 37 57 0.591616
2013 07 02 04 37 58 0.598272
2013 07 02 04 37 59 0.604928
2013 07 02 04 38 00 0.611584
2013 07 02 04 38 01 0.618240
2013 07 02 04 38 02 0.624896
2013 07 02 04 38 03 0.631552
2013 07 02 04 38 04 0.638208
2013 07 02 04 38 05 0.644864
2013 07 02 04 38 06 0.651264
2013 07 02 04 38 07 0.657920
2013 07 02 04 38 08 0.664576
2013 07 02 04 38 09 0.671232
2013 07 02 04 38 10 0.677888
2013 07 02 04 38 11 0.684544
2013 07 02 04 38 12 0.691200
2013 07 02 04 38 13 0.697856
2013 07 02 04 38 14 0.704512
2013 07 02 04 38 15 0.711168
2013 07 02 04 38 16 0.717568
2013 07 02 04 38 17 0.724224
2013 07 02 04 38 18 0.730880
2013 07 02 04 38 19 0.737536
2013 07 02 04 38 20 0.744192
2013 07 02 04 38 21 0.750848
2013 07 02 04 38 22 0.757504
2013 07 02 04 38 23 0.764160
2013 07 02 04 38 24 0.770816
2013 07 02 04 38 25 0.777472
2013 07 02 04 38 26 0.783872
2013 07 02 04 38 27 0.790528
2013 07 02 04 38 28 0.797184
2013 07 02 04 38 29 0.803840
2013 07 02 04 38 30 0.810496
2013 07 02 04 38 31 0.817152
2013 07 02 04 38 32 0.823808
2013 07 02 04 38 33 0.830464
2013 07 02 04 38 34 0.837120
2013 07 02 04 38 35 0.843776
2013 07 02 04 38 36 0.850432
2013 07 02 04 38 37 0.856832
2013 07 02 04 38 38 0.863488
2013 07 02 04 38 39 0.870144
2013 07 02 04 38 40 0.876800
2013 07 02 04 38 42 0.135424
2013 07 02 04 38 43 0.141824
2013 07 02 04 38 44 0.148480
2013 07 02 04 38 45 0.155136
2013 07 02 04 38 46 0.161792
2013 07 02 04 38 47 0.168448
2013 07 02 04 38 48 0.175104
2013 07 02 04 38 49 0.181760
2013 07 02 04 38 50 0.188416
2013 07 02 04 38 51 0.195072
2013 07 02 04 38 52 0.201472
2013 07 02 04 38 53 0.208128
2013 07 02 04 38 54 0.214784
2013 07 02 04 38 55 0.221440
2013 07 02 04 38 56 0.228096
2013 07 02 04 38 57 0.234752
2013 07 02 04 38 58 0.241408
2013 07 02 04 38 59 0.248064
2013 07 02 04 39 00 0.254720
2013 07 02 04 39 01 0.261376
2013 07 02 04 39 02 0.268032
2013 07 02 04 39 03 0.274688
2013 07 02 04 39 04 0.281344
2013 07 02 04 39 05 0.287744
2013 07 02 04 39 06 0.294400
2013 07 02 04 39 07 0.301056
2013 07 02 04 39 08 0.307712
2013 07 02 04 39 09 0.314368
2013 07 02 04 39 10 0.321024
2013 07 02 04 39 11 0.327680
2013 07 02 04 39 12 0.334336
2013 07 02 04 39 13 0.340736
2013 07 02 04 39 14 0.347392
2013 07 02 04 39 15 0.354304
2013 07 02 04 39 16 0.360704
2013 07 02 04 39 17 0.367360
2013 07 02 04 39 18 0.374016
2013 07 02 04 39 19 0.380672
2013 07 02 04 39 20 0.387328
2013 07 02 04 39 21 0.393984
2013 07 02 04 39 22 0.400640
2013 07 02 04 39 23 0.407296
2013 07 02 04 39 24 0.413952
2013 07 02 04 39 25 0.420352
2013 07 02 04 39 26 0.427008
2013 07 02 04 39 27 0.433664
2013 07 02 04 39 28 0.440320
2013 07 02 04 39 29 0.446976
2013 07 02 04 39 30 0.453632
2013 07 02 04 39 31 0.460288
2013 07 02 04 39 32 0.466944
2013 07 02 04 39 33 0.473600
2013 07 02 04 39 34 0.480000
2013 07 02 04 39 35 0.486912
2013 07 02 04 39 36 0.493568
2013 07 02 04 39 37 0.499968
2013 07 02 04 39 38 0.254976
2013 07 02 04 39 39 0.261376
2013 07 02 04 39 40 0.268032
2013 07 02 04 39 41 0.274688
2013 07 02 04 39 42 0.281344
2013 07 02 04 39 43 0.288000
2013 07 02 04 39 44 0.294656
2013 07 02 04 39 45 0.301312
2013 07 02 04 39 46 0.307968
2013 07 02 04 39 47 0.314624
2013 07 02 04 39 48 0.321280
2013 07 02 04 39 49 0.327680
2013 07 02 04 39 50 0.334336
2013 07 02 04 39 51 0.340992
2013 07 02 04 39 52 0.347648
2013 07 02 04 39 53 0.354304
2013 07 02 04 39 54 0.360960
2013 07 02 04 39 55 0.367616
2013 07 02 04 39 56 0.374272
2013 07 02 04 39 57 0.380928
2013 07 02 04 39 58 0.387584
2013 07 02 04 39 59 0.645888
2013 07 02 04 40 00 0.652544
2013 07 02 04 40 01 0.659200
2013 07 02 04 40 02 0.665856
2013 07 02 04 40 03 0.672512
2013 07 02 04 40 04 0.679168
2013 07 02 04 40 05 0.685824
2013 07 02 04 40 06 0.692480
2013 07 02 04 40 07 0.699136
2013 07 02 04 40 08 0.705536
2013 07 02 04 40 09 0.712192
2013 07 02 04 40 10 0.718848
2013 07 02 04 40 11 0.725504
2013 07 02 04 40 12 0.732160
2013 07 02 04 40 13 0.738816
2013 07 02 04 40 14 0.745472
2013 07 02 04 40 15 0.752128
2013 07 02 04 40 16 0.758784
2013 07 02 04 40 17 0.765184
2013 07 02 04 40 18 0.771840
2013 07 02 04 40 19 0.778496
2013 07 02 04 40 20 0.785152
2013 07 02 04 40 21 0.791808
2013 07 02 04 40 22 0.798464
2013 07 02 04 40 23 0.805120
2013 07 02 04 40 24 0.811776
2013 07 02 04 40 25 0.818432
2013 07 02 04 40 26 0.825088
2013 07 02 04 40 27 0.831744
2013 07 02 04 40 28 0.838400
2013 07 02 04 40 29 0.844800
2013 07 02 04 40 30 0.851456
2013 07 02 04 40 31 0.858112
2013 07 02 04 40 32 0.612864
2013 07 02 04 40 33 0.619520
2013 07 02 04 40 34 0.626176
2013 07 02 04 40 35 0.632832
2013 07 02 04 40 36 0.639488
2013 07 02 04 40 37 0.646144
2013 07 02 04 40 38 0.652800
2013 07 02 04 40 39 0.659456
2013 07 02 04 40 40 0.666112
2013 07 02 04 40 41 0.672768
2013 07 02 04 40 42 0.679168
2013 07 02 04 40 43 0.685824
2013 07 02 04 40 44 0.692480
2013 07 02 04 40 45 0.699136
2013 07 02 04 40 46 0.705792
2013 07 02 04 40 47 0.461056
2013 07 02 04 40 48 0.467712
2013 07 02 04 40 49 0.474368
2013 07 02 04 40 50 0.480768
2013 07 02 04 40 51 0.739072
2013 07 02 04 40 52 0.745728
2013 07 02 04 40 53 0.752128
2013 07 02 04 40 54 0.758784
2013 07 02 04 40 55 0.765440
2013 07 02 04 40 56 0.772096
2013 07 02 04 40 57 0.778752
2013 07 02 04 40 58 0.785408
2013 07 02 04 40 59 0.792064
2013 07 02 04 41 00 0.798720
2013 07 02 04 41 01 0.805376
2013 07 02 04 41 02 0.812032
2013 07 02 04 41 03 0.818432
2013 07 02 04 41 04 0.825088
2013 07 02 04 41 05 0.831744
2013 07 02 04 41 07 0.090368
2013 07 02 04 41 08 0.097024
2013 07 02 04 41 09 0.355072
2013 07 02 04 41 10 0.361728
2013 07 02 04 41 11 0.368384
2013 07 02 04 41 12 0.375040
2013 07 02 04 41 13 0.381440
2013 07 02 04 41 14 0.388096
2013 07 02 04 41 15 0.394752
2013 07 02 04 41 16 0.401408
2013 07 02 04 41 17 0.408064
2013 07 02 04 41 18 0.414720
2013 07 02 04 41 19 0.421376
2013 07 02 04 41 20 0.428032
2013 07 02 04 41 21 0.434688
2013 07 02 04 41 22 0.441344
2013 07 02 04 41 23 0.448000
2013 07 02 04 41 24 0.454400
2013 07 02 04 41 25 0.461056
2013 07 02 04 41 26 0.467712
2013 07 02 04 41 27 0.474368
2013 07 02 04 41 28 0.481024
2013 07 02 04 41 29 0.487680
2013 07 02 04 41 30 0.494336
2013 07 02 04 41 31 0.500992
2013 07 02 04 41 32 0.507648
2013 07 02 04 41 33 0.514304
2013 07 02 04 41 34 0.520960
2013 07 02 04 41 35 0.527360
2013 07 02 04 41 36 0.534016
2013 07 02 04 41 37 0.540672
2013 07 02 04 41 38 0.547328
2013 07 02 04 41 39 0.553984
2013 07 02 04 41 40 0.560640
2013 07 02 04 41 41 0.567296
2013 07 02 04 41 42 0.573952
2013 07 02 04 41 43 0.580608
2013 07 02 04 41 44 0.587264
2013 07 02 04 41 45 0.593664
2013 07 02 04 41 46 0.600320
2013 07 02 04 41 47 0.606976
2013 07 02 04 41 48 0.613632
2013 07 02 04 41 49 0.620288
2013 07 02 04 41 50 0.626944
2013 07 02 04 41 51 0.633600
2013 07 02 04 41 52 0.640256
2013 07 02 04 41 53 0.646912
2013 07 02 04 41 54 0.653568
2013 07 02 04 41 55 0.660224
2013 07 02 04 41 56 0.666624
2013 07 02 04 41 57 0.673280
2013 07 02 04 41 58 0.679936
2013 07 02 04 41 59 0.686592
2013 07 02 04 42 00 0.693248
2013 07 02 04 42 01 0.699904
2013 07 02 04 42 02 0.706560
2013 07 02 04 42 03 0.713216
2013 07 02 04 42 04 0.719872
2013 07 02 04 42 05 0.726528
2013 07 02 04 42 06 0.732928
2013 07 02 04 42 07 0.739584
2013 07 02 04 42 08 0.998144
2013 07 02 04 42 10 0.004608
2013 07 02 04 42 11 0.011520
2013 07 02 04 42 12 0.269568
2013 07 02 04 42 13 0.527872
2013 07 02 04 42 14 0.534528
2013 07 02 04 42 15 0.541184
2013 07 02 04 42 16 0.547840
2013 07 02 04 42 17 0.554496
2013 07 02 04 42 18 0.561152
2013 07 02 04 42 19 0.567808
2013 07 02 04 42 20 0.574464
2013 07 02 04 42 21 0.581120
2013 07 02 04 42 22 0.587776
2013 07 02 04 42 23 0.594432
2013 07 02 04 42 24 0.601088
2013 07 02 04 42 25 0.607488
2013 07 02 04 42 26 0.614144
2013 07 02 04 42 27 0.620800
2013 07 02 04 42 28 0.627456
2013 07 02 04 42 29 0.634112
2013 07 02 04 42 30 0.640768
2013 07 02 04 42 31 0.647424
2013 07 02 04 42 32 0.653824
2013 07 02 04 42 33 0.660480
2013 07 02 04 42 34 0.667136
2013 07 02 04 42 35 0.673792
2013 07 02 04 42 36 0.680448
2013 07 02 04 42 37 0.687104
2013 07 02 04 42 38 0.693760
2013 07 02 04 42 39 0.700416
2013 07 02 04 42 40 0.707072
2013 07 02 04 42 41 0.713728
2013 07 02 04 42 42 0.720384
2013 07 02 04 42 43 0.727040
2013 07 02 04 42 44 0.733440
2013 07 02 04 42 45 0.740096
2013 07 02 04 42 46 0.746752
2013 07 02 04 42 47 0.753664
2013 07 02 04 42 48 0.760064
2013 07 02 04 42 49 0.766720
2013 07 02 04 42 50 0.773376
2013 07 02 04 42 51 0.780032
2013 07 02 04 42 52 0.786688
2013 07 02 04 42 53 0.793088
2013 07 02 04 42 54 0.799744
2013 07 02 04 42 55 0.806400
2013 07 02 04 42 56 0.813056
2013 07 02 04 42 57 0.819712
2013 07 02 04 42 58 0.826368
2013 07 02 04 42 59 0.833024
2013 07 02 04 43 00 0.839680
2013 07 02 04 43 01 0.846336
2013 07 02 04 43 03 0.104448
2013 07 02 04 43 04 0.362752
2013 07 02 04 43 05 0.369408
2013 07 02 04 43 06 0.376064
2013 07 02 04 43 07 0.382720
2013 07 02 04 43 08 0.389376
2013 07 02 04 43 09 0.396032
2013 07 02 04 43 10 0.402688
2013 07 02 04 43 11 0.409344
2013 07 02 04 43 12 0.416000
2013 07 02 04 43 13 0.422656
2013 07 02 04 43 14 0.429056
2013 07 02 04 43 15 0.435712
2013 07 02 04 43 16 0.442368
2013 07 02 04 43 17 0.449024
2013 07 02 04 43 18 0.455680
2013 07 02 04 43 19 0.462336
2013 07 02 04 43 20 0.468992
2013 07 02 04 43 21 0.475648
2013 07 02 04 43 22 0.482304
2013 07 02 04 43 23 0.488960
2013 07 02 04 43 24 0.495616
2013 07 02 04 43 25 0.502272
2013 07 02 04 43 26 0.508672
2013 07 02 04 43 27 0.515328
2013 07 02 04 43 28 0.521984
2013 07 02 04 43 29 0.528640
2013 07 02 04 43 30 0.535296
2013 07 02 04 43 31 0.541952
2013 07 02 04 43 32 0.548608
2013 07 02 04 43 33 0.555264
2013 07 02 04 43 34 0.561920
2013 07 02 04 43 35 0.568320
2013 07 02 04 43 36 0.575232
2013 07 02 04 43 37 0.581888
2013 07 02 04 43 38 0.588288
2013 07 02 04 43 39 0.594944
2013 07 02 04 43 40 0.601600
2013 07 02 04 43 41 0.608256
2013 07 02 04 43 42 0.614912
2013 07 02 04 43 43 0.621568
2013 07 02 04 43 44 0.628224
2013 07 02 04 43 45 0.634624
2013 07 02 04 43 46 0.641280
2013 07 02 04 43 47 0.647936
2013 07 02 04 43 48 0.654592
2013 07 02 04 43 49 0.661248
2013 07 02 04 43 50 0.667904
2013 07 02 04 43 51 0.674560
2013 07 02 04 43 52 0.681216
2013 07 02 04 43 53 0.687872
2013 07 02 04 43 54 0.694528
2013 07 02 04 43 55 0.701184
2013 07 02 04 43 56 0.707840
2013 07 02 04 43 57 0.714240
2013 07 02 04 43 58 0.720896
2013 07 02 04 43 59 0.727552
2013 07 02 04 44 00 0.734208
2013 07 02 04 44 01 0.740864
2013 07 02 04 44 02 0.747520
2013 07 02 04 44 03 0.754176
2013 07 02 04 44 04 0.760832
2013 07 02 04 44 05 0.767488
2013 07 02 04 44 06 0.773888
2013 07 02 04 44 07 0.780544
2013 07 02 04 44 08 0.787200
2013 07 02 04 44 09 0.793856
2013 07 02 04 44 10 0.800512
2013 07 02 04 44 11 0.807168
2013 07 02 04 44 12 0.813824
2013 07 02 04 44 13 0.820480
2013 07 02 04 44 14 0.827136
2013 07 02 04 44 15 0.833792
2013 07 02 04 44 16 0.840448
2013 07 02 04 44 17 0.847104
2013 07 02 04 44 18 0.853760
2013 07 02 04 44 19 0.860160
2013 07 02 04 44 20 0.866816
2013 07 02 04 44 21 0.873472
2013 07 02 04 44 22 0.880128
2013 07 02 04 44 23 0.886784
2013 07 02 04 44 25 0.144896
2013 07 02 04 44 26 0.403200
2013 07 02 04 44 27 0.409856
2013 07 02 04 44 28 0.416512
2013 07 02 04 44 29 0.423168
2013 07 02 04 44 30 0.429824
2013 07 02 04 44 31 0.436480
2013 07 02 04 44 32 0.443136
2013 07 02 04 44 33 0.449792
2013 07 02 04 44 34 0.456448
2013 07 02 04 44 35 0.463104
2013 07 02 04 44 36 0.469760
2013 07 02 04 44 37 0.476416
2013 07 02 04 44 38 0.483072
2013 07 02 04 44 39 0.489472
2013 07 02 04 44 40 0.496128
2013 07 02 04 44 41 0.502784
2013 07 02 04 44 42 0.257536
2013 07 02 04 44 43 0.264192
2013 07 02 04 44 44 0.270848
2013 07 02 04 44 45 0.277504
2013 07 02 04 44 46 0.284160
2013 07 02 04 44 47 0.290816
2013 07 02 04 44 48 0.297472
2013 07 02 04 44 49 0.304128
2013 07 02 04 44 50 0.310784
2013 07 02 04 44 51 0.317440
2013 07 02 04 44 52 0.323840
2013 07 02 04 44 53 0.330496
2013 07 02 04 44 54 0.337152
2013 07 02 04 44 55 0.343808
2013 07 02 04 44 56 0.350464
2013 07 02 04 44 57 0.357120
2013 07 02 04 44 58 0.363776
2013 07 02 04 44 59 0.370432
2013 07 02 04 45 00 0.377088
2013 07 02 04 45 01 0.383744
2013 07 02 04 45 02 0.390144
2013 07 02 04 45 03 0.396800
2013 07 02 04 45 04 0.403456
2013 07 02 04 45 05 0.410112
2013 07 02 04 45 06 0.416768
2013 07 02 04 45 07 0.423424
2013 07 02 04 45 08 0.430080
2013 07 02 04 45 09 0.436736
2013 07 02 04 45 10 0.443392
2013 07 02 04 45 11 0.450048
2013 07 02 04 45 12 0.456704
2013 07 02 04 45 13 0.463104
2013 07 02 04 45 14 0.469760
2013 07 02 04 45 15 0.476416
2013 07 02 04 45 16 0.483072
2013 07 02 04 45 17 0.489728
2013 07 02 04 45 18 0.496384
2013 07 02 04 45 19 0.503040
2013 07 02 04 45 20 0.509696
2013 07 02 04 45 21 0.516352
2013 07 02 04 45 22 0.523008
2013 07 02 04 45 23 0.529664
2013 07 02 04 45 24 0.536064
2013 07 02 04 45 25 0.542720
2013 07 02 04 45 26 0.549376
2013 07 02 04 45 27 0.556032
2013 07 02 04 45 28 0.562688
2013 07 02 04 45 29 0.569344
2013 07 02 04 45 30 0.576000
2013 07 02 04 45 31 0.582656
2013 07 02 04 45 32 0.589312
2013 07 02 04 45 33 0.595968
2013 07 02 04 45 34 0.602368
2013 07 02 04 45 35 0.609024
2013 07 02 04 45 36 0.615680
2013 07 02 04 45 37 0.622336
2013 07 02 04 45 38 0.628992
2013 07 02 04 45 39 0.635648
2013 07 02 04 45 40 0.642304
2013 07 02 04 45 41 0.648960
2013 07 02 04 45 42 0.655616
2013 07 02 04 45 43 0.662272
2013 07 02 04 45 44 0.668928
2013 07 02 04 45 45 0.675328
2013 07 02 04 45 46 0.933888
2013 07 02 04 45 47 0.940544
2013 07 02 04 45 48 0.947200
2013 07 02 04 45 49 0.953856
2013 07 02 04 45 50 0.960512
2013 07 02 04 45 51 0.967168
2013 07 02 04 45 52 0.973824
2013 07 02 04 45 53 0.980224
2013 07 02 04 45 54 0.986880
2013 07 02 04 45 55 0.993536
2013 07 02 04 45 57 0.000256
2013 07 02 04 45 58 0.006912
2013 07 02 04 45 59 0.013312
2013 07 02 04 46 00 0.019968
2013 07 02 04 46 01 0.026624
2013 07 02 04 46 02 0.033280
2013 07 02 04 46 03 0.039936
2013 07 02 04 46 04 0.046592
2013 07 02 04 46 05 0.053248
2013 07 02 04 46 06 0.059904
2013 07 02 04 46 07 0.066560
2013 07 02 04 46 08 0.073216
2013 07 02 04 46 09 0.079872
2013 07 02 04 46 10 0.086528
2013 07 02 04 46 10 0.841216
2013 07 02 04 46 11 0.847872
2013 07 02 04 46 12 0.854528
2013 07 02 04 46 13 0.861184
2013 07 02 04 46 14 0.867840
2013 07 02 04 46 15 0.874496
2013 07 02 04 46 16 0.880896
2013 07 02 04 46 17 0.887552
2013 07 02 04 46 18 0.894208
2013 07 02 04 46 19 0.900864
2013 07 02 04 46 20 0.907520
2013 07 02 04 46 21 0.914176
2013 07 02 04 46 22 0.920832
2013 07 02 04 46 23 0.927488
2013 07 02 04 46 24 0.934144
2013 07 02 04 46 25 0.940800
2013 07 02 04 46 26 0.947456
2013 07 02 04 46 27 0.953856
2013 07 02 04 46 28 0.709120
2013 07 02 04 46 29 0.715776
2013 07 02 04 46 30 0.722432
2013 07 02 04 46 31 0.729088
2013 07 02 04 46 32 0.735744
2013 07 02 04 46 33 0.742144
2013 07 02 04 46 34 0.749056
2013 07 02 04 46 35 0.755456
2013 07 02 04 46 36 0.762112
2013 07 02 04 46 37 0.768768
2013 07 02 04 46 38 0.775424
2013 07 02 04 46 39 0.782080
2013 07 02 04 46 40 0.788736
2013 07 02 04 46 41 0.795392
2013 07 02 04 46 42 0.801792
2013 07 02 04 46 43 0.808448
2013 07 02 04 46 44 0.815104
2013 07 02 04 46 45 0.822016
2013 07 02 04 46 46 0.828416
2013 07 02 04 46 47 0.835072
2013 07 02 04 46 48 0.841728
2013 07 02 04 46 50 0.099840
2013 07 02 04 46 51 0.106496
2013 07 02 04 46 52 0.113152
2013 07 02 04 46 53 0.119808
2013 07 02 04 46 54 0.126464
2013 07 02 04 46 55 0.133120
2013 07 02 04 46 56 0.139776
2013 07 02 04 46 57 0.146176
2013 07 02 04 46 58 0.152832
2013 07 02 04 46 59 0.159488
2013 07 02 04 47 00 0.166144
2013 07 02 04 47 01 0.172800
2013 07 02 04 47 02 0.179456
2013 07 02 04 47 03 0.186112
2013 07 02 04 47 04 0.192768
2013 07 02 04 47 05 0.199424
2013 07 02 04 47 06 0.206080
2013 07 02 04 47 07 0.212480
2013 07 02 04 47 08 0.219136
2013 07 02 04 47 09 0.225792
2013 07 02 04 47 10 0.232448
2013 07 02 04 47 11 0.239104
2013 07 02 04 47 12 0.245760
2013 07 02 04 47 13 0.252416
2013 07 02 04 47 14 0.259072
2013 07 02 04 47 15 0.265728
2013 07 02 04 47 16 0.272384
2013 07 02 04 47 17 0.279040
2013 07 02 04 47 18 0.285440
2013 07 02 04 47 19 0.292096
2013 07 02 04 47 20 0.298752
2013 07 02 04 47 21 0.305408
2013 07 02 04 47 22 0.312064
2013 07 02 04 47 23 0.318720
2013 07 02 04 47 24 0.325376
2013 07 02 04 47 25 0.332032
2013 07 02 04 47 26 0.338688
2013 07 02 04 47 27 0.345344
2013 07 02 04 47 28 0.352000
2013 07 02 04 47 29 0.358400
2013 07 02 04 47 30 0.365056
2013 07 02 04 47 31 0.371712
2013 07 02 04 47 32 0.378368
2013 07 02 04 47 33 0.385024
2013 07 02 04 47 34 0.391680
2013 07 02 04 47 35 0.398336
2013 07 02 04 47 36 0.404992
2013 07 02 04 47 37 0.411648
2013 07 02 04 47 38 0.418304
2013 07 02 04 47 39 0.424704
2013 07 02 04 47 40 0.431360
2013 07 02 04 47 41 0.438016
2013 07 02 04 47 42 0.444672
2013 07 02 04 47 43 0.451328
2013 07 02 04 47 44 0.457984
2013 07 02 04 47 45 0.464640
2013 07 02 04 47 46 0.471296
2013 07 02 04 47 47 0.477952
2013 07 02 04 47 48 0.484608
2013 07 02 04 47 49 0.491008
2013 07 02 04 47 50 0.497664
2013 07 02 04 47 51 0.504320
2013 07 02 04 47 52 0.510976
2013 07 02 04 47 53 0.517632
2013 07 02 04 47 54 0.524288
2013 07 02 04 47 55 0.530944
2013 07 02 04 47 56 0.537600
2013 07 02 04 47 57 0.544256
2013 07 02 04 47 58 0.550912
2013 07 02 04 47 59 0.557568
2013 07 02 04 48 00 0.563968
2013 07 02 04 48 01 0.570624
2013 07 02 04 48 02 0.577280
2013 07 02 04 48 03 0.583936
2013 07 02 04 48 04 0.590592
2013 07 02 04 48 05 0.597248
2013 07 02 04 48 06 0.855552
2013 07 02 04 48 07 0.862208
2013 07 02 04 48 08 0.868864
2013 07 02 04 48 09 0.875520
2013 07 02 04 48 10 0.882176
2013 07 02 04 48 11 0.888832
2013 07 02 04 48 12 0.895488
2013 07 02 04 48 13 0.902144
2013 07 02 04 48 14 0.908800
2013 07 02 04 48 15 0.915456
2013 07 02 04 48 16 0.922112
2013 07 02 04 48 17 0.928512
2013 07 02 04 48 18 0.935168
2013 07 02 04 48 19 0.941824
2013 07 02 04 48 20 0.948480
2013 07 02 04 48 21 0.955136
2013 07 02 04 48 22 0.961792
2013 07 02 04 48 23 0.968448
2013 07 02 04 48 24 0.975104
2013 07 02 04 48 25 0.981760
2013 07 02 04 48 26 0.988416
2013 07 02 04 48 27 0.995072
2013 07 02 04 48 29 0.001536
2013 07 02 04 48 30 0.008192
2013 07 02 04 48 31 0.014848
2013 07 02 04 48 32 0.021504
2013 07 02 04 48 33 0.028160
2013 07 02 04 48 34 0.034816
2013 07 02 04 48 35 0.041472
2013 07 02 04 48 36 0.048128
2013 07 02 04 48 37 0.054784
2013 07 02 04 48 38 0.061440
2013 07 02 04 48 39 0.067840
2013 07 02 04 48 40 0.074496
2013 07 02 04 48 41 0.081152
2013 07 02 04 48 42 0.087808
2013 07 02 04 48 43 0.094464
2013 07 02 04 48 44 0.101120
2013 07 02 04 48 45 0.107776
2013 07 02 04 48 46 0.114176
2013 07 02 04 48 47 0.120832
2013 07 02 04 48 48 0.127488
2013 07 02 04 48 49 0.134144
2013 07 02 04 48 50 0.140800
2013 07 02 04 48 51 0.147456
2013 07 02 04 48 52 0.154112
2013 07 02 04 48 53 0.160768
2013 07 02 04 48 54 0.167424
2013 07 02 04 48 55 0.174080
2013 07 02 04 48 56 0.180736
2013 07 02 04 48 57 0.187392
2013 07 02 04 48 58 0.194048
2013 07 02 04 48 59 0.200448
2013 07 02 04 49 00 0.207104
2013 07 02 04 49 01 0.213760
2013 07 02 04 49 02 0.220416
2013 07 02 04 49 03 0.227072
2013 07 02 04 49 04 0.233728
2013 07 02 04 49 05 0.240384
2013 07 02 04 49 06 0.247040
2013 07 02 04 49 07 0.001792
2013 07 02 04 49 08 0.008448
2013 07 02 04 49 09 0.015104
2013 07 02 04 49 10 0.021760
2013 07 02 04 49 11 0.028160
2013 07 02 04 49 12 0.034816
2013 07 02 04 49 13 0.041472
2013 07 02 04 49 14 0.048128
2013 07 02 04 49 15 0.054784
2013 07 02 04 49 16 0.061440
2013 07 02 04 49 17 0.068096
2013 07 02 04 49 18 0.074752
2013 07 02 04 49 19 0.081408
2013 07 02 04 49 20 0.088064
2013 07 02 04 49 21 0.094464
2013 07 02 04 49 22 0.101120
2013 07 02 04 49 23 0.107776
2013 07 02 04 49 24 0.114432
2013 07 02 04 49 25 0.121088
2013 07 02 04 49 26 0.127744
2013 07 02 04 49 27 0.134400
2013 07 02 04 49 28 0.141056
2013 07 02 04 49 29 0.147712
2013 07 02 04 49 30 0.154368
2013 07 02 04 49 31 0.160768
2013 07 02 04 49 32 0.167424
2013 07 02 04 49 33 0.174080
2013 07 02 04 49 34 0.180736
2013 07 02 04 49 35 0.187392
2013 07 02 04 49 36 0.194048
2013 07 02 04 49 37 0.200704
2013 07 02 04 49 38 0.207360
2013 07 02 04 49 39 0.214016
2013 07 02 04 49 40 0.220672
2013 07 02 04 49 41 0.227072
2013 07 02 04 49 42 0.233728
2013 07 02 04 49 43 0.240384
2013 07 02 04 49 44 0.247040
2013 07 02 04 49 45 0.253696
2013 07 02 04 49 46 0.260352
2013 07 02 04 49 47 0.267008
2013 07 02 04 49 48 0.273664
2013 07 02 04 49 49 0.280320
2013 07 02 04 49 50 0.286976
2013 07 02 04 49 51 0.293376
2013 07 02 04 49 52 0.300032
2013 07 02 04 49 53 0.306688
2013 07 02 04 49 54 0.313344
2013 07 02 04 49 55 0.320000
2013 07 02 04 49 56 0.326656
2013 07 02 04 49 57 0.333312
2013 07 02 04 49 58 0.339968
2013 07 02 04 49 59 0.346624
2013 07 02 04 50 00 0.353280
2013 07 02 04 50 01 0.359936
2013 07 02 04 50 02 0.366336
2013 07 02 04 50 03 0.372992
2013 07 02 04 50 04 0.379648
2013 07 02 04 50 05 0.386304
2013 07 02 04 50 06 0.392960
2013 07 02 04 50 07 0.399616
2013 07 02 04 50 08 0.406272
2013 07 02 04 50 09 0.412928
2013 07 02 04 50 10 0.419584
2013 07 02 04 50 11 0.425984
2013 07 02 04 50 12 0.432640
2013 07 02 04 50 13 0.439296
2013 07 02 04 50 14 0.445952
2013 07 02 04 50 15 0.452608
2013 07 02 04 50 16 0.459264
2013 07 02 04 50 17 0.465920
2013 07 02 04 50 18 0.472576
2013 07 02 04 50 19 0.479232
2013 07 02 04 50 20 0.485888
2013 07 02 04 50 21 0.492288
2013 07 02 04 50 22 0.498944
2013 07 02 04 50 23 0.505600
2013 07 02 04 50 24 0.512256
2013 07 02 04 50 25 0.518912
2013 07 02 04 50 26 0.525568
2013 07 02 04 50 27 0.532224
2013 07 02 04 50 28 0.538880
2013 07 02 04 50 29 0.545536
2013 07 02 04 50 30 0.552192
2013 07 02 04 50 31 0.558592
2013 07 02 04 50 32 0.565248
2013 07 02 04 50 33 0.571904
2013 07 02 04 50 34 0.578560
2013 07 02 04 50 35 0.585216
2013 07 02 04 50 36 0.591872
2013 07 02 04 50 37 0.598528
2013 07 02 04 50 38 0.605184
2013 07 02 04 50 39 0.611840
2013 07 02 04 50 40 0.618496
2013 07 02 04 50 41 0.625152
2013 07 02 04 50 42 0.631552
2013 07 02 04 50 43 0.638208
2013 07 02 04 50 44 0.644864
2013 07 02 04 50 45 0.651520
2013 07 02 04 50 46 0.658176
2013 07 02 04 50 47 0.664832
2013 07 02 04 50 48 0.671488
2013 07 02 04 50 49 0.678144
2013 07 02 04 50 50 0.684800
2013 07 02 04 50 51 0.691456
2013 07 02 04 50 52 0.697856
2013 07 02 04 50 53 0.704512
2013 07 02 04 50 54 0.711168
2013 07 02 04 50 55 0.717824
2013 07 02 04 50 56 0.724480
2013 07 02 04 50 57 0.731136
2013 07 02 04 50 58 0.737792
2013 07 02 04 50 59 0.744448
2013 07 02 04 51 00 0.751104
2013 07 02 04 51 01 0.757760
2013 07 02 04 51 02 0.764160
2013 07 02 04 51 03 0.770816
2013 07 02 04 51 04 0.777472
2013 07 02 04 51 05 0.784128
2013 07 02 04 51 07 0.042752
2013 07 02 04 51 08 0.049152
2013 07 02 04 51 09 0.055808
2013 07 02 04 51 10 0.062464
2013 07 02 04 51 11 0.069120
2013 07 02 04 51 12 0.075776
2013 07 02 04 51 13 0.082432
2013 07 02 04 51 14 0.089088
2013 07 02 04 51 15 0.095744
2013 07 02 04 51 16 0.102400
2013 07 02 04 51 17 0.108800
2013 07 02 04 51 18 0.115456
2013 07 02 04 51 19 0.122112
2013 07 02 04 51 20 0.128768
2013 07 02 04 51 21 0.135424
2013 07 02 04 51 22 0.142080
2013 07 02 04 51 23 0.148736
2013 07 02 04 51 24 0.155392
2013 07 02 04 51 25 0.162048
2013 07 02 04 51 26 0.168704
2013 07 02 04 51 27 0.175360
2013 07 02 04 51 28 0.182016
2013 07 02 04 51 29 0.188416
2013 07 02 04 51 30 0.195072
2013 07 02 04 51 31 0.201728
2013 07 02 04 51 32 0.208384
2013 07 02 04 51 33 0.215040
2013 07 02 04 51 34 0.221696
2013 07 02 04 51 34 0.976384
2013 07 02 04 51 35 0.983040
2013 07 02 04 51 36 0.738304
2013 07 02 04 51 37 0.493056
2013 07 02 04 51 38 0.499712
2013 07 02 04 51 39 0.254720
2013 07 02 04 51 40 0.261376
2013 07 02 04 51 41 0.016128
2013 07 02 04 51 41 0.771328
2013 07 02 04 51 42 0.777984
2013 07 02 04 51 43 0.784640
2013 07 02 04 51 44 0.539392
2013 07 02 04 51 45 0.546048
2013 07 02 04 51 46 0.301312
2013 07 02 04 51 47 0.056064
2013 07 02 04 51 47 0.811264
2013 07 02 04 51 48 0.566016
2013 07 02 04 51 49 0.321024
2013 07 02 04 51 50 0.076032
2013 07 02 04 51 51 0.082432
2013 07 02 04 51 51 0.837632
2013 07 02 04 51 52 0.592384
2013 07 02 04 51 53 0.347648
2013 07 02 04 51 54 0.354304
2013 07 02 04 51 55 0.109056
2013 07 02 04 51 55 0.864256
2013 07 02 04 51 56 0.870912
2013 07 02 04 51 57 0.877568
2013 07 02 04 51 58 0.632320
2013 07 02 04 51 59 0.638976
2013 07 02 04 52 00 0.393984
2013 07 02 04 52 01 0.148736
2013 07 02 04 52 02 0.155392
2013 07 02 04 52 03 0.162048
2013 07 02 04 52 04 0.168704
2013 07 02 04 52 04 0.923904
2013 07 02 04 52 05 0.678656
2013 07 02 04 52 06 0.685312
2013 07 02 04 52 07 0.943872
2013 07 02 04 52 08 0.950528
2013 07 02 04 52 09 0.705280
2013 07 02 04 52 10 0.460288
2013 07 02 04 52 11 0.215040
2013 07 02 04 52 11 0.970240
2013 07 02 04 52 12 0.976896
2013 07 02 04 52 13 0.983552
2013 07 02 04 52 14 0.738304
2013 07 02 04 52 15 0.744960
2013 07 02 04 52 16 0.500224
2013 07 02 04 52 17 0.254976
2013 07 02 04 52 18 0.261632
2013 07 02 04 52 19 0.268288
2013 07 02 04 52 20 0.274944
2013 07 02 04 52 21 0.281600
2013 07 02 04 52 22 0.036608
2013 07 02 04 52 23 0.043264
2013 07 02 04 52 24 0.049920
2013 07 02 04 52 25 0.056576
2013 07 02 04 52 26 0.062976
2013 07 02 04 52 27 0.069888
2013 07 02 04 52 28 0.076544
2013 07 02 04 52 29 0.082944
2013 07 02 04 52 30 0.089600
2013 07 02 04 52 31 0.096256
2013 07 02 04 52 32 0.102912
2013 07 02 04 52 33 0.109568
2013 07 02 04 52 34 0.116224
2013 07 02 04 52 35 0.122880
2013 07 02 04 52 36 0.129536
2013 07 02 04 52 37 0.136192
2013 07 02 04 52 38 0.142592
2013 07 02 04 52 39 0.149248
2013 07 02 04 52 40 0.155904
2013 07 02 04 52 41 0.162560
2013 07 02 04 52 42 0.169216
2013 07 02 04 52 43 0.175872
2013 07 02 04 52 44 0.182528
2013 07 02 04 52 45 0.189184
2013 07 02 04 52 46 0.195840
2013 07 02 04 52 47 0.202240
2013 07 02 04 52 48 0.208896
2013 07 02 04 52 49 0.215552
2013 07 02 04 52 50 0.222208
2013 07 02 04 52 51 0.228864
2013 07 02 04 52 52 0.235520
2013 07 02 04 52 53 0.242176
2013 07 02 04 52 54 0.248832
2013 07 02 04 52 55 0.255488
2013 07 02 04 52 56 0.262144
2013 07 02 04 52 57 0.268800
2013 07 02 04 52 58 0.275456
2013 07 02 04 52 59 0.281856
2013 07 02 04 53 00 0.288512
2013 07 02 04 53 01 0.295168
2013 07 02 04 53 02 0.301824
2013 07 02 04 53 03 0.308480
2013 07 02 04 53 04 0.315136
2013 07 02 04 53 05 0.321792
2013 07 02 04 53 06 0.328448
2013 07 02 04 53 07 0.335104
2013 07 02 04 53 08 0.341504
2013 07 02 04 53 09 0.348416
2013 07 02 04 53 10 0.354816
2013 07 02 04 53 11 0.361472
2013 07 02 04 53 12 0.368128
2013 07 02 04 53 13 0.374784
2013 07 02 04 53 14 0.381440
2013 07 02 04 53 15 0.388096
2013 07 02 04 53 16 0.394752
2013 07 02 04 53 17 0.401152
2013 07 02 04 53 18 0.407808
2013 07 02 04 53 19 0.414464
2013 07 02 04 53 20 0.421120
2013 07 02 04 53 21 0.427776
2013 07 02 04 53 22 0.434432
2013 07 02 04 53 23 0.441088
2013 07 02 04 53 24 0.447744
2013 07 02 04 53 25 0.454400
2013 07 02 04 53 26 0.461056
2013 07 02 04 53 27 0.467712
2013 07 02 04 53 28 0.474368
2013 07 02 04 53 29 0.481024
2013 07 02 04 53 30 0.487680
2013 07 02 04 53 31 0.494080
2013 07 02 04 53 32 0.500736
2013 07 02 04 53 33 0.507392
2013 07 02 04 53 34 0.514048
2013 07 02 04 53 35 0.520704
2013 07 02 04 53 36 0.527360
2013 07 02 04 53 37 0.533760
2013 07 02 04 53 38 0.540416
2013 07 02 04 53 39 0.547072
2013 07 02 04 53 40 0.553728
2013 07 02 04 53 41 0.560384
2013 07 02 04 53 42 0.567040
2013 07 02 04 53 43 0.573696
2013 07 02 04 53 44 0.580352
2013 07 02 04 53 45 0.587008
2013 07 02 04 53 46 0.593664
2013 07 02 04 53 47 0.600320
2013 07 02 04 53 48 0.606976
2013 07 02 04 53 49 0.613376
2013 07 02 04 53 50 0.620032
2013 07 02 04 53 51 0.626688
2013 07 02 04 53 52 0.633344
2013 07 02 04 53 53 0.640000
2013 07 02 04 53 54 0.646656
2013 07 02 04 53 55 0.653312
2013 07 02 04 53 56 0.659968
2013 07 02 04 53 57 0.666624
2013 07 02 04 53 58 0.673024
2013 07 02 04 53 59 0.679680
2013 07 02 04 54 00 0.686336
2013 07 02 04 54 01 0.692992
2013 07 02 04 54 02 0.699648
2013 07 02 04 54 03 0.706304
2013 07 02 04 54 04 0.712960
2013 07 02 04 54 05 0.719616
2013 07 02 04 54 06 0.726272
2013 07 02 04 54 07 0.732928
2013 07 02 04 54 08 0.739584
2013 07 02 04 54 09 0.746240
2013 07 02 04 54 10 0.752640
2013 07 02 04 54 11 0.759296
2013 07 02 04 54 12 0.765952
2013 07 02 04 54 14 0.024064
2013 07 02 04 54 15 0.282624
2013 07 02 04 54 16 0.289280
2013 07 02 04 54 17 0.295936
2013 07 02 04 54 18 0.302592
2013 07 02 04 54 19 0.308992
2013 07 02 04 54 20 0.315648
2013 07 02 04 54 21 0.322304
2013 07 02 04 54 22 0.328960
2013 07 02 04 54 23 0.335616
2013 07 02 04 54 24 0.342272
2013 07 02 04 54 25 0.348928
2013 07 02 04 54 26 0.355584
2013 07 02 04 54 27 0.362240
2013 07 02 04 54 28 0.368896
2013 07 02 04 54 29 0.375552
2013 07 02 04 54 30 0.381952
2013 07 02 04 54 31 0.388608
2013 07 02 04 54 32 0.395264
2013 07 02 04 54 33 0.150016
2013 07 02 04 54 34 0.156672
2013 07 02 04 54 35 0.163328
2013 07 02 04 54 36 0.169984
2013 07 02 04 54 37 0.176640
2013 07 02 04 54 38 0.183296
2013 07 02 04 54 39 0.189952
2013 07 02 04 54 40 0.448256
2013 07 02 04 54 41 0.706560
2013 07 02 04 54 42 0.713216
2013 07 02 04 54 43 0.719616
2013 07 02 04 54 44 0.726272
2013 07 02 04 54 45 0.732928
2013 07 02 04 54 46 0.739584
2013 07 02 04 54 47 0.746240
2013 07 02 04 54 48 0.752896
2013 07 02 04 54 49 0.759552
2013 07 02 04 54 50 0.766208
2013 07 02 04 54 51 0.772864
2013 07 02 04 54 52 0.779520
2013 07 02 04 54 53 0.785920
2013 07 02 04 54 54 0.792576
2013 07 02 04 54 55 0.799232
2013 07 02 04 54 56 0.805888
2013 07 02 04 54 57 0.812544
2013 07 02 04 54 58 0.819200
2013 07 02 04 54 59 0.825856
2013 07 02 04 55 00 0.832512
2013 07 02 04 55 01 0.839168
2013 07 02 04 55 02 0.845824
2013 07 02 04 55 03 0.852224
2013 07 02 04 55 04 0.858880
2013 07 02 04 55 05 0.865536
2013 07 02 04 55 06 0.872192
2013 07 02 04 55 07 0.878848
2013 07 02 04 55 08 0.885504
2013 07 02 04 55 09 0.892160
2013 07 02 04 55 11 0.150528
2013 07 02 04 55 12 0.157184
2013 07 02 04 55 13 0.163840
2013 07 02 04 55 14 0.170496
2013 07 02 04 55 15 0.177152
2013 07 02 04 55 16 0.183808
2013 07 02 04 55 17 0.190208
2013 07 02 04 55 18 0.196864
2013 07 02 04 55 19 0.203520
2013 07 02 04 55 20 0.210176
2013 07 02 04 55 21 0.216832
2013 07 02 04 55 22 0.223488
2013 07 02 04 55 23 0.230144
2013 07 02 04 55 24 0.236800
2013 07 02 04 55 25 0.243456
2013 07 02 04 55 26 0.250112
2013 07 02 04 55 27 0.256768
2013 07 02 04 55 28 0.263424
2013 07 02 04 55 29 0.270080
2013 07 02 04 55 30 0.276480
2013 07 02 04 55 31 0.283136
2013 07 02 04 55 32 0.289792
2013 07 02 04 55 33 0.296448
2013 07 02 04 55 34 0.303104
2013 07 02 04 55 35 0.309760
2013 07 02 04 55 36 0.064512
2013 07 02 04 55 37 0.071168
2013 07 02 04 55 38 0.077824
2013 07 02 04 55 39 0.084480
2013 07 02 04 55 39 0.839424
2013 07 02 04 55 40 0.846080
2013 07 02 04 55 41 0.852736
2013 07 02 04 55 42 0.859392
2013 07 02 04 55 43 0.866048
2013 07 02 04 55 44 0.872704
2013 07 02 04 55 45 0.879360
2013 07 02 04 55 46 0.886016
2013 07 02 04 55 47 0.892672
2013 07 02 04 55 48 0.899328
2013 07 02 04 55 49 0.905728
2013 07 02 04 55 50 0.912384
2013 07 02 04 55 51 0.919040
2013 07 02 04 55 52 0.925696
2013 07 02 04 55 53 0.932352
2013 07 02 04 55 54 0.939008
2013 07 02 04 55 55 0.945664
2013 07 02 04 55 56 0.952320
2013 07 02 04 55 57 0.958976
2013 07 02 04 55 58 0.965376
2013 07 02 04 55 59 0.972032
2013 07 02 04 56 00 0.978688
2013 07 02 04 56 01 0.985344
2013 07 02 04 56 02 0.992000
2013 07 02 04 56 03 0.998656
2013 07 02 04 56 05 0.005376
2013 07 02 04 56 06 0.012032
2013 07 02 04 56 07 0.018688
2013 07 02 04 56 08 0.025344
2013 07 02 04 56 09 0.031744
2013 07 02 04 56 10 0.038400
2013 07 02 04 56 11 0.045056
2013 07 02 04 56 12 0.051712
2013 07 02 04 56 13 0.058368
2013 07 02 04 56 14 0.065024
2013 07 02 04 56 15 0.071680
2013 07 02 04 56 16 0.078336
2013 07 02 04 56 17 0.084992
2013 07 02 04 56 18 0.091648
2013 07 02 04 56 19 0.098304
2013 07 02 04 56 20 0.104704
2013 07 02 04 56 21 0.111360
2013 07 02 04 56 22 0.118016
2013 07 02 04 56 23 0.124672
2013 07 02 04 56 24 0.131328
2013 07 02 04 56 25 0.137984
2013 07 02 04 56 26 0.144640
2013 07 02 04 56 27 0.151296
2013 07 02 04 56 28 0.157696
2013 07 02 04 56 29 0.164352
2013 07 02 04 56 30 0.171008
2013 07 02 04 56 31 0.177664
2013 07 02 04 56 32 0.184320
2013 07 02 04 56 33 0.190976
2013 07 02 04 56 34 0.197632
2013 07 02 04 56 35 0.204288
2013 07 02 04 56 35 0.958976
2013 07 02 04 56 36 0.965632
2013 07 02 04 56 37 0.972288
2013 07 02 04 56 38 0.978944
2013 07 02 04 56 39 0.985600
2013 07 02 04 56 40 0.992256
2013 07 02 04 56 41 0.998912
2013 07 02 04 56 43 0.005376
2013 07 02 04 56 44 0.012032
2013 07 02 04 56 45 0.018688
2013 07 02 04 56 46 0.025344
2013 07 02 04 56 47 0.032000
2013 07 02 04 56 48 0.038656
2013 07 02 04 56 49 0.045312
2013 07 02 04 56 50 0.051968
2013 07 02 04 56 51 0.058624
2013 07 02 04 56 52 0.065024
2013 07 02 04 56 53 0.071680
2013 07 02 04 56 54 0.078336
2013 07 02 04 56 55 0.084992
2013 07 02 04 56 56 0.091648
2013 07 02 04 56 57 0.098304
2013 07 02 04 56 58 0.104960
2013 07 02 04 56 59 0.111616
2013 07 02 04 57 00 0.118272
2013 07 02 04 57 01 0.124928
2013 07 02 04 57 02 0.131584
2013 07 02 04 57 03 0.137984
2013 07 02 04 57 04 0.144640
2013 07 02 04 57 05 0.151296
2013 07 02 04 57 06 0.157952
2013 07 02 04 57 07 0.164608
2013 07 02 04 57 08 0.171264
2013 07 02 04 57 09 0.177920
2013 07 02 04 57 10 0.184576
2013 07 02 04 57 11 0.191232
2013 07 02 04 57 12 0.197888
2013 07 02 04 57 13 0.204288
2013 07 02 04 57 14 0.462848
2013 07 02 04 57 15 0.469504
2013 07 02 04 57 16 0.727552
2013 07 02 04 57 17 0.734208
2013 07 02 04 57 18 0.740864
2013 07 02 04 57 19 0.747520
2013 07 02 04 57 20 0.754176
2013 07 02 04 57 21 0.760832
2013 07 02 04 57 22 0.767488
2013 07 02 04 57 23 0.774144
2013 07 02 04 57 24 0.780544
2013 07 02 04 57 25 0.787200
2013 07 02 04 57 26 0.793856
2013 07 02 04 57 27 0.800512
2013 07 02 04 57 28 0.807168
2013 07 02 04 57 29 0.813824
2013 07 02 04 57 30 0.820480
2013 07 02 04 57 31 0.827136
2013 07 02 04 57 32 0.833792
2013 07 02 04 57 33 0.840448
2013 07 02 04 57 34 0.846848
2013 07 02 04 57 35 0.853504
2013 07 02 04 57 36 0.860160
2013 07 02 04 57 37 0.866816
2013 07 02 04 57 38 0.873472
2013 07 02 04 57 39 0.880128
2013 07 02 04 57 40 0.886784
2013 07 02 04 57 41 0.893440
2013 07 02 04 57 42 0.900096
2013 07 02 04 57 43 0.906752
2013 07 02 04 57 44 0.913152
2013 07 02 04 57 45 0.919808
2013 07 02 04 57 46 0.926464
2013 07 02 04 57 47 0.933120
2013 07 02 04 57 48 0.688384
2013 07 02 04 57 49 0.695040
2013 07 02 04 57 50 0.701696
2013 07 02 04 57 51 0.708096
2013 07 02 04 57 52 0.714752
2013 07 02 04 57 53 0.721408
2013 07 02 04 57 54 0.728064
2013 07 02 04 57 55 0.734720
2013 07 02 04 57 56 0.741376
2013 07 02 04 57 57 0.748032
2013 07 02 04 57 58 0.754688
2013 07 02 04 57 59 0.761088
2013 07 02 04 58 00 0.767744
2013 07 02 04 58 01 0.774400
2013 07 02 04 58 02 0.781056
2013 07 02 04 58 03 0.787712
2013 07 02 04 58 04 0.794368
2013 07 02 04 58 05 0.801024
2013 07 02 04 58 06 0.807680
2013 07 02 04 58 07 0.814336
2013 07 02 04 58 08 0.820992
2013 07 02 04 58 09 0.827648
2013 07 02 04 58 10 0.834304
2013 07 02 04 58 11 0.840704
2013 07 02 04 58 12 0.847360
2013 07 02 04 58 13 0.854016
2013 07 02 04 58 14 0.860672
2013 07 02 04 58 15 0.867328
2013 07 02 04 58 16 0.873984
2013 07 02 04 58 17 0.880640
2013 07 02 04 58 18 0.887296
2013 07 02 04 58 19 0.893952
2013 07 02 04 58 20 0.900608
2013 07 02 04 58 21 0.907264
2013 07 02 04 58 22 0.913664
2013 07 02 04 58 23 0.920320
2013 07 02 04 58 24 0.926976
2013 07 02 04 58 25 0.933632
2013 07 02 04 58 26 0.940288
2013 07 02 04 58 27 0.946944
2013 07 02 04 58 28 0.953600
2013 07 02 04 58 29 0.960256
2013 07 02 04 58 30 0.966912
2013 07 02 04 58 31 0.973312
2013 07 02 04 58 32 0.979968
2013 07 02 04 58 33 0.986880
2013 07 02 04 58 34 0.993280
2013 07 02 04 58 36 0.000000
2013 07 02 04 58 37 0.006656
2013 07 02 04 58 38 0.013312
2013 07 02 04 58 39 0.019968
2013 07 02 04 58 40 0.026368
2013 07 02 04 58 41 0.033024
2013 07 02 04 58 42 0.039680
2013 07 02 04 58 43 0.046336
2013 07 02 04 58 44 0.052992
2013 07 02 04 58 45 0.059648
2013 07 02 04 58 46 0.066304
2013 07 02 04 58 47 0.072960
2013 07 02 04 58 48 0.079616
2013 07 02 04 58 49 0.086016
2013 07 02 04 58 50 0.092672
2013 07 02 04 58 51 0.099328
2013 07 02 04 58 52 0.105984
2013 07 02 04 58 53 0.112640
2013 07 02 04 58 54 0.119296
2013 07 02 04 58 55 0.125952
2013 07 02 04 58 56 0.132608
2013 07 02 04 58 57 0.139264
2013 07 02 04 58 58 0.145920
2013 07 02 04 58 59 0.152576
2013 07 02 04 59 00 0.159232
2013 07 02 04 59 01 0.165632
2013 07 02 04 59 02 0.172288
2013 07 02 04 59 03 0.178944
2013 07 02 04 59 04 0.185600
2013 07 02 04 59 05 0.192256
2013 07 02 04 59 06 0.198912
2013 07 02 04 59 07 0.205568
2013 07 02 04 59 08 0.212224
2013 07 02 04 59 09 0.218624
2013 07 02 04 59 10 0.225280
2013 07 02 04 59 11 0.231936
2013 07 02 04 59 12 0.238592
2013 07 02 04 59 13 0.245248
2013 07 02 04 59 14 0.251904
2013 07 02 04 59 15 0.509952
2013 07 02 04 59 16 0.516608
2013 07 02 04 59 17 0.523264
2013 07 02 04 59 18 0.529920
2013 07 02 04 59 19 0.536576
2013 07 02 04 59 20 0.543232
2013 07 02 04 59 21 0.549888
2013 07 02 04 59 22 0.556544
2013 07 02 04 59 23 0.563200
2013 07 02 04 59 24 0.569856
2013 07 02 04 59 25 0.576256
2013 07 02 04 59 26 0.582912
2013 07 02 04 59 27 0.589568
2013 07 02 04 59 28 0.596224
2013 07 02 04 59 29 0.602880
2013 07 02 04 59 30 0.609536
2013 07 02 04 59 31 0.616192
2013 07 02 04 59 32 0.622848
2013 07 02 04 59 33 0.629504
2013 07 02 04 59 34 0.635904
2013 07 02 04 59 35 0.642560
2013 07 02 04 59 36 0.649216
2013 07 02 04 59 37 0.655872
2013 07 02 04 59 38 0.662528
2013 07 02 04 59 39 0.669184
2013 07 02 04 59 40 0.675840
2013 07 02 04 59 41 0.682496
2013 07 02 04 59 42 0.689152
2013 07 02 04 59 43 0.695808
2013 07 02 04 59 44 0.702464
2013 07 02 04 59 45 0.708864
2013 07 02 04 59 46 0.715520
2013 07 02 04 59 47 0.722176
2013 07 02 04 59 48 0.728832
2013 07 02 04 59 49 0.735488
2013 07 02 04 59 50 0.742144
2013 07 02 04 59 51 0.748800
2013 07 02 04 59 52 0.755456
2013 07 02 04 59 53 0.762112
2013 07 02 04 59 54 0.768768
2013 07 02 04 59 55 0.775168
2013 07 02 04 59 56 0.781824
2013 07 02 04 59 57 0.788480
2013 07 02 04 59 58 0.795136
2013 07 02 04 59 59 0.801792
2013 07 02 05 00 00 0.808448
2013 07 02 05 00 01 0.815104
2013 07 02 05 00 02 0.821760
2013 07 02 05 00 03 0.828416
2013 07 02 05 00 04 0.835072
2013 07 02 05 00 05 0.841472
2013 07 02 05 00 06 0.848128
2013 07 02 05 00 07 0.854784
2013 07 02 05 00 08 0.861440
2013 07 02 05 00 09 0.868096
2013 07 02 05 00 10 0.874752
2013 07 02 05 00 11 0.881408
2013 07 02 05 00 12 0.888064
2013 07 02 05 00 13 0.894720
2013 07 02 05 00 14 0.901376
2013 07 02 05 00 15 0.907776
2013 07 02 05 00 16 0.914432
2013 07 02 05 00 17 0.921088
2013 07 02 05 00 18 0.927744
2013 07 02 05 00 19 0.934400
2013 07 02 05 00 20 0.941056
2013 07 02 05 00 21 0.947712
2013 07 02 05 00 22 0.954368
2013 07 02 05 00 23 0.961024
2013 07 02 05 00 24 0.967680
2013 07 02 05 00 25 0.974080
2013 07 02 05 00 26 0.980736
2013 07 02 05 00 27 0.987392
2013 07 02 05 00 28 0.994048
2013 07 02 05 00 30 0.000768
2013 07 02 05 00 31 0.007424
2013 07 02 05 00 32 0.014080
2013 07 02 05 00 33 0.020736
2013 07 02 05 00 34 0.279040
2013 07 02 05 00 35 0.285696
2013 07 02 05 00 36 0.543744
2013 07 02 05 00 37 0.802304
2013 07 02 05 00 38 0.808960
2013 07 02 05 00 39 0.815616
2013 07 02 05 00 40 0.822016
2013 07 02 05 00 41 0.828672
2013 07 02 05 00 42 0.835584
2013 07 02 05 00 43 0.841984
2013 07 02 05 00 44 0.848640
2013 07 02 05 00 45 0.855296
2013 07 02 05 00 46 0.861952
2013 07 02 05 00 47 0.868608
2013 07 02 05 00 48 0.875264
2013 07 02 05 00 49 0.881920
2013 07 02 05 00 50 0.888576
2013 07 02 05 00 51 0.895232
2013 07 02 05 00 52 0.901888
2013 07 02 05 00 53 0.908288
2013 07 02 05 00 54 0.914944
2013 07 02 05 00 55 0.921600
2013 07 02 05 00 56 0.928256
2013 07 02 05 00 57 0.934912
2013 07 02 05 00 58 0.941568
2013 07 02 05 00 59 0.948224
2013 07 02 05 01 00 0.954880
2013 07 02 05 01 01 0.961536
2013 07 02 05 01 02 0.967936
2013 07 02 05 01 03 0.974592
2013 07 02 05 01 04 0.981248
2013 07 02 05 01 05 0.987904
2013 07 02 05 01 06 0.994560
2013 07 02 05 01 08 0.001280
2013 07 02 05 01 09 0.007936
2013 07 02 05 01 10 0.014592
2013 07 02 05 01 11 0.021248
2013 07 02 05 01 12 0.027648
2013 07 02 05 01 13 0.034304
2013 07 02 05 01 14 0.040960
2013 07 02 05 01 15 0.047616
2013 07 02 05 01 16 0.054272
2013 07 02 05 01 17 0.060928
2013 07 02 05 01 18 0.067584
2013 07 02 05 01 19 0.074240
2013 07 02 05 01 20 0.080640
2013 07 02 05 01 21 0.087296
2013 07 02 05 01 22 0.093952
2013 07 02 05 01 23 0.100608
2013 07 02 05 01 24 0.107264
2013 07 02 05 01 25 0.113920
2013 07 02 05 01 26 0.120576
2013 07 02 05 01 27 0.127232
2013 07 02 05 01 28 0.133888
2013 07 02 05 01 29 0.140544
2013 07 02 05 01 30 0.147200
2013 07 02 05 01 31 0.153856
2013 07 02 05 01 32 0.160256
2013 07 02 05 01 33 0.166912
2013 07 02 05 01 34 0.173568
2013 07 02 05 01 35 0.180224
2013 07 02 05 01 36 0.186880
2013 07 02 05 01 37 0.193536
2013 07 02 05 01 38 0.200192
2013 07 02 05 01 39 0.206848
2013 07 02 05 01 40 0.213504
2013 07 02 05 01 41 0.219904
2013 07 02 05 01 42 0.226816
2013 07 02 05 01 43 0.233216
2013 07 02 05 01 44 0.239872
2013 07 02 05 01 45 0.246528
2013 07 02 05 01 46 0.253184
2013 07 02 05 01 47 0.259840
2013 07 02 05 01 48 0.266496
2013 07 02 05 01 49 0.273152
2013 07 02 05 01 50 0.279808
2013 07 02 05 01 51 0.286208
2013 07 02 05 01 52 0.292864
2013 07 02 05 01 53 0.551168
2013 07 02 05 01 54 0.557824
2013 07 02 05 01 55 0.564224
2013 07 02 05 01 56 0.570880
2013 07 02 05 01 57 0.577536
2013 07 02 05 01 58 0.584192
2013 07 02 05 01 59 0.590848
2013 07 02 05 02 00 0.597504
2013 07 02 05 02 01 0.604160
2013 07 02 05 02 02 0.610816
2013 07 02 05 02 03 0.617472
2013 07 02 05 02 04 0.624128
2013 07 02 05 02 05 0.630528
2013 07 02 05 02 06 0.637184
2013 07 02 05 02 07 0.643840
2013 07 02 05 02 08 0.650496
2013 07 02 05 02 09 0.657152
2013 07 02 05 02 10 0.663808
2013 07 02 05 02 11 0.670464
2013 07 02 05 02 12 0.677120
2013 07 02 05 02 13 0.683776
2013 07 02 05 02 14 0.690432
2013 07 02 05 02 15 0.697088
2013 07 02 05 02 16 0.703488
2013 07 02 05 02 17 0.710144
2013 07 02 05 02 18 0.716800
2013 07 02 05 02 19 0.723456
2013 07 02 05 02 20 0.730112
2013 07 02 05 02 21 0.736768
2013 07 02 05 02 22 0.743424
2013 07 02 05 02 23 0.750080
2013 07 02 05 02 24 0.756736
2013 07 02 05 02 25 0.763392
2013 07 02 05 02 26 0.769792
2013 07 02 05 02 27 0.776448
2013 07 02 05 02 28 0.783104
2013 07 02 05 02 29 0.789760
2013 07 02 05 02 30 0.796416
2013 07 02 05 02 31 0.551680
2013 07 02 05 02 32 0.558336
2013 07 02 05 02 33 0.564736
2013 07 02 05 02 34 0.571392
2013 07 02 05 02 35 0.578048
2013 07 02 05 02 36 0.584704
2013 07 02 05 02 37 0.591360
2013 07 02 05 02 38 0.598016
2013 07 02 05 02 39 0.604672
2013 07 02 05 02 40 0.611328
2013 07 02 05 02 41 0.617728
2013 07 02 05 02 42 0.624384
2013 07 02 05 02 43 0.631040
2013 07 02 05 02 44 0.637696
2013 07 02 05 02 45 0.644352
2013 07 02 05 02 46 0.651008
2013 07 02 05 02 47 0.657664
2013 07 02 05 02 48 0.664320
2013 07 02 05 02 49 0.670976
2013 07 02 05 02 50 0.677632
2013 07 02 05 02 51 0.684288
2013 07 02 05 02 52 0.690944
2013 07 02 05 02 53 0.697600
2013 07 02 05 02 54 0.704000
2013 07 02 05 02 55 0.710656
2013 07 02 05 02 56 0.717312
2013 07 02 05 02 57 0.723968
2013 07 02 05 02 58 0.730624
2013 07 02 05 02 59 0.988672
2013 07 02 05 03 00 0.995328
2013 07 02 05 03 02 0.002048
2013 07 02 05 03 03 0.008704
2013 07 02 05 03 04 0.015360
2013 07 02 05 03 05 0.021760
2013 07 02 05 03 06 0.280320
2013 07 02 05 03 07 0.286976
2013 07 02 05 03 08 0.545024
2013 07 02 05 03 09 0.551680
2013 07 02 05 03 10 0.558336
2013 07 02 05 03 11 0.564992
2013 07 02 05 03 12 0.571648
2013 07 02 05 03 13 0.578304
2013 07 02 05 03 14 0.584960
2013 07 02 05 03 15 0.591616
2013 07 02 05 03 16 0.598016
2013 07 02 05 03 17 0.604672
2013 07 02 05 03 18 0.611328
2013 07 02 05 03 19 0.617984
2013 07 02 05 03 20 0.624640
2013 07 02 05 03 21 0.631296
2013 07 02 05 03 22 0.637952
2013 07 02 05 03 23 0.644608
2013 07 02 05 03 24 0.651264
2013 07 02 05 03 25 0.657920
2013 07 02 05 03 26 0.664320
2013 07 02 05 03 27 0.670976
2013 07 02 05 03 28 0.677632
2013 07 02 05 03 29 0.684288
2013 07 02 05 03 30 0.690944
2013 07 02 05 03 31 0.697600
2013 07 02 05 03 32 0.704256
2013 07 02 05 03 33 0.710912
2013 07 02 05 03 34 0.717568
2013 07 02 05 03 35 0.724224
2013 07 02 05 03 36 0.730880
2013 07 02 05 03 37 0.737280
2013 07 02 05 03 38 0.743936
2013 07 02 05 03 39 0.750592
2013 07 02 05 03 40 0.757248
2013 07 02 05 03 41 0.763904
2013 07 02 05 03 42 0.770560
2013 07 02 05 03 43 0.777216
2013 07 02 05 03 44 0.783872
2013 07 02 05 03 45 0.790528
2013 07 02 05 03 46 0.797184
2013 07 02 05 03 47 0.803584
2013 07 02 05 03 48 0.810240
2013 07 02 05 03 49 0.816896
2013 07 02 05 03 50 0.823552
2013 07 02 05 03 51 0.830208
2013 07 02 05 03 52 0.836864
2013 07 02 05 03 53 0.843520
2013 07 02 05 03 54 0.850176
2013 07 02 05 03 55 0.856832
2013 07 02 05 03 56 0.863488
2013 07 02 05 03 57 0.869888
2013 07 02 05 03 58 0.876544
2013 07 02 05 03 59 0.883200
2013 07 02 05 04 00 0.889856
2013 07 02 05 04 01 0.896512
2013 07 02 05 04 02 0.903168
2013 07 02 05 04 03 0.909824
2013 07 02 05 04 04 0.916480
2013 07 02 05 04 05 0.923136
2013 07 02 05 04 06 0.929792
2013 07 02 05 04 08 0.188160
2013 07 02 05 04 09 0.194816
2013 07 02 05 04 10 0.201472
2013 07 02 05 04 11 0.208128
2013 07 02 05 04 12 0.214784
2013 07 02 05 04 13 0.221440
2013 07 02 05 04 14 0.227840
2013 07 02 05 04 15 0.486144
2013 07 02 05 04 16 0.492800
2013 07 02 05 04 17 0.499200
2013 07 02 05 04 18 0.505856
2013 07 02 05 04 19 0.512512
2013 07 02 05 04 20 0.771072
2013 07 02 05 04 21 0.777728
2013 07 02 05 04 22 0.784128
2013 07 02 05 04 23 0.790784
2013 07 02 05 04 24 0.545792
2013 07 02 05 04 25 0.552448
2013 07 02 05 04 26 0.559104
2013 07 02 05 04 27 0.565504
2013 07 02 05 04 28 0.572160
2013 07 02 05 04 29 0.578816
2013 07 02 05 04 30 0.585472
2013 07 02 05 04 31 0.592128
2013 07 02 05 04 32 0.598784
2013 07 02 05 04 33 0.605440
2013 07 02 05 04 34 0.612096
2013 07 02 05 04 35 0.618752
2013 07 02 05 04 36 0.625408
2013 07 02 05 04 37 0.632064
2013 07 02 05 04 38 0.638464
2013 07 02 05 04 39 0.645120
2013 07 02 05 04 40 0.651776
2013 07 02 05 04 41 0.658432
2013 07 02 05 04 42 0.665088
2013 07 02 05 04 43 0.671744
2013 07 02 05 04 44 0.678400
2013 07 02 05 04 45 0.685056
2013 07 02 05 04 46 0.691712
2013 07 02 05 04 47 0.698368
2013 07 02 05 04 48 0.704768
2013 07 02 05 04 49 0.711424
2013 07 02 05 04 50 0.718080
2013 07 02 05 04 51 0.724736
2013 07 02 05 04 52 0.731392
2013 07 02 05 04 53 0.738048
2013 07 02 05 04 54 0.744704
2013 07 02 05 04 55 0.751360
2013 07 02 05 04 56 0.758016
2013 07 02 05 04 57 0.764672
2013 07 02 05 04 58 0.771072
2013 07 02 05 04 59 0.777728
2013 07 02 05 05 00 0.784384
2013 07 02 05 05 01 0.791040
2013 07 02 05 05 02 0.797696
2013 07 02 05 05 03 0.804352
2013 07 02 05 05 04 0.811008
2013 07 02 05 05 05 0.817664
2013 07 02 05 05 06 0.824320
2013 07 02 05 05 07 0.830976
2013 07 02 05 05 08 0.837376
2013 07 02 05 05 09 0.844032
2013 07 02 05 05 10 0.850688
2013 07 02 05 05 11 0.857344
2013 07 02 05 05 12 0.864000
2013 07 02 05 05 13 0.870656
2013 07 02 05 05 14 0.877312
2013 07 02 05 05 15 0.883968
2013 07 02 05 05 16 0.890624
2013 07 02 05 05 17 0.897280
2013 07 02 05 05 18 0.903680
2013 07 02 05 05 19 0.910336
2013 07 02 05 05 20 0.916992
2013 07 02 05 05 21 0.923648
2013 07 02 05 05 22 0.930304
2013 07 02 05 05 23 0.936960
2013 07 02 05 05 24 0.943616
2013 07 02 05 05 25 0.950272
2013 07 02 05 05 26 0.956928
2013 07 02 05 05 27 0.963584
2013 07 02 05 05 28 0.970240
2013 07 02 05 05 29 0.976640
2013 07 02 05 05 30 0.983296
2013 07 02 05 05 31 0.989952
2013 07 02 05 05 32 0.996608
2013 07 02 05 05 34 0.254976
2013 07 02 05 05 35 0.513280
2013 07 02 05 05 36 0.519936
2013 07 02 05 05 37 0.526592
2013 07 02 05 05 38 0.533248
2013 07 02 05 05 39 0.539648
2013 07 02 05 05 40 0.546304
2013 07 02 05 05 41 0.552960
2013 07 02 05 05 42 0.559616
2013 07 02 05 05 43 0.566272
2013 07 02 05 05 44 0.572928
2013 07 02 05 05 45 0.579584
2013 07 02 05 05 46 0.586240
2013 07 02 05 05 47 0.592896
2013 07 02 05 05 48 0.599296
2013 07 02 05 05 49 0.605952
2013 07 02 05 05 50 0.612608
2013 07 02 05 05 51 0.619264
2013 07 02 05 05 52 0.625920
2013 07 02 05 05 53 0.632576
2013 07 02 05 05 54 0.639232
2013 07 02 05 05 55 0.645888
2013 07 02 05 05 56 0.652288
2013 07 02 05 05 57 0.658944
2013 07 02 05 05 58 0.665600
2013 07 02 05 05 59 0.672256
2013 07 02 05 06 00 0.678912
2013 07 02 05 06 01 0.685568
2013 07 02 05 06 02 0.692224
2013 07 02 05 06 03 0.698880
2013 07 02 05 06 04 0.705536
2013 07 02 05 06 05 0.711936
2013 07 02 05 06 06 0.718592
2013 07 02 05 06 07 0.725248
2013 07 02 05 06 08 0.731904
2013 07 02 05 06 09 0.738560
2013 07 02 05 06 10 0.493568
2013 07 02 05 06 11 0.500224
2013 07 02 05 06 12 0.506880
2013 07 02 05 06 13 0.513536
2013 07 02 05 06 14 0.520192
2013 07 02 05 06 15 0.526848
2013 07 02 05 06 16 0.533504
2013 07 02 05 06 17 0.540160
2013 07 02 05 06 18 0.546816
2013 07 02 05 06 19 0.553472
2013 07 02 05 06 20 0.559872
2013 07 02 05 06 21 0.566528
2013 07 02 05 06 22 0.573184
2013 07 02 05 06 23 0.579840
2013 07 02 05 06 24 0.586496
2013 07 02 05 06 25 0.593152
2013 07 02 05 06 26 0.599808
2013 07 02 05 06 27 0.606464
2013 07 02 05 06 28 0.613120
2013 07 02 05 06 29 0.619520
2013 07 02 05 06 30 0.626176
2013 07 02 05 06 31 0.632832
2013 07 02 05 06 32 0.639488
2013 07 02 05 06 33 0.897536
2013 07 02 05 06 34 0.904192
2013 07 02 05 06 35 0.910848
2013 07 02 05 06 36 0.917504
2013 07 02 05 06 37 0.924160
2013 07 02 05 06 38 0.930816
2013 07 02 05 06 39 0.937472
2013 07 02 05 06 40 0.943872
2013 07 02 05 06 41 0.950528
2013 07 02 05 06 42 0.957184
2013 07 02 05 06 43 0.963840
2013 07 02 05 06 44 0.970496
2013 07 02 05 06 45 0.977152
2013 07 02 05 06 46 0.983808
2013 07 02 05 06 47 0.990464
2013 07 02 05 06 48 0.997120
2013 07 02 05 06 50 0.003584
2013 07 02 05 06 51 0.010240
2013 07 02 05 06 52 0.016896
2013 07 02 05 06 53 0.023552
2013 07 02 05 06 54 0.030208
2013 07 02 05 06 55 0.036864
2013 07 02 05 06 56 0.043264
2013 07 02 05 06 57 0.049920
2013 07 02 05 06 58 0.056576
2013 07 02 05 06 59 0.063232
2013 07 02 05 07 00 0.069888
2013 07 02 05 07 01 0.076544
2013 07 02 05 07 02 0.083200
2013 07 02 05 07 03 0.089856
2013 07 02 05 07 04 0.096512
2013 07 02 05 07 05 0.102912
2013 07 02 05 07 06 0.109568
2013 07 02 05 07 07 0.116224
2013 07 02 05 07 08 0.122880
2013 07 02 05 07 09 0.129536
2013 07 02 05 07 10 0.136192
2013 07 02 05 07 11 0.142848
2013 07 02 05 07 12 0.149504
2013 07 02 05 07 13 0.156160
2013 07 02 05 07 14 0.162560
2013 07 02 05 07 15 0.169216
2013 07 02 05 07 16 0.175872
2013 07 02 05 07 17 0.182528
2013 07 02 05 07 18 0.189184
2013 07 02 05 07 19 0.195840
2013 07 02 05 07 20 0.202496
2013 07 02 05 07 21 0.209152
2013 07 02 05 07 22 0.215552
2013 07 02 05 07 23 0.222208
2013 07 02 05 07 24 0.228864
2013 07 02 05 07 25 0.235520
2013 07 02 05 07 26 0.242176
2013 07 02 05 07 27 0.248832
2013 07 02 05 07 28 0.255488
2013 07 02 05 07 29 0.262144
2013 07 02 05 07 30 0.520448
2013 07 02 05 07 31 0.778752
2013 07 02 05 07 32 0.785152
2013 07 02 05 07 33 0.791808
2013 07 02 05 07 34 0.798464
2013 07 02 05 07 35 0.805120
2013 07 02 05 07 37 0.063488
2013 07 02 05 07 38 0.321792
2013 07 02 05 07 39 0.328448
2013 07 02 05 07 40 0.334848
2013 07 02 05 07 41 0.341504
2013 07 02 05 07 42 0.348160
2013 07 02 05 07 43 0.354816
2013 07 02 05 07 44 0.361472
2013 07 02 05 07 45 0.368128
2013 07 02 05 07 46 0.374784
2013 07 02 05 07 47 0.381440
2013 07 02 05 07 48 0.387840
2013 07 02 05 07 49 0.394496
2013 07 02 05 07 50 0.401152
2013 07 02 05 07 51 0.407808
2013 07 02 05 07 52 0.414464
2013 07 02 05 07 53 0.421120
2013 07 02 05 07 54 0.427776
2013 07 02 05 07 55 0.434432
2013 07 02 05 07 56 0.441088
2013 07 02 05 07 57 0.447488
2013 07 02 05 07 58 0.454144
2013 07 02 05 07 59 0.460800
2013 07 02 05 08 00 0.467456
2013 07 02 05 08 01 0.474112
2013 07 02 05 08 02 0.480768
2013 07 02 05 08 03 0.487424
2013 07 02 05 08 04 0.494080
2013 07 02 05 08 05 0.500736
2013 07 02 05 08 06 0.507136
2013 07 02 05 08 07 0.513792
2013 07 02 05 08 08 0.520448
2013 07 02 05 08 09 0.527104
2013 07 02 05 08 10 0.533760
2013 07 02 05 08 11 0.540416
2013 07 02 05 08 12 0.547072
2013 07 02 05 08 13 0.553728
2013 07 02 05 08 14 0.560384
2013 07 02 05 08 15 0.566784
2013 07 02 05 08 16 0.573440
2013 07 02 05 08 17 0.580096
2013 07 02 05 08 18 0.586752
2013 07 02 05 08 19 0.593408
2013 07 02 05 08 20 0.600064
2013 07 02 05 08 21 0.606720
2013 07 02 05 08 22 0.613376
2013 07 02 05 08 23 0.620032
2013 07 02 05 08 24 0.626432
2013 07 02 05 08 25 0.633088
2013 07 02 05 08 26 0.639744
2013 07 02 05 08 27 0.646400
2013 07 02 05 08 28 0.653056
2013 07 02 05 08 29 0.659712
2013 07 02 05 08 30 0.666368
2013 07 02 05 08 31 0.673024
2013 07 02 05 08 32 0.679424
2013 07 02 05 08 33 0.686080
2013 07 02 05 08 34 0.692736
2013 07 02 05 08 35 0.699392
2013 07 02 05 08 36 0.706048
2013 07 02 05 08 37 0.712704
2013 07 02 05 08 38 0.719360
2013 07 02 05 08 39 0.726016
2013 07 02 05 08 40 0.732672
2013 07 02 05 08 41 0.739072
2013 07 02 05 08 42 0.745728
2013 07 02 05 08 43 0.752384
2013 07 02 05 08 44 0.759040
2013 07 02 05 08 45 0.765696
2013 07 02 05 08 46 0.772352
2013 07 02 05 08 47 0.779008
2013 07 02 05 08 48 0.785664
2013 07 02 05 08 49 0.792320
2013 07 02 05 08 50 0.798720
2013 07 02 05 08 51 0.805376
2013 07 02 05 08 52 0.812032
2013 07 02 05 08 53 0.818688
2013 07 02 05 08 54 0.825344
2013 07 02 05 08 55 0.832000
2013 07 02 05 08 56 0.838656
2013 07 02 05 08 57 0.845312
2013 07 02 05 08 58 0.851968
2013 07 02 05 08 59 0.858368
2013 07 02 05 09 00 0.865024
2013 07 02 05 09 01 0.871680
2013 07 02 05 09 02 0.878336
2013 07 02 05 09 03 0.884992
2013 07 02 05 09 04 0.891648
2013 07 02 05 09 05 0.898304
2013 07 02 05 09 06 0.904960
2013 07 02 05 09 07 0.911616
2013 07 02 05 09 08 0.918016
2013 07 02 05 09 09 0.924672
2013 07 02 05 09 10 0.931328
2013 07 02 05 09 11 0.937984
2013 07 02 05 09 12 0.944640
2013 07 02 05 09 13 0.951296
2013 07 02 05 09 14 0.957952
2013 07 02 05 09 15 0.964608
2013 07 02 05 09 16 0.971264
2013 07 02 05 09 17 0.977664
2013 07 02 05 09 18 0.984320
2013 07 02 05 09 19 0.990976
2013 07 02 05 09 20 0.997632
2013 07 02 05 09 22 0.004352
2013 07 02 05 09 23 0.011008
2013 07 02 05 09 24 0.017408
2013 07 02 05 09 25 0.024064
2013 07 02 05 09 26 0.030720
2013 07 02 05 09 27 0.037376
2013 07 02 05 09 28 0.044032
2013 07 02 05 09 29 0.050688
2013 07 02 05 09 30 0.057344
2013 07 02 05 09 31 0.064000
2013 07 02 05 09 32 0.070656
2013 07 02 05 09 33 0.077056
2013 07 02 05 09 34 0.083712
2013 07 02 05 09 35 0.090368
2013 07 02 05 09 36 0.348928
2013 07 02 05 09 37 0.355584
2013 07 02 05 09 38 0.361984
2013 07 02 05 09 39 0.368640
2013 07 02 05 09 40 0.375296
2013 07 02 05 09 41 0.381952
2013 07 02 05 09 42 0.388608
2013 07 02 05 09 43 0.395264
2013 07 02 05 09 44 0.401920
2013 07 02 05 09 45 0.408576
2013 07 02 05 09 46 0.415232
2013 07 02 05 09 47 0.421888
2013 07 02 05 09 48 0.428544
2013 07 02 05 09 49 0.434944
2013 07 02 05 09 50 0.441600
2013 07 02 05 09 51 0.448256
2013 07 02 05 09 52 0.454912
2013 07 02 05 09 53 0.461568
2013 07 02 05 09 54 0.468224
2013 07 02 05 09 55 0.474880
2013 07 02 05 09 56 0.481536
2013 07 02 05 09 57 0.487936
2013 07 02 05 09 58 0.494592
2013 07 02 05 09 59 0.501248
