2013 07 02 04 30 01 0.203008
2013 07 02 04 30 02 0.209664
2013 07 02 04 30 03 0.216320
2013 07 02 04 30 04 0.222976
2013 07 02 04 30 05 0.229632
2013 07 02 04 30 06 0.236288
2013 07 02 04 30 07 0.242944
2013 07 02 04 30 08 0.249600
2013 07 02 04 30 09 0.256256
2013 07 02 04 30 10 0.262656
2013 07 02 04 30 11 0.269312
2013 07 02 04 30 12 0.275968
2013 07 02 04 30 13 0.282624
2013 07 02 04 30 14 0.289280
2013 07 02 04 30 15 0.295936
2013 07 02 04 30 16 0.302592
2013 07 02 04 30 17 0.309248
2013 07 02 04 30 18 0.315904
2013 07 02 04 30 19 0.322560
2013 07 02 04 30 20 0.329216
2013 07 02 04 30 21 0.335872
2013 07 02 04 30 22 0.342528
2013 07 02 04 30 23 0.349184
2013 07 02 04 30 24 0.355584
2013 07 02 04 30 25 0.362240
2013 07 02 04 30 26 0.368896
2013 07 02 04 30 27 0.375552
2013 07 02 04 30 28 0.382208
2013 07 02 04 30 29 0.388864
2013 07 02 04 30 30 0.395520
2013 07 02 04 30 31 0.402176
2013 07 02 04 30 32 0.408832
2013 07 02 04 30 33 0.415488
2013 07 02 04 30 34 0.421888
2013 07 02 04 30 35 0.428544
2013 07 02 04 30 36 0.435200
2013 07 02 04 30 37 0.441856
2013 07 02 04 30 38 0.448512
2013 07 02 04 30 39 0.203264
2013 07 02 04 30 40 0.209920
2013 07 02 04 30 41 0.216576
2013 07 02 04 30 42 0.223232
2013 07 02 04 30 43 0.229888
2013 07 02 04 30 44 0.236544
2013 07 02 04 30 45 0.243200
2013 07 02 04 30 46 0.249856
2013 07 02 04 30 47 0.256512
2013 07 02 04 30 48 0.263168
2013 07 02 04 30 49 0.269568
2013 07 02 04 30 50 0.276224
2013 07 02 04 30 51 0.282880
2013 07 02 04 30 52 0.289536
2013 07 02 04 30 53 0.296192
2013 07 02 04 30 54 0.302848
2013 07 02 04 30 55 0.309504
2013 07 02 04 30 56 0.316160
2013 07 02 04 30 57 0.322816
2013 07 02 04 30 58 0.329472
2013 07 02 04 30 59 0.336128
2013 07 02 04 31 00 0.342528
2013 07 02 04 31 01 0.349184
2013 07 02 04 31 02 0.355840
2013 07 02 04 31 03 0.362496
2013 07 02 04 31 04 0.369152
2013 07 02 04 31 05 0.375808
2013 07 02 04 31 06 0.382464
2013 07 02 04 31 07 0.389120
2013 07 02 04 31 08 0.395776
2013 07 02 04 31 09 0.402432
2013 07 02 04 31 10 0.409088
2013 07 02 04 31 11 0.415488
2013 07 02 04 31 12 0.422144
2013 07 02 04 31 13 0.428800
2013 07 02 04 31 14 0.435456
2013 07 02 04 31 15 0.442112
2013 07 02 04 31 16 0.448768
2013 07 02 04 31 17 0.455424
2013 07 02 04 31 18 0.462080
2013 07 02 04 31 19 0.468736
2013 07 02 04 31 20 0.475392
2013 07 02 04 31 21 0.482048
2013 07 02 04 31 22 0.488448
2013 07 02 04 31 23 0.495104
2013 07 02 04 31 24 0.501760
2013 07 02 04 31 25 0.508416
2013 07 02 04 31 26 0.515072
2013 07 02 04 31 27 0.270336
2013 07 02 04 31 28 0.025088
2013 07 02 04 31 29 0.031744
2013 07 02 04 31 30 0.038400
2013 07 02 04 31 31 0.045056
2013 07 02 04 31 32 0.051456
2013 07 02 04 31 33 0.058112
2013 07 02 04 31 34 0.064768
2013 07 02 04 31 35 0.071424
2013 07 02 04 31 36 0.078080
2013 07 02 04 31 37 0.084736
2013 07 02 04 31 38 0.091392
2013 07 02 04 31 39 0.098048
2013 07 02 04 31 40 0.104704
2013 07 02 04 31 41 0.111360
2013 07 02 04 31 42 0.118016
2013 07 02 04 31 43 0.376320
2013 07 02 04 31 44 0.634368
2013 07 02 04 31 45 0.641024
2013 07 02 04 31 46 0.647680
2013 07 02 04 31 47 0.654336
2013 07 02 04 31 48 0.660992
2013 07 02 04 31 49 0.667648
2013 07 02 04 31 50 0.674304
2013 07 02 04 31 51 0.680960
2013 07 02 04 31 52 0.687616
2013 07 02 04 31 53 0.694272
2013 07 02 04 31 54 0.700672
2013 07 02 04 31 55 0.707328
2013 07 02 04 31 56 0.713984
2013 07 02 04 31 57 0.720640
2013 07 02 04 31 58 0.727296
2013 07 02 04 31 59 0.733952
2013 07 02 04 32 00 0.740608
2013 07 02 04 32 01 0.747264
2013 07 02 04 32 02 0.753920
2013 07 02 04 32 03 0.760576
2013 07 02 04 32 04 0.767232
2013 07 02 04 32 05 0.773632
2013 07 02 04 32 06 0.780288
2013 07 02 04 32 07 0.786944
2013 07 02 04 32 08 0.793600
2013 07 02 04 32 09 0.800256
2013 07 02 04 32 10 0.806912
2013 07 02 04 32 11 0.813568
2013 07 02 04 32 12 0.820224
2013 07 02 04 32 13 0.826880
2013 07 02 04 32 14 0.833536
2013 07 02 04 32 15 0.840192
2013 07 02 04 32 16 0.846592
2013 07 02 04 32 17 0.853248
2013 07 02 04 32 18 0.859904
2013 07 02 04 32 19 0.866560
2013 07 02 04 32 20 0.873216
2013 07 02 04 32 21 0.879872
2013 07 02 04 32 22 0.886528
2013 07 02 04 32 23 0.893184
2013 07 02 04 32 24 0.899840
2013 07 02 04 32 25 0.906496
2013 07 02 04 32 26 0.913152
2013 07 02 04 32 27 0.919552
2013 07 02 04 32 28 0.926208
2013 07 02 04 32 29 0.932864
2013 07 02 04 32 30 0.939520
2013 07 02 04 32 31 0.946176
2013 07 02 04 32 32 0.952832
2013 07 02 04 32 33 0.959488
2013 07 02 04 32 34 0.966144
2013 07 02 04 32 35 0.972800
2013 07 02 04 32 36 0.979456
2013 07 02 04 32 37 0.986112
2013 07 02 04 32 38 0.992512
2013 07 02 04 32 39 0.999168
2013 07 02 04 32 41 0.005888
2013 07 02 04 32 42 0.012544
2013 07 02 04 32 43 0.019200
2013 07 02 04 32 44 0.025856
2013 07 02 04 32 45 0.032512
2013 07 02 04 32 46 0.039168
2013 07 02 04 32 47 0.045568
2013 07 02 04 32 48 0.052224
2013 07 02 04 32 49 0.058880
2013 07 02 04 32 50 0.065536
2013 07 02 04 32 51 0.072192
2013 07 02 04 32 52 0.078848
2013 07 02 04 32 53 0.085504
2013 07 02 04 32 54 0.092160
2013 07 02 04 32 55 0.098816
2013 07 02 04 32 56 0.105472
2013 07 02 04 32 57 0.112128
2013 07 02 04 32 58 0.118528
2013 07 02 04 32 59 0.125184
2013 07 02 04 33 00 0.131840
2013 07 02 04 33 01 0.138496
2013 07 02 04 33 02 0.145152
2013 07 02 04 33 03 0.151808
2013 07 02 04 33 04 0.158464
2013 07 02 04 33 05 0.165120
2013 07 02 04 33 06 0.171776
2013 07 02 04 33 07 0.178432
2013 07 02 04 33 08 0.185088
2013 07 02 04 33 09 0.191488
2013 07 02 04 33 10 0.198144
2013 07 02 04 33 11 0.204800
2013 07 02 04 33 12 0.211456
2013 07 02 04 33 13 0.218112
2013 07 02 04 33 14 0.224768
2013 07 02 04 33 15 0.231424
2013 07 02 04 33 16 0.238080
2013 07 02 04 33 17 0.244736
2013 07 02 04 33 18 0.251392
2013 07 02 04 33 19 0.258048
2013 07 02 04 33 20 0.264448
2013 07 02 04 33 21 0.271104
2013 07 02 04 33 22 0.277760
2013 07 02 04 33 23 0.284416
2013 07 02 04 33 24 0.291072
2013 07 02 04 33 25 0.297728
2013 07 02 04 33 26 0.304384
2013 07 02 04 33 27 0.311040
2013 07 02 04 33 28 0.317696
2013 07 02 04 33 29 0.324352
2013 07 02 04 33 30 0.331008
2013 07 02 04 33 31 0.337408
2013 07 02 04 33 32 0.344064
2013 07 02 04 33 33 0.350720
2013 07 02 04 33 34 0.357376
2013 07 02 04 33 35 0.364032
2013 07 02 04 33 36 0.370688
2013 07 02 04 33 37 0.377344
2013 07 02 04 33 38 0.384000
2013 07 02 04 33 39 0.390656
2013 07 02 04 33 40 0.397312
2013 07 02 04 33 41 0.403712
2013 07 02 04 33 42 0.410368
2013 07 02 04 33 43 0.417024
2013 07 02 04 33 44 0.423680
2013 07 02 04 33 45 0.430336
2013 07 02 04 33 46 0.436992
2013 07 02 04 33 47 0.443648
2013 07 02 04 33 48 0.450304
2013 07 02 04 33 49 0.456960
2013 07 02 04 33 50 0.463616
2013 07 02 04 33 51 0.470272
2013 07 02 04 33 52 0.476672
2013 07 02 04 33 53 0.483328
2013 07 02 04 33 54 0.489984
2013 07 02 04 33 55 0.496640
2013 07 02 04 33 56 0.503296
2013 07 02 04 33 57 0.509952
2013 07 02 04 33 58 0.516608
2013 07 02 04 33 59 0.523264
2013 07 02 04 34 00 0.529920
2013 07 02 04 34 01 0.536576
2013 07 02 04 34 02 0.794880
2013 07 02 04 34 04 0.052992
2013 07 02 04 34 05 0.311552
2013 07 02 04 34 06 0.318208
2013 07 02 04 34 07 0.324864
2013 07 02 04 34 08 0.331264
2013 07 02 04 34 09 0.337920
2013 07 02 04 34 10 0.344576
2013 07 02 04 34 11 0.351232
2013 07 02 04 34 12 0.357888
2013 07 02 04 34 13 0.364544
2013 07 02 04 34 14 0.371200
2013 07 02 04 34 15 0.377856
2013 07 02 04 34 16 0.384512
2013 07 02 04 34 17 0.391168
2013 07 02 04 34 18 0.145920
2013 07 02 04 34 19 0.152576
2013 07 02 04 34 20 0.159232
2013 07 02 04 34 21 0.165888
2013 07 02 04 34 22 0.172544
2013 07 02 04 34 23 0.178944
2013 07 02 04 34 24 0.185600
2013 07 02 04 34 25 0.192256
2013 07 02 04 34 26 0.198912
2013 07 02 04 34 27 0.205568
2013 07 02 04 34 28 0.212224
2013 07 02 04 34 29 0.218880
2013 07 02 04 34 30 0.225536
2013 07 02 04 34 31 0.232192
2013 07 02 04 34 32 0.238848
2013 07 02 04 34 33 0.245504
2013 07 02 04 34 34 0.251904
2013 07 02 04 34 35 0.258560
2013 07 02 04 34 36 0.265216
2013 07 02 04 34 37 0.271872
2013 07 02 04 34 38 0.278528
2013 07 02 04 34 39 0.285184
2013 07 02 04 34 40 0.291840
2013 07 02 04 34 41 0.298496
2013 07 02 04 34 42 0.305152
2013 07 02 04 34 43 0.311808
2013 07 02 04 34 44 0.318464
2013 07 02 04 34 45 0.324864
2013 07 02 04 34 46 0.331520
2013 07 02 04 34 47 0.338176
2013 07 02 04 34 48 0.344832
2013 07 02 04 34 49 0.351488
2013 07 02 04 34 50 0.358144
2013 07 02 04 34 51 0.364800
2013 07 02 04 34 52 0.371456
2013 07 02 04 34 53 0.378112
2013 07 02 04 34 54 0.384768
2013 07 02 04 34 55 0.391168
2013 07 02 04 34 56 0.397824
2013 07 02 04 34 57 0.404480
2013 07 02 04 34 58 0.411136
2013 07 02 04 34 59 0.417792
2013 07 02 04 35 00 0.424448
2013 07 02 04 35 01 0.431104
2013 07 02 04 35 02 0.437760
2013 07 02 04 35 03 0.696064
2013 07 02 04 35 04 0.702720
2013 07 02 04 35 05 0.709376
2013 07 02 04 35 06 0.716032
2013 07 02 04 35 07 0.722688
2013 07 02 04 35 08 0.729344
2013 07 02 04 35 09 0.987392
2013 07 02 04 35 11 0.245760
2013 07 02 04 35 12 0.504064
2013 07 02 04 35 13 0.510720
2013 07 02 04 35 14 0.517376
2013 07 02 04 35 15 0.524032
2013 07 02 04 35 16 0.530688
2013 07 02 04 35 17 0.537088
2013 07 02 04 35 18 0.543744
2013 07 02 04 35 19 0.550400
2013 07 02 04 35 20 0.557056
2013 07 02 04 35 21 0.563712
2013 07 02 04 35 22 0.570368
2013 07 02 04 35 23 0.577024
2013 07 02 04 35 24 0.583680
2013 07 02 04 35 25 0.590336
2013 07 02 04 35 26 0.596992
2013 07 02 04 35 27 0.603392
2013 07 02 04 35 28 0.610048
2013 07 02 04 35 29 0.616704
2013 07 02 04 35 30 0.623360
2013 07 02 04 35 31 0.630016
2013 07 02 04 35 32 0.636672
2013 07 02 04 35 33 0.643328
2013 07 02 04 35 34 0.649984
2013 07 02 04 35 35 0.656640
2013 07 02 04 35 36 0.663296
2013 07 02 04 35 37 0.669952
2013 07 02 04 35 38 0.676352
2013 07 02 04 35 39 0.683008
2013 07 02 04 35 40 0.689664
2013 07 02 04 35 41 0.696320
2013 07 02 04 35 42 0.702976
2013 07 02 04 35 43 0.709632
2013 07 02 04 35 44 0.716288
2013 07 02 04 35 45 0.722944
2013 07 02 04 35 46 0.729600
2013 07 02 04 35 47 0.736256
2013 07 02 04 35 48 0.742912
2013 07 02 04 35 49 0.749312
2013 07 02 04 35 50 0.755968
2013 07 02 04 35 51 0.762624
2013 07 02 04 35 52 0.769280
2013 07 02 04 35 53 0.775936
2013 07 02 04 35 54 0.782592
2013 07 02 04 35 55 0.537600
2013 07 02 04 35 56 0.544512
2013 07 02 04 35 57 0.550912
2013 07 02 04 35 58 0.557568
2013 07 02 04 35 59 0.564224
2013 07 02 04 36 00 0.570880
2013 07 02 04 36 01 0.577536
2013 07 02 04 36 02 0.584192
2013 07 02 04 36 03 0.590848
2013 07 02 04 36 04 0.597248
2013 07 02 04 36 05 0.604160
2013 07 02 04 36 06 0.610816
2013 07 02 04 36 07 0.617216
2013 07 02 04 36 08 0.623872
2013 07 02 04 36 09 0.630528
2013 07 02 04 36 10 0.637184
2013 07 02 04 36 11 0.643840
2013 07 02 04 36 12 0.650496
2013 07 02 04 36 13 0.657152
2013 07 02 04 36 15 0.167168
2013 07 02 04 36 16 0.173568
2013 07 02 04 36 17 0.180224
2013 07 02 04 36 18 0.186880
2013 07 02 04 36 19 0.193536
2013 07 02 04 36 20 0.200192
2013 07 02 04 36 21 0.206848
2013 07 02 04 36 22 0.213504
2013 07 02 04 36 23 0.220160
2013 07 02 04 36 24 0.226816
2013 07 02 04 36 25 0.233472
2013 07 02 04 36 26 0.240128
2013 07 02 04 36 27 0.498176
2013 07 02 04 36 28 0.504832
2013 07 02 04 36 29 0.511488
2013 07 02 04 36 30 0.518144
2013 07 02 04 36 31 0.776448
2013 07 02 04 36 32 0.783104
2013 07 02 04 36 33 0.789760
2013 07 02 04 36 34 0.796416
2013 07 02 04 36 35 0.803072
2013 07 02 04 36 36 0.809728
2013 07 02 04 36 37 0.816128
2013 07 02 04 36 38 0.822784
2013 07 02 04 36 39 0.829440
2013 07 02 04 36 40 0.836096
2013 07 02 04 36 41 0.842752
2013 07 02 04 36 42 0.849408
2013 07 02 04 36 43 0.856064
2013 07 02 04 36 44 0.862720
2013 07 02 04 36 45 0.869376
2013 07 02 04 36 46 0.876032
2013 07 02 04 36 47 0.882944
2013 07 02 04 36 48 0.889088
2013 07 02 04 36 49 0.895744
2013 07 02 04 36 50 0.902400
2013 07 02 04 36 51 0.909056
2013 07 02 04 36 52 0.915712
2013 07 02 04 36 53 0.922368
2013 07 02 04 36 54 0.929024
2013 07 02 04 36 55 0.935680
2013 07 02 04 36 56 0.942336
2013 07 02 04 36 57 0.948992
2013 07 02 04 36 58 0.955648
2013 07 02 04 36 59 0.962304
2013 07 02 04 37 00 0.968704
2013 07 02 04 37 01 0.975360
2013 07 02 04 37 02 0.982016
2013 07 02 04 37 03 0.988672
2013 07 02 04 37 04 0.995328
2013 07 02 04 37 06 0.002048
2013 07 02 04 37 07 0.008448
2013 07 02 04 37 08 0.015104
2013 07 02 04 37 09 0.021760
2013 07 02 04 37 10 0.028416
2013 07 02 04 37 11 0.035072
2013 07 02 04 37 12 0.041728
2013 07 02 04 37 13 0.048384
2013 07 02 04 37 14 0.055040
2013 07 02 04 37 15 0.061696
2013 07 02 04 37 16 0.068352
2013 07 02 04 37 17 0.075008
2013 07 02 04 37 18 0.081664
2013 07 02 04 37 19 0.088320
2013 07 02 04 37 20 0.094720
2013 07 02 04 37 21 0.101376
2013 07 02 04 37 22 0.108032
2013 07 02 04 37 23 0.114688
2013 07 02 04 37 24 0.121344
2013 07 02 04 37 25 0.128000
2013 07 02 04 37 26 0.134656
2013 07 02 04 37 27 0.141312
2013 07 02 04 37 28 0.147712
2013 07 02 04 37 29 0.154368
2013 07 02 04 37 30 0.161024
2013 07 02 04 37 31 0.167680
2013 07 02 04 37 32 0.174336
2013 07 02 04 37 33 0.180992
2013 07 02 04 37 34 0.187648
2013 07 02 04 37 35 0.194304
2013 07 02 04 37 36 0.200960
2013 07 02 04 37 37 0.207616
2013 07 02 04 37 38 0.214272
2013 07 02 04 37 39 0.220928
2013 07 02 04 37 40 0.227584
2013 07 02 04 37 41 0.233984
2013 07 02 04 37 42 0.240640
2013 07 02 04 37 43 0.247296
2013 07 02 04 37 44 0.253952
2013 07 02 04 37 45 0.008704
2013 07 02 04 37 46 0.015360
2013 07 02 04 37 47 0.022016
2013 07 02 04 37 48 0.028672
2013 07 02 04 37 49 0.035328
2013 07 02 04 37 50 0.041984
2013 07 02 04 37 51 0.048640
2013 07 02 04 37 52 0.055296
2013 07 02 04 37 53 0.061952
2013 07 02 04 37 54 0.068352
2013 07 02 04 37 55 0.075008
2013 07 02 04 37 56 0.081664
2013 07 02 04 37 57 0.088320
2013 07 02 04 37 58 0.094976
2013 07 02 04 37 59 0.101632
2013 07 02 04 38 00 0.108288
2013 07 02 04 38 01 0.114944
2013 07 02 04 38 02 0.121600
2013 07 02 04 38 03 0.128256
2013 07 02 04 38 04 0.134912
2013 07 02 04 38 05 0.141312
2013 07 02 04 38 06 0.147968
2013 07 02 04 38 07 0.154624
2013 07 02 04 38 08 0.161280
2013 07 02 04 38 09 0.167936
2013 07 02 04 38 10 0.174592
2013 07 02 04 38 11 0.181248
2013 07 02 04 38 12 0.187904
2013 07 02 04 38 13 0.194560
2013 07 02 04 38 14 0.201216
2013 07 02 04 38 15 0.207616
2013 07 02 04 38 16 0.214272
2013 07 02 04 38 17 0.220928
2013 07 02 04 38 18 0.227584
2013 07 02 04 38 19 0.234240
2013 07 02 04 38 20 0.240896
2013 07 02 04 38 21 0.247552
2013 07 02 04 38 22 0.254208
2013 07 02 04 38 23 0.260864
2013 07 02 04 38 24 0.267520
2013 07 02 04 38 25 0.274176
2013 07 02 04 38 26 0.280576
2013 07 02 04 38 27 0.287232
2013 07 02 04 38 28 0.545792
2013 07 02 04 38 29 0.552448
2013 07 02 04 38 30 0.559104
2013 07 02 04 38 31 0.565760
2013 07 02 04 38 32 0.572160
2013 07 02 04 38 33 0.578816
2013 07 02 04 38 34 0.585472
2013 07 02 04 38 35 0.592128
2013 07 02 04 38 36 0.598784
2013 07 02 04 38 37 0.605440
2013 07 02 04 38 38 0.612096
2013 07 02 04 38 39 0.618752
2013 07 02 04 38 40 0.625408
2013 07 02 04 38 41 0.632064
2013 07 02 04 38 42 0.638720
2013 07 02 04 38 43 0.645376
2013 07 02 04 38 44 0.652032
2013 07 02 04 38 45 0.658432
2013 07 02 04 38 46 0.665088
2013 07 02 04 38 47 0.671744
2013 07 02 04 38 48 0.678400
2013 07 02 04 38 49 0.685056
2013 07 02 04 38 50 0.691712
2013 07 02 04 38 51 0.698368
2013 07 02 04 38 52 0.705024
2013 07 02 04 38 53 0.711424
2013 07 02 04 38 54 0.718080
2013 07 02 04 38 55 0.724992
2013 07 02 04 38 56 0.731392
2013 07 02 04 38 57 0.738048
2013 07 02 04 38 58 0.744704
2013 07 02 04 38 59 0.751360
2013 07 02 04 39 00 0.758016
2013 07 02 04 39 01 0.764672
2013 07 02 04 39 02 0.771328
2013 07 02 04 39 03 0.777984
2013 07 02 04 39 04 0.784640
2013 07 02 04 39 05 0.791040
2013 07 02 04 39 06 0.797696
2013 07 02 04 39 07 0.804352
2013 07 02 04 39 08 0.811008
2013 07 02 04 39 09 0.817664
2013 07 02 04 39 10 0.824320
2013 07 02 04 39 11 0.830976
2013 07 02 04 39 12 0.837632
2013 07 02 04 39 13 0.844288
2013 07 02 04 39 14 0.850688
2013 07 02 04 39 15 0.857600
2013 07 02 04 39 16 0.864000
2013 07 02 04 39 17 0.870656
2013 07 02 04 39 18 0.877312
2013 07 02 04 39 19 0.883968
2013 07 02 04 39 20 0.890624
2013 07 02 04 39 21 0.897280
2013 07 02 04 39 22 0.903936
2013 07 02 04 39 23 0.910592
2013 07 02 04 39 24 0.917248
2013 07 02 04 39 25 0.923648
2013 07 02 04 39 26 0.930304
2013 07 02 04 39 27 0.936960
2013 07 02 04 39 28 0.943616
2013 07 02 04 39 29 0.950272
2013 07 02 04 39 30 0.956928
2013 07 02 04 39 32 0.215040
2013 07 02 04 39 33 0.221696
2013 07 02 04 39 34 0.228352
2013 07 02 04 39 35 0.235008
2013 07 02 04 39 36 0.241664
2013 07 02 04 39 37 0.248320
2013 07 02 04 39 38 0.506624
2013 07 02 04 39 39 0.513280
2013 07 02 04 39 40 0.771328
2013 07 02 04 39 41 0.777984
2013 07 02 04 39 43 0.036608
2013 07 02 04 39 44 0.043264
2013 07 02 04 39 45 0.049920
2013 07 02 04 39 46 0.056320
2013 07 02 04 39 47 0.062976
2013 07 02 04 39 48 0.069632
2013 07 02 04 39 49 0.076288
2013 07 02 04 39 50 0.082944
2013 07 02 04 39 51 0.089600
2013 07 02 04 39 52 0.096256
2013 07 02 04 39 53 0.102912
2013 07 02 04 39 54 0.109568
2013 07 02 04 39 55 0.115968
2013 07 02 04 39 56 0.122880
2013 07 02 04 39 57 0.129280
2013 07 02 04 39 58 0.135936
2013 07 02 04 39 59 0.142592
2013 07 02 04 40 00 0.149248
2013 07 02 04 40 01 0.155904
2013 07 02 04 40 02 0.162560
2013 07 02 04 40 03 0.169216
2013 07 02 04 40 04 0.175872
2013 07 02 04 40 05 0.182528
2013 07 02 04 40 06 0.188928
2013 07 02 04 40 07 0.195840
2013 07 02 04 40 08 0.202240
2013 07 02 04 40 09 0.208896
2013 07 02 04 40 10 0.215552
2013 07 02 04 40 11 0.222208
2013 07 02 04 40 12 0.228864
2013 07 02 04 40 13 0.235520
2013 07 02 04 40 14 0.242176
2013 07 02 04 40 15 0.248832
2013 07 02 04 40 16 0.255232
2013 07 02 04 40 17 0.261888
2013 07 02 04 40 18 0.268544
2013 07 02 04 40 19 0.275200
2013 07 02 04 40 20 0.281856
2013 07 02 04 40 21 0.288512
2013 07 02 04 40 22 0.295168
2013 07 02 04 40 23 0.301824
2013 07 02 04 40 24 0.308480
2013 07 02 04 40 25 0.315136
2013 07 02 04 40 26 0.321792
2013 07 02 04 40 27 0.328448
2013 07 02 04 40 28 0.335104
2013 07 02 04 40 29 0.341504
2013 07 02 04 40 30 0.348160
2013 07 02 04 40 31 0.354816
2013 07 02 04 40 32 0.361472
2013 07 02 04 40 33 0.368128
2013 07 02 04 40 34 0.374784
2013 07 02 04 40 35 0.381440
2013 07 02 04 40 36 0.388096
2013 07 02 04 40 37 0.394496
2013 07 02 04 40 38 0.401152
2013 07 02 04 40 39 0.407808
2013 07 02 04 40 40 0.414464
2013 07 02 04 40 41 0.421120
2013 07 02 04 40 42 0.427776
2013 07 02 04 40 43 0.434432
2013 07 02 04 40 44 0.441088
2013 07 02 04 40 45 0.447744
2013 07 02 04 40 46 0.454400
2013 07 02 04 40 47 0.712448
2013 07 02 04 40 48 0.971008
2013 07 02 04 40 49 0.977664
2013 07 02 04 40 50 0.984064
2013 07 02 04 40 51 0.990720
2013 07 02 04 40 52 0.997376
2013 07 02 04 40 54 0.004096
2013 07 02 04 40 55 0.010752
2013 07 02 04 40 56 0.017408
2013 07 02 04 40 57 0.024064
2013 07 02 04 40 58 0.030464
2013 07 02 04 40 59 0.037120
2013 07 02 04 41 00 0.043776
2013 07 02 04 41 01 0.050432
2013 07 02 04 41 02 0.057088
2013 07 02 04 41 03 0.063744
2013 07 02 04 41 04 0.070400
2013 07 02 04 41 05 0.077056
2013 07 02 04 41 06 0.083712
2013 07 02 04 41 06 0.838400
2013 07 02 04 41 07 0.845056
2013 07 02 04 41 08 0.851712
2013 07 02 04 41 09 0.858368
2013 07 02 04 41 10 0.865024
2013 07 02 04 41 12 0.123392
2013 07 02 04 41 13 0.130048
2013 07 02 04 41 14 0.136704
2013 07 02 04 41 15 0.143360
2013 07 02 04 41 16 0.150016
2013 07 02 04 41 17 0.156672
2013 07 02 04 41 18 0.163328
2013 07 02 04 41 19 0.169728
2013 07 02 04 41 20 0.176384
2013 07 02 04 41 21 0.183040
2013 07 02 04 41 22 0.189696
2013 07 02 04 41 23 0.196352
2013 07 02 04 41 24 0.203008
2013 07 02 04 41 25 0.209664
2013 07 02 04 41 26 0.216320
2013 07 02 04 41 27 0.222976
2013 07 02 04 41 28 0.229632
2013 07 02 04 41 29 0.236288
2013 07 02 04 41 30 0.242688
2013 07 02 04 41 31 0.249344
2013 07 02 04 41 32 0.256000
2013 07 02 04 41 33 0.262656
2013 07 02 04 41 34 0.269312
2013 07 02 04 41 35 0.275968
2013 07 02 04 41 36 0.282624
2013 07 02 04 41 37 0.289280
2013 07 02 04 41 38 0.295936
2013 07 02 04 41 39 0.302592
2013 07 02 04 41 40 0.309248
2013 07 02 04 41 41 0.315904
2013 07 02 04 41 42 0.322304
2013 07 02 04 41 43 0.328960
2013 07 02 04 41 44 0.335616
2013 07 02 04 41 45 0.342272
2013 07 02 04 41 46 0.348928
2013 07 02 04 41 47 0.355584
2013 07 02 04 41 48 0.362240
2013 07 02 04 41 49 0.368896
2013 07 02 04 41 50 0.375296
2013 07 02 04 41 51 0.381952
2013 07 02 04 41 52 0.388608
2013 07 02 04 41 53 0.395264
2013 07 02 04 41 54 0.401920
2013 07 02 04 41 55 0.408576
2013 07 02 04 41 56 0.415232
2013 07 02 04 41 57 0.421888
2013 07 02 04 41 58 0.428544
2013 07 02 04 41 59 0.435200
2013 07 02 04 42 00 0.441856
2013 07 02 04 42 01 0.448512
2013 07 02 04 42 02 0.454912
2013 07 02 04 42 03 0.461568
2013 07 02 04 42 04 0.468224
2013 07 02 04 42 05 0.474880
2013 07 02 04 42 06 0.481536
2013 07 02 04 42 07 0.488192
2013 07 02 04 42 08 0.494848
2013 07 02 04 42 09 0.752896
2013 07 02 04 42 10 0.759552
2013 07 02 04 42 11 0.766208
2013 07 02 04 42 12 0.772864
2013 07 02 04 42 13 0.779520
2013 07 02 04 42 14 0.786176
2013 07 02 04 42 15 0.792832
2013 07 02 04 42 16 0.799488
2013 07 02 04 42 17 0.805888
2013 07 02 04 42 18 0.812544
2013 07 02 04 42 20 0.322560
2013 07 02 04 42 21 0.329216
2013 07 02 04 42 22 0.335872
2013 07 02 04 42 23 0.342528
2013 07 02 04 42 24 0.349184
2013 07 02 04 42 25 0.355840
2013 07 02 04 42 26 0.362240
2013 07 02 04 42 27 0.368896
2013 07 02 04 42 28 0.375552
2013 07 02 04 42 29 0.382208
2013 07 02 04 42 30 0.388864
2013 07 02 04 42 31 0.395520
2013 07 02 04 42 32 0.402176
2013 07 02 04 42 33 0.408832
2013 07 02 04 42 34 0.415488
2013 07 02 04 42 35 0.422144
2013 07 02 04 42 36 0.428800
2013 07 02 04 42 37 0.435200
2013 07 02 04 42 38 0.441856
2013 07 02 04 42 39 0.448512
2013 07 02 04 42 40 0.455168
2013 07 02 04 42 41 0.461824
2013 07 02 04 42 42 0.468480
2013 07 02 04 42 43 0.475136
2013 07 02 04 42 44 0.481792
2013 07 02 04 42 45 0.488448
2013 07 02 04 42 46 0.495104
2013 07 02 04 42 47 0.501504
2013 07 02 04 42 48 0.508160
2013 07 02 04 42 49 0.514816
2013 07 02 04 42 50 0.521472
2013 07 02 04 42 51 0.528128
2013 07 02 04 42 52 0.534784
2013 07 02 04 42 53 0.541440
2013 07 02 04 42 54 0.548096
2013 07 02 04 42 55 0.554752
2013 07 02 04 42 56 0.561408
2013 07 02 04 42 57 0.568064
2013 07 02 04 42 58 0.574464
2013 07 02 04 42 59 0.581120
2013 07 02 04 43 00 0.587776
2013 07 02 04 43 01 0.594432
2013 07 02 04 43 02 0.601088
2013 07 02 04 43 03 0.607744
2013 07 02 04 43 04 0.614400
2013 07 02 04 43 05 0.621056
2013 07 02 04 43 06 0.627712
2013 07 02 04 43 07 0.634368
2013 07 02 04 43 08 0.641024
2013 07 02 04 43 09 0.647424
2013 07 02 04 43 10 0.654080
2013 07 02 04 43 11 0.660736
2013 07 02 04 43 12 0.667392
2013 07 02 04 43 13 0.674048
2013 07 02 04 43 14 0.680704
2013 07 02 04 43 15 0.687360
2013 07 02 04 43 16 0.694016
2013 07 02 04 43 17 0.700672
2013 07 02 04 43 18 0.707328
2013 07 02 04 43 19 0.713728
2013 07 02 04 43 20 0.720384
2013 07 02 04 43 21 0.727040
2013 07 02 04 43 22 0.733696
2013 07 02 04 43 23 0.740352
2013 07 02 04 43 24 0.747008
2013 07 02 04 43 25 0.753664
2013 07 02 04 43 26 0.760320
2013 07 02 04 43 27 0.766976
2013 07 02 04 43 28 0.773632
2013 07 02 04 43 29 0.780032
2013 07 02 04 43 30 0.786688
2013 07 02 04 43 31 0.793344
2013 07 02 04 43 32 0.800000
2013 07 02 04 43 33 0.806656
2013 07 02 04 43 34 0.813312
2013 07 02 04 43 35 0.819968
2013 07 02 04 43 36 0.826624
2013 07 02 04 43 37 0.833280
2013 07 02 04 43 38 0.839936
2013 07 02 04 43 39 0.846592
2013 07 02 04 43 40 0.852992
2013 07 02 04 43 41 0.859648
2013 07 02 04 43 42 0.866304
2013 07 02 04 43 43 0.872960
2013 07 02 04 43 44 0.879616
2013 07 02 04 43 45 0.886272
2013 07 02 04 43 46 0.892928
2013 07 02 04 43 47 0.899584
2013 07 02 04 43 48 0.906240
2013 07 02 04 43 49 0.912896
2013 07 02 04 43 50 0.919296
2013 07 02 04 43 51 0.925952
2013 07 02 04 43 52 0.932608
2013 07 02 04 43 53 0.939264
2013 07 02 04 43 54 0.945920
2013 07 02 04 43 55 0.952576
2013 07 02 04 43 56 0.959232
2013 07 02 04 43 57 0.965888
2013 07 02 04 43 58 0.972544
2013 07 02 04 43 59 0.979200
2013 07 02 04 44 00 0.985856
2013 07 02 04 44 01 0.992256
2013 07 02 04 44 02 0.998912
2013 07 02 04 44 04 0.005632
2013 07 02 04 44 05 0.012288
2013 07 02 04 44 06 0.018944
2013 07 02 04 44 07 0.025600
2013 07 02 04 44 08 0.032256
2013 07 02 04 44 09 0.038912
2013 07 02 04 44 10 0.045312
2013 07 02 04 44 11 0.051968
2013 07 02 04 44 12 0.058624
2013 07 02 04 44 13 0.065280
2013 07 02 04 44 14 0.071936
2013 07 02 04 44 15 0.078592
2013 07 02 04 44 16 0.085248
2013 07 02 04 44 17 0.091904
2013 07 02 04 44 18 0.098560
2013 07 02 04 44 19 0.105216
2013 07 02 04 44 20 0.111616
2013 07 02 04 44 21 0.118272
2013 07 02 04 44 22 0.124928
2013 07 02 04 44 23 0.131584
2013 07 02 04 44 24 0.138240
2013 07 02 04 44 24 0.893440
2013 07 02 04 44 25 0.900096
2013 07 02 04 44 26 0.906752
2013 07 02 04 44 27 0.913152
2013 07 02 04 44 28 0.920064
2013 07 02 04 44 29 0.926464
2013 07 02 04 44 30 0.933120
2013 07 02 04 44 31 0.939776
2013 07 02 04 44 32 0.946432
2013 07 02 04 44 33 0.953088
2013 07 02 04 44 34 0.959744
2013 07 02 04 44 35 0.966400
2013 07 02 04 44 36 0.973056
2013 07 02 04 44 38 0.231168
2013 07 02 04 44 39 0.237824
2013 07 02 04 44 40 0.244480
2013 07 02 04 44 41 0.251136
2013 07 02 04 44 42 0.509440
2013 07 02 04 44 43 0.516096
2013 07 02 04 44 44 0.522752
2013 07 02 04 44 45 0.529408
2013 07 02 04 44 46 0.536064
2013 07 02 04 44 47 0.542464
2013 07 02 04 44 48 0.549120
2013 07 02 04 44 49 0.555776
2013 07 02 04 44 50 0.562432
2013 07 02 04 44 51 0.569088
2013 07 02 04 44 52 0.575744
2013 07 02 04 44 53 0.582400
2013 07 02 04 44 54 0.589056
2013 07 02 04 44 55 0.595712
2013 07 02 04 44 56 0.602368
2013 07 02 04 44 57 0.609024
2013 07 02 04 44 58 0.615424
2013 07 02 04 44 59 0.622080
2013 07 02 04 45 00 0.628736
2013 07 02 04 45 01 0.635392
2013 07 02 04 45 02 0.642048
2013 07 02 04 45 03 0.648704
2013 07 02 04 45 04 0.655360
2013 07 02 04 45 05 0.662016
2013 07 02 04 45 06 0.668672
2013 07 02 04 45 07 0.675328
2013 07 02 04 45 08 0.681984
2013 07 02 04 45 09 0.688640
2013 07 02 04 45 10 0.695296
2013 07 02 04 45 11 0.701696
2013 07 02 04 45 12 0.708352
2013 07 02 04 45 13 0.715008
2013 07 02 04 45 14 0.721664
2013 07 02 04 45 15 0.728320
2013 07 02 04 45 16 0.734976
2013 07 02 04 45 17 0.741632
2013 07 02 04 45 18 0.748288
2013 07 02 04 45 19 0.754688
2013 07 02 04 45 20 0.761344
2013 07 02 04 45 21 0.768000
2013 07 02 04 45 22 0.774656
2013 07 02 04 45 23 0.781312
2013 07 02 04 45 24 0.787968
2013 07 02 04 45 25 0.794624
2013 07 02 04 45 26 0.801280
2013 07 02 04 45 27 0.807936
2013 07 02 04 45 28 0.814592
2013 07 02 04 45 29 0.821248
2013 07 02 04 45 30 0.827904
2013 07 02 04 45 31 0.834560
2013 07 02 04 45 32 0.840960
2013 07 02 04 45 33 0.847616
2013 07 02 04 45 34 0.854272
2013 07 02 04 45 35 0.860928
2013 07 02 04 45 36 0.867584
2013 07 02 04 45 37 0.874240
2013 07 02 04 45 38 0.880896
2013 07 02 04 45 39 0.887552
2013 07 02 04 45 40 0.893952
2013 07 02 04 45 42 0.152320
2013 07 02 04 45 43 0.158976
2013 07 02 04 45 44 0.165376
2013 07 02 04 45 45 0.172032
2013 07 02 04 45 46 0.178688
2013 07 02 04 45 47 0.185344
2013 07 02 04 45 48 0.192000
2013 07 02 04 45 49 0.198656
2013 07 02 04 45 50 0.205312
2013 07 02 04 45 51 0.211968
2013 07 02 04 45 52 0.218624
2013 07 02 04 45 53 0.225280
2013 07 02 04 45 54 0.231936
2013 07 02 04 45 55 0.238336
2013 07 02 04 45 56 0.244992
2013 07 02 04 45 57 0.251648
2013 07 02 04 45 58 0.258304
2013 07 02 04 45 59 0.264960
2013 07 02 04 46 00 0.271616
2013 07 02 04 46 01 0.278272
2013 07 02 04 46 02 0.284928
2013 07 02 04 46 03 0.291584
2013 07 02 04 46 04 0.298240
2013 07 02 04 46 05 0.304640
2013 07 02 04 46 06 0.311296
2013 07 02 04 46 07 0.317952
2013 07 02 04 46 08 0.324608
2013 07 02 04 46 09 0.331264
2013 07 02 04 46 10 0.337920
2013 07 02 04 46 11 0.344576
2013 07 02 04 46 12 0.351232
2013 07 02 04 46 13 0.357888
2013 07 02 04 46 14 0.364544
2013 07 02 04 46 15 0.370944
2013 07 02 04 46 16 0.377600
2013 07 02 04 46 17 0.384256
2013 07 02 04 46 18 0.390912
2013 07 02 04 46 19 0.397568
2013 07 02 04 46 20 0.404224
2013 07 02 04 46 21 0.410880
2013 07 02 04 46 22 0.417536
2013 07 02 04 46 23 0.424192
2013 07 02 04 46 24 0.430848
2013 07 02 04 46 25 0.437504
2013 07 02 04 46 26 0.443904
2013 07 02 04 46 27 0.450560
2013 07 02 04 46 28 0.457216
2013 07 02 04 46 29 0.463872
2013 07 02 04 46 30 0.470528
2013 07 02 04 46 31 0.477184
2013 07 02 04 46 32 0.483840
2013 07 02 04 46 33 0.490496
2013 07 02 04 46 34 0.497152
2013 07 02 04 46 35 0.503808
2013 07 02 04 46 36 0.510208
2013 07 02 04 46 37 0.516864
2013 07 02 04 46 38 0.523520
2013 07 02 04 46 39 0.530176
2013 07 02 04 46 40 0.536832
2013 07 02 04 46 41 0.543488
2013 07 02 04 46 42 0.550144
2013 07 02 04 46 43 0.556800
2013 07 02 04 46 44 0.563456
2013 07 02 04 46 45 0.570112
2013 07 02 04 46 46 0.576768
2013 07 02 04 46 47 0.583168
2013 07 02 04 46 48 0.589824
2013 07 02 04 46 49 0.596480
2013 07 02 04 46 50 0.603136
2013 07 02 04 46 51 0.609792
2013 07 02 04 46 52 0.616448
2013 07 02 04 46 53 0.875008
2013 07 02 04 46 54 0.881408
2013 07 02 04 46 55 0.888320
2013 07 02 04 46 56 0.894720
2013 07 02 04 46 57 0.901376
2013 07 02 04 46 58 0.908032
2013 07 02 04 46 59 0.914688
2013 07 02 04 47 00 0.921344
2013 07 02 04 47 01 0.928000
2013 07 02 04 47 02 0.934656
2013 07 02 04 47 03 0.941312
2013 07 02 04 47 04 0.947968
2013 07 02 04 47 05 0.954368
2013 07 02 04 47 06 0.961024
2013 07 02 04 47 07 0.967680
2013 07 02 04 47 08 0.974336
2013 07 02 04 47 09 0.980992
2013 07 02 04 47 10 0.987648
2013 07 02 04 47 11 0.994304
2013 07 02 04 47 12 0.749056
2013 07 02 04 47 13 0.755712
2013 07 02 04 47 14 0.762368
2013 07 02 04 47 15 0.769024
2013 07 02 04 47 16 0.775680
2013 07 02 04 47 17 0.782336
2013 07 02 04 47 18 0.788992
2013 07 02 04 47 19 0.795392
2013 07 02 04 47 20 0.802048
2013 07 02 04 47 21 0.808704
2013 07 02 04 47 22 0.815360
2013 07 02 04 47 23 0.822016
2013 07 02 04 47 24 0.828672
2013 07 02 04 47 25 0.835328
2013 07 02 04 47 26 0.841984
2013 07 02 04 47 27 0.848640
2013 07 02 04 47 28 0.855296
2013 07 02 04 47 29 0.861696
2013 07 02 04 47 30 0.868352
2013 07 02 04 47 31 0.875008
2013 07 02 04 47 32 0.881664
2013 07 02 04 47 33 0.888320
2013 07 02 04 47 34 0.894976
2013 07 02 04 47 35 0.901632
2013 07 02 04 47 36 0.908288
2013 07 02 04 47 37 0.914944
2013 07 02 04 47 38 0.921600
2013 07 02 04 47 39 0.928256
2013 07 02 04 47 40 0.934656
2013 07 02 04 47 41 0.941312
2013 07 02 04 47 42 0.947968
2013 07 02 04 47 43 0.954624
2013 07 02 04 47 44 0.961280
2013 07 02 04 47 45 0.967936
2013 07 02 04 47 46 0.974592
2013 07 02 04 47 47 0.981248
2013 07 02 04 47 48 0.987904
2013 07 02 04 47 49 0.994560
2013 07 02 04 47 51 0.001024
2013 07 02 04 47 52 0.007680
2013 07 02 04 47 53 0.014336
2013 07 02 04 47 54 0.020992
2013 07 02 04 47 55 0.027648
2013 07 02 04 47 56 0.034304
2013 07 02 04 47 57 0.040960
2013 07 02 04 47 58 0.047616
2013 07 02 04 47 59 0.054016
2013 07 02 04 48 00 0.060672
2013 07 02 04 48 01 0.067328
2013 07 02 04 48 02 0.073984
2013 07 02 04 48 03 0.080640
2013 07 02 04 48 04 0.087296
2013 07 02 04 48 05 0.093952
2013 07 02 04 48 06 0.100608
2013 07 02 04 48 07 0.107264
2013 07 02 04 48 08 0.113920
2013 07 02 04 48 09 0.120576
2013 07 02 04 48 10 0.126976
2013 07 02 04 48 11 0.133632
2013 07 02 04 48 12 0.140288
2013 07 02 04 48 13 0.146944
2013 07 02 04 48 14 0.153600
2013 07 02 04 48 15 0.160256
2013 07 02 04 48 16 0.166912
2013 07 02 04 48 17 0.173568
2013 07 02 04 48 18 0.180224
2013 07 02 04 48 19 0.186880
2013 07 02 04 48 20 0.193280
2013 07 02 04 48 21 0.199936
2013 07 02 04 48 22 0.206592
2013 07 02 04 48 23 0.213248
2013 07 02 04 48 24 0.219904
2013 07 02 04 48 25 0.226560
2013 07 02 04 48 26 0.233216
2013 07 02 04 48 27 0.239872
2013 07 02 04 48 28 0.246528
2013 07 02 04 48 29 0.253184
2013 07 02 04 48 30 0.259840
2013 07 02 04 48 31 0.266240
2013 07 02 04 48 32 0.272896
2013 07 02 04 48 33 0.279552
2013 07 02 04 48 34 0.286208
2013 07 02 04 48 35 0.292864
2013 07 02 04 48 36 0.299520
2013 07 02 04 48 37 0.306176
2013 07 02 04 48 38 0.312832
2013 07 02 04 48 39 0.319488
2013 07 02 04 48 40 0.326144
2013 07 02 04 48 41 0.332544
2013 07 02 04 48 42 0.339200
2013 07 02 04 48 43 0.345856
2013 07 02 04 48 44 0.352512
2013 07 02 04 48 45 0.359168
2013 07 02 04 48 46 0.365824
2013 07 02 04 48 47 0.372480
2013 07 02 04 48 48 0.379136
2013 07 02 04 48 49 0.385792
2013 07 02 04 48 50 0.392448
2013 07 02 04 48 51 0.398848
2013 07 02 04 48 52 0.405504
2013 07 02 04 48 53 0.412160
2013 07 02 04 48 54 0.418816
2013 07 02 04 48 55 0.425472
2013 07 02 04 48 56 0.432128
2013 07 02 04 48 57 0.438784
2013 07 02 04 48 58 0.445440
2013 07 02 04 48 59 0.452096
2013 07 02 04 49 00 0.458752
2013 07 02 04 49 01 0.465408
2013 07 02 04 49 02 0.471808
2013 07 02 04 49 03 0.478464
2013 07 02 04 49 04 0.485120
2013 07 02 04 49 05 0.491776
2013 07 02 04 49 06 0.498432
2013 07 02 04 49 07 0.505088
2013 07 02 04 49 08 0.511744
2013 07 02 04 49 09 0.518400
2013 07 02 04 49 10 0.525056
2013 07 02 04 49 11 0.531456
2013 07 02 04 49 12 0.538112
2013 07 02 04 49 13 0.544768
2013 07 02 04 49 14 0.551424
2013 07 02 04 49 15 0.558080
2013 07 02 04 49 16 0.564736
2013 07 02 04 49 17 0.571392
2013 07 02 04 49 18 0.578048
2013 07 02 04 49 19 0.584704
2013 07 02 04 49 20 0.591360
2013 07 02 04 49 21 0.598016
2013 07 02 04 49 22 0.604416
2013 07 02 04 49 23 0.611072
2013 07 02 04 49 24 0.617728
2013 07 02 04 49 25 0.624384
2013 07 02 04 49 26 0.631040
2013 07 02 04 49 27 0.637696
2013 07 02 04 49 28 0.644352
2013 07 02 04 49 29 0.651008
2013 07 02 04 49 30 0.657664
2013 07 02 04 49 31 0.664320
2013 07 02 04 49 32 0.670720
2013 07 02 04 49 33 0.677376
2013 07 02 04 49 34 0.684032
2013 07 02 04 49 35 0.690688
2013 07 02 04 49 36 0.697344
2013 07 02 04 49 37 0.704000
2013 07 02 04 49 38 0.710656
2013 07 02 04 49 39 0.465664
2013 07 02 04 49 40 0.472320
2013 07 02 04 49 41 0.478976
2013 07 02 04 49 42 0.485632
2013 07 02 04 49 43 0.492288
2013 07 02 04 49 44 0.498944
2013 07 02 04 49 45 0.505600
2013 07 02 04 49 46 0.512256
2013 07 02 04 49 47 0.518656
2013 07 02 04 49 48 0.525312
2013 07 02 04 49 49 0.531968
2013 07 02 04 49 50 0.538624
2013 07 02 04 49 51 0.545280
2013 07 02 04 49 52 0.551936
2013 07 02 04 49 53 0.558592
2013 07 02 04 49 54 0.565248
2013 07 02 04 49 55 0.571904
2013 07 02 04 49 56 0.578560
2013 07 02 04 49 57 0.585216
2013 07 02 04 49 58 0.591872
2013 07 02 04 49 59 0.598272
2013 07 02 04 50 00 0.604928
2013 07 02 04 50 01 0.863232
2013 07 02 04 50 02 0.869632
2013 07 02 04 50 03 0.876288
2013 07 02 04 50 04 0.882944
2013 07 02 04 50 05 0.889600
2013 07 02 04 50 06 0.896256
2013 07 02 04 50 07 0.902912
2013 07 02 04 50 08 0.909568
2013 07 02 04 50 09 0.916224
2013 07 02 04 50 10 0.922880
2013 07 02 04 50 11 0.929536
2013 07 02 04 50 12 0.935936
2013 07 02 04 50 13 0.942592
2013 07 02 04 50 14 0.949248
2013 07 02 04 50 15 0.955904
2013 07 02 04 50 16 0.962560
2013 07 02 04 50 17 0.969216
2013 07 02 04 50 18 0.975872
2013 07 02 04 50 19 0.982528
2013 07 02 04 50 20 0.989184
2013 07 02 04 50 21 0.995840
2013 07 02 04 50 23 0.002304
2013 07 02 04 50 24 0.008960
2013 07 02 04 50 25 0.015616
2013 07 02 04 50 26 0.022272
2013 07 02 04 50 27 0.028928
2013 07 02 04 50 28 0.035584
2013 07 02 04 50 29 0.042240
2013 07 02 04 50 30 0.048896
2013 07 02 04 50 31 0.055296
2013 07 02 04 50 32 0.061952
2013 07 02 04 50 33 0.068608
2013 07 02 04 50 34 0.075264
2013 07 02 04 50 35 0.081920
2013 07 02 04 50 36 0.088576
2013 07 02 04 50 37 0.095232
2013 07 02 04 50 38 0.101888
2013 07 02 04 50 39 0.108544
2013 07 02 04 50 40 0.115200
2013 07 02 04 50 41 0.121600
2013 07 02 04 50 42 0.128256
2013 07 02 04 50 43 0.134912
2013 07 02 04 50 44 0.141568
2013 07 02 04 50 45 0.148224
2013 07 02 04 50 46 0.154880
2013 07 02 04 50 47 0.161536
2013 07 02 04 50 48 0.168192
2013 07 02 04 50 49 0.174848
2013 07 02 04 50 50 0.181504
2013 07 02 04 50 51 0.187904
2013 07 02 04 50 52 0.194560
2013 07 02 04 50 53 0.201216
2013 07 02 04 50 54 0.207872
2013 07 02 04 50 55 0.214528
2013 07 02 04 50 56 0.221184
2013 07 02 04 50 57 0.227840
2013 07 02 04 50 58 0.234496
2013 07 02 04 50 59 0.241152
2013 07 02 04 51 00 0.247808
2013 07 02 04 51 01 0.254208
2013 07 02 04 51 02 0.260864
2013 07 02 04 51 03 0.267520
2013 07 02 04 51 04 0.274176
2013 07 02 04 51 05 0.280832
2013 07 02 04 51 06 0.287488
2013 07 02 04 51 07 0.294144
2013 07 02 04 51 08 0.300800
2013 07 02 04 51 09 0.307456
2013 07 02 04 51 10 0.565760
2013 07 02 04 51 11 0.572416
2013 07 02 04 51 12 0.579072
2013 07 02 04 51 13 0.585728
2013 07 02 04 51 14 0.592384
2013 07 02 04 51 15 0.599040
2013 07 02 04 51 16 0.605696
2013 07 02 04 51 17 0.612096
2013 07 02 04 51 18 0.618752
2013 07 02 04 51 19 0.625408
2013 07 02 04 51 20 0.632064
2013 07 02 04 51 21 0.638720
2013 07 02 04 51 22 0.645376
2013 07 02 04 51 23 0.652032
2013 07 02 04 51 24 0.658688
2013 07 02 04 51 25 0.665344
2013 07 02 04 51 26 0.672000
2013 07 02 04 51 27 0.678656
2013 07 02 04 51 28 0.685312
2013 07 02 04 51 29 0.691712
2013 07 02 04 51 30 0.698368
2013 07 02 04 51 31 0.705024
2013 07 02 04 51 32 0.711680
2013 07 02 04 51 33 0.718336
2013 07 02 04 51 34 0.473088
2013 07 02 04 51 35 0.228352
2013 07 02 04 51 36 0.235008
2013 07 02 04 51 36 0.989696
2013 07 02 04 51 37 0.996352
2013 07 02 04 51 38 0.751360
2013 07 02 04 51 39 0.758016
2013 07 02 04 51 40 0.513024
2013 07 02 04 51 41 0.268032
2013 07 02 04 51 42 0.022784
2013 07 02 04 51 43 0.029440
2013 07 02 04 51 44 0.036096
2013 07 02 04 51 44 0.791296
2013 07 02 04 51 45 0.797952
2013 07 02 04 51 46 0.552704
2013 07 02 04 51 47 0.307712
2013 07 02 04 51 48 0.062720
2013 07 02 04 51 48 0.817920
2013 07 02 04 51 49 0.572672
2013 07 02 04 51 50 0.579328
2013 07 02 04 51 51 0.334336
2013 07 02 04 51 52 0.089088
2013 07 02 04 51 52 0.844288
2013 07 02 04 51 53 0.599040
2013 07 02 04 51 54 0.605696
2013 07 02 04 51 55 0.360960
2013 07 02 04 51 56 0.619008
2013 07 02 04 51 57 0.625664
2013 07 02 04 51 58 0.380672
2013 07 02 04 51 59 0.135680
2013 07 02 04 52 00 0.142336
2013 07 02 04 52 00 0.897280
2013 07 02 04 52 01 0.652288
2013 07 02 04 52 02 0.407296
2013 07 02 04 52 03 0.413952
2013 07 02 04 52 04 0.672000
2013 07 02 04 52 05 0.427264
2013 07 02 04 52 06 0.433920
2013 07 02 04 52 07 0.440576
2013 07 02 04 52 08 0.447232
2013 07 02 04 52 09 0.201984
2013 07 02 04 52 10 0.208640
2013 07 02 04 52 10 0.963584
2013 07 02 04 52 11 0.718592
2013 07 02 04 52 12 0.725248
2013 07 02 04 52 13 0.731648
2013 07 02 04 52 14 0.486912
2013 07 02 04 52 15 0.241664
2013 07 02 04 52 16 0.248320
2013 07 02 04 52 17 0.003328
2013 07 02 04 52 18 0.009984
2013 07 02 04 52 18 0.764928
2013 07 02 04 52 19 0.771584
2013 07 02 04 52 20 0.778240
2013 07 02 04 52 21 0.784896
2013 07 02 04 52 22 0.791296
2013 07 02 04 52 23 0.797952
2013 07 02 04 52 24 0.804608
2013 07 02 04 52 25 0.811264
2013 07 02 04 52 26 0.817920
2013 07 02 04 52 27 0.573184
2013 07 02 04 52 28 0.579840
2013 07 02 04 52 29 0.586240
2013 07 02 04 52 30 0.592896
2013 07 02 04 52 31 0.599552
2013 07 02 04 52 32 0.606208
2013 07 02 04 52 33 0.612864
2013 07 02 04 52 34 0.619520
2013 07 02 04 52 35 0.626176
2013 07 02 04 52 36 0.632832
2013 07 02 04 52 37 0.639488
2013 07 02 04 52 38 0.646144
2013 07 02 04 52 39 0.652544
2013 07 02 04 52 40 0.659200
2013 07 02 04 52 41 0.665856
2013 07 02 04 52 42 0.672512
2013 07 02 04 52 43 0.679168
2013 07 02 04 52 44 0.685824
2013 07 02 04 52 45 0.692480
2013 07 02 04 52 46 0.699136
2013 07 02 04 52 47 0.705792
2013 07 02 04 52 48 0.712192
2013 07 02 04 52 49 0.718848
2013 07 02 04 52 50 0.725504
2013 07 02 04 52 51 0.732160
2013 07 02 04 52 52 0.738816
2013 07 02 04 52 53 0.745472
2013 07 02 04 52 54 0.752128
2013 07 02 04 52 55 0.758784
2013 07 02 04 52 56 0.513536
2013 07 02 04 52 57 0.520192
2013 07 02 04 52 58 0.526848
2013 07 02 04 52 59 0.533504
2013 07 02 04 53 00 0.540160
2013 07 02 04 53 01 0.546816
2013 07 02 04 53 02 0.553216
2013 07 02 04 53 03 0.559872
2013 07 02 04 53 04 0.566528
2013 07 02 04 53 05 0.573184
2013 07 02 04 53 06 0.579840
2013 07 02 04 53 07 0.586496
2013 07 02 04 53 08 0.593152
2013 07 02 04 53 09 0.599808
2013 07 02 04 53 10 0.606464
2013 07 02 04 53 11 0.613120
2013 07 02 04 53 12 0.619520
2013 07 02 04 53 13 0.626176
2013 07 02 04 53 14 0.632832
2013 07 02 04 53 15 0.639488
2013 07 02 04 53 16 0.646144
2013 07 02 04 53 17 0.652800
2013 07 02 04 53 18 0.659456
2013 07 02 04 53 19 0.666112
2013 07 02 04 53 20 0.672768
2013 07 02 04 53 21 0.679424
2013 07 02 04 53 22 0.685824
2013 07 02 04 53 23 0.692480
2013 07 02 04 53 24 0.699136
2013 07 02 04 53 25 0.705792
2013 07 02 04 53 26 0.712448
2013 07 02 04 53 27 0.719104
2013 07 02 04 53 28 0.725760
2013 07 02 04 53 29 0.984064
2013 07 02 04 53 30 0.990720
2013 07 02 04 53 31 0.997376
2013 07 02 04 53 33 0.004096
2013 07 02 04 53 34 0.010752
2013 07 02 04 53 35 0.017408
2013 07 02 04 53 36 0.024064
2013 07 02 04 53 37 0.030464
2013 07 02 04 53 38 0.037120
2013 07 02 04 53 39 0.043776
2013 07 02 04 53 40 0.050432
2013 07 02 04 53 41 0.057088
2013 07 02 04 53 42 0.063744
2013 07 02 04 53 43 0.070400
2013 07 02 04 53 44 0.077056
2013 07 02 04 53 45 0.083712
2013 07 02 04 53 46 0.090368
2013 07 02 04 53 47 0.097024
2013 07 02 04 53 48 0.103680
2013 07 02 04 53 49 0.110080
2013 07 02 04 53 50 0.116992
2013 07 02 04 53 51 0.123392
2013 07 02 04 53 52 0.130048
2013 07 02 04 53 53 0.136704
2013 07 02 04 53 54 0.143360
2013 07 02 04 53 55 0.150016
2013 07 02 04 53 56 0.156672
2013 07 02 04 53 57 0.163072
2013 07 02 04 53 58 0.169728
2013 07 02 04 53 59 0.176384
2013 07 02 04 54 00 0.183040
2013 07 02 04 54 01 0.189696
2013 07 02 04 54 02 0.196352
2013 07 02 04 54 03 0.203008
2013 07 02 04 54 04 0.209664
2013 07 02 04 54 05 0.216320
2013 07 02 04 54 06 0.222976
2013 07 02 04 54 07 0.229632
2013 07 02 04 54 08 0.236288
2013 07 02 04 54 09 0.242688
2013 07 02 04 54 10 0.249344
2013 07 02 04 54 11 0.256000
2013 07 02 04 54 12 0.262656
2013 07 02 04 54 13 0.269312
2013 07 02 04 54 14 0.275968
2013 07 02 04 54 15 0.030720
2013 07 02 04 54 16 0.037376
2013 07 02 04 54 17 0.044032
2013 07 02 04 54 18 0.050688
2013 07 02 04 54 19 0.057344
2013 07 02 04 54 20 0.064000
2013 07 02 04 54 21 0.070656
2013 07 02 04 54 22 0.077056
2013 07 02 04 54 23 0.083712
2013 07 02 04 54 24 0.090368
2013 07 02 04 54 25 0.097024
2013 07 02 04 54 26 0.103680
2013 07 02 04 54 27 0.110336
2013 07 02 04 54 28 0.116992
2013 07 02 04 54 29 0.123648
2013 07 02 04 54 30 0.130304
2013 07 02 04 54 31 0.136960
2013 07 02 04 54 32 0.143360
2013 07 02 04 54 33 0.401920
2013 07 02 04 54 34 0.408576
2013 07 02 04 54 35 0.415232
2013 07 02 04 54 36 0.421888
2013 07 02 04 54 37 0.428288
2013 07 02 04 54 38 0.686592
2013 07 02 04 54 39 0.693248
2013 07 02 04 54 40 0.699904
2013 07 02 04 54 41 0.454912
2013 07 02 04 54 42 0.461568
2013 07 02 04 54 43 0.468224
2013 07 02 04 54 44 0.474880
2013 07 02 04 54 45 0.481536
2013 07 02 04 54 46 0.488192
2013 07 02 04 54 47 0.494848
2013 07 02 04 54 48 0.501504
2013 07 02 04 54 49 0.508160
2013 07 02 04 54 50 0.514560
2013 07 02 04 54 51 0.521216
2013 07 02 04 54 52 0.527872
2013 07 02 04 54 53 0.534528
2013 07 02 04 54 54 0.541184
2013 07 02 04 54 55 0.547840
2013 07 02 04 54 56 0.554496
2013 07 02 04 54 57 0.309248
2013 07 02 04 54 58 0.315904
2013 07 02 04 54 59 0.322560
2013 07 02 04 55 00 0.329216
2013 07 02 04 55 01 0.335872
2013 07 02 04 55 02 0.342272
2013 07 02 04 55 03 0.348928
2013 07 02 04 55 04 0.104192
2013 07 02 04 55 05 0.110848
2013 07 02 04 55 06 0.117504
2013 07 02 04 55 07 0.124160
2013 07 02 04 55 08 0.130816
2013 07 02 04 55 09 0.137472
2013 07 02 04 55 10 0.143872
2013 07 02 04 55 10 0.898816
2013 07 02 04 55 11 0.905472
2013 07 02 04 55 12 0.912128
2013 07 02 04 55 13 0.918528
2013 07 02 04 55 14 0.925184
2013 07 02 04 55 15 0.931840
2013 07 02 04 55 16 0.938496
2013 07 02 04 55 17 0.945152
2013 07 02 04 55 18 0.951808
2013 07 02 04 55 19 0.958464
2013 07 02 04 55 20 0.965120
2013 07 02 04 55 21 0.971776
2013 07 02 04 55 22 0.978432
2013 07 02 04 55 23 0.984832
2013 07 02 04 55 24 0.991488
2013 07 02 04 55 25 0.998144
2013 07 02 04 55 27 0.004864
2013 07 02 04 55 28 0.011520
2013 07 02 04 55 29 0.018176
2013 07 02 04 55 30 0.024832
2013 07 02 04 55 31 0.031488
2013 07 02 04 55 32 0.037888
2013 07 02 04 55 33 0.044544
2013 07 02 04 55 34 0.051200
2013 07 02 04 55 35 0.057856
2013 07 02 04 55 36 0.316416
2013 07 02 04 55 37 0.323072
2013 07 02 04 55 38 0.581120
2013 07 02 04 55 39 0.587776
2013 07 02 04 55 40 0.594432
2013 07 02 04 55 41 0.601088
2013 07 02 04 55 42 0.607744
2013 07 02 04 55 43 0.614144
2013 07 02 04 55 44 0.620800
2013 07 02 04 55 45 0.627456
2013 07 02 04 55 46 0.634112
2013 07 02 04 55 47 0.640768
2013 07 02 04 55 48 0.647424
2013 07 02 04 55 49 0.654080
2013 07 02 04 55 50 0.660736
2013 07 02 04 55 51 0.667392
2013 07 02 04 55 52 0.674048
2013 07 02 04 55 53 0.680448
2013 07 02 04 55 54 0.687104
2013 07 02 04 55 55 0.693760
2013 07 02 04 55 56 0.700416
2013 07 02 04 55 57 0.707072
2013 07 02 04 55 58 0.713728
2013 07 02 04 55 59 0.720384
2013 07 02 04 56 00 0.727040
2013 07 02 04 56 01 0.733696
2013 07 02 04 56 02 0.740352
2013 07 02 04 56 03 0.746752
2013 07 02 04 56 04 0.753408
2013 07 02 04 56 05 0.760064
2013 07 02 04 56 06 0.766720
2013 07 02 04 56 07 0.773376
2013 07 02 04 56 08 0.780032
2013 07 02 04 56 09 0.786688
2013 07 02 04 56 10 0.793344
2013 07 02 04 56 11 0.800000
2013 07 02 04 56 12 0.806656
2013 07 02 04 56 13 0.813056
2013 07 02 04 56 14 0.819712
2013 07 02 04 56 15 0.826368
2013 07 02 04 56 16 0.833024
2013 07 02 04 56 17 0.839680
2013 07 02 04 56 18 0.846336
2013 07 02 04 56 19 0.852992
2013 07 02 04 56 20 0.859648
2013 07 02 04 56 21 0.866304
2013 07 02 04 56 22 0.872960
2013 07 02 04 56 23 0.879616
2013 07 02 04 56 24 0.886016
2013 07 02 04 56 25 0.892672
2013 07 02 04 56 26 0.899328
2013 07 02 04 56 27 0.905984
2013 07 02 04 56 28 0.912640
2013 07 02 04 56 29 0.919296
2013 07 02 04 56 30 0.925952
2013 07 02 04 56 31 0.932608
2013 07 02 04 56 32 0.939264
2013 07 02 04 56 33 0.945664
2013 07 02 04 56 34 0.952320
2013 07 02 04 56 36 0.210944
2013 07 02 04 56 37 0.217600
2013 07 02 04 56 38 0.475648
2013 07 02 04 56 39 0.482304
2013 07 02 04 56 40 0.488960
2013 07 02 04 56 41 0.495616
2013 07 02 04 56 42 0.502272
2013 07 02 04 56 43 0.508672
2013 07 02 04 56 44 0.515328
2013 07 02 04 56 45 0.521984
2013 07 02 04 56 46 0.528640
2013 07 02 04 56 47 0.535296
2013 07 02 04 56 48 0.541952
2013 07 02 04 56 49 0.548608
2013 07 02 04 56 50 0.555264
2013 07 02 04 56 51 0.561920
2013 07 02 04 56 52 0.568576
2013 07 02 04 56 53 0.574976
2013 07 02 04 56 54 0.581632
2013 07 02 04 56 55 0.588288
2013 07 02 04 56 56 0.594944
2013 07 02 04 56 57 0.601600
2013 07 02 04 56 58 0.608256
2013 07 02 04 56 59 0.614912
2013 07 02 04 57 00 0.621568
2013 07 02 04 57 01 0.628224
2013 07 02 04 57 02 0.634880
2013 07 02 04 57 03 0.641536
2013 07 02 04 57 04 0.647936
2013 07 02 04 57 05 0.654592
2013 07 02 04 57 06 0.661248
2013 07 02 04 57 07 0.667904
2013 07 02 04 57 08 0.674560
2013 07 02 04 57 09 0.681216
2013 07 02 04 57 10 0.687872
2013 07 02 04 57 11 0.694528
2013 07 02 04 57 12 0.701184
2013 07 02 04 57 13 0.707584
2013 07 02 04 57 14 0.714240
2013 07 02 04 57 15 0.720896
2013 07 02 04 57 16 0.476160
2013 07 02 04 57 17 0.482816
2013 07 02 04 57 18 0.489472
2013 07 02 04 57 19 0.496128
2013 07 02 04 57 20 0.502784
2013 07 02 04 57 21 0.509184
2013 07 02 04 57 22 0.515840
2013 07 02 04 57 23 0.522496
2013 07 02 04 57 24 0.529152
2013 07 02 04 57 25 0.535808
2013 07 02 04 57 26 0.542464
2013 07 02 04 57 27 0.549120
2013 07 02 04 57 28 0.555776
2013 07 02 04 57 29 0.562432
2013 07 02 04 57 30 0.568832
2013 07 02 04 57 31 0.575488
2013 07 02 04 57 32 0.582144
2013 07 02 04 57 33 0.588800
2013 07 02 04 57 34 0.595456
2013 07 02 04 57 35 0.602112
2013 07 02 04 57 36 0.608768
2013 07 02 04 57 37 0.615424
2013 07 02 04 57 38 0.622080
2013 07 02 04 57 39 0.628480
2013 07 02 04 57 40 0.635136
2013 07 02 04 57 41 0.641792
2013 07 02 04 57 42 0.648448
2013 07 02 04 57 43 0.655104
2013 07 02 04 57 44 0.661760
2013 07 02 04 57 45 0.668416
2013 07 02 04 57 46 0.675072
2013 07 02 04 57 47 0.681728
2013 07 02 04 57 48 0.939776
2013 07 02 04 57 49 0.946432
2013 07 02 04 57 51 0.204800
2013 07 02 04 57 52 0.211456
2013 07 02 04 57 53 0.218112
2013 07 02 04 57 54 0.224768
2013 07 02 04 57 55 0.231424
2013 07 02 04 57 56 0.238080
2013 07 02 04 57 57 0.244736
2013 07 02 04 57 58 0.251392
2013 07 02 04 57 59 0.257792
2013 07 02 04 58 00 0.264448
2013 07 02 04 58 01 0.271104
2013 07 02 04 58 02 0.277760
2013 07 02 04 58 03 0.284416
2013 07 02 04 58 04 0.291072
2013 07 02 04 58 05 0.297728
2013 07 02 04 58 06 0.304384
2013 07 02 04 58 07 0.311040
2013 07 02 04 58 08 0.317696
2013 07 02 04 58 09 0.324352
2013 07 02 04 58 10 0.331008
2013 07 02 04 58 11 0.337408
2013 07 02 04 58 12 0.344064
2013 07 02 04 58 13 0.350720
2013 07 02 04 58 14 0.357376
2013 07 02 04 58 15 0.364032
2013 07 02 04 58 16 0.370688
2013 07 02 04 58 17 0.377344
2013 07 02 04 58 18 0.384000
2013 07 02 04 58 19 0.390656
2013 07 02 04 58 20 0.397312
2013 07 02 04 58 21 0.403712
2013 07 02 04 58 22 0.410368
2013 07 02 04 58 23 0.165120
2013 07 02 04 58 24 0.171776
2013 07 02 04 58 25 0.178432
2013 07 02 04 58 26 0.185088
2013 07 02 04 58 27 0.191744
2013 07 02 04 58 28 0.198400
2013 07 02 04 58 29 0.205056
2013 07 02 04 58 30 0.211712
2013 07 02 04 58 31 0.218368
2013 07 02 04 58 32 0.225024
2013 07 02 04 58 33 0.231424
2013 07 02 04 58 34 0.238080
2013 07 02 04 58 35 0.244736
2013 07 02 04 58 36 0.251392
2013 07 02 04 58 37 0.258048
2013 07 02 04 58 38 0.264704
2013 07 02 04 58 39 0.271360
2013 07 02 04 58 40 0.278016
2013 07 02 04 58 41 0.284672
2013 07 02 04 58 42 0.291328
2013 07 02 04 58 43 0.297984
2013 07 02 04 58 44 0.304384
2013 07 02 04 58 45 0.311040
2013 07 02 04 58 46 0.317696
2013 07 02 04 58 47 0.324352
2013 07 02 04 58 48 0.331008
2013 07 02 04 58 49 0.337664
2013 07 02 04 58 50 0.344320
2013 07 02 04 58 51 0.350976
2013 07 02 04 58 52 0.357632
2013 07 02 04 58 53 0.364288
2013 07 02 04 58 54 0.370688
2013 07 02 04 58 55 0.377344
2013 07 02 04 58 56 0.384000
2013 07 02 04 58 57 0.390656
2013 07 02 04 58 58 0.397312
2013 07 02 04 58 59 0.403968
2013 07 02 04 59 00 0.410624
2013 07 02 04 59 01 0.417280
2013 07 02 04 59 02 0.423936
2013 07 02 04 59 03 0.430592
2013 07 02 04 59 04 0.436992
2013 07 02 04 59 05 0.443648
2013 07 02 04 59 06 0.702208
2013 07 02 04 59 07 0.708864
2013 07 02 04 59 08 0.966912
2013 07 02 04 59 09 0.973568
2013 07 02 04 59 10 0.980224
2013 07 02 04 59 11 0.986880
2013 07 02 04 59 12 0.993536
2013 07 02 04 59 14 0.000000
2013 07 02 04 59 15 0.006656
2013 07 02 04 59 16 0.013312
2013 07 02 04 59 17 0.019968
2013 07 02 04 59 18 0.026624
2013 07 02 04 59 19 0.033280
2013 07 02 04 59 20 0.039936
2013 07 02 04 59 21 0.046592
2013 07 02 04 59 22 0.053248
2013 07 02 04 59 23 0.059648
2013 07 02 04 59 24 0.066304
2013 07 02 04 59 25 0.072960
2013 07 02 04 59 26 0.079616
2013 07 02 04 59 27 0.086272
2013 07 02 04 59 28 0.092928
2013 07 02 04 59 29 0.099584
2013 07 02 04 59 30 0.106240
2013 07 02 04 59 31 0.112896
2013 07 02 04 59 32 0.119552
2013 07 02 04 59 33 0.125952
2013 07 02 04 59 34 0.132608
2013 07 02 04 59 35 0.139264
2013 07 02 04 59 36 0.145920
2013 07 02 04 59 37 0.152576
2013 07 02 04 59 37 0.907776
2013 07 02 04 59 38 0.914432
2013 07 02 04 59 39 0.921088
2013 07 02 04 59 40 0.927744
2013 07 02 04 59 41 0.934400
2013 07 02 04 59 42 0.941056
2013 07 02 04 59 43 0.947456
2013 07 02 04 59 44 0.954112
2013 07 02 04 59 45 0.960768
2013 07 02 04 59 46 0.967424
2013 07 02 04 59 47 0.974080
2013 07 02 04 59 48 0.980736
2013 07 02 04 59 49 0.987392
2013 07 02 04 59 50 0.993792
2013 07 02 04 59 52 0.000512
2013 07 02 04 59 53 0.007168
2013 07 02 04 59 54 0.013824
2013 07 02 04 59 55 0.020480
2013 07 02 04 59 56 0.027136
2013 07 02 04 59 57 0.033792
2013 07 02 04 59 58 0.040448
2013 07 02 04 59 59 0.046848
2013 07 02 05 00 00 0.053504
2013 07 02 05 00 01 0.060160
2013 07 02 05 00 02 0.066816
2013 07 02 05 00 03 0.073472
2013 07 02 05 00 04 0.080128
2013 07 02 05 00 05 0.086784
2013 07 02 05 00 06 0.093440
2013 07 02 05 00 07 0.100096
2013 07 02 05 00 08 0.106752
2013 07 02 05 00 09 0.113408
2013 07 02 05 00 10 0.120064
2013 07 02 05 00 11 0.126720
2013 07 02 05 00 12 0.384768
2013 07 02 05 00 13 0.391424
2013 07 02 05 00 14 0.397824
2013 07 02 05 00 15 0.404480
2013 07 02 05 00 16 0.411136
2013 07 02 05 00 17 0.417792
2013 07 02 05 00 18 0.424448
2013 07 02 05 00 19 0.431104
2013 07 02 05 00 20 0.437760
2013 07 02 05 00 21 0.444416
2013 07 02 05 00 22 0.451072
2013 07 02 05 00 23 0.457728
2013 07 02 05 00 24 0.464384
2013 07 02 05 00 25 0.470784
2013 07 02 05 00 26 0.477440
2013 07 02 05 00 27 0.484096
2013 07 02 05 00 28 0.490752
2013 07 02 05 00 29 0.497408
2013 07 02 05 00 30 0.504064
2013 07 02 05 00 31 0.510720
2013 07 02 05 00 32 0.517376
2013 07 02 05 00 33 0.524032
2013 07 02 05 00 34 0.530432
2013 07 02 05 00 35 0.537088
2013 07 02 05 00 36 0.292352
2013 07 02 05 00 37 0.299008
2013 07 02 05 00 38 0.305664
2013 07 02 05 00 39 0.312320
2013 07 02 05 00 40 0.318720
2013 07 02 05 00 41 0.325376
2013 07 02 05 00 42 0.332032
2013 07 02 05 00 43 0.338688
2013 07 02 05 00 44 0.345344
2013 07 02 05 00 45 0.352000
2013 07 02 05 00 46 0.358656
2013 07 02 05 00 47 0.365312
2013 07 02 05 00 48 0.371968
2013 07 02 05 00 49 0.378624
2013 07 02 05 00 50 0.385280
2013 07 02 05 00 51 0.391936
2013 07 02 05 00 52 0.398336
2013 07 02 05 00 53 0.404992
2013 07 02 05 00 54 0.411648
2013 07 02 05 00 55 0.418304
2013 07 02 05 00 56 0.424960
2013 07 02 05 00 57 0.431616
2013 07 02 05 00 58 0.438272
2013 07 02 05 00 59 0.444928
2013 07 02 05 01 00 0.451328
2013 07 02 05 01 01 0.457984
2013 07 02 05 01 02 0.464640
2013 07 02 05 01 03 0.471296
2013 07 02 05 01 04 0.477952
2013 07 02 05 01 05 0.484608
2013 07 02 05 01 06 0.491264
2013 07 02 05 01 07 0.497920
2013 07 02 05 01 08 0.504576
2013 07 02 05 01 09 0.511232
2013 07 02 05 01 10 0.517888
2013 07 02 05 01 11 0.524544
2013 07 02 05 01 12 0.530944
2013 07 02 05 01 13 0.537600
2013 07 02 05 01 14 0.544256
2013 07 02 05 01 15 0.550912
2013 07 02 05 01 16 0.557568
2013 07 02 05 01 17 0.564224
2013 07 02 05 01 18 0.570880
2013 07 02 05 01 19 0.577536
2013 07 02 05 01 20 0.583936
2013 07 02 05 01 21 0.590592
2013 07 02 05 01 22 0.597248
2013 07 02 05 01 23 0.603904
2013 07 02 05 01 24 0.610560
2013 07 02 05 01 25 0.617216
2013 07 02 05 01 26 0.623872
2013 07 02 05 01 27 0.630528
2013 07 02 05 01 28 0.637184
2013 07 02 05 01 29 0.643840
2013 07 02 05 01 30 0.650496
2013 07 02 05 01 31 0.656896
2013 07 02 05 01 32 0.663552
2013 07 02 05 01 33 0.670208
2013 07 02 05 01 34 0.676864
2013 07 02 05 01 35 0.683520
2013 07 02 05 01 36 0.690176
2013 07 02 05 01 37 0.696832
2013 07 02 05 01 38 0.703488
2013 07 02 05 01 39 0.710144
2013 07 02 05 01 40 0.716800
2013 07 02 05 01 41 0.723456
2013 07 02 05 01 42 0.730112
2013 07 02 05 01 43 0.736512
2013 07 02 05 01 44 0.743168
2013 07 02 05 01 45 0.749824
2013 07 02 05 01 46 0.756480
2013 07 02 05 01 47 0.763136
2013 07 02 05 01 48 0.769792
2013 07 02 05 01 49 0.776448
2013 07 02 05 01 50 0.783104
2013 07 02 05 01 51 0.789760
2013 07 02 05 01 52 0.796416
2013 07 02 05 01 53 0.802816
2013 07 02 05 01 54 0.809472
2013 07 02 05 01 55 0.816128
2013 07 02 05 01 56 0.822784
2013 07 02 05 01 57 0.829440
2013 07 02 05 01 58 0.836096
2013 07 02 05 01 59 0.842752
2013 07 02 05 02 00 0.849408
2013 07 02 05 02 01 0.856064
2013 07 02 05 02 02 0.862464
2013 07 02 05 02 03 0.869120
2013 07 02 05 02 04 0.875776
2013 07 02 05 02 05 0.882432
2013 07 02 05 02 06 0.889088
2013 07 02 05 02 07 0.895744
2013 07 02 05 02 08 0.902400
2013 07 02 05 02 09 0.909056
2013 07 02 05 02 10 0.915712
2013 07 02 05 02 11 0.922368
2013 07 02 05 02 12 0.929024
2013 07 02 05 02 13 0.935680
2013 07 02 05 02 14 0.942080
2013 07 02 05 02 15 0.948736
2013 07 02 05 02 16 0.955392
2013 07 02 05 02 17 0.962048
2013 07 02 05 02 18 0.968704
2013 07 02 05 02 19 0.975360
2013 07 02 05 02 20 0.982016
2013 07 02 05 02 21 0.988672
2013 07 02 05 02 22 0.995072
2013 07 02 05 02 24 0.001792
2013 07 02 05 02 25 0.008448
2013 07 02 05 02 26 0.015104
2013 07 02 05 02 27 0.021760
2013 07 02 05 02 28 0.028416
2013 07 02 05 02 29 0.035072
2013 07 02 05 02 30 0.041728
2013 07 02 05 02 31 0.048128
2013 07 02 05 02 32 0.054784
2013 07 02 05 02 33 0.061440
2013 07 02 05 02 34 0.068096
2013 07 02 05 02 35 0.074752
2013 07 02 05 02 36 0.081408
2013 07 02 05 02 37 0.088064
2013 07 02 05 02 38 0.094720
2013 07 02 05 02 39 0.101376
2013 07 02 05 02 40 0.108032
2013 07 02 05 02 41 0.114432
2013 07 02 05 02 42 0.121088
2013 07 02 05 02 43 0.127744
2013 07 02 05 02 44 0.134400
2013 07 02 05 02 45 0.141056
2013 07 02 05 02 46 0.147712
2013 07 02 05 02 47 0.154368
2013 07 02 05 02 48 0.161024
2013 07 02 05 02 49 0.167680
2013 07 02 05 02 50 0.174336
2013 07 02 05 02 51 0.180992
2013 07 02 05 02 52 0.187648
2013 07 02 05 02 53 0.194048
2013 07 02 05 02 54 0.200704
2013 07 02 05 02 55 0.207360
2013 07 02 05 02 56 0.214016
2013 07 02 05 02 57 0.220672
2013 07 02 05 02 58 0.227328
2013 07 02 05 02 59 0.233984
2013 07 02 05 03 00 0.240640
2013 07 02 05 03 01 0.247040
2013 07 02 05 03 02 0.253696
2013 07 02 05 03 03 0.260352
2013 07 02 05 03 04 0.267008
2013 07 02 05 03 05 0.525312
2013 07 02 05 03 06 0.531712
2013 07 02 05 03 07 0.538368
2013 07 02 05 03 08 0.293632
2013 07 02 05 03 09 0.300288
2013 07 02 05 03 10 0.306944
2013 07 02 05 03 11 0.313600
2013 07 02 05 03 12 0.320256
2013 07 02 05 03 13 0.326656
2013 07 02 05 03 14 0.333312
2013 07 02 05 03 15 0.339968
2013 07 02 05 03 16 0.346624
2013 07 02 05 03 17 0.353280
2013 07 02 05 03 18 0.359936
2013 07 02 05 03 19 0.366592
2013 07 02 05 03 20 0.373248
2013 07 02 05 03 21 0.379648
2013 07 02 05 03 22 0.386304
2013 07 02 05 03 23 0.392960
2013 07 02 05 03 24 0.399616
2013 07 02 05 03 25 0.406272
2013 07 02 05 03 26 0.412928
2013 07 02 05 03 27 0.419584
2013 07 02 05 03 28 0.426240
2013 07 02 05 03 29 0.432896
2013 07 02 05 03 30 0.439552
2013 07 02 05 03 31 0.446208
2013 07 02 05 03 32 0.452608
2013 07 02 05 03 33 0.459520
2013 07 02 05 03 34 0.465920
2013 07 02 05 03 35 0.472576
2013 07 02 05 03 36 0.479232
2013 07 02 05 03 37 0.485888
2013 07 02 05 03 38 0.492544
2013 07 02 05 03 39 0.499200
2013 07 02 05 03 40 0.253952
2013 07 02 05 03 41 0.260608
2013 07 02 05 03 42 0.267264
2013 07 02 05 03 43 0.273920
2013 07 02 05 03 44 0.280576
2013 07 02 05 03 45 0.287232
2013 07 02 05 03 46 0.293632
2013 07 02 05 03 47 0.300288
2013 07 02 05 03 48 0.306944
2013 07 02 05 03 49 0.313600
2013 07 02 05 03 50 0.320256
2013 07 02 05 03 51 0.326912
2013 07 02 05 03 52 0.333568
2013 07 02 05 03 53 0.340224
2013 07 02 05 03 54 0.346880
2013 07 02 05 03 55 0.353536
2013 07 02 05 03 56 0.359936
2013 07 02 05 03 57 0.366592
2013 07 02 05 03 58 0.373248
2013 07 02 05 03 59 0.379904
2013 07 02 05 04 00 0.386560
2013 07 02 05 04 01 0.393216
2013 07 02 05 04 02 0.399872
2013 07 02 05 04 03 0.406528
2013 07 02 05 04 04 0.413184
2013 07 02 05 04 05 0.419840
2013 07 02 05 04 06 0.426496
2013 07 02 05 04 07 0.432896
2013 07 02 05 04 08 0.439552
2013 07 02 05 04 09 0.446208
2013 07 02 05 04 10 0.452864
2013 07 02 05 04 11 0.459520
2013 07 02 05 04 12 0.466176
2013 07 02 05 04 13 0.472832
2013 07 02 05 04 14 0.731136
2013 07 02 05 04 15 0.738048
2013 07 02 05 04 16 0.744448
2013 07 02 05 04 17 0.751104
2013 07 02 05 04 18 0.757760
2013 07 02 05 04 20 0.015872
2013 07 02 05 04 21 0.022528
2013 07 02 05 04 22 0.280832
2013 07 02 05 04 23 0.539136
2013 07 02 05 04 24 0.797440
2013 07 02 05 04 25 0.804096
2013 07 02 05 04 26 0.810752
2013 07 02 05 04 27 0.817408
2013 07 02 05 04 28 0.824064
2013 07 02 05 04 29 0.830720
2013 07 02 05 04 30 0.837376
2013 07 02 05 04 31 0.844032
2013 07 02 05 04 32 0.850688
2013 07 02 05 04 33 0.857344
2013 07 02 05 04 34 0.864000
2013 07 02 05 04 35 0.870400
2013 07 02 05 04 36 0.877056
2013 07 02 05 04 37 0.883712
2013 07 02 05 04 38 0.890368
2013 07 02 05 04 39 0.897024
2013 07 02 05 04 40 0.903680
2013 07 02 05 04 41 0.910336
2013 07 02 05 04 42 0.916992
2013 07 02 05 04 43 0.923392
2013 07 02 05 04 44 0.930048
2013 07 02 05 04 45 0.936704
2013 07 02 05 04 46 0.943360
2013 07 02 05 04 47 0.950016
2013 07 02 05 04 48 0.956672
2013 07 02 05 04 49 0.963328
2013 07 02 05 04 50 0.969984
2013 07 02 05 04 51 0.976640
2013 07 02 05 04 52 0.983296
2013 07 02 05 04 53 0.989952
2013 07 02 05 04 54 0.996608
2013 07 02 05 04 56 0.003072
2013 07 02 05 04 57 0.009728
2013 07 02 05 04 58 0.016384
2013 07 02 05 04 59 0.023040
2013 07 02 05 05 00 0.029696
2013 07 02 05 05 01 0.036352
2013 07 02 05 05 02 0.043008
2013 07 02 05 05 03 0.049408
2013 07 02 05 05 04 0.056064
2013 07 02 05 05 05 0.062720
2013 07 02 05 05 06 0.069376
2013 07 02 05 05 07 0.076032
2013 07 02 05 05 08 0.082688
2013 07 02 05 05 09 0.089344
2013 07 02 05 05 10 0.096000
2013 07 02 05 05 11 0.102656
2013 07 02 05 05 12 0.109312
2013 07 02 05 05 13 0.115968
2013 07 02 05 05 14 0.122624
2013 07 02 05 05 15 0.129024
2013 07 02 05 05 16 0.387328
2013 07 02 05 05 17 0.393984
2013 07 02 05 05 18 0.400384
2013 07 02 05 05 19 0.407040
2013 07 02 05 05 20 0.413696
2013 07 02 05 05 21 0.168960
2013 07 02 05 05 22 0.175616
2013 07 02 05 05 23 0.182272
2013 07 02 05 05 24 0.188928
2013 07 02 05 05 25 0.195328
2013 07 02 05 05 26 0.201984
2013 07 02 05 05 27 0.208640
2013 07 02 05 05 28 0.215296
2013 07 02 05 05 29 0.221952
2013 07 02 05 05 30 0.228608
2013 07 02 05 05 31 0.235264
2013 07 02 05 05 32 0.241920
2013 07 02 05 05 33 0.248320
2013 07 02 05 05 34 0.003328
2013 07 02 05 05 35 0.009984
2013 07 02 05 05 36 0.016640
2013 07 02 05 05 37 0.023040
2013 07 02 05 05 38 0.029696
2013 07 02 05 05 39 0.036352
2013 07 02 05 05 40 0.043008
2013 07 02 05 05 41 0.049664
2013 07 02 05 05 42 0.056320
2013 07 02 05 05 43 0.062976
2013 07 02 05 05 44 0.069632
2013 07 02 05 05 45 0.076288
2013 07 02 05 05 46 0.082944
2013 07 02 05 05 47 0.089344
2013 07 02 05 05 48 0.096000
2013 07 02 05 05 49 0.102656
2013 07 02 05 05 50 0.109312
2013 07 02 05 05 51 0.115968
2013 07 02 05 05 52 0.122624
2013 07 02 05 05 53 0.129280
2013 07 02 05 05 54 0.135936
2013 07 02 05 05 55 0.142592
2013 07 02 05 05 56 0.148992
2013 07 02 05 05 57 0.155648
2013 07 02 05 05 58 0.162304
2013 07 02 05 05 59 0.168960
2013 07 02 05 06 00 0.175616
2013 07 02 05 06 01 0.182272
2013 07 02 05 06 02 0.188928
2013 07 02 05 06 03 0.195584
2013 07 02 05 06 04 0.201984
2013 07 02 05 06 05 0.460544
2013 07 02 05 06 06 0.467200
2013 07 02 05 06 07 0.473856
2013 07 02 05 06 08 0.480512
2013 07 02 05 06 09 0.486912
2013 07 02 05 06 10 0.745216
2013 07 02 05 06 12 0.003584
2013 07 02 05 06 13 0.010240
2013 07 02 05 06 14 0.016896
2013 07 02 05 06 15 0.023552
2013 07 02 05 06 16 0.030208
2013 07 02 05 06 17 0.036864
2013 07 02 05 06 18 0.043520
2013 07 02 05 06 19 0.049920
2013 07 02 05 06 20 0.056576
2013 07 02 05 06 21 0.063232
2013 07 02 05 06 21 0.818176
2013 07 02 05 06 22 0.824832
2013 07 02 05 06 23 0.831232
2013 07 02 05 06 24 0.837888
2013 07 02 05 06 25 0.844544
2013 07 02 05 06 26 0.851200
2013 07 02 05 06 27 0.857856
2013 07 02 05 06 28 0.864512
2013 07 02 05 06 29 0.871168
2013 07 02 05 06 30 0.877824
2013 07 02 05 06 31 0.884224
2013 07 02 05 06 32 0.890880
2013 07 02 05 06 33 0.646144
2013 07 02 05 06 34 0.652800
2013 07 02 05 06 35 0.659200
2013 07 02 05 06 36 0.665856
2013 07 02 05 06 37 0.672512
2013 07 02 05 06 38 0.679168
2013 07 02 05 06 39 0.685824
2013 07 02 05 06 40 0.692480
2013 07 02 05 06 41 0.699136
2013 07 02 05 06 42 0.705792
2013 07 02 05 06 43 0.712448
2013 07 02 05 06 44 0.719104
2013 07 02 05 06 45 0.725760
2013 07 02 05 06 46 0.732160
2013 07 02 05 06 47 0.738816
2013 07 02 05 06 48 0.745472
2013 07 02 05 06 49 0.752128
2013 07 02 05 06 50 0.758784
2013 07 02 05 06 51 0.765440
2013 07 02 05 06 52 0.772096
2013 07 02 05 06 53 0.778752
2013 07 02 05 06 54 0.785408
2013 07 02 05 06 55 0.791808
2013 07 02 05 06 56 0.798464
2013 07 02 05 06 57 0.805120
2013 07 02 05 06 58 0.811776
2013 07 02 05 06 59 0.818432
2013 07 02 05 07 00 0.825088
2013 07 02 05 07 01 0.831488
2013 07 02 05 07 02 0.838144
2013 07 02 05 07 03 0.844800
2013 07 02 05 07 04 0.851456
2013 07 02 05 07 05 0.858112
2013 07 02 05 07 06 0.864768
2013 07 02 05 07 07 0.871424
2013 07 02 05 07 08 0.878080
2013 07 02 05 07 09 0.884736
2013 07 02 05 07 10 0.891392
2013 07 02 05 07 11 0.897792
2013 07 02 05 07 12 0.904448
2013 07 02 05 07 13 0.911104
2013 07 02 05 07 14 0.917760
2013 07 02 05 07 15 0.924416
2013 07 02 05 07 16 0.931072
2013 07 02 05 07 17 0.937728
2013 07 02 05 07 18 0.944384
2013 07 02 05 07 19 0.950784
2013 07 02 05 07 20 0.957440
2013 07 02 05 07 21 0.964096
2013 07 02 05 07 22 0.719104
2013 07 02 05 07 23 0.725504
2013 07 02 05 07 24 0.732160
2013 07 02 05 07 25 0.738816
2013 07 02 05 07 26 0.745472
2013 07 02 05 07 27 0.752128
2013 07 02 05 07 28 0.758784
2013 07 02 05 07 29 0.765440
2013 07 02 05 07 30 0.772096
2013 07 02 05 07 31 0.527104
2013 07 02 05 07 32 0.533760
2013 07 02 05 07 33 0.540416
2013 07 02 05 07 34 0.547072
2013 07 02 05 07 35 0.553728
2013 07 02 05 07 36 0.560128
2013 07 02 05 07 37 0.567040
2013 07 02 05 07 38 0.573440
2013 07 02 05 07 39 0.580096
2013 07 02 05 07 40 0.586752
2013 07 02 05 07 41 0.593408
2013 07 02 05 07 42 0.600064
2013 07 02 05 07 43 0.606720
2013 07 02 05 07 44 0.613376
2013 07 02 05 07 45 0.620032
2013 07 02 05 07 46 0.626688
2013 07 02 05 07 47 0.633088
2013 07 02 05 07 48 0.639744
2013 07 02 05 07 49 0.646400
2013 07 02 05 07 50 0.653056
2013 07 02 05 07 51 0.659712
2013 07 02 05 07 52 0.666368
2013 07 02 05 07 53 0.672768
2013 07 02 05 07 54 0.679424
2013 07 02 05 07 55 0.686080
2013 07 02 05 07 56 0.692736
2013 07 02 05 07 57 0.699392
2013 07 02 05 07 58 0.706048
2013 07 02 05 07 59 0.712704
2013 07 02 05 08 00 0.719360
2013 07 02 05 08 01 0.726016
2013 07 02 05 08 02 0.732672
2013 07 02 05 08 03 0.739328
2013 07 02 05 08 04 0.745728
2013 07 02 05 08 05 0.752384
2013 07 02 05 08 06 0.759040
2013 07 02 05 08 07 0.765696
2013 07 02 05 08 08 0.772352
2013 07 02 05 08 09 0.779008
2013 07 02 05 08 10 0.785664
2013 07 02 05 08 11 0.792320
2013 07 02 05 08 12 0.798720
2013 07 02 05 08 13 0.805376
2013 07 02 05 08 14 0.812032
2013 07 02 05 08 15 0.818688
2013 07 02 05 08 16 0.825344
2013 07 02 05 08 17 0.832000
2013 07 02 05 08 18 0.838656
2013 07 02 05 08 19 0.845312
2013 07 02 05 08 20 0.851712
2013 07 02 05 08 21 0.858624
2013 07 02 05 08 22 0.865024
2013 07 02 05 08 23 0.871680
2013 07 02 05 08 24 0.878336
2013 07 02 05 08 25 0.884992
2013 07 02 05 08 26 0.891648
2013 07 02 05 08 27 0.898304
2013 07 02 05 08 28 0.904960
2013 07 02 05 08 29 0.911360
2013 07 02 05 08 30 0.918016
2013 07 02 05 08 31 0.924672
2013 07 02 05 08 32 0.931328
2013 07 02 05 08 33 0.937984
2013 07 02 05 08 34 0.944640
2013 07 02 05 08 35 0.951296
2013 07 02 05 08 36 0.957952
2013 07 02 05 08 37 0.964608
2013 07 02 05 08 38 0.971264
2013 07 02 05 08 39 0.977920
2013 07 02 05 08 40 0.984320
2013 07 02 05 08 41 0.990976
2013 07 02 05 08 42 0.997632
2013 07 02 05 08 44 0.004352
2013 07 02 05 08 45 0.011008
2013 07 02 05 08 46 0.017664
2013 07 02 05 08 47 0.024064
2013 07 02 05 08 48 0.030720
2013 07 02 05 08 49 0.037376
2013 07 02 05 08 50 0.044032
2013 07 02 05 08 51 0.050688
2013 07 02 05 08 52 0.057344
2013 07 02 05 08 53 0.064000
2013 07 02 05 08 54 0.070656
2013 07 02 05 08 55 0.077056
2013 07 02 05 08 56 0.083712
2013 07 02 05 08 57 0.090368
2013 07 02 05 08 58 0.097024
2013 07 02 05 08 59 0.103680
2013 07 02 05 09 00 0.110336
2013 07 02 05 09 01 0.116992
2013 07 02 05 09 02 0.123648
2013 07 02 05 09 03 0.130048
2013 07 02 05 09 04 0.136704
2013 07 02 05 09 05 0.143360
2013 07 02 05 09 06 0.150016
2013 07 02 05 09 07 0.156672
2013 07 02 05 09 08 0.163328
2013 07 02 05 09 09 0.169984
2013 07 02 05 09 10 0.176640
2013 07 02 05 09 11 0.183296
2013 07 02 05 09 12 0.189952
2013 07 02 05 09 13 0.196352
2013 07 02 05 09 14 0.203008
2013 07 02 05 09 15 0.209664
2013 07 02 05 09 16 0.216320
2013 07 02 05 09 17 0.222976
2013 07 02 05 09 18 0.229632
2013 07 02 05 09 19 0.236288
2013 07 02 05 09 20 0.242944
2013 07 02 05 09 21 0.249344
2013 07 02 05 09 22 0.256000
2013 07 02 05 09 23 0.262656
2013 07 02 05 09 24 0.269312
2013 07 02 05 09 25 0.275968
2013 07 02 05 09 26 0.282624
2013 07 02 05 09 27 0.289280
2013 07 02 05 09 28 0.295936
2013 07 02 05 09 29 0.302592
2013 07 02 05 09 30 0.309248
2013 07 02 05 09 31 0.315648
2013 07 02 05 09 32 0.573952
2013 07 02 05 09 33 0.580608
2013 07 02 05 09 34 0.587008
2013 07 02 05 09 35 0.593664
2013 07 02 05 09 36 0.600320
2013 07 02 05 09 37 0.606976
2013 07 02 05 09 38 0.613632
2013 07 02 05 09 39 0.620288
2013 07 02 05 09 40 0.626944
2013 07 02 05 09 41 0.633600
2013 07 02 05 09 42 0.640000
2013 07 02 05 09 43 0.646656
2013 07 02 05 09 44 0.653312
2013 07 02 05 09 45 0.659968
2013 07 02 05 09 46 0.666624
2013 07 02 05 09 47 0.673280
2013 07 02 05 09 48 0.679936
2013 07 02 05 09 49 0.686592
2013 07 02 05 09 50 0.693248
2013 07 02 05 09 51 0.699648
2013 07 02 05 09 52 0.706304
2013 07 02 05 09 53 0.712960
2013 07 02 05 09 54 0.719616
2013 07 02 05 09 55 0.726272
2013 07 02 05 09 56 0.732928
2013 07 02 05 09 57 0.739584
2013 07 02 05 09 58 0.746240
2013 07 02 05 09 59 0.752896
