2 0  
3 1  
4 2  
5 3  
6 0  
7 1  
8 2  
9 3  
10 0  
11 2  
12 1  
13 3  
14 0  
15 2  
16 1  
17 3  
18 2  
19 0  
20 1  
21 3  
22 2  
23 0  
24 1  
25 3  
26 2  
27 0  
28 1  
29 3  
30 2  
31 0  
32 1  
33 3  
34 2  
35 0  
36 1  
37 3  
38 2  
39 0  
40 1  
41 3  
42 2  
43 3  
44 0  
45 2  
46 1  
47 3  
48 2  
49 0  
50 1  
51 3  
52 2  
53 0  
54 1  
55 3  
56 2  
57 0  
58 1  
59 3  
60 2  
61 0  
62 1  
63 3  
64 2  
65 0  
66 1  
67 3  
68 2  
69 0  
70 1  
71 3  
72 2  
73 0  
74 1  
75 3  
76 2  
77 0  
78 1  
79 2  
80 3  
81 0  
82 1  
83 3  
84 2  
85 0  
86 1  
87 2  
88 3  
89 0  
90 1  
91 3  
92 2  
93 0  
94 1  
95 3  
96 2  
97 0  
98 1  
99 3  
100 2  
101 0  
102 1  
103 2  
104 3  
105 1  
106 2  
107 0  
108 3  
109 1  
110 2  
111 0  
112 1  
113 3  
114 0  
115 2  
116 1  
117 3  
118 0  
119 1  
120 2  
121 3  
122 0  
123 1  
124 2  
125 3  
126 2  
127 0  
128 1  
129 3  
130 2  
131 0  
132 1  
133 3  
134 2  
135 3  
136 0  
137 1  
138 2  
139 3  
140 2  
141 0  
142 1  
143 3  
144 2  
145 0  
146 1  
147 3  
148 2  
149 0  
150 1  
151 3  
152 2  
153 3  
154 2  
155 1  
156 0  
157 1  
158 3  
159 2  
160 0  
161 1  
162 3  
163 2  
164 0  
165 1  
166 3  
167 2  
168 0  
169 1  
170 3  
171 0  
172 2  
173 1  
174 3  
175 0  
176 2  
177 1  
178 3  
179 2  
180 0  
181 1  
182 3  
183 0  
184 2  
185 1  
186 3  
187 2  
188 0  
189 1  
190 3  
191 2  
192 0  
193 1  
194 3  
195 2  
196 0  
197 1  
198 3  
199 2  
200 0  
201 1  
202 3  
203 2  
204 0  
205 1  
206 0  
207 3  
208 2  
209 1  
210 0  
211 3  
212 2  
213 1  
214 0  
215 3  
216 2  
217 1  
218 3  
219 2  
220 0  
221 1  
222 3  
223 2  
224 0  
225 1  
226 3  
227 2  
228 0  
229 3  
230 1  
231 2  
232 3  
233 2  
234 0  
235 1  
236 3  
237 2  
238 0  
239 1  
240 3  
241 2  
242 0  
243 1  
244 3  
245 2  
246 0  
247 1  
248 3  
249 2  
250 1  
251 0  
252 3  
253 2  
254 0  
255 1  
256 3  
257 2  
258 1  
259 0  
260 1  
261 2  
262 3  
263 0  
264 2  
265 1  
266 3  
267 0  
268 2  
269 1  
270 3  
271 2  
272 0  
273 1  
274 3  
275 2  
276 0  
277 1  
278 3  
279 2  
280 0  
281 1  
282 3  
283 2  
284 0  
285 1  
286 3  
287 2  
288 3  
289 0  
290 1  
291 2  
292 3  
293 0  
294 2  
295 1  
296 0  
297 3  
298 1  
299 2  
300 0  
301 1  
302 3  
303 2  
304 0  
305 1  
306 3  
307 2  
308 0  
309 1  
310 3  
311 2  
312 0  
313 1  
314 3  
315 2  
316 3  
317 2  
318 0  
319 1  
320 3  
321 2  
322 0  
323 1  
324 3  
325 2  
326 0  
327 1  
328 3  
329 2  
330 0  
331 1  
332 3  
333 2  
334 0  
335 1  
336 3  
337 2  
338 0  
339 1  
340 3  
341 2  
342 0  
343 1  
344 3  
345 2  
346 0  
347 1  
348 3  
349 2  
350 0  
351 1  
352 3  
353 2  
354 0  
355 1  
356 3  
357 2  
358 1  
359 0  
360 3  
361 1  
362 2  
363 0  
364 1  
365 3  
366 2  
367 0  
368 1  
369 3  
370 2  
371 3  
372 2  
373 0  
374 1  
375 3  
376 2  
377 0  
378 1  
379 3  
380 2  
381 0  
382 1  
383 3  
384 2  
385 0  
386 1  
387 3  
388 2  
389 0  
390 1  
391 0  
392 1  
393 3  
394 2  
395 0  
396 1  
397 3  
398 2  
399 0  
400 1  
401 3  
402 2  
403 3  
404 2  
405 0  
406 1  
407 3  
408 2  
409 0  
410 1  
411 3  
412 2  
413 0  
414 1  
415 3  
416 2  
417 0  
418 1  
419 3  
420 2  
421 0  
422 1  
423 3  
424 2  
425 3  
426 1  
427 2  
428 0  
429 3  
430 2  
431 1  
432 0  
433 1  
434 2  
435 3  
436 0  
437 1  
438 2  
439 3  
440 0  
441 1  
442 2  
443 0  
444 1  
445 3  
446 2  
447 0  
448 3  
449 1  
450 2  
451 3  
452 0  
453 2  
454 1  
455 3  
456 2  
457 0  
458 1  
459 3  
460 2  
461 0  
462 1  
463 3  
464 2  
465 0  
466 1  
467 2  
468 3  
469 2  
470 0  
471 1  
472 3  
473 2  
474 0  
475 1  
476 3  
477 2  
478 0  
479 1  
480 3  
481 2  
482 0  
483 1  
484 2  
485 3  
486 0  
487 1  
488 2  
489 3  
490 0  
491 1  
492 2  
493 3  
494 0  
495 1  
496 2  
497 3  
498 0  
499 1  
500 2  
501 3  
502 2  
503 0  
504 1  
505 3  
506 2  
507 0  
508 1  
509 3  
510 2  
511 3  
512 0  
513 1  
514 2  
515 3  
516 2  
517 0  
518 1  
519 3  
520 2  
521 0  
522 1  
523 3  
524 2  
525 0  
526 1  
527 3  
528 2  
529 0  
530 1  
531 3  
532 2  
533 0  
534 1  
535 3  
536 2  
537 0  
538 1  
539 2  
540 0  
541 1  
542 3  
543 2  
544 3  
545 0  
546 1  
547 2  
548 3  
549 0  
550 2  
551 1  
552 3  
553 2  
554 0  
555 1  
556 3  
557 2  
558 0  
559 1  
560 3  
561 2  
562 0  
563 1  
564 3  
565 2  
566 0  
567 1  
568 3  
569 2  
570 1  
571 0  
572 3  
573 2  
574 1  
575 0  
576 1  
577 2  
578 3  
579 0  
580 1  
581 2  
582 3  
583 2  
584 0  
585 1  
586 3  
587 2  
588 0  
589 1  
590 3  
591 2  
592 0  
593 1  
594 3  
595 2  
596 3  
597 2  
598 0  
599 1  
600 1  
601 0  
602 3  
603 2  
604 3  
605 2  
606 1  
607 0  
608 1  
609 3  
610 2  
611 0  
612 2  
613 1  
614 3  
615 2  
616 0  
617 1  
618 3  
619 2  
620 0  
621 1  
622 3  
623 2  
624 0  
625 1  
626 3  
627 2  
628 0  
629 1  
630 3  
631 2  
632 0  
633 1  
634 3  
635 2  
636 0  
637 1  
638 3  
639 2  
640 0  
641 1  
642 3  
643 2  
644 0  
645 1  
646 2  
647 3  
648 2  
649 0  
650 1  
651 3  
652 2  
653 0  
654 1  
655 3  
656 2  
657 0  
658 3  
659 2  
660 1  
661 3  
662 2  
663 0  
664 1  
665 0  
666 1  
667 3  
668 2  
669 0  
670 1  
671 3  
672 2  
673 0  
674 1  
675 3  
676 2  
677 0  
678 1  
679 3  
680 2  
681 0  
682 1  
683 3  
684 2  
685 3  
686 1  
687 2  
688 0  
689 1  
690 3  
691 2  
692 0  
693 1  
694 2  
695 3  
696 0  
697 1  
698 3  
699 2  
700 0  
701 1  
702 3  
703 2  
704 0  
705 1  
706 2  
707 3  
708 2  
709 0  
710 1  
711 3  
712 2  
713 3  
714 2  
715 0  
716 1  
717 0  
718 1  
719 3  
720 2  
721 0  
722 1  
723 3  
724 2  
725 0  
726 1  
727 2  
728 3  
729 0  
730 1  
731 2  
732 3  
733 0  
734 1  
735 2  
736 3  
737 2  
738 3  
739 0  
740 1  
741 2  
742 3  
743 0  
744 1  
745 3  
746 2  
747 0  
748 1  
749 3  
750 2  
751 0  
752 1  
753 2  
754 3  
755 2  
756 0  
757 1  
758 3  
759 2  
760 0  
761 1  
762 3  
763 2  
764 0  
765 1  
766 3  
767 2  
768 0  
769 1  
770 3  
771 2  
772 0  
773 1  
774 3  
775 2  
776 0  
777 1  
778 3  
779 2  
780 1  
781 0  
782 3  
783 2  
784 1  
785 0  
786 1  
787 3  
788 2  
789 2  
790 0  
791 1  
792 3  
793 2  
794 3  
795 0  
796 1  
797 2  
798 3  
799 2  
800 1  
801 0  
802 3  
803 2  
804 0  
805 1  
806 2  
807 3  
808 1  
809 0  
810 2  
811 3  
812 0  
813 1  
814 2  
815 3  
816 0  
817 1  
818 2  
819 3  
820 0  
821 1  
822 2  
823 3  
824 2  
825 0  
826 1  
827 3  
828 2  
829 0  
830 1  
831 3  
832 2  
833 1  
834 0  
835 3  
836 2  
837 3  
838 2  
839 0  
840 1  
841 3  
842 2  
843 0  
844 1  
845 3  
846 2  
847 0  
848 1  
849 2  
850 3  
851 1  
852 0  
853 2  
854 0  
855 1  
856 3  
857 2  
858 0  
859 1  
860 3  
861 2  
862 0  
863 1  
864 3  
865 2  
866 1  
867 0  
868 3  
869 2  
870 0  
871 1  
872 3  
873 2  
874 2  
875 3  
876 0  
877 1  
878 2  
879 3  
880 0  
881 1  
882 2  
883 3  
884 1  
885 0  
886 2  
887 3  
888 2  
889 1  
890 0  
891 1  
892 3  
893 2  
894 0  
895 1  
896 3  
897 2  
898 0  
899 1  
900 3  
901 2  
902 0  
903 1  
904 3  
905 2  
906 0  
907 1  
908 0  
909 1  
910 3  
911 2  
912 0  
913 1  
914 3  
915 2  
916 1  
917 0  
918 3  
919 2  
920 1  
921 0  
922 1  
923 3  
924 2  
925 0  
926 1  
927 3  
928 2  
929 3  
930 2  
931 0  
932 1  
933 3  
934 2  
935 0  
936 1  
937 2  
938 3  
939 0  
940 1  
941 2  
942 3  
943 2  
944 0  
945 1  
946 3  
947 0  
948 2  
949 1  
950 3  
951 2  
952 0  
953 1  
954 3  
955 2  
956 0  
957 1  
958 1  
959 3  
960 2  
961 0  
962 1  
963 3  
964 2  
965 0  
966 1  
967 3  
968 2  
969 0  
970 1  
971 2  
972 3  
973 0  
974 1  
975 2  
976 0  
977 1  
978 3  
979 2  
980 3  
981 2  
982 1  
983 0  
984 3  
985 2  
986 1  
987 0  
988 3  
989 2  
990 1  
991 0  
992 3  
993 1  
994 2  
995 0  
996 1  
997 3  
998 0  
999 2  
1000 1  
1001 0  
1002 3  
1003 2  
1004 1  
1005 0  
1006 3  
1007 2  
1008 1  
1009 3  
1010 2  
1011 0  
1012 1  
1013 3  
1014 2  
1015 0  
1016 1  
1017 3  
1018 2  
1019 0  
1020 1  
1021 2  
1022 3  
1023 0  
1024 1  
1025 2  
1026 3  
1027 2  
1028 0  
1029 1  
1030 3  
1031 2  
1032 0  
1033 1  
1034 3  
1035 2  
1036 0  
1037 1  
1038 3  
1039 2  
1040 0  
1041 1  
1042 3  
1043 2  
1044 0  
1045 1  
1046 3  
1047 0  
1048 2  
1049 1  
1050 0  
1051 3  
1052 1  
1053 2  
1054 3  
1055 2  
1056 0  
1057 1  
1058 2  
1059 3  
1060 0  
1061 1  
1062 2  
1063 3  
1064 0  
1065 1  
1066 2  
1067 3  
1068 1  
1069 0  
1070 3  
1071 2  
1072 3  
1073 2  
1074 0  
1075 1  
1076 3  
1077 2  
1078 0  
1079 1  
1080 1  
1081 0  
1082 3  
1083 2  
1084 1  
1085 0  
1086 3  
1087 2  
1088 1  
1089 0  
1090 1  
1091 3  
1092 2  
1093 0  
1094 1  
1095 2  
1096 3  
1097 2  
1098 0  
1099 1  
1100 3  
1101 2  
1102 0  
1103 1  
1104 3  
1105 2  
1106 0  
1107 1  
1108 3  
1109 2  
1110 0  
1111 1  
1112 3  
1113 2  
1114 0  
1115 1  
1116 3  
1117 2  
1118 0  
1119 1  
1120 3  
1121 2  
1122 0  
1123 1  
1124 3  
1125 2  
1126 0  
1127 1  
1128 3  
1129 2  
1130 0  
1131 1  
1132 3  
1133 2  
1134 0  
1135 1  
1136 2  
1137 3  
1138 0  
1139 1  
1140 2  
1141 3  
1142 2  
1143 1  
1144 0  
1145 1  
1146 3  
1147 2  
1148 0  
1149 3  
1150 1  
1151 2  
1152 3  
1153 1  
1154 0  
1155 2  
1156 3  
1157 1  
1158 0  
1159 2  
1160 1  
1161 3  
1162 2  
1163 0  
1164 1  
1165 3  
1166 2  
1167 3  
1168 0  
1169 1  
1170 2  
1171 3  
1172 0  
1173 1  
1174 2  
1175 3  
1176 0  
1177 1  
1178 2  
1179 3  
1180 0  
1181 2  
1182 1  
1183 3  
1184 0  
1185 1  
1186 2  
1187 3  
1188 0  
1189 1  
1190 2  
1191 3  
1192 0  
1193 1  
1194 2  
1195 3  
1196 3  
1197 2  
1198 0  
1199 1  
1200 3  
1201 2  
1202 3  
1203 0  
1204 1  
1205 2  
1206 3  
1207 2  
1208 0  
1209 1  
1210 3  
1211 2  
1212 0  
1213 1  
1214 3  
1215 2  
1216 3  
1217 0  
1218 1  
1219 2  
1220 3  
1221 2  
1222 1  
1223 0  
1224 3  
1225 1  
1226 2  
1227 0  
1228 1  
1229 3  
1230 0  
1231 2  
1232 1  
1233 3  
1234 0  
1235 2  
1236 1  
1237 3  
1238 0  
1239 1  
1240 2  
1241 3  
1242 2  
1243 3  
1244 1  
1245 0  
1246 2  
1247 1  
1248 3  
1249 0  
1250 1  
1251 2  
1252 3  
1253 0  
1254 1  
1255 2  
1256 3  
1257 0  
1258 2  
1259 3  
1260 1  
1261 2  
1262 3  
1263 0  
1264 1  
1265 2  
1266 3  
1267 0  
1268 1  
1269 2  
1270 3  
1271 0  
1272 1  
1273 2  
1274 3  
1275 1  
1276 0  
1277 2  
1278 3  
1279 1  
1280 0  
1281 2  
1282 3  
1283 1  
1284 0  
1285 2  
1286 3  
1287 1  
1288 0  
1289 2  
1290 3  
1291 1  
1292 0  
1293 2  
1294 3  
1295 1  
1296 2  
1297 0  
1298 3  
1299 1  
1300 2  
1301 3  
1302 0  
1303 1  
1304 2  
1305 3  
1306 2  
1307 0  
1308 1  
1309 3  
1310 2  
1311 0  
1312 1  
1313 3  
1314 2  
1315 3  
1316 0  
1317 1  
1318 2  
1319 0  
1320 3  
1321 1  
1322 0  
1323 2  
1324 3  
1325 1  
1326 0  
1327 2  
1328 3  
1329 1  
1330 0  
1331 2  
1332 3  
1333 1  
1334 0  
1335 2  
1336 3  
1337 1  
1338 2  
1339 3  
1340 0  
1341 1  
1342 2  
1343 3  
1344 0  
1345 1  
1346 2  
1347 3  
1348 0  
1349 1  
1350 2  
1351 3  
1352 0  
1353 1  
1354 2  
1355 3  
1356 2  
1357 0  
1358 1  
1359 3  
1360 2  
1361 3  
1362 0  
1363 1  
1364 2  
1365 3  
1366 0  
1367 2  
1368 1  
1369 3  
1370 2  
1371 0  
1372 1  
1373 3  
1374 2  
1375 0  
1376 1  
1377 3  
1378 2  
1379 0  
1380 1  
1381 3  
1382 2  
1383 0  
1384 1  
1385 3  
1386 2  
1387 0  
1388 1  
1389 3  
1390 2  
1391 0  
1392 1  
1393 3  
1394 2  
1395 0  
1396 3  
1397 1  
1398 2  
1399 3  
1400 0  
1401 2  
1402 1  
1403 3  
1404 2  
1405 0  
1406 1  
1407 3  
1408 2  
1409 0  
1410 1  
1411 3  
1412 2  
1413 0  
1414 1  
1415 3  
1416 2  
1417 0  
1418 1  
1419 3  
1420 2  
1421 0  
1422 1  
1423 3  
1424 2  
1425 0  
1426 1  
1427 3  
1428 2  
1429 0  
1430 1  
1431 3  
1432 2  
1433 0  
1434 3  
1435 1  
1436 2  
1437 3  
1438 0  
1439 1  
1440 2  
1441 3  
1442 0  
1443 1  
1444 2  
1445 3  
1446 2  
1447 0  
1448 1  
1449 3  
1450 2  
1451 3  
1452 2  
1453 0  
1454 1  
1455 3  
1456 2  
1457 0  
1458 1  
1459 3  
1460 2  
1461 0  
1462 1  
1463 3  
1464 2  
1465 0  
1466 1  
1467 3  
1468 2  
1469 0  
1470 1  
1471 3  
1472 2  
1473 0  
1474 1  
1475 3  
1476 2  
1477 0  
1478 1  
1479 3  
1480 2  
1481 0  
1482 1  
1483 3  
1484 2  
1485 0  
1486 1  
1487 3  
1488 2  
1489 3  
1490 0  
1491 1  
1492 2  
1493 3  
1494 2  
1495 0  
1496 1  
1497 3  
1498 2  
1499 0  
1500 1  
1501 3  
1502 2  
1503 3  
1504 0  
1505 1  
1506 2  
1507 0  
1508 1  
1509 3  
1510 2  
1511 0  
1512 1  
1513 3  
1514 2  
1515 0  
1516 1  
1517 3  
1518 0  
1519 2  
1520 1  
1521 3  
1522 2  
1523 0  
1524 1  
1525 3  
1526 2  
1527 0  
1528 1  
1529 3  
1530 2  
1531 3  
1532 2  
1533 0  
1534 1  
1535 3  
1536 2  
1537 3  
1538 2  
1539 0  
1540 1  
1541 3  
1542 2  
1543 0  
1544 1  
1545 3  
1546 2  
1547 0  
1548 3  
1549 1  
1550 2  
1551 3  
1552 0  
1553 1  
1554 2  
1555 3  
1556 0  
1557 1  
1558 2  
1559 3  
1560 0  
1561 1  
1562 2  
1563 3  
1564 0  
1565 1  
1566 2  
1567 3  
1568 0  
1569 1  
1570 2  
1571 3  
1572 0  
1573 1  
1574 2  
1575 3  
1576 0  
1577 1  
1578 2  
1579 3  
1580 0  
1581 1  
1582 2  
1583 3  
1584 0  
1585 1  
1586 2  
1587 3  
1588 2  
1589 0  
1590 1  
1591 3  
1592 2  
1593 0  
1594 3  
1595 1  
1596 2  
1597 3  
1598 0  
1599 1  
1600 2  
1601 3  
1602 0  
1603 1  
1604 2  
1605 0  
1606 3  
1607 1  
1608 2  
1609 0  
1610 3  
1611 1  
1612 2  
1613 0  
1614 3  
1615 1  
1616 2  
1617 3  
1618 0  
1619 1  
1620 2  
1621 3  
1622 0  
1623 2  
1624 1  
1625 3  
1626 2  
1627 0  
1628 1  
1629 3  
1630 2  
1631 3  
1632 0  
1633 1  
1634 2  
1635 3  
1636 2  
1637 0  
1638 1  
1639 3  
1640 2  
1641 0  
1642 3  
1643 1  
1644 2  
1645 3  
1646 0  
1647 1  
1648 2  
1649 3  
1650 0  
1651 1  
1652 2  
1653 3  
1654 0  
1655 1  
1656 2  
1657 3  
1658 0  
1659 1  
1660 2  
1661 3  
1662 0  
1663 1  
1664 2  
1665 3  
1666 0  
1667 1  
1668 2  
1669 3  
1670 0  
1671 1  
1672 2  
1673 3  
1674 0  
1675 2  
1676 1  
1677 3  
1678 2  
1679 3  
1680 0  
1681 1  
1682 2  
1683 3  
1684 0  
1685 1  
1686 2  
1687 3  
1688 0  
1689 1  
1690 2  
1691 3  
1692 0  
1693 1  
1694 2  
1695 3  
1696 0  
1697 2  
1698 1  
1699 3  
1700 2  
1701 0  
1702 1  
1703 3  
1704 2  
1705 0  
1706 1  
1707 3  
1708 2  
1709 0  
1710 1  
1711 3  
1712 2  
1713 0  
1714 1  
1715 3  
1716 2  
1717 3  
1718 0  
1719 1  
1720 2  
1721 3  
1722 0  
1723 1  
1724 2  
1725 3  
1726 2  
1727 3  
1728 0  
1729 1  
1730 2  
1731 3  
1732 0  
1733 1  
1734 2  
1735 3  
1736 2  
1737 3  
1738 0  
1739 1  
1740 2  
1741 0  
1742 1  
1743 3  
1744 2  
1745 0  
1746 1  
1747 3  
1748 2  
1749 0  
1750 1  
1751 3  
1752 2  
1753 0  
1754 1  
1755 3  
1756 2  
1757 0  
1758 1  
1759 3  
1760 2  
1761 0  
1762 1  
1763 3  
1764 2  
1765 0  
1766 1  
1767 3  
1768 2  
1769 0  
1770 3  
1771 1  
1772 2  
1773 3  
1774 0  
1775 1  
1776 2  
1777 3  
1778 0  
1779 2  
1780 1  
1781 3  
1782 2  
1783 0  
1784 1  
1785 3  
1786 2  
1787 0  
1788 1  
1789 3  
1790 2  
1791 0  
1792 1  
1793 3  
1794 2  
1795 0  
1796 1  
1797 3  
1798 2  
1799 0  
1800 1  
1801 3  
1802 2  
1803 0  
1804 1  
1805 3  
1806 2  
1807 0  
1808 1  
1809 3  
1810 2  
1811 3  
1812 2  
1813 0  
1814 1  
1815 3  
1816 2  
1817 3  
1818 0  
1819 1  
1820 2  
1821 3  
1822 0  
1823 1  
1824 2  
1825 3  
1826 0  
1827 1  
1828 2  
1829 3  
1830 0  
1831 2  
1832 1  
1833 3  
1834 0  
1835 1  
1836 2  
1837 3  
1838 0  
1839 1  
1840 2  
1841 3  
1842 0  
1843 1  
1844 2  
1845 3  
1846 0  
1847 1  
1848 2  
1849 3  
1850 0  
1851 1  
1852 2  
1853 3  
1854 0  
1855 2  
1856 1  
1857 3  
1858 2  
1859 0  
1860 1  
1861 3  
1862 2  
1863 3  
1864 0  
1865 1  
1866 2  
1867 3  
1868 0  
1869 2  
1870 1  
1871 3  
1872 0  
1873 2  
1874 1  
1875 3  
1876 0  
1877 2  
1878 1  
1879 3  
1880 0  
1881 2  
1882 1  
1883 3  
1884 0  
1885 2  
1886 3  
1887 1  
1888 0  
1889 2  
1890 3  
1891 1  
1892 0  
1893 2  
1894 3  
1895 1  
1896 0  
1897 2  
1898 3  
1899 1  
1900 2  
1901 0  
1902 3  
1903 1  
1904 2  
1905 3  
1906 0  
1907 1  
1908 2  
1909 3  
1910 0  
1911 1  
1912 2  
1913 3  
1914 0  
1915 2  
1916 1  
1917 3  
1918 2  
1919 3  
1920 0  
1921 1  
1922 2  
1923 3  
1924 0  
1925 1  
1926 2  
1927 3  
1928 0  
1929 1  
1930 2  
1931 3  
1932 0  
1933 1  
1934 2  
1935 3  
1936 0  
1937 1  
1938 2  
1939 0  
1940 3  
1941 1  
1942 2  
1943 0  
1944 3  
1945 1  
1946 2  
1947 3  
1948 0  
1949 1  
1950 2  
1951 3  
1952 0  
1953 1  
1954 2  
1955 3  
1956 2  
1957 3  
1958 0  
1959 1  
1960 2  
1961 3  
1962 0  
1963 1  
1964 2  
1965 3  
1966 0  
1967 1  
1968 2  
1969 3  
1970 0  
1971 1  
1972 2  
1973 3  
1974 0  
1975 1  
1976 2  
1977 3  
1978 0  
1979 1  
1980 2  
1981 3  
1982 0  
1983 1  
1984 2  
1985 3  
1986 0  
1987 1  
1988 2  
1989 3  
1990 0  
1991 1  
1992 2  
1993 3  
1994 2  
1995 0  
1996 1  
1997 3  
1998 2  
1999 0  
2000 1  
2001 3  
2002 2  
2003 3  
2004 0  
2005 1  
2006 2  
2007 3  
2008 0  
2009 1  
2010 2  
2011 3  
2012 2  
2013 3  
2014 0  
2015 1  
2016 2  
2017 3  
2018 0  
2019 1  
2020 2  
2021 3  
2022 0  
2023 1  
2024 2  
2025 3  
2026 0  
2027 1  
2028 2  
2029 3  
2030 0  
2031 1  
2032 2  
2033 3  
2034 0  
2035 1  
2036 2  
2037 3  
2038 0  
2039 1  
2040 2  
2041 3  
2042 0  
2043 1  
2044 2  
2045 3  
2046 0  
2047 1  
2048 2  
2049 3  
2050 0  
2051 1  
2052 2  
2053 3  
2054 2  
2055 0  
2056 1  
2057 3  
2058 2  
2059 3  
2060 0  
2061 1  
2062 2  
2063 3  
2064 0  
2065 1  
2066 2  
2067 3  
2068 0  
2069 1  
2070 2  
2071 3  
2072 0  
2073 1  
2074 2  
2075 3  
2076 0  
2077 1  
2078 2  
2079 3  
2080 0  
2081 1  
2082 2  
2083 3  
2084 0  
2085 1  
2086 2  
2087 3  
2088 0  
2089 1  
2090 2  
2091 3  
2092 0  
2093 2  
2094 1  
2095 3  
2096 2  
2097 0  
2098 3  
2099 1  
2100 2  
2101 3  
2102 2  
2103 0  
2104 1  
2105 3  
2106 2  
2107 3  
2108 0  
2109 1  
2110 2  
2111 3  
2112 0  
2113 1  
2114 2  
2115 3  
2116 0  
2117 1  
2118 2  
2119 3  
2120 0  
2121 1  
2122 2  
2123 3  
2124 0  
2125 1  
2126 2  
2127 3  
2128 0  
2129 1  
2130 2  
2131 3  
2132 0  
2133 1  
2134 2  
2135 3  
2136 2  
2137 0  
2138 1  
2139 3  
2140 2  
2141 0  
2142 1  
2143 3  
2144 2  
2145 3  
2146 0  
2147 1  
2148 2  
2149 3  
2150 0  
2151 2  
2152 1  
2153 3  
2154 2  
2155 0  
2156 1  
2157 3  
2158 2  
2159 0  
2160 3  
2161 1  
2162 2  
2163 3  
2164 0  
2165 1  
2166 2  
2167 3  
2168 0  
2169 1  
2170 2  
2171 3  
2172 0  
2173 1  
2174 2  
2175 3  
2176 0  
2177 1  
2178 2  
2179 3  
2180 0  
2181 1  
2182 2  
2183 3  
2184 2  
2185 0  
2186 1  
2187 3  
2188 2  
2189 0  
2190 1  
2191 3  
2192 2  
2193 3  
2194 0  
2195 1  
2196 2  
2197 3  
2198 2  
2199 0  
2200 3  
2201 1  
2202 2  
2203 3  
2204 0  
2205 1  
2206 2  
2207 3  
2208 0  
2209 1  
2210 2  
2211 3  
2212 0  
2213 1  
2214 2  
2215 3  
2216 0  
2217 1  
2218 2  
2219 3  
2220 0  
2221 1  
2222 2  
2223 3  
2224 0  
2225 1  
2226 2  
2227 3  
2228 0  
2229 1  
2230 2  
2231 3  
2232 0  
2233 1  
2234 2  
2235 3  
2236 0  
2237 2  
2238 1  
2239 3  
2240 2  
2241 0  
2242 3  
2243 1  
2244 2  
2245 3  
2246 0  
2247 1  
2248 2  
2249 3  
2250 0  
2251 1  
2252 2  
2253 3  
2254 0  
2255 1  
2256 2  
2257 3  
2258 0  
2259 1  
2260 2  
2261 0  
2262 3  
2263 1  
2264 2  
2265 0  
2266 3  
2267 1  
2268 2  
2269 0  
2270 3  
2271 1  
2272 2  
2273 0  
2274 3  
2275 1  
2276 2  
2277 3  
2278 0  
2279 1  
2280 2  
2281 3  
2282 0  
2283 2  
2284 1  
2285 3  
2286 2  
2287 0  
2288 1  
2289 3  
2290 2  
2291 0  
2292 3  
2293 1  
2294 2  
2295 3  
2296 0  
2297 2  
2298 1  
2299 3  
2300 0  
2301 2  
2302 1  
2303 3  
2304 0  
2305 2  
2306 1  
2307 3  
2308 0  
2309 2  
2310 1  
2311 3  
2312 0  
2313 2  
2314 1  
2315 3  
2316 0  
2317 2  
2318 1  
2319 3  
2320 0  
2321 2  
2322 1  
2323 3  
2324 2  
2325 0  
2326 1  
2327 3  
2328 2  
2329 0  
2330 1  
2331 3  
2332 2  
2333 0  
2334 1  
2335 3  
2336 2  
2337 3  
2338 0  
2339 1  
2340 2  
2341 3  
2342 0  
2343 2  
2344 1  
2345 3  
2346 2  
2347 0  
2348 1  
2349 3  
2350 2  
2351 0  
2352 1  
2353 3  
2354 2  
2355 0  
2356 1  
2357 3  
2358 2  
2359 0  
2360 1  
2361 3  
2362 2  
2363 0  
2364 1  
2365 3  
2366 2  
2367 3  
2368 0  
2369 1  
2370 2  
2371 3  
2372 2  
2373 0  
2374 1  
2375 3  
2376 2  
2377 3  
2378 0  
2379 1  
2380 2  
2381 3  
2382 2  
2383 0  
2384 1  
2385 3  
2386 2  
2387 3  
2388 0  
2389 1  
2390 2  
2391 3  
2392 3  
2393 2  
2394 0  
2395 1  
2396 3  
2397 0  
2398 1  
2399 2  
2400 3  
2401 0  
2402 1  
2403 2  
2404 3  
2405 0  
2406 1  
2407 2  
2408 3  
2409 0  
2410 1  
2411 2  
2412 3  
2413 0  
2414 1  
2415 2  
2416 3  
2417 0  
2418 1  
2419 2  
2420 3  
2421 0  
2422 1  
2423 2  
2424 3  
2425 0  
2426 1  
2427 2  
2428 3  
2429 2  
2430 0  
2431 1  
2432 3  
2433 2  
2434 3  
2435 0  
2436 1  
2437 2  
2438 3  
2439 0  
2440 1  
2441 2  
2442 3  
2443 0  
2444 1  
2445 2  
2446 3  
2447 0  
2448 1  
2449 2  
2450 3  
2451 0  
2452 1  
2453 2  
2454 3  
2455 0  
2456 1  
2457 2  
2458 3  
2459 0  
2460 1  
2461 2  
2462 3  
2463 0  
2464 1  
2465 2  
2466 3  
2467 2  
2468 0  
2469 1  
2470 3  
2471 2  
2472 3  
2473 0  
2474 1  
2475 2  
2476 3  
2477 0  
2478 1  
2479 2  
2480 3  
2481 0  
2482 1  
2483 2  
2484 3  
2485 2  
2486 0  
2487 1  
2488 3  
2489 2  
2490 3  
2491 0  
2492 1  
2493 2  
2494 3  
2495 0  
2496 1  
2497 0  
2498 2  
2499 3  
2500 1  
2501 2  
2502 0  
2503 3  
2504 1  
2505 2  
2506 3  
2507 0  
2508 1  
2509 2  
2510 3  
2511 0  
2512 1  
2513 2  
2514 3  
2515 0  
2516 1  
2517 2  
2518 3  
2519 0  
2520 1  
2521 2  
2522 3  
2523 0  
2524 2  
2525 1  
2526 3  
2527 2  
2528 0  
2529 1  
2530 3  
2531 2  
2532 3  
2533 0  
2534 1  
2535 2  
2536 3  
2537 0  
2538 1  
2539 2  
2540 3  
2541 0  
2542 1  
2543 2  
2544 3  
2545 0  
2546 1  
2547 2  
2548 3  
2549 0  
2550 1  
2551 2  
2552 3  
2553 0  
2554 1  
2555 2  
2556 3  
2557 2  
2558 0  
2559 1  
2560 3  
2561 2  
2562 3  
2563 0  
2564 1  
2565 2  
2566 3  
2567 2  
2568 0  
2569 1  
2570 3  
2571 2  
2572 0  
2573 1  
2574 3  
2575 2  
2576 0  
2577 3  
2578 1  
2579 2  
2580 3  
2581 0  
2582 1  
2583 2  
2584 3  
2585 0  
2586 1  
2587 2  
2588 3  
2589 0  
2590 1  
2591 2  
2592 3  
2593 0  
2594 1  
2595 2  
2596 3  
2597 0  
2598 1  
2599 2  
2600 3  
2601 0  
2602 1  
2603 2  
2604 3  
2605 0  
2606 1  
2607 2  
2608 3  
2609 2  
2610 0  
2611 1  
2612 3  
2613 2  
2614 0  
2615 1  
2616 3  
2617 2  
2618 3  
2619 0  
2620 1  
2621 2  
2622 3  
2623 0  
2624 1  
2625 2  
2626 3  
2627 0  
2628 2  
2629 1  
2630 3  
2631 0  
2632 2  
2633 1  
2634 3  
2635 2  
2636 0  
2637 1  
2638 3  
2639 2  
2640 0  
2641 1  
2642 3  
2643 2  
2644 0  
2645 1  
2646 3  
2647 2  
2648 0  
2649 3  
2650 1  
2651 2  
2652 3  
2653 0  
2654 2  
2655 1  
2656 3  
2657 2  
2658 0  
2659 1  
2660 3  
2661 2  
2662 0  
2663 1  
2664 3  
2665 2  
2666 0  
2667 3  
2668 1  
2669 2  
2670 3  
2671 0  
2672 1  
2673 2  
2674 3  
2675 0  
2676 1  
2677 2  
2678 3  
2679 0  
2680 1  
2681 2  
2682 3  
2683 0  
2684 1  
2685 2  
2686 3  
2687 0  
2688 1  
2689 2  
2690 3  
2691 2  
2692 0  
2693 1  
2694 3  
2695 2  
2696 0  
2697 1  
2698 3  
2699 2  
2700 0  
2701 1  
2702 3  
2703 2  
2704 0  
2705 3  
2706 1  
2707 2  
2708 3  
2709 0  
2710 2  
2711 1  
2712 3  
2713 2  
2714 0  
2715 1  
2716 3  
2717 2  
2718 0  
2719 1  
2720 3  
2721 2  
2722 0  
2723 1  
2724 3  
2725 2  
2726 0  
2727 1  
2728 3  
2729 2  
2730 0  
2731 1  
2732 3  
2733 2  
2734 0  
2735 1  
2736 3  
2737 2  
2738 0  
2739 1  
2740 3  
2741 2  
2742 3  
2743 0  
2744 1  
2745 2  
2746 3  
2747 2  
2748 0  
2749 1  
2750 3  
2751 2  
2752 0  
2753 1  
2754 3  
2755 2  
2756 0  
2757 1  
2758 3  
2759 2  
2760 3  
2761 2  
2762 0  
2763 1  
2764 3  
2765 2  
2766 3  
2767 0  
2768 1  
2769 2  
2770 3  
2771 0  
2772 1  
2773 2  
2774 3  
2775 0  
2776 1  
2777 2  
2778 3  
2779 0  
2780 1  
2781 2  
2782 3  
2783 0  
2784 1  
2785 2  
2786 3  
2787 0  
2788 1  
2789 2  
2790 3  
2791 0  
2792 1  
2793 2  
2794 3  
2795 0  
2796 2  
2797 1  
2798 3  
2799 0  
2800 2  
2801 1  
2802 3  
2803 2  
2804 0  
2805 1  
2806 3  
2807 2  
2808 0  
2809 3  
2810 1  
2811 2  
2812 0  
2813 1  
2814 3  
2815 2  
2816 0  
2817 1  
2818 3  
2819 2  
2820 0  
2821 1  
2822 3  
2823 2  
2824 0  
2825 1  
2826 3  
2827 2  
2828 0  
2829 1  
2830 3  
2831 2  
2832 0  
2833 1  
2834 3  
2835 2  
2836 3  
2837 0  
2838 1  
2839 2  
2840 3  
2841 0  
2842 1  
2843 2  
2844 3  
2845 0  
2846 2  
2847 1  
2848 3  
2849 2  
2850 0  
2851 1  
2852 3  
2853 2  
2854 0  
2855 1  
2856 3  
2857 2  
2858 3  
2859 0  
2860 1  
2861 2  
2862 3  
2863 2  
2864 0  
2865 1  
2866 3  
2867 2  
2868 0  
2869 1  
2870 3  
2871 0  
2872 2  
2873 1  
2874 3  
2875 0  
2876 2  
2877 1  
2878 3  
2879 0  
2880 2  
2881 1  
2882 3  
2883 0  
2884 2  
2885 1  
2886 3  
2887 2  
2888 0  
2889 1  
2890 3  
2891 2  
2892 0  
2893 1  
2894 3  
2895 2  
2896 3  
2897 0  
2898 1  
2899 2  
2900 3  
2901 0  
2902 1  
2903 2  
2904 3  
2905 0  
2906 1  
2907 2  
2908 3  
2909 0  
2910 1  
2911 2  
2912 3  
2913 0  
2914 1  
2915 2  
2916 3  
2917 0  
2918 1  
2919 2  
2920 3  
2921 0  
2922 1  
2923 2  
2924 3  
2925 0  
2926 1  
2927 2  
2928 3  
2929 0  
2930 2  
2931 1  
2932 3  
2933 2  
2934 0  
2935 1  
2936 3  
2937 2  
2938 3  
2939 0  
2940 1  
2941 2  
2942 3  
2943 0  
2944 1  
2945 2  
2946 3  
2947 0  
2948 1  
2949 2  
2950 3  
2951 2  
2952 0  
2953 1  
2954 3  
2955 2  
2956 0  
2957 1  
2958 3  
2959 2  
2960 0  
2961 1  
2962 3  
2963 2  
2964 0  
2965 1  
2966 3  
2967 2  
2968 0  
2969 3  
2970 1  
2971 2  
2972 0  
2973 1  
2974 3  
2975 2  
2976 0  
2977 1  
2978 3  
2979 2  
2980 0  
2981 1  
2982 3  
2983 2  
2984 3  
2985 0  
2986 1  
2987 2  
2988 3  
2989 0  
2990 1  
2991 2  
2992 3  
2993 0  
2994 1  
2995 2  
2996 3  
2997 0  
2998 1  
2999 2  
3000 3  
3001 0  
3002 1  
3003 2  
3004 3  
3005 0  
3006 1  
3007 2  
3008 3  
3009 0  
3010 2  
3011 1  
3012 3  
3013 0  
3014 2  
3015 1  
3016 3  
3017 2  
3018 0  
3019 1  
3020 3  
3021 2  
3022 0  
3023 1  
3024 3  
3025 2  
3026 0  
3027 3  
3028 1  
3029 2  
3030 3  
3031 0  
3032 1  
3033 2  
3034 3  
3035 2  
3036 0  
3037 1  
3038 3  
3039 2  
3040 3  
3041 0  
3042 1  
3043 2  
3044 3  
3045 0  
3046 1  
3047 2  
3048 3  
3049 0  
3050 1  
3051 2  
3052 3  
3053 0  
3054 1  
3055 2  
3056 3  
3057 0  
3058 1  
3059 2  
3060 3  
3061 0  
3062 1  
3063 2  
3064 3  
3065 0  
3066 1  
3067 2  
3068 3  
3069 0  
3070 1  
3071 2  
3072 3  
3073 2  
3074 0  
3075 1  
3076 3  
3077 2  
3078 3  
3079 0  
3080 1  
3081 2  
3082 3  
3083 0  
3084 1  
3085 2  
3086 3  
3087 2  
3088 3  
3089 0  
3090 1  
3091 2  
3092 3  
3093 0  
3094 1  
3095 2  
3096 3  
3097 0  
3098 1  
3099 2  
3100 3  
3101 0  
3102 1  
3103 2  
3104 3  
3105 0  
3106 1  
3107 2  
3108 3  
3109 0  
3110 2  
3111 1  
3112 3  
3113 0  
3114 1  
3115 2  
3116 3  
3117 0  
3118 2  
3119 1  
3120 3  
3121 2  
3122 0  
3123 3  
3124 1  
3125 2  
3126 3  
3127 0  
3128 1  
3129 2  
3130 3  
3131 0  
3132 1  
3133 2  
3134 3  
3135 2  
3136 0  
3137 3  
3138 1  
3139 2  
3140 3  
3141 0  
3142 1  
3143 2  
3144 3  
3145 0  
3146 1  
3147 2  
3148 3  
3149 0  
3150 1  
3151 2  
3152 3  
3153 0  
3154 1  
3155 2  
3156 3  
3157 0  
3158 1  
3159 2  
3160 3  
3161 0  
3162 1  
3163 2  
3164 3  
3165 0  
3166 1  
3167 2  
3168 3  
3169 2  
3170 0  
3171 1  
3172 3  
3173 2  
3174 0  
3175 1  
3176 3  
3177 2  
3178 0  
3179 1  
3180 3  
3181 2  
3182 3  
3183 0  
3184 1  
3185 2  
3186 3  
3187 0  
3188 1  
3189 2  
3190 3  
3191 0  
3192 1  
3193 2  
3194 3  
3195 0  
3196 1  
3197 2  
3198 3  
3199 0  
3200 1  
3201 2  
3202 3  
3203 0  
3204 1  
3205 2  
3206 3  
3207 0  
3208 1  
3209 2  
3210 3  
3211 0  
3212 2  
3213 1  
3214 3  
3215 2  
3216 0  
3217 1  
3218 3  
3219 2  
3220 0  
3221 3  
3222 1  
3223 2  
3224 3  
3225 0  
3226 2  
3227 1  
3228 3  
3229 2  
3230 0  
3231 1  
3232 3  
3233 2  
3234 0  
3235 1  
3236 3  
3237 0  
3238 2  
3239 1  
3240 3  
3241 0  
3242 1  
3243 2  
3244 3  
3245 0  
3246 1  
3247 2  
3248 3  
3249 0  
3250 1  
3251 2  
3252 3  
3253 0  
3254 1  
3255 2  
3256 3  
3257 2  
3258 0  
3259 1  
3260 3  
3261 2  
3262 0  
3263 3  
3264 1  
3265 2  
3266 3  
3267 0  
3268 1  
3269 2  
3270 3  
3271 0  
3272 2  
3273 1  
3274 3  
3275 0  
3276 2  
3277 1  
3278 3  
3279 0  
3280 2  
3281 1  
3282 3  
3283 0  
3284 1  
3285 2  
3286 3  
3287 0  
3288 1  
3289 2  
3290 3  
3291 0  
3292 1  
3293 2  
3294 3  
3295 0  
3296 1  
3297 2  
3298 3  
3299 2  
3300 0  
3301 1  
3302 3  
3303 2  
3304 3  
3305 0  
3306 1  
3307 2  
3308 3  
3309 0  
3310 1  
3311 2  
3312 3  
3313 2  
3314 0  
3315 1  
3316 3  
3317 2  
3318 3  
3319 0  
3320 1  
3321 2  
3322 3  
3323 0  
3324 1  
3325 2  
3326 3  
3327 0  
3328 1  
3329 2  
3330 3  
3331 0  
3332 1  
3333 2  
3334 3  
3335 0  
3336 1  
3337 2  
3338 3  
3339 0  
3340 1  
3341 2  
3342 3  
3343 0  
3344 2  
3345 1  
3346 3  
3347 2  
3348 0  
3349 1  
3350 3  
3351 2  
3352 0  
3353 3  
3354 1  
3355 2  
3356 3  
3357 0  
3358 1  
3359 2  
3360 3  
3361 0  
3362 2  
3363 1  
3364 3  
3365 2  
3366 0  
3367 1  
3368 3  
3369 2  
3370 0  
3371 3  
3372 1  
3373 2  
3374 3  
3375 0  
3376 1  
3377 2  
3378 3  
3379 0  
3380 1  
3381 2  
3382 3  
3383 0  
3384 1  
3385 2  
3386 0  
3387 3  
3388 1  
3389 2  
3390 3  
3391 0  
3392 1  
3393 2  
3394 3  
3395 0  
3396 1  
3397 2  
3398 3  
3399 0  
3400 1  
3401 2  
3402 3  
3403 0  
3404 1  
3405 2  
3406 3  
3407 2  
3408 3  
3409 0  
3410 1  
3411 2  
3412 3  
3413 0  
3414 1  
3415 2  
3416 3  
3417 0  
3418 1  
3419 2  
3420 3  
3421 2  
3422 0  
3423 1  
3424 3  
3425 2  
3426 0  
3427 1  
3428 3  
3429 2  
3430 0  
3431 1  
3432 3  
3433 2  
3434 0  
3435 1  
3436 3  
3437 2  
3438 0  
3439 1  
3440 3  
3441 2  
3442 0  
3443 1  
3444 3  
3445 2  
3446 0  
3447 3  
3448 1  
3449 2  
3450 3  
3451 0  
3452 1  
3453 2  
3454 3  
3455 0  
3456 1  
3457 2  
3458 3  
3459 0  
3460 1  
3461 2  
3462 3  
3463 0  
3464 1  
3465 2  
3466 3  
3467 0  
3468 2  
3469 1  
3470 3  
3471 0  
3472 1  
3473 2  
3474 3  
3475 0  
3476 1  
3477 2  
3478 3  
3479 0  
3480 1  
3481 2  
3482 3  
3483 2  
3484 0  
3485 1  
3486 3  
3487 2  
3488 3  
3489 0  
3490 1  
3491 2  
3492 3  
3493 0  
3494 1  
3495 2  
3496 3  
3497 0  
3498 1  
3499 2  
3500 3  
3501 2  
3502 3  
3503 0  
3504 1  
3505 2  
3506 3  
3507 0  
3508 2  
3509 1  
3510 3  
3511 0  
3512 2  
3513 1  
3514 3  
3515 2  
3516 0  
3517 1  
3518 3  
3519 2  
3520 0  
3521 1  
3522 3  
3523 2  
3524 0  
3525 1  
3526 3  
3527 2  
3528 0  
3529 1  
3530 3  
3531 2  
3532 0  
3533 1  
3534 3  
3535 2  
3536 0  
3537 1  
3538 3  
3539 2  
3540 3  
3541 0  
3542 1  
3543 2  
3544 3  
3545 2  
3546 0  
3547 1  
3548 3  
3549 2  
3550 0  
3551 1  
3552 3  
3553 2  
3554 3  
3555 0  
3556 1  
3557 2  
3558 0  
3559 1  
3560 3  
3561 2  
3562 0  
3563 1  
3564 3  
3565 0  
3566 1  
3567 2  
3568 3  
3569 0  
3570 2  
3571 1  
3572 3  
3573 2  
3574 0  
3575 3  
3576 1  
3577 2  
3578 3  
3579 0  
3580 1  
3581 2  
3582 3  
3583 0  
3584 2  
3585 1  
3586 3  
3587 2  
3588 0  
3589 3  
3590 1  
3591 2  
3592 3  
3593 0  
3594 2  
3595 1  
3596 3  
3597 2  
3598 3  
3599 0  
3600 1  
3601 2  
3602 3  
3603 0  
3604 1  
3605 2  
3606 3  
3607 0  
3608 1  
3609 2  
3610 0  
3611 3  
3612 1  
3613 2  
3614 3  
3615 0  
3616 1  
3617 2  
3618 3  
3619 0  
3620 1  
3621 2  
3622 3  
3623 0  
3624 1  
3625 2  
3626 3  
3627 0  
3628 1  
3629 2  
3630 3  
3631 0  
3632 2  
3633 1  
3634 3  
3635 0  
3636 2  
3637 1  
3638 3  
3639 2  
3640 0  
3641 3  
3642 1  
3643 2  
3644 3  
3645 0  
3646 1  
3647 2  
3648 3  
3649 0  
3650 1  
3651 2  
3652 3  
3653 0  
3654 1  
3655 2  
3656 3  
3657 0  
3658 1  
3659 2  
3660 3  
3661 0  
3662 1  
3663 2  
3664 3  
3665 0  
3666 1  
3667 2  
3668 3  
3669 0  
3670 1  
3671 2  
3672 3  
3673 2  
3674 0  
3675 1  
3676 3  
3677 2  
3678 0  
3679 3  
3680 1  
3681 2  
3682 3  
3683 0  
3684 1  
3685 2  
3686 3  
3687 0  
3688 2  
3689 1  
3690 3  
3691 2  
3692 0  
3693 1  
3694 3  
3695 2  
3696 3  
3697 0  
3698 1  
3699 2  
3700 3  
3701 0  
3702 1  
3703 2  
3704 3  
3705 0  
3706 1  
3707 2  
3708 0  
3709 3  
3710 1  
3711 2  
3712 3  
3713 0  
3714 1  
3715 2  
3716 3  
3717 0  
3718 1  
3719 2  
3720 3  
3721 0  
3722 2  
3723 1  
3724 3  
3725 2  
3726 0  
3727 3  
3728 1  
3729 2  
3730 3  
3731 0  
3732 1  
3733 2  
3734 3  
3735 0  
3736 1  
3737 2  
3738 3  
3739 0  
3740 1  
3741 2  
3742 3  
3743 0  
3744 2  
3745 1  
3746 3  
3747 2  
3748 0  
3749 1  
3750 3  
3751 0  
3752 2  
3753 1  
3754 3  
3755 0  
3756 2  
3757 1  
3758 3  
3759 2  
3760 0  
3761 1  
3762 3  
3763 2  
3764 0  
3765 1  
3766 3  
3767 2  
3768 0  
3769 3  
3770 1  
3771 2  
3772 3  
3773 0  
3774 1  
3775 2  
3776 3  
3777 0  
3778 2  
3779 1  
3780 3  
3781 2  
3782 3  
3783 0  
3784 1  
3785 2  
3786 3  
3787 0  
3788 1  
3789 2  
3790 3  
3791 0  
3792 1  
3793 2  
3794 3  
3795 0  
3796 1  
3797 2  
3798 3  
3799 0  
3800 1  
3801 2  
3802 3  
3803 0  
3804 1  
3805 2  
3806 3  
3807 0  
3808 1  
3809 2  
3810 3  
3811 0  
3812 1  
3813 2  
3814 3  
3815 2  
3816 0  
3817 1  
3818 3  
3819 2  
3820 0  
3821 1  
3822 3  
3823 2  
3824 0  
3825 3  
3826 1  
3827 2  
3828 3  
3829 0  
3830 1  
3831 2  
3832 3  
3833 0  
3834 2  
3835 1  
3836 3  
3837 2  
3838 0  
3839 1  
3840 3  
3841 2  
3842 0  
3843 1  
3844 3  
3845 2  
3846 0  
3847 1  
3848 3  
3849 2  
3850 0  
3851 1  
3852 3  
3853 2  
3854 0  
3855 1  
3856 3  
3857 2  
3858 0  
3859 1  
3860 3  
3861 2  
3862 3  
3863 0  
3864 1  
3865 2  
3866 3  
3867 0  
3868 1  
3869 2  
3870 3  
3871 0  
3872 2  
3873 1  
3874 3  
3875 2  
3876 0  
3877 3  
3878 1  
3879 2  
3880 3  
3881 0  
3882 1  
3883 2  
3884 3  
3885 0  
3886 1  
3887 2  
3888 3  
3889 0  
3890 1  
3891 2  
3892 3  
3893 0  
3894 1  
3895 2  
3896 3  
3897 0  
3898 1  
3899 2  
3900 3  
3901 0  
3902 1  
3903 2  
3904 3  
3905 0  
3906 1  
3907 2  
3908 3  
3909 0  
3910 1  
3911 2  
3912 3  
3913 2  
3914 0  
3915 1  
3916 3  
3917 2  
3918 3  
3919 0  
3920 1  
3921 2  
3922 3  
3923 2  
3924 0  
3925 1  
3926 3  
3927 2  
3928 0  
3929 3  
3930 1  
3931 0  
3932 2  
3933 3  
3934 1  
3935 0  
3936 2  
3937 3  
3938 1  
3939 0  
3940 2  
3941 3  
3942 1  
3943 0  
3944 2  
3945 3  
3946 1  
3947 0  
3948 2  
3949 3  
3950 1  
3951 0  
3952 2  
3953 3  
3954 1  
3955 2  
3956 3  
3957 0  
3958 1  
3959 2  
3960 3  
3961 0  
3962 1  
3963 2  
3964 3  
3965 0  
3966 1  
3967 2  
3968 3  
3969 2  
3970 0  
3971 1  
3972 3  
3973 2  
3974 0  
3975 1  
3976 3  
3977 2  
3978 0  
3979 1  
3980 3  
3981 0  
3982 2  
3983 1  
3984 3  
3985 0  
3986 1  
3987 2  
3988 3  
3989 0  
3990 1  
3991 2  
3992 3  
3993 0  
3994 1  
3995 2  
3996 3  
3997 0  
3998 1  
3999 2  
4000 3  
4001 0  
4002 1  
4003 2  
4004 3  
4005 2  
4006 0  
4007 1  
4008 3  
4009 2  
4010 3  
4011 0  
4012 1  
4013 2  
4014 3  
4015 2  
4016 0  
4017 1  
4018 3  
4019 2  
4020 0  
4021 3  
4022 1  
4023 2  
4024 3  
4025 0  
4026 1  
4027 2  
4028 3  
4029 0  
4030 1  
4031 2  
4032 3  
4033 0  
4034 1  
4035 2  
4036 3  
4037 0  
4038 1  
4039 2  
4040 3  
4041 0  
4042 1  
4043 2  
4044 3  
4045 2  
4046 0  
4047 1  
4048 3  
4049 2  
4050 0  
4051 1  
4052 3  
4053 2  
4054 0  
4055 3  
4056 1  
4057 2  
4058 3  
4059 0  
4060 1  
4061 2  
4062 3  
4063 0  
4064 2  
4065 1  
4066 3  
4067 2  
4068 0  
4069 1  
4070 3  
4071 2  
4072 3  
4073 0  
4074 1  
4075 2  
4076 3  
4077 0  
4078 1  
4079 2  
4080 3  
4081 0  
4082 1  
4083 2  
4084 3  
4085 0  
4086 1  
4087 2  
4088 3  
4089 0  
4090 1  
4091 2  
4092 3  
4093 0  
4094 1  
4095 2  
4096 3  
4097 0  
4098 1  
4099 2  
4100 3  
4101 0  
4102 1  
4103 2  
4104 3  
4105 0  
4106 2  
4107 1  
4108 3  
4109 2  
4110 0  
4111 1  
4112 3  
4113 2  
4114 0  
4115 1  
4116 3  
4117 2  
4118 0  
4119 1  
4120 3  
4121 2  
4122 0  
4123 1  
4124 3  
4125 2  
4126 0  
4127 1  
4128 3  
4129 2  
4130 0  
4131 1  
4132 3  
4133 2  
4134 0  
4135 1  
4136 3  
4137 2  
4138 0  
4139 3  
4140 1  
4141 2  
4142 3  
4143 0  
4144 1  
4145 2  
4146 3  
4147 0  
4148 1  
4149 2  
4150 3  
4151 2  
4152 0  
4153 1  
4154 3  
4155 2  
4156 3  
4157 0  
4158 1  
4159 2  
4160 3  
4161 2  
4162 0  
4163 1  
4164 3  
4165 0  
4166 2  
4167 1  
4168 3  
4169 2  
4170 0  
4171 1  
4172 3  
4173 2  
4174 0  
4175 1  
4176 3  
4177 2  
4178 0  
4179 1  
4180 3  
4181 2  
4182 0  
4183 1  
4184 3  
4185 2  
4186 0  
4187 1  
4188 3  
4189 2  
4190 0  
4191 3  
4192 1  
4193 2  
4194 3  
4195 0  
4196 1  
4197 2  
4198 3  
4199 2  
4200 0  
4201 1  
4202 3  
4203 2  
4204 0  
4205 3  
4206 1  
4207 2  
4208 3  
4209 0  
4210 1  
4211 2  
4212 3  
4213 0  
4214 1  
4215 2  
4216 3  
4217 0  
4218 1  
4219 2  
4220 3  
4221 0  
4222 1  
4223 2  
4224 3  
4225 0  
4226 1  
4227 2  
4228 3  
4229 0  
4230 1  
4231 2  
4232 3  
4233 0  
4234 1  
4235 2  
4236 3  
4237 2  
4238 3  
4239 0  
4240 1  
4241 2  
4242 3  
4243 0  
4244 1  
4245 2  
4246 3  
4247 0  
4248 1  
4249 2  
4250 3  
4251 2  
4252 0  
4253 1  
4254 3  
4255 2  
4256 3  
4257 0  
4258 1  
4259 2  
4260 3  
4261 0  
4262 1  
4263 2  
4264 3  
4265 0  
4266 1  
4267 2  
4268 3  
4269 0  
4270 1  
4271 2  
4272 3  
4273 0  
4274 1  
4275 2  
4276 3  
4277 0  
4278 1  
4279 2  
4280 3  
4281 0  
4282 2  
4283 1  
4284 3  
4285 2  
4286 0  
4287 1  
4288 3  
4289 2  
4290 3  
4291 0  
4292 1  
4293 2  
4294 3  
4295 0  
4296 1  
4297 2  
4298 3  
4299 0  
4300 1  
4301 2  
4302 3  
4303 0  
4304 1  
4305 2  
4306 3  
4307 0  
4308 1  
4309 2  
4310 3  
4311 0  
4312 1  
4313 2  
4314 3  
4315 0  
4316 1  
4317 2  
4318 3  
4319 0  
4320 1  
4321 2  
4322 3  
4323 2  
4324 0  
4325 1  
4326 3  
4327 2  
4328 3  
4329 0  
4330 1  
4331 2  
4332 3  
4333 0  
4334 2  
4335 1  
4336 3  
4337 2  
4338 0  
4339 3  
4340 1  
4341 2  
4342 3  
4343 0  
4344 1  
4345 2  
4346 3  
4347 0  
4348 1  
4349 2  
4350 3  
4351 0  
4352 1  
4353 2  
4354 3  
4355 0  
4356 1  
4357 2  
4358 3  
4359 0  
4360 1  
4361 2  
4362 3  
4363 0  
4364 1  
4365 2  
