2013 07 26 18 31 14 0.922370 2
2013 07 26 18 31 15 0.929026 2
2013 07 26 18 31 16 0.264706 2
2013 07 26 18 31 16 0.600066 2
2013 07 26 18 31 16 0.935938 2
2013 07 26 18 31 17 0.271106 2
2013 07 26 18 31 17 0.606978 2
2013 07 26 18 31 17 0.942338 2
2013 07 26 18 31 18 0.278018 2
2013 07 26 18 31 18 0.948994 2
2013 07 26 18 31 19 0.284418 2
2013 07 26 18 31 20 0.291330 2
2013 07 26 18 31 20 0.962306 2
2013 07 26 18 31 21 0.968706 2
2013 07 26 18 31 22 0.975618 2
2013 07 26 18 31 23 0.982018 2
2013 07 26 18 31 24 0.653058 2
2013 07 26 18 31 25 0.659970 2
2013 07 26 18 31 26 0.666370 2
2013 07 26 18 31 27 0.673282 2
2013 07 26 18 31 28 0.344322 2
2013 07 26 18 31 29 0.350722 2
2013 07 26 18 31 29 0.686594 2
2013 07 26 18 31 30 0.692994 2
2013 07 26 18 31 31 0.699650 2
2013 07 26 18 31 32 0.706306 2
2013 07 26 18 31 33 0.377346 2
2013 07 26 18 31 34 0.048386 2
2013 07 26 18 31 35 0.055298 2
2013 07 26 18 31 36 0.061698 2
2013 07 26 18 31 37 0.068354 2
2013 07 26 18 31 38 0.075010 2
2013 07 26 18 31 39 0.081666 2
2013 07 26 18 31 40 0.088322 2
2013 07 26 18 31 41 0.094978 2
2013 07 26 18 31 41 0.765954 2
2013 07 26 18 31 42 0.772610 2
2013 07 26 18 31 43 0.779266 2
2013 07 26 18 31 44 0.785922 2
2013 07 26 18 31 45 0.792578 2
2013 07 26 18 31 46 0.798978 2
2013 07 26 18 31 47 0.805890 2
2013 07 26 18 31 48 0.812290 2
2013 07 26 18 31 49 0.819202 2
2013 07 26 18 31 50 0.825602 2
2013 07 26 18 31 51 0.832514 2
2013 07 26 18 31 52 0.503554 2
2013 07 26 18 31 53 0.174594 2
2013 07 26 18 31 54 0.180994 2
2013 07 26 18 31 55 0.187906 2
2013 07 26 18 31 56 0.194306 2
2013 07 26 18 31 57 0.200962 2
2013 07 26 18 31 58 0.207618 2
2013 07 26 18 31 58 0.878594 2
2013 07 26 18 31 59 0.885506 2
2013 07 26 18 32 00 0.891906 2
2013 07 26 18 32 01 0.898818 2
2013 07 26 18 32 02 0.905218 2
2013 07 26 18 32 03 0.911874 2
2013 07 26 18 32 04 0.918530 2
2013 07 26 18 32 05 0.925186 2
2013 07 26 18 32 06 0.931586 2
2013 07 26 18 32 07 0.938498 2
2013 07 26 18 32 08 0.944898 2
2013 07 26 18 32 09 0.951810 2
2013 07 26 18 32 10 0.958210 2
2013 07 26 18 32 11 0.965122 2
2013 07 26 18 32 12 0.971522 2
2013 07 26 18 32 13 0.642562 2
2013 07 26 18 32 14 0.313602 2
2013 07 26 18 32 15 0.320514 2
2013 07 26 18 32 16 0.326914 2
2013 07 26 18 32 16 0.998146 2
2013 07 26 18 32 18 0.004866 2
2013 07 26 18 32 18 0.675842 2
2013 07 26 18 32 19 0.346882 2
2013 07 26 18 32 20 0.018178 2
2013 07 26 18 32 21 0.024578 2
2013 07 26 18 32 21 0.695554 2
2013 07 26 18 32 22 0.702466 2
2013 07 26 18 32 23 0.373506 2
2013 07 26 18 32 24 0.044546 2
2013 07 26 18 32 25 0.051202 2
2013 07 26 18 32 25 0.722178 2
2013 07 26 18 32 26 0.393218 2
2013 07 26 18 32 27 0.400130 2
2013 07 26 18 32 27 0.735490 2
2013 07 26 18 32 28 0.742146 2
2013 07 26 18 32 29 0.413186 2
2013 07 26 18 32 30 0.084482 2
2013 07 26 18 32 30 0.419842 2
2013 07 26 18 32 31 0.090882 2
2013 07 26 18 32 32 0.097538 2
2013 07 26 18 32 33 0.104194 2
2013 07 26 18 32 33 0.439810 2
2013 07 26 18 32 34 0.446210 2
2013 07 26 18 32 35 0.453122 2
2013 07 26 18 32 36 0.459522 2
2013 07 26 18 32 37 0.466434 2
2013 07 26 18 32 38 0.472834 2
2013 07 26 18 32 39 0.143874 2
2013 07 26 18 32 40 0.150786 2
2013 07 26 18 32 40 0.821762 2
2013 07 26 18 32 42 0.163842 2
2013 07 26 18 32 42 0.835074 2
2013 07 26 18 32 43 0.841474 2
2013 07 26 18 32 44 0.848386 2
2013 07 26 18 32 45 0.854786 2
2013 07 26 18 32 46 0.861698 2
2013 07 26 18 32 47 0.196866 2
2013 07 26 18 32 48 0.203778 2
2013 07 26 18 32 49 0.210178 2
2013 07 26 18 32 49 0.881410 2
2013 07 26 18 32 50 0.888066 2
2013 07 26 18 32 51 0.894722 2
2013 07 26 18 32 52 0.565762 2
2013 07 26 18 32 53 0.572418 2
2013 07 26 18 32 54 0.243458 2
2013 07 26 18 32 55 0.250114 2
2013 07 26 18 32 55 0.585730 2
2013 07 26 18 32 56 0.592130 2
2013 07 26 18 32 57 0.263426 2
2013 07 26 18 32 58 0.270082 2
2013 07 26 18 32 59 0.276482 2
2013 07 26 18 32 59 0.947714 2
2013 07 26 18 33 00 0.954370 2
2013 07 26 18 33 01 0.625410 2
2013 07 26 18 33 02 0.632066 2
2013 07 26 18 33 03 0.303106 2
2013 07 26 18 33 03 0.974082 2
2013 07 26 18 33 04 0.980994 2
2013 07 26 18 33 05 0.652034 2
2013 07 26 18 33 06 0.658434 2
2013 07 26 18 33 07 0.329730 2
2013 07 26 18 33 08 0.336386 2
2013 07 26 18 33 09 0.342786 2
2013 07 26 18 33 10 0.349698 2
2013 07 26 18 33 11 0.020738 2
2013 07 26 18 33 11 0.691970 2
2013 07 26 18 33 12 0.363010 2
2013 07 26 18 33 13 0.369410 2
2013 07 26 18 33 14 0.376322 2
2013 07 26 18 33 15 0.047362 2
2013 07 26 18 33 16 0.053762 2
2013 07 26 18 33 16 0.724738 2
2013 07 26 18 33 17 0.731650 2
2013 07 26 18 33 18 0.402690 2
2013 07 26 18 33 19 0.073730 2
2013 07 26 18 33 20 0.080386 2
2013 07 26 18 33 21 0.087042 2
2013 07 26 18 33 21 0.758018 2
2013 07 26 18 33 22 0.429314 2
2013 07 26 18 33 23 0.435714 2
2013 07 26 18 33 24 0.106754 2
2013 07 26 18 33 25 0.113666 2
2013 07 26 18 33 25 0.784642 2
2013 07 26 18 33 26 0.455682 2
2013 07 26 18 33 27 0.126722 2
2013 07 26 18 33 28 0.133378 2
2013 07 26 18 33 29 0.140034 2
2013 07 26 18 33 29 0.811266 2
2013 07 26 18 33 30 0.817666 2
2013 07 26 18 33 31 0.824578 2
2013 07 26 18 33 32 0.830978 2
2013 07 26 18 33 33 0.837634 2
2013 07 26 18 33 34 0.508930 2
2013 07 26 18 33 35 0.179970 2
2013 07 26 18 33 36 0.186370 2
2013 07 26 18 33 36 0.857602 2
2013 07 26 18 33 37 0.193282 2
2013 07 26 18 33 38 0.199682 2
2013 07 26 18 33 39 0.206338 2
2013 07 26 18 33 40 0.212994 2
2013 07 26 18 33 41 0.219650 2
2013 07 26 18 33 41 0.890882 2
2013 07 26 18 33 42 0.897282 2
2013 07 26 18 33 43 0.903938 2
2013 07 26 18 33 44 0.910594 2
2013 07 26 18 33 45 0.917250 2
2013 07 26 18 33 46 0.588290 2
2013 07 26 18 33 47 0.594946 2
2013 07 26 18 33 48 0.265986 2
2013 07 26 18 33 49 0.608258 2
2013 07 26 18 33 50 0.950274 2
2013 07 26 18 33 51 0.285954 2
2013 07 26 18 33 52 0.292610 2
2013 07 26 18 33 53 0.299266 2
2013 07 26 18 33 54 0.305666 2
2013 07 26 18 33 55 0.312578 2
2013 07 26 18 33 56 0.318978 2
2013 07 26 18 33 56 0.990210 2
2013 07 26 18 33 57 0.661250 2
2013 07 26 18 33 58 0.667906 2
2013 07 26 18 34 00 0.010242 2
2013 07 26 18 34 00 0.681218 2
2013 07 26 18 34 01 0.687618 2
2013 07 26 18 34 02 0.694530 2
2013 07 26 18 34 03 0.700930 2
2013 07 26 18 34 04 0.707842 2
2013 07 26 18 34 05 0.714242 2
2013 07 26 18 34 06 0.720898 2
2013 07 26 18 34 08 0.063234 2
2013 07 26 18 34 08 0.734210 2
2013 07 26 18 34 09 0.740866 2
2013 07 26 18 34 11 0.082946 2
2013 07 26 18 34 12 0.089602 2
2013 07 26 18 34 13 0.096258 2
2013 07 26 18 34 14 0.102914 2
2013 07 26 18 34 15 0.109570 2
2013 07 26 18 34 16 0.116226 2
2013 07 26 18 34 17 0.122626 2
2013 07 26 18 34 18 0.129538 2
2013 07 26 18 34 19 0.135938 2
2013 07 26 18 34 19 0.807170 2
2013 07 26 18 34 21 0.149250 2
2013 07 26 18 34 22 0.155906 2
2013 07 26 18 34 23 0.162562 2
2013 07 26 18 34 24 0.169218 2
2013 07 26 18 34 24 0.840450 2
2013 07 26 18 34 25 0.846850 2
2013 07 26 18 34 26 0.853762 2
2013 07 26 18 34 27 0.860162 2
2013 07 26 18 34 28 0.866818 2
2013 07 26 18 34 29 0.873474 2
2013 07 26 18 34 30 0.880130 2
2013 07 26 18 34 31 0.551170 2
2013 07 26 18 34 32 0.557826 2
2013 07 26 18 34 33 0.228866 2
2013 07 26 18 34 33 0.899842 2
2013 07 26 18 34 34 0.906754 2
2013 07 26 18 34 35 0.913154 2
2013 07 26 18 34 36 0.920066 2
2013 07 26 18 34 37 0.591106 2
2013 07 26 18 34 38 0.597506 2
2013 07 26 18 34 39 0.268546 2
2013 07 26 18 34 39 0.939778 2
2013 07 26 18 34 40 0.946434 2
2013 07 26 18 34 41 0.953090 2
2013 07 26 18 34 42 0.959746 2
2013 07 26 18 34 43 0.630786 2
2013 07 26 18 34 44 0.973058 2
2013 07 26 18 34 45 0.644098 2
2013 07 26 18 34 46 0.650498 2
2013 07 26 18 34 47 0.657410 2
2013 07 26 18 34 48 0.663810 2
2013 07 26 18 34 49 0.670722 2
2013 07 26 18 34 50 0.677122 2
2013 07 26 18 34 51 0.683778 2
2013 07 26 18 34 52 0.355074 2
2013 07 26 18 34 53 0.697090 2
2013 07 26 18 34 54 0.703746 2
2013 07 26 18 34 56 0.045826 2
2013 07 26 18 34 56 0.381442 2
2013 07 26 18 34 57 0.388098 2
2013 07 26 18 34 58 0.394754 2
2013 07 26 18 34 59 0.401154 2
2013 07 26 18 35 00 0.072450 2
2013 07 26 18 35 00 0.743426 2
2013 07 26 18 35 01 0.750082 2
2013 07 26 18 35 02 0.756738 2
2013 07 26 18 35 03 0.427778 2
2013 07 26 18 35 04 0.434690 2
2013 07 26 18 35 05 0.105730 2
2013 07 26 18 35 05 0.776706 2
2013 07 26 18 35 06 0.783106 2
2013 07 26 18 35 08 0.125442 2
2013 07 26 18 35 08 0.796418 2
2013 07 26 18 35 09 0.803330 2
2013 07 26 18 35 10 0.474370 2
2013 07 26 18 35 11 0.480770 2
2013 07 26 18 35 12 0.487682 2
2013 07 26 18 35 13 0.494082 2
2013 07 26 18 35 14 0.165122 2
2013 07 26 18 35 15 0.172034 2
2013 07 26 18 35 15 0.843010 2
2013 07 26 18 35 16 0.849410 2
2013 07 26 18 35 17 0.856322 2
2013 07 26 18 35 18 0.527362 2
2013 07 26 18 35 19 0.533762 2
2013 07 26 18 35 20 0.540674 2
2013 07 26 18 35 21 0.211714 2
2013 07 26 18 35 22 0.218114 2
2013 07 26 18 35 23 0.225026 2
2013 07 26 18 35 24 0.231426 2
2013 07 26 18 35 25 0.573698 2
2013 07 26 18 35 26 0.915970 2
2013 07 26 18 35 27 0.251650 2
2013 07 26 18 35 28 0.258050 2
2013 07 26 18 35 29 0.264706 2
2013 07 26 18 35 30 0.271362 2
2013 07 26 18 35 31 0.278018 2
2013 07 26 18 35 32 0.620290 2
2013 07 26 18 35 33 0.626690 2
2013 07 26 18 35 34 0.297730 2
2013 07 26 18 35 34 0.968962 2
2013 07 26 18 35 35 0.640002 2
2013 07 26 18 35 36 0.646658 2
2013 07 26 18 35 37 0.653314 2
2013 07 26 18 35 38 0.659970 2
2013 07 26 18 35 39 0.331010 2
2013 07 26 18 35 40 0.337666 2
2013 07 26 18 35 41 0.008706 2
2013 07 26 18 35 42 0.015362 2
2013 07 26 18 35 43 0.357634 2
2013 07 26 18 35 44 0.028674 2
2013 07 26 18 35 45 0.035330 2
2013 07 26 18 35 45 0.370946 2
2013 07 26 18 35 46 0.377346 2
2013 07 26 18 35 47 0.384258 2
2013 07 26 18 35 48 0.390658 2
2013 07 26 18 35 49 0.397314 2
2013 07 26 18 35 50 0.068610 2
2013 07 26 18 35 51 0.075010 2
2013 07 26 18 35 52 0.081666 2
2013 07 26 18 35 52 0.752898 2
2013 07 26 18 35 53 0.759298 2
2013 07 26 18 35 54 0.766210 2
2013 07 26 18 35 56 0.108290 2
2013 07 26 18 35 57 0.114690 2
2013 07 26 18 35 58 0.121602 2
2013 07 26 18 35 58 0.792578 2
2013 07 26 18 36 00 0.134914 2
2013 07 26 18 36 00 0.805890 2
2013 07 26 18 36 01 0.812290 2
2013 07 26 18 36 03 0.154626 2
2013 07 26 18 36 04 0.161282 2
2013 07 26 18 36 05 0.167938 2
2013 07 26 18 36 06 0.509954 2
2013 07 26 18 36 07 0.516866 2
2013 07 26 18 36 08 0.523266 2
2013 07 26 18 36 09 0.865538 2
2013 07 26 18 36 10 0.872194 2
2013 07 26 18 36 11 0.878594 2
2013 07 26 18 36 12 0.885506 2
2013 07 26 18 36 13 0.891906 2
2013 07 26 18 36 14 0.898818 2
2013 07 26 18 36 15 0.569858 2
2013 07 26 18 36 16 0.240898 2
2013 07 26 18 36 17 0.247298 2
2013 07 26 18 36 17 0.583170 2
2013 07 26 18 36 18 0.589570 2
2013 07 26 18 36 19 0.931842 2
2013 07 26 18 36 20 0.938498 2
2013 07 26 18 36 21 0.609538 2
2013 07 26 18 36 23 0.287234 2
2013 07 26 18 36 23 0.958210 2
2013 07 26 18 36 24 0.965122 2
2013 07 26 18 36 26 0.307202 2
2013 07 26 18 36 27 0.313602 2
2013 07 26 18 36 28 0.320514 2
2013 07 26 18 36 29 0.326914 2
2013 07 26 18 36 30 0.333826 2
2013 07 26 18 36 31 0.675842 2
2013 07 26 18 36 32 0.682498 2
2013 07 26 18 36 34 0.024578 2
2013 07 26 18 36 35 0.366850 2
2013 07 26 18 36 36 0.373506 2
2013 07 26 18 36 37 0.379906 2
2013 07 26 18 36 38 0.386818 2
2013 07 26 18 36 39 0.057858 2
2013 07 26 18 36 40 0.400130 2
2013 07 26 18 36 41 0.742146 2
2013 07 26 18 36 43 0.084482 2
2013 07 26 18 36 44 0.426498 2
2013 07 26 18 36 46 0.104194 2
2013 07 26 18 36 47 0.110850 2
2013 07 26 18 36 48 0.453122 2
2013 07 26 18 36 49 0.459522 2
2013 07 26 18 36 50 0.801794 2
2013 07 26 18 36 52 0.479746 2
2013 07 26 18 36 53 0.486146 2
2013 07 26 18 36 56 0.506114 2
2013 07 26 18 36 58 0.183810 2
2013 07 26 18 36 59 0.190466 2
2013 07 26 18 37 00 0.868098 2
2013 07 26 18 37 02 0.546050 2
2013 07 26 18 37 03 0.888066 2
2013 07 26 18 37 05 0.230146 2
2013 07 26 18 37 06 0.907778 2
2013 07 26 18 37 07 0.914690 2
2013 07 26 18 37 08 0.585730 2
2013 07 26 18 37 10 0.263426 2
2013 07 26 18 37 11 0.605442 2
2013 07 26 18 37 13 0.283394 2
2013 07 26 18 37 14 0.289794 2
2013 07 26 18 37 14 0.625666 2
2013 07 26 18 37 16 0.638722 2
2013 07 26 18 37 18 0.316418 2
2013 07 26 18 37 19 0.658434 2
2013 07 26 18 37 20 0.665346 2
2013 07 26 18 37 21 0.671746 2
2013 07 26 18 37 23 0.014082 2
2013 07 26 18 37 24 0.356098 2
2013 07 26 18 37 26 0.034050 2
2013 07 26 18 37 27 0.040450 2
2013 07 26 18 37 28 0.047362 2
2013 07 26 18 37 29 0.724738 2
2013 07 26 18 37 31 0.067074 2
2013 07 26 18 37 31 0.738050 2
2013 07 26 18 37 33 0.416002 2
2013 07 26 18 37 34 0.758018 2
2013 07 26 18 37 36 0.435714 2
2013 07 26 18 37 37 0.442370 2
2013 07 26 18 37 39 0.455682 2
2013 07 26 18 37 40 0.126978 2
2013 07 26 18 37 42 0.140034 2
2013 07 26 18 37 42 0.475394 2
2013 07 26 18 37 43 0.817666 2
2013 07 26 18 37 45 0.159746 2
2013 07 26 18 37 46 0.837634 2
2013 07 26 18 37 47 0.508674 2
2013 07 26 18 37 49 0.186370 2
2013 07 26 18 37 51 0.199682 2
2013 07 26 18 37 51 0.535298 2
2013 07 26 18 37 52 0.877570 2
2013 07 26 18 37 54 0.219650 2
2013 07 26 18 37 55 0.897282 2
2013 07 26 18 37 57 0.574978 2
2013 07 26 18 37 58 0.246274 2
2013 07 26 18 37 59 0.923650 2
2013 07 26 18 38 00 0.930562 2
2013 07 26 18 38 02 0.608002 2
2013 07 26 18 38 03 0.950274 2
2013 07 26 18 38 05 0.628226 2
2013 07 26 18 38 07 0.305666 2
2013 07 26 18 38 07 0.976898 2
2013 07 26 18 38 09 0.989954 2
2013 07 26 18 38 10 0.996866 2
2013 07 26 18 38 11 0.667906 2
2013 07 26 18 38 13 0.009986 2
2013 07 26 18 38 15 0.023298 2
2013 07 26 18 38 16 0.365570 2
2013 07 26 18 38 17 0.707586 2
2013 07 26 18 38 19 0.385282 2
2013 07 26 18 38 20 0.727554 2
2013 07 26 18 38 22 0.740610 2
2013 07 26 18 38 23 0.747522 2
2013 07 26 18 38 25 0.089602 2
2013 07 26 18 38 26 0.767234 2
2013 07 26 18 38 27 0.438274 2
2013 07 26 18 38 29 0.116226 2
2013 07 26 18 38 30 0.122626 2
2013 07 26 18 38 31 0.464898 2
2013 07 26 18 38 32 0.806914 2
2013 07 26 18 38 34 0.149250 2
2013 07 26 18 38 35 0.491266 2
2013 07 26 18 38 37 0.169218 2
2013 07 26 18 38 38 0.175618 2
2013 07 26 18 38 39 0.853506 2
2013 07 26 18 38 41 0.531202 2
2013 07 26 18 38 41 0.866818 2
2013 07 26 18 38 43 0.544514 2
2013 07 26 18 38 44 0.886530 2
2013 07 26 18 38 46 0.228866 2
2013 07 26 18 38 47 0.570882 2
2013 07 26 18 38 48 0.913154 2
2013 07 26 18 38 49 0.919810 2
2013 07 26 18 38 50 0.926466 2
2013 07 26 18 38 51 0.597506 2
2013 07 26 18 38 52 0.604162 2
2013 07 26 18 38 53 0.946434 2
2013 07 26 18 38 55 0.959746 2
2013 07 26 18 38 56 0.966146 2
2013 07 26 18 38 58 0.308226 2
2013 07 26 18 38 59 0.650498 2
2013 07 26 18 39 00 0.992770 2
2013 07 26 18 39 02 0.670466 2
2013 07 26 18 39 03 0.005890 2
2013 07 26 18 39 03 0.677122 2
2013 07 26 18 39 05 0.690178 2
2013 07 26 18 39 07 0.032514 2
2013 07 26 18 39 08 0.710402 2
2013 07 26 18 39 09 0.716802 2
2013 07 26 18 39 10 0.052482 2
2013 07 26 18 39 11 0.058882 2
2013 07 26 18 39 12 0.736770 2
2013 07 26 18 39 14 0.079106 2
2013 07 26 18 39 14 0.750082 2
2013 07 26 18 39 16 0.427778 2
2013 07 26 18 39 17 0.769794 2
2013 07 26 18 39 18 0.776706 2
2013 07 26 18 39 19 0.783106 2
2013 07 26 18 39 22 0.132098 2
2013 07 26 18 39 23 0.138498 2
2013 07 26 18 39 24 0.480770 2
2013 07 26 18 39 24 0.816386 2
2013 07 26 18 39 25 0.822786 2
2013 07 26 18 39 27 0.836098 2
2013 07 26 18 39 28 0.507394 2
2013 07 26 18 39 28 0.843010 2
2013 07 26 18 39 30 0.185090 2
2013 07 26 18 39 31 0.191490 2
2013 07 26 18 39 32 0.533762 2
2013 07 26 18 39 33 0.876034 2
2013 07 26 18 39 35 0.218114 2
2013 07 26 18 39 36 0.560386 2
2013 07 26 18 39 38 0.238082 2
2013 07 26 18 39 39 0.580354 2
2013 07 26 18 39 41 0.257794 2
2013 07 26 18 39 42 0.264706 2
2013 07 26 18 39 44 0.278018 2
2013 07 26 18 39 45 0.284418 2
2013 07 26 18 39 46 0.626690 2
2013 07 26 18 39 48 0.304386 2
2013 07 26 18 39 48 0.975618 2
2013 07 26 18 39 49 0.646658 2
2013 07 26 18 39 51 0.324354 2
2013 07 26 18 39 52 0.666370 2
2013 07 26 18 39 54 0.008450 2
2013 07 26 18 39 56 0.021762 2
2013 07 26 18 39 56 0.692994 2
2013 07 26 18 39 58 0.035074 2
2013 07 26 18 39 59 0.041986 2
2013 07 26 18 40 00 0.719362 2
2013 07 26 18 40 02 0.061698 2
2013 07 26 18 40 03 0.403714 2
2013 07 26 18 40 04 0.745986 2
2013 07 26 18 40 06 0.088066 2
2013 07 26 18 40 07 0.094978 2
2013 07 26 18 40 09 0.108290 2
2013 07 26 18 40 09 0.779266 2
2013 07 26 18 40 10 0.785666 2
2013 07 26 18 40 12 0.463618 2
2013 07 26 18 40 13 0.470018 2
2013 07 26 18 40 15 0.147970 2
2013 07 26 18 40 16 0.490242 2
2013 07 26 18 40 18 0.503298 2
2013 07 26 18 40 19 0.509954 2
2013 07 26 18 40 21 0.187650 2
2013 07 26 18 40 22 0.865282 2
2013 07 26 18 40 23 0.536322 2
2013 07 26 18 40 25 0.549634 2
2013 07 26 18 40 26 0.556546 2
2013 07 26 18 40 27 0.898562 2
2013 07 26 18 40 28 0.904962 2
2013 07 26 18 40 30 0.582914 2
2013 07 26 18 40 32 0.260610 2
2013 07 26 18 40 32 0.931586 2
2013 07 26 18 40 33 0.938498 2
2013 07 26 18 40 35 0.280578 2
2013 07 26 18 40 37 0.293890 2
2013 07 26 18 40 38 0.971522 2
2013 07 26 18 40 40 0.313602 2
2013 07 26 18 40 41 0.655874 2
2013 07 26 18 40 42 0.662530 2
2013 07 26 18 40 44 0.004610 2
2013 07 26 18 40 45 0.346882 2
2013 07 26 18 40 46 0.689154 2
2013 07 26 18 40 47 0.360194 2
2013 07 26 18 40 48 0.366594 2
2013 07 26 18 40 49 0.037634 2
2013 07 26 18 40 51 0.386562 2
2013 07 26 18 40 52 0.728834 2
2013 07 26 18 40 53 0.735234 2
2013 07 26 18 40 55 0.077570 2
2013 07 26 18 40 56 0.755458 2
2013 07 26 18 40 58 0.097538 2
2013 07 26 18 40 59 0.103938 2
2013 07 26 18 40 59 0.775170 2
2013 07 26 18 41 01 0.117250 2
2013 07 26 18 41 01 0.788226 2
2013 07 26 18 41 02 0.795138 2
2013 07 26 18 41 04 0.472578 2
2013 07 26 18 41 05 0.479490 2
2013 07 26 18 41 07 0.156930 2
2013 07 26 18 41 09 0.170242 2
2013 07 26 18 41 10 0.177154 2
2013 07 26 18 41 12 0.190466 2
2013 07 26 18 41 13 0.532482 2
2013 07 26 18 41 14 0.538882 2
2013 07 26 18 41 15 0.210178 2
2013 07 26 18 41 16 0.552194 2
2013 07 26 18 41 17 0.894466 2
2013 07 26 18 41 18 0.901122 2
2013 07 26 18 41 20 0.578818 2
2013 07 26 18 41 22 0.592130 2
2013 07 26 18 41 23 0.934146 2
2013 07 26 18 41 25 0.276482 2
2013 07 26 18 41 26 0.618498 2
2013 07 26 18 41 27 0.289538 2
2013 07 26 18 41 29 0.302850 2
2013 07 26 18 41 30 0.980738 2
2013 07 26 18 41 31 0.987138 2
2013 07 26 18 41 33 0.665090 2
2013 07 26 18 41 35 0.342786 2
2013 07 26 18 41 36 0.684802 2
2013 07 26 18 41 37 0.691714 2
2013 07 26 18 41 38 0.698114 2
2013 07 26 18 41 39 0.704770 2
2013 07 26 18 41 41 0.718082 2
2013 07 26 18 41 43 0.395778 2
2013 07 26 18 41 44 0.737794 2
2013 07 26 18 41 46 0.415746 2
2013 07 26 18 41 47 0.422146 2
2013 07 26 18 41 48 0.429058 2
2013 07 26 18 41 49 0.435458 2
2013 07 26 18 41 50 0.777730 2
2013 07 26 18 41 51 0.448770 2
2013 07 26 18 41 51 0.784386 2
2013 07 26 18 41 53 0.126722 2
2013 07 26 18 41 54 0.468738 2
2013 07 26 18 41 55 0.139778 2
2013 07 26 18 41 55 0.811010 2
2013 07 26 18 41 57 0.488450 2
2013 07 26 18 41 58 0.159746 2
2013 07 26 18 41 59 0.501762 2
2013 07 26 18 42 01 0.179714 2
2013 07 26 18 42 02 0.521730 2
2013 07 26 18 42 03 0.864002 2
2013 07 26 18 42 05 0.206082 2
2013 07 26 18 42 06 0.883714 2
2013 07 26 18 42 08 0.226050 2
2013 07 26 18 42 09 0.232706 2
2013 07 26 18 42 09 0.903682 2
2013 07 26 18 42 11 0.246018 2
2013 07 26 18 42 12 0.252418 2
2013 07 26 18 42 13 0.930306 2
2013 07 26 18 42 14 0.936706 2
2013 07 26 18 42 16 0.279042 2
2013 07 26 18 42 17 0.621058 2
2013 07 26 18 42 18 0.627970 2
2013 07 26 18 42 19 0.969986 2
2013 07 26 18 42 20 0.976642 2
2013 07 26 18 42 22 0.318722 2
2013 07 26 18 42 23 0.660994 2
2013 07 26 18 42 25 0.003074 2
2013 07 26 18 42 26 0.345346 2
2013 07 26 18 42 27 0.016386 2
2013 07 26 18 42 28 0.023042 2
2013 07 26 18 42 29 0.700674 2
2013 07 26 18 42 30 0.371714 2
2013 07 26 18 42 31 0.713986 2
2013 07 26 18 42 33 0.056066 2
2013 07 26 18 42 34 0.398338 2
2013 07 26 18 42 35 0.740610 2
2013 07 26 18 42 37 0.082690 2
2013 07 26 18 42 37 0.753666 2
2013 07 26 18 42 39 0.431618 2
2013 07 26 18 42 40 0.438018 2
2013 07 26 18 42 41 0.780290 2
2013 07 26 18 42 43 0.122370 2
2013 07 26 18 42 44 0.464642 2
2013 07 26 18 42 45 0.806914 2
2013 07 26 18 42 46 0.813570 2
2013 07 26 18 42 48 0.491266 2
2013 07 26 18 42 49 0.833282 2
2013 07 26 18 42 51 0.175618 2
2013 07 26 18 42 51 0.846594 2
2013 07 26 18 42 53 0.188930 2
2013 07 26 18 42 54 0.866818 2
2013 07 26 18 42 55 0.537858 2
2013 07 26 18 42 56 0.879874 2
2013 07 26 18 42 59 0.228610 2
2013 07 26 18 43 00 0.235266 2
2013 07 26 18 43 01 0.577538 2
2013 07 26 18 43 02 0.919810 2
2013 07 26 18 43 03 0.926210 2
2013 07 26 18 43 05 0.268546 2
2013 07 26 18 43 06 0.275202 2
2013 07 26 18 43 07 0.281602 2
2013 07 26 18 43 08 0.623874 2
2013 07 26 18 43 09 0.966146 2
2013 07 26 18 43 10 0.637186 2
2013 07 26 18 43 11 0.979458 2
2013 07 26 18 43 13 0.321538 2
2013 07 26 18 43 14 0.328450 2
2013 07 26 18 43 15 0.670466 2
2013 07 26 18 43 16 0.341506 2
2013 07 26 18 43 17 0.012802 2
2013 07 26 18 43 17 0.683778 2
2013 07 26 18 43 19 0.025858 2
2013 07 26 18 43 20 0.032514 2
2013 07 26 18 43 21 0.374530 2
2013 07 26 18 43 22 0.716802 2
2013 07 26 18 43 23 0.723458 2
2013 07 26 18 43 25 0.065794 2
2013 07 26 18 43 26 0.407810 2
2013 07 26 18 43 27 0.750082 2
2013 07 26 18 43 28 0.756738 2
2013 07 26 18 43 29 0.763394 2
2013 07 26 18 43 31 0.105474 2
2013 07 26 18 43 32 0.783106 2
2013 07 26 18 43 34 0.125442 2
2013 07 26 18 43 35 0.467458 2
2013 07 26 18 43 36 0.809730 2
2013 07 26 18 43 38 0.487426 2
2013 07 26 18 43 39 0.829698 2
2013 07 26 18 43 40 0.836354 2
2013 07 26 18 43 42 0.514050 2
2013 07 26 18 43 43 0.520706 2
2013 07 26 18 43 44 0.862722 2
2013 07 26 18 43 46 0.540674 2
2013 07 26 18 43 47 0.882946 2
2013 07 26 18 43 49 0.225026 2
2013 07 26 18 43 50 0.567298 2
2013 07 26 18 43 51 0.573698 2
2013 07 26 18 43 52 0.915970 2
2013 07 26 18 43 53 0.922626 2
2013 07 26 18 43 55 0.264962 2
2013 07 26 18 43 57 0.278018 2
2013 07 26 18 43 58 0.955650 2
2013 07 26 18 44 00 0.633602 2
2013 07 26 18 44 01 0.975618 2
2013 07 26 18 44 03 0.653314 2
2013 07 26 18 44 04 0.659970 2
2013 07 26 18 44 05 0.666626 2
2013 07 26 18 44 07 0.344322 2
2013 07 26 18 44 08 0.686594 2
2013 07 26 18 44 10 0.364290 2
2013 07 26 18 44 11 0.706306 2
2013 07 26 18 44 13 0.384258 2
2013 07 26 18 44 15 0.061954 2
2013 07 26 18 44 16 0.403970 2
2013 07 26 18 44 17 0.410882 2
2013 07 26 18 44 18 0.417282 2
2013 07 26 18 44 19 0.759554 2
2013 07 26 18 44 21 0.437250 2
2013 07 26 18 44 21 0.772866 2
2013 07 26 18 44 22 0.779522 2
2013 07 26 18 44 24 0.121602 2
2013 07 26 18 44 25 0.463874 2
2013 07 26 18 44 26 0.806146 2
2013 07 26 18 44 28 0.483586 2
2013 07 26 18 44 28 0.819202 2
2013 07 26 18 44 29 0.825858 2
2013 07 26 18 44 31 0.503810 2
2013 07 26 18 44 31 0.839170 2
2013 07 26 18 44 32 0.845826 2
2013 07 26 18 44 34 0.188162 2
2013 07 26 18 44 36 0.201474 2
2013 07 26 18 44 37 0.207874 2
2013 07 26 18 44 38 0.885762 2
2013 07 26 18 44 40 0.227842 2
2013 07 26 18 44 41 0.234498 2
2013 07 26 18 44 42 0.576514 2
2013 07 26 18 44 43 0.583426 2
2013 07 26 18 44 44 0.925442 2
2013 07 26 18 44 46 0.267778 2
2013 07 26 18 44 47 0.609794 2
2013 07 26 18 44 48 0.280834 2
2013 07 26 18 44 49 0.958466 2
2013 07 26 18 44 50 0.629762 2
2013 07 26 18 44 51 0.971778 2
2013 07 26 18 44 52 0.978690 2
2013 07 26 18 44 53 0.985090 2
2013 07 26 18 44 55 0.998402 2
2013 07 26 18 44 57 0.005122 2
2013 07 26 18 44 58 0.011522 2
2013 07 26 18 44 59 0.689410 2
2013 07 26 18 45 01 0.031746 2
2013 07 26 18 45 02 0.373762 2
2013 07 26 18 45 03 0.716034 2
2013 07 26 18 45 05 0.393730 2
2013 07 26 18 45 07 0.406786 2
2013 07 26 18 45 08 0.078082 2
2013 07 26 18 45 09 0.420098 2
2013 07 26 18 45 10 0.762370 2
2013 07 26 18 45 12 0.440322 2
2013 07 26 18 45 13 0.782338 2
2013 07 26 18 45 15 0.460034 2
2013 07 26 18 45 17 0.808962 2
2013 07 26 18 45 19 0.151042 2
2013 07 26 18 45 20 0.493314 2
2013 07 26 18 45 22 0.171010 2
2013 07 26 18 45 23 0.513026 2
2013 07 26 18 45 24 0.855298 2
2013 07 26 18 45 26 0.532994 2
2013 07 26 18 45 27 0.539650 2
2013 07 26 18 45 29 0.217602 2
2013 07 26 18 45 29 0.888578 2
2013 07 26 18 45 31 0.230658 2
2013 07 26 18 45 32 0.572930 2
2013 07 26 18 45 34 0.250626 2
2013 07 26 18 45 35 0.257282 2
2013 07 26 18 45 36 0.263682 2
2013 07 26 18 45 37 0.605954 2
2013 07 26 18 45 38 0.612866 2
2013 07 26 18 45 39 0.283906 2
2013 07 26 18 45 39 0.954882 2
2013 07 26 18 45 40 0.625922 2
2013 07 26 18 45 41 0.968194 2
2013 07 26 18 45 43 0.310530 2
2013 07 26 18 45 44 0.316930 2
2013 07 26 18 45 45 0.994818 2
2013 07 26 18 45 47 0.336898 2
2013 07 26 18 45 48 0.343298 2
2013 07 26 18 45 49 0.685570 2
2013 07 26 18 45 50 0.692482 2
2013 07 26 18 45 51 0.363522 2
2013 07 26 18 45 52 0.034562 2
2013 07 26 18 45 53 0.712194 2
2013 07 26 18 45 54 0.718850 2
2013 07 26 18 45 55 0.389890 2
2013 07 26 18 45 56 0.396546 2
2013 07 26 18 45 57 0.738562 2
2013 07 26 18 45 59 0.751874 2
2013 07 26 18 46 00 0.422914 2
2013 07 26 18 46 02 0.100866 2
2013 07 26 18 46 03 0.107266 2
2013 07 26 18 46 04 0.114178 2
2013 07 26 18 46 05 0.456450 2
2013 07 26 18 46 06 0.798466 2
2013 07 26 18 46 07 0.805122 2
2013 07 26 18 46 09 0.147202 2
2013 07 26 18 46 09 0.818178 2
2013 07 26 18 46 11 0.496130 2
2013 07 26 18 46 12 0.502530 2
2013 07 26 18 46 13 0.844802 2
2013 07 26 18 46 14 0.851714 2
2013 07 26 18 46 16 0.193794 2
2013 07 26 18 46 17 0.200194 2
2013 07 26 18 46 18 0.542466 2
2013 07 26 18 46 19 0.549122 2
2013 07 26 18 46 21 0.226818 2
2013 07 26 18 46 22 0.904706 2
2013 07 26 18 46 24 0.246786 2
2013 07 26 18 46 25 0.589058 2
2013 07 26 18 46 26 0.931330 2
2013 07 26 18 46 28 0.608770 2
2013 07 26 18 46 29 0.951042 2
2013 07 26 18 46 31 0.293122 2
2013 07 26 18 46 33 0.642050 2
2013 07 26 18 46 34 0.648706 2
2013 07 26 18 46 35 0.319746 2
2013 07 26 18 46 35 0.990722 2
2013 07 26 18 46 36 0.662018 2
2013 07 26 18 46 38 0.004098 2
2013 07 26 18 46 39 0.346370 2
2013 07 26 18 46 40 0.688386 2
2013 07 26 18 46 41 0.695298 2
2013 07 26 18 46 42 0.701698 2
2013 07 26 18 46 44 0.043778 2
2013 07 26 18 46 44 0.379650 2
2013 07 26 18 46 46 0.057090 2
2013 07 26 18 46 47 0.064002 2
2013 07 26 18 46 49 0.077058 2
2013 07 26 18 46 50 0.083714 2
2013 07 26 18 46 51 0.090370 2
2013 07 26 18 46 52 0.097026 2
2013 07 26 18 46 53 0.439042 2
2013 07 26 18 46 54 0.110338 2
2013 07 26 18 46 55 0.452354 2
2013 07 26 18 46 57 0.465666 2
2013 07 26 18 46 58 0.472578 2
2013 07 26 18 46 59 0.478978 2
2013 07 26 18 47 00 0.821250 2
2013 07 26 18 47 02 0.163330 2
2013 07 26 18 47 03 0.841218 2
2013 07 26 18 47 05 0.518658 2
2013 07 26 18 47 06 0.525570 2
2013 07 26 18 47 07 0.531970 2
2013 07 26 18 47 09 0.209922 2
2013 07 26 18 47 10 0.216322 2
2013 07 26 18 47 11 0.558594 2
2013 07 26 18 47 11 0.894210 2
2013 07 26 18 47 13 0.236546 2
2013 07 26 18 47 14 0.242946 2
2013 07 26 18 47 15 0.249602 2
2013 07 26 18 47 16 0.927234 2
2013 07 26 18 47 18 0.269570 2
2013 07 26 18 47 19 0.276226 2
2013 07 26 18 47 20 0.953858 2
2013 07 26 18 47 21 0.960514 2
2013 07 26 18 47 23 0.638210 2
2013 07 26 18 47 24 0.980482 2
2013 07 26 18 47 26 0.322562 2
2013 07 26 18 47 28 0.000514 2
2013 07 26 18 47 28 0.671490 2
2013 07 26 18 47 30 0.013826 2
2013 07 26 18 47 31 0.020226 2
2013 07 26 18 47 32 0.698114 2
2013 07 26 18 47 34 0.375554 2
2013 07 26 18 47 35 0.046594 2
2013 07 26 18 47 36 0.388866 2
2013 07 26 18 47 37 0.731138 2
2013 07 26 18 47 39 0.073218 2
2013 07 26 18 47 39 0.744450 2
2013 07 26 18 47 41 0.422146 2
2013 07 26 18 47 42 0.428802 2
2013 07 26 18 47 43 0.770818 2
2013 07 26 18 47 45 0.113154 2
2013 07 26 18 47 45 0.448770 2
2013 07 26 18 47 47 0.797442 2
2013 07 26 18 47 48 0.133122 2
2013 07 26 18 47 49 0.475138 2
2013 07 26 18 47 50 0.817410 2
2013 07 26 18 47 52 0.495106 2
2013 07 26 18 47 53 0.837122 2
2013 07 26 18 47 55 0.179458 2
2013 07 26 18 47 56 0.521474 2
2013 07 26 18 47 58 0.199426 2
2013 07 26 18 47 58 0.534786 2
2013 07 26 18 48 00 0.548098 2
2013 07 26 18 48 01 0.890370 2
2013 07 26 18 48 02 0.897026 2
2013 07 26 18 48 04 0.239362 2
2013 07 26 18 48 06 0.588034 2
2013 07 26 18 48 07 0.259074 2
2013 07 26 18 48 08 0.601090 2
2013 07 26 18 48 09 0.608002 2
2013 07 26 18 48 11 0.285698 2
2013 07 26 18 48 12 0.963586 2
2013 07 26 18 48 14 0.305666 2
2013 07 26 18 48 15 0.647938 2
2013 07 26 18 48 16 0.989954 2
2013 07 26 18 48 17 0.996354 2
2013 07 26 18 48 19 0.338690 2
2013 07 26 18 48 20 0.680706 2
2013 07 26 18 48 22 0.358658 2
2013 07 26 18 48 23 0.365314 2
2013 07 26 18 48 25 0.043010 2
2013 07 26 18 48 26 0.720642 2
2013 07 26 18 48 28 0.398594 2
2013 07 26 18 48 29 0.740610 2
2013 07 26 18 48 31 0.082946 2
2013 07 26 18 48 32 0.089346 2
2013 07 26 18 48 33 0.096002 2
2013 07 26 18 48 34 0.102658 2
2013 07 26 18 48 35 0.109314 2
2013 07 26 18 48 36 0.115970 2
2013 07 26 18 48 36 0.451586 2
2013 07 26 18 48 37 0.793858 2
2013 07 26 18 48 39 0.135938 2
2013 07 26 18 48 40 0.478210 2
2013 07 26 18 48 41 0.484610 2
2013 07 26 18 48 42 0.155650 2
2013 07 26 18 48 43 0.162562 2
2013 07 26 18 48 45 0.175618 2
2013 07 26 18 48 45 0.846850 2
2013 07 26 18 48 46 0.853250 2
2013 07 26 18 48 47 0.524290 2
2013 07 26 18 48 49 0.202242 2
2013 07 26 18 48 51 0.215554 2
2013 07 26 18 48 52 0.557826 2
2013 07 26 18 48 54 0.570882 2
2013 07 26 18 48 55 0.577538 2
2013 07 26 18 48 57 0.590850 2
2013 07 26 18 48 58 0.932866 2
2013 07 26 18 49 00 0.610818 2
2013 07 26 18 49 01 0.617218 2
2013 07 26 18 49 02 0.624130 2
2013 07 26 18 49 03 0.630530 2
2013 07 26 18 49 04 0.972802 2
2013 07 26 18 49 05 0.979458 2
2013 07 26 18 49 06 0.650498 2
2013 07 26 18 49 08 0.328194 2
2013 07 26 18 49 09 0.334850 2
2013 07 26 18 49 10 0.006146 2
2013 07 26 18 49 11 0.348162 2
2013 07 26 18 49 13 0.025858 2
2013 07 26 18 49 14 0.368130 2
2013 07 26 18 49 15 0.039170 2
2013 07 26 18 49 16 0.717058 2
2013 07 26 18 49 17 0.723458 2
2013 07 26 18 49 19 0.065538 2
2013 07 26 18 49 20 0.743426 2
2013 07 26 18 49 21 0.750082 2
2013 07 26 18 49 22 0.756738 2
2013 07 26 18 49 23 0.763138 2
2013 07 26 18 49 24 0.434434 2
2013 07 26 18 49 26 0.112130 2
2013 07 26 18 49 27 0.118786 2
2013 07 26 18 49 28 0.460802 2
2013 07 26 18 49 29 0.467714 2
2013 07 26 18 49 30 0.474114 2
2013 07 26 18 49 31 0.145154 2
2013 07 26 18 49 32 0.152066 2
2013 07 26 18 49 32 0.823042 2
2013 07 26 18 49 34 0.836354 2
2013 07 26 18 49 36 0.178690 2
2013 07 26 18 49 37 0.185090 2
2013 07 26 18 49 38 0.527362 2
2013 07 26 18 49 38 0.862978 2
2013 07 26 18 49 39 0.869378 2
2013 07 26 18 49 41 0.547330 2
2013 07 26 18 49 41 0.882690 2
2013 07 26 18 49 43 0.224770 2
2013 07 26 18 49 44 0.567042 2
2013 07 26 18 49 45 0.909314 2
2013 07 26 18 49 47 0.587010 2
2013 07 26 18 49 48 0.593666 2
2013 07 26 18 49 49 0.600322 2
2013 07 26 18 49 50 0.942594 2
2013 07 26 18 49 51 0.948994 2
2013 07 26 18 49 53 0.291074 2
2013 07 26 18 49 54 0.633346 2
2013 07 26 18 49 56 0.982274 2
2013 07 26 18 49 57 0.317698 2
2013 07 26 18 49 58 0.324610 2
2013 07 26 18 50 00 0.002050 2
2013 07 26 18 50 01 0.008962 2
2013 07 26 18 50 02 0.686338 2
2013 07 26 18 50 03 0.357634 2
2013 07 26 18 50 04 0.699650 2
2013 07 26 18 50 05 0.370690 2
2013 07 26 18 50 05 0.706562 2
2013 07 26 18 50 07 0.384002 2
2013 07 26 18 50 08 0.390914 2
2013 07 26 18 50 10 0.739586 2
2013 07 26 18 50 11 0.410626 2
2013 07 26 18 50 12 0.752898 2
2013 07 26 18 50 15 0.101634 2
2013 07 26 18 50 16 0.443906 2
2013 07 26 18 50 18 0.121602 2
2013 07 26 18 50 19 0.463618 2
2013 07 26 18 50 20 0.134914 2
2013 07 26 18 50 22 0.483842 2
2013 07 26 18 50 24 0.161282 2
2013 07 26 18 50 25 0.167938 2
2013 07 26 18 50 26 0.845570 2
2013 07 26 18 50 27 0.852482 2
2013 07 26 18 50 29 0.194562 2
2013 07 26 18 50 30 0.536834 2
2013 07 26 18 50 32 0.214274 2
2013 07 26 18 50 33 0.556546 2
2013 07 26 18 50 34 0.898818 2
2013 07 26 18 50 35 0.234498 2
2013 07 26 18 50 36 0.240898 2
2013 07 26 18 50 37 0.583170 2
2013 07 26 18 50 38 0.925186 2
2013 07 26 18 50 40 0.267522 2
2013 07 26 18 50 41 0.609538 2
2013 07 26 18 50 43 0.287490 2
2013 07 26 18 50 45 0.300802 2
2013 07 26 18 50 45 0.971778 2
2013 07 26 18 50 47 0.985090 2
2013 07 26 18 50 48 0.656130 2
2013 07 26 18 50 50 0.333826 2
2013 07 26 18 50 52 0.011522 2
2013 07 26 18 50 54 0.024834 2
2013 07 26 18 50 55 0.702466 2
2013 07 26 18 50 57 0.380418 2
2013 07 26 18 50 59 0.729090 2
2013 07 26 18 51 00 0.400130 2
2013 07 26 18 51 01 0.742402 2
2013 07 26 18 51 03 0.755714 2
2013 07 26 18 51 04 0.091394 2
2013 07 26 18 51 05 0.433410 2
2013 07 26 18 51 07 0.111106 2
2013 07 26 18 51 09 0.460034 2
2013 07 26 18 51 10 0.802306 2
2013 07 26 18 51 12 0.144386 2
2013 07 26 18 51 13 0.150786 2
2013 07 26 18 51 14 0.493058 2
2013 07 26 18 51 15 0.499714 2
2013 07 26 18 51 16 0.841986 2
2013 07 26 18 51 18 0.519682 2
2013 07 26 18 51 18 0.855298 2
2013 07 26 18 51 20 0.197378 2
2013 07 26 18 51 21 0.875010 2
2013 07 26 18 51 23 0.552962 2
2013 07 26 18 51 24 0.559362 2
2013 07 26 18 51 25 0.901634 2
2013 07 26 18 51 27 0.243714 2
2013 07 26 18 51 28 0.585986 2
2013 07 26 18 51 29 0.928002 2
2013 07 26 18 51 31 0.941314 2
2013 07 26 18 51 32 0.948226 2
2013 07 26 18 51 33 0.954626 2
2013 07 26 18 51 35 0.632578 2
2013 07 26 18 51 36 0.638978 2
2013 07 26 18 51 37 0.981250 2
2013 07 26 18 51 38 0.652290 2
2013 07 26 18 51 39 0.994306 2
2013 07 26 18 51 41 0.001282 2
2013 07 26 18 51 42 0.678658 2
2013 07 26 18 51 44 0.356610 2
2013 07 26 18 51 45 0.027650 2
2013 07 26 18 51 46 0.705282 2
2013 07 26 18 51 47 0.712194 2
2013 07 26 18 51 48 0.718594 2
2013 07 26 18 51 49 0.725250 2
2013 07 26 18 51 51 0.067586 2
2013 07 26 18 51 52 0.409602 2
2013 07 26 18 51 53 0.751874 2
2013 07 26 18 51 55 0.093954 2
2013 07 26 18 51 57 0.107266 2
2013 07 26 18 51 58 0.784898 2
2013 07 26 18 52 00 0.462850 2
2013 07 26 18 52 00 0.798210 2
2013 07 26 18 52 02 0.475906 2
2013 07 26 18 52 04 0.489218 2
2013 07 26 18 52 05 0.831490 2
2013 07 26 18 52 06 0.166914 2
2013 07 26 18 52 08 0.180226 2
2013 07 26 18 52 08 0.515842 2
2013 07 26 18 52 09 0.858114 2
2013 07 26 18 52 10 0.864514 2
2013 07 26 18 52 12 0.206594 2
2013 07 26 18 52 13 0.548866 2
2013 07 26 18 52 14 0.555778 2
2013 07 26 18 52 15 0.897794 2
2013 07 26 18 52 16 0.568834 2
2013 07 26 18 52 17 0.911106 2
2013 07 26 18 52 18 0.917506 2
2013 07 26 18 52 20 0.259842 2
2013 07 26 18 52 21 0.937730 2
2013 07 26 18 52 22 0.944130 2
2013 07 26 18 52 24 0.286210 2
2013 07 26 18 52 25 0.628482 2
2013 07 26 18 52 27 0.306434 2
2013 07 26 18 52 28 0.312834 2
2013 07 26 18 52 29 0.990722 2
2013 07 26 18 52 31 0.332802 2
2013 07 26 18 52 32 0.675074 2
2013 07 26 18 52 33 0.681474 2
2013 07 26 18 52 35 0.359426 2
2013 07 26 18 52 37 0.037122 2
2013 07 26 18 52 37 0.708098 2
2013 07 26 18 52 39 0.385794 2
2013 07 26 18 52 40 0.728066 2
2013 07 26 18 52 41 0.063490 2
2013 07 26 18 52 42 0.741378 2
2013 07 26 18 52 44 0.083458 2
2013 07 26 18 52 45 0.425730 2
2013 07 26 18 52 46 0.768002 2
2013 07 26 18 52 48 0.110082 2
2013 07 26 18 52 49 0.787714 2
2013 07 26 18 52 50 0.458754 2
2013 07 26 18 52 51 0.801026 2
2013 07 26 18 52 53 0.478722 2
2013 07 26 18 52 55 0.156418 2
2013 07 26 18 52 56 0.163074 2
2013 07 26 18 52 58 0.847618 2
2013 07 26 18 52 59 0.854018 2
2013 07 26 18 53 01 0.531970 2
2013 07 26 18 53 03 0.209410 2
2013 07 26 18 53 04 0.551682 2
2013 07 26 18 53 06 0.564994 2
2013 07 26 18 53 08 0.578306 2
2013 07 26 18 53 09 0.920322 2
2013 07 26 18 53 11 0.598274 2
2013 07 26 18 53 13 0.611586 2
2013 07 26 18 53 14 0.953602 2
2013 07 26 18 53 16 0.295938 2
2013 07 26 18 53 17 0.302338 2
2013 07 26 18 53 19 0.315650 2
2013 07 26 18 53 20 0.657666 2
2013 07 26 18 53 21 0.328962 2
2013 07 26 18 53 23 0.342018 2
2013 07 26 18 53 25 0.355330 2
2013 07 26 18 53 26 0.697602 2
2013 07 26 18 53 27 0.033282 2
2013 07 26 18 53 28 0.039682 2
2013 07 26 18 53 29 0.717570 2
2013 07 26 18 53 31 0.395266 2
2013 07 26 18 53 32 0.737282 2
2013 07 26 18 53 34 0.079618 2
2013 07 26 18 53 35 0.421634 2
2013 07 26 18 53 36 0.763906 2
2013 07 26 18 53 38 0.105986 2
2013 07 26 18 53 39 0.783874 2
2013 07 26 18 53 40 0.454914 2
2013 07 26 18 53 41 0.797186 2
2013 07 26 18 53 43 0.139522 2
2013 07 26 18 53 44 0.481538 2
2013 07 26 18 53 45 0.823810 2
2013 07 26 18 53 47 0.165890 2
2013 07 26 18 53 48 0.843522 2
2013 07 26 18 53 50 0.185602 2
2013 07 26 18 53 51 0.192514 2
2013 07 26 18 53 52 0.534786 2
2013 07 26 18 53 54 0.212226 2
2013 07 26 18 53 55 0.890114 2
2013 07 26 18 53 57 0.232194 2
2013 07 26 18 53 58 0.574466 2
2013 07 26 18 53 59 0.245506 2
2013 07 26 18 54 00 0.252162 2
2013 07 26 18 54 02 0.265218 2
2013 07 26 18 54 03 0.607490 2
2013 07 26 18 54 05 0.285442 2
2013 07 26 18 54 05 0.620802 2
2013 07 26 18 54 06 0.627458 2
2013 07 26 18 54 07 0.298498 2
2013 07 26 18 54 08 0.976130 2
2013 07 26 18 54 09 0.983042 2
2013 07 26 18 54 11 0.325122 2
2013 07 26 18 54 11 0.996354 2
2013 07 26 18 54 13 0.673794 2
2013 07 26 18 54 15 0.015874 2
2013 07 26 18 54 16 0.358146 2
2013 07 26 18 54 17 0.700418 2
2013 07 26 18 54 18 0.707074 2
2013 07 26 18 54 20 0.049410 2
2013 07 26 18 54 21 0.391426 2
2013 07 26 18 54 22 0.733698 2
2013 07 26 18 54 23 0.740098 2
2013 07 26 18 54 25 0.082434 2
2013 07 26 18 54 26 0.424450 2
2013 07 26 18 54 27 0.431362 2
2013 07 26 18 54 28 0.773378 2
2013 07 26 18 54 30 0.115714 2
2013 07 26 18 54 31 0.457730 2
2013 07 26 18 54 32 0.800002 2
2013 07 26 18 54 33 0.806402 2
2013 07 26 18 54 35 0.148738 2
2013 07 26 18 54 36 0.826626 2
2013 07 26 18 54 38 0.168706 2
2013 07 26 18 54 39 0.510978 2
2013 07 26 18 54 40 0.852994 2
2013 07 26 18 54 41 0.524034 2
2013 07 26 18 54 42 0.530690 2
2013 07 26 18 54 43 0.872706 2
2013 07 26 18 54 45 0.215042 2
2013 07 26 18 54 46 0.557058 2
2013 07 26 18 54 48 0.235010 2
2013 07 26 18 54 48 0.906242 2
2013 07 26 18 54 49 0.577282 2
2013 07 26 18 54 50 0.919298 2
2013 07 26 18 54 52 0.596994 2
2013 07 26 18 54 53 0.603650 2
2013 07 26 18 54 54 0.945922 2
2013 07 26 18 54 56 0.288002 2
2013 07 26 18 54 57 0.630274 2
2013 07 26 18 54 58 0.972546 2
2013 07 26 18 54 59 0.978946 2
2013 07 26 18 55 00 0.985858 2
2013 07 26 18 55 02 0.327938 2
2013 07 26 18 55 03 0.669954 2
2013 07 26 18 55 04 0.676610 2
2013 07 26 18 55 06 0.018690 2
2013 07 26 18 55 07 0.696578 2
2013 07 26 18 55 09 0.374274 2
2013 07 26 18 55 09 0.709890 2
2013 07 26 18 55 10 0.380930 2
2013 07 26 18 55 12 0.394242 2
2013 07 26 18 55 13 0.065282 2
2013 07 26 18 55 14 0.071938 2
2013 07 26 18 55 14 0.742914 2
2013 07 26 18 55 16 0.420866 2
2013 07 26 18 55 18 0.433922 2
2013 07 26 18 55 20 0.111618 2
2013 07 26 18 55 21 0.789506 2
2013 07 26 18 55 23 0.131586 2
2013 07 26 18 55 25 0.144898 2
2013 07 26 18 55 27 0.158210 2
2013 07 26 18 55 27 0.493570 2
2013 07 26 18 55 29 0.171522 2
2013 07 26 18 55 30 0.177922 2
2013 07 26 18 55 31 0.520194 2
2013 07 26 18 55 33 0.197890 2
2013 07 26 18 55 34 0.204546 2
2013 07 26 18 55 35 0.211202 2
2013 07 26 18 55 36 0.553474 2
2013 07 26 18 55 37 0.895746 2
2013 07 26 18 55 39 0.237826 2
2013 07 26 18 55 40 0.244226 2
2013 07 26 18 55 41 0.586498 2
2013 07 26 18 55 43 0.264450 2
2013 07 26 18 55 44 0.270850 2
2013 07 26 18 55 45 0.612866 2
2013 07 26 18 55 46 0.955138 2
2013 07 26 18 55 48 0.297218 2
2013 07 26 18 55 49 0.639490 2
2013 07 26 18 55 50 0.646402 2
2013 07 26 18 55 51 0.652802 2
2013 07 26 18 55 53 0.330754 2
2013 07 26 18 55 54 0.672770 2
2013 07 26 18 55 56 0.350466 2
2013 07 26 18 55 57 0.692482 2
2013 07 26 18 55 59 0.034818 2
2013 07 26 18 56 00 0.376834 2
2013 07 26 18 56 01 0.048130 2
2013 07 26 18 56 02 0.054786 2
2013 07 26 18 56 03 0.397058 2
2013 07 26 18 56 04 0.739074 2
2013 07 26 18 56 05 0.410370 2
2013 07 26 18 56 06 0.752386 2
2013 07 26 18 56 08 0.094466 2
2013 07 26 18 56 09 0.772098 2
2013 07 26 18 56 11 0.114434 2
2013 07 26 18 56 12 0.792322 2
2013 07 26 18 56 14 0.134402 2
2013 07 26 18 56 15 0.812034 2
2013 07 26 18 56 17 0.154114 2
2013 07 26 18 56 18 0.496386 2
2013 07 26 18 56 19 0.838402 2
2013 07 26 18 56 20 0.509698 2
2013 07 26 18 56 22 0.522754 2
2013 07 26 18 56 23 0.865026 2
2013 07 26 18 56 24 0.536066 2
2013 07 26 18 56 26 0.549378 2
2013 07 26 18 56 27 0.891650 2
2013 07 26 18 56 28 0.898306 2
2013 07 26 18 56 29 0.904962 2
2013 07 26 18 56 31 0.247042 2
2013 07 26 18 56 32 0.924930 2
2013 07 26 18 56 33 0.595970 2
2013 07 26 18 56 34 0.602370 2
2013 07 26 18 56 35 0.944642 2
2013 07 26 18 56 36 0.615682 2
2013 07 26 18 56 37 0.957954 2
2013 07 26 18 56 38 0.964610 2
2013 07 26 18 56 39 0.971266 2
2013 07 26 18 56 41 0.648962 2
2013 07 26 18 56 42 0.655618 2
2013 07 26 18 56 43 0.997634 2
2013 07 26 18 56 45 0.675586 2
2013 07 26 18 56 47 0.017666 2
2013 07 26 18 56 48 0.359938 2
2013 07 26 18 56 49 0.030978 2
2013 07 26 18 56 50 0.037378 2
2013 07 26 18 56 51 0.715266 2
2013 07 26 18 56 52 0.721922 2
2013 07 26 18 56 53 0.728578 2
2013 07 26 18 56 54 0.735234 2
2013 07 26 18 56 55 0.741890 2
2013 07 26 18 56 58 0.090626 2
2013 07 26 18 56 59 0.097282 2
2013 07 26 18 57 00 0.439554 2
2013 07 26 18 57 01 0.445954 2
2013 07 26 18 57 02 0.116994 2
2013 07 26 18 57 03 0.123906 2
2013 07 26 18 57 04 0.130306 2
2013 07 26 18 57 05 0.472578 2
2013 07 26 18 57 07 0.150274 2
2013 07 26 18 57 09 0.163586 2
2013 07 26 18 57 10 0.170242 2
2013 07 26 18 57 11 0.512258 2
2013 07 26 18 57 12 0.854530 2
2013 07 26 18 57 13 0.861186 2
2013 07 26 18 57 14 0.867842 2
2013 07 26 18 57 16 0.545538 2
2013 07 26 18 57 17 0.887810 2
2013 07 26 18 57 18 0.558850 2
2013 07 26 18 57 19 0.901122 2
2013 07 26 18 57 21 0.243202 2
2013 07 26 18 57 22 0.585474 2
2013 07 26 18 57 24 0.262914 2
2013 07 26 18 57 25 0.269826 2
2013 07 26 18 57 26 0.947458 2
2013 07 26 18 57 27 0.954114 2
2013 07 26 18 57 28 0.960514 2
2013 07 26 18 57 30 0.302850 2
2013 07 26 18 57 31 0.980738 2
2013 07 26 18 57 33 0.322818 2
2013 07 26 18 57 35 0.000514 2
2013 07 26 18 57 36 0.342530 2
2013 07 26 18 57 38 0.020482 2
2013 07 26 18 57 39 0.698114 2
2013 07 26 18 57 40 0.704770 2
2013 07 26 18 57 42 0.382466 2
2013 07 26 18 57 43 0.389122 2
2013 07 26 18 57 44 0.731394 2
2013 07 26 18 57 45 0.402434 2
2013 07 26 18 57 47 0.080130 2
2013 07 26 18 57 48 0.757762 2
2013 07 26 18 57 50 0.435458 2
2013 07 26 18 57 51 0.442370 2
2013 07 26 18 57 52 0.448770 2
2013 07 26 18 57 53 0.455426 2
2013 07 26 18 57 54 0.462082 2
2013 07 26 18 57 56 0.475394 2
2013 07 26 18 57 56 0.811010 2
2013 07 26 18 57 58 0.153090 2
2013 07 26 18 57 58 0.488450 2
2013 07 26 18 57 59 0.830722 2
2013 07 26 18 58 01 0.508674 2
2013 07 26 18 58 01 0.844034 2
2013 07 26 18 58 02 0.850690 2
2013 07 26 18 58 04 0.193026 2
2013 07 26 18 58 05 0.535042 2
2013 07 26 18 58 07 0.548354 2
2013 07 26 18 58 08 0.890626 2
2013 07 26 18 58 09 0.897026 2
2013 07 26 18 58 10 0.903682 2
2013 07 26 18 58 12 0.246018 2
2013 07 26 18 58 13 0.252418 2
2013 07 26 18 58 13 0.923650 2
2013 07 26 18 58 15 0.265730 2
2013 07 26 18 58 16 0.608002 2
2013 07 26 18 58 17 0.614658 2
2013 07 26 18 58 19 0.292354 2
2013 07 26 18 58 20 0.970242 2
2013 07 26 18 58 22 0.312322 2
2013 07 26 18 58 23 0.654338 2
2013 07 26 18 58 24 0.325634 2
2013 07 26 18 58 25 0.332034 2
2013 07 26 18 58 27 0.009986 2
2013 07 26 18 58 28 0.016386 2
2013 07 26 18 58 28 0.687618 2
2013 07 26 18 58 30 0.029698 2
2013 07 26 18 58 30 0.700674 2
2013 07 26 18 58 32 0.378626 2
2013 07 26 18 58 34 0.056322 2
2013 07 26 18 58 35 0.398338 2
2013 07 26 18 58 37 0.411650 2
2013 07 26 18 58 38 0.082690 2
2013 07 26 18 58 39 0.424962 2
2013 07 26 18 58 40 0.431618 2
2013 07 26 18 58 42 0.109314 2
2013 07 26 18 58 42 0.780290 2
2013 07 26 18 58 44 0.122626 2
2013 07 26 18 58 45 0.464642 2
2013 07 26 18 58 46 0.806914 2
2013 07 26 18 58 47 0.813570 2
2013 07 26 18 58 49 0.155906 2
2013 07 26 18 58 50 0.497922 2
2013 07 26 18 58 51 0.169218 2
2013 07 26 18 58 52 0.846594 2
2013 07 26 18 58 54 0.188930 2
2013 07 26 18 58 54 0.859906 2
2013 07 26 18 58 55 0.195586 2
2013 07 26 18 58 57 0.208898 2
2013 07 26 18 58 58 0.551170 2
2013 07 26 18 58 59 0.893186 2
2013 07 26 18 59 01 0.235522 2
2013 07 26 18 59 02 0.577538 2
2013 07 26 18 59 03 0.919810 2
2013 07 26 18 59 04 0.926210 2
2013 07 26 18 59 05 0.933122 2
2013 07 26 18 59 07 0.275202 2
2013 07 26 18 59 08 0.952834 2
2013 07 26 18 59 09 0.623874 2
2013 07 26 18 59 10 0.966146 2
2013 07 26 18 59 11 0.637186 2
2013 07 26 18 59 12 0.979458 2
2013 07 26 18 59 15 0.328194 2
2013 07 26 18 59 15 0.999426 2
2013 07 26 18 59 18 0.012546 2
2013 07 26 18 59 20 0.361218 2
2013 07 26 18 59 22 0.039170 2
2013 07 26 18 59 23 0.716802 2
2013 07 26 18 59 24 0.723458 2
2013 07 26 18 59 26 0.401154 2
2013 07 26 18 59 27 0.743170 2
2013 07 26 18 59 28 0.414466 2
2013 07 26 18 59 29 0.756482 2
2013 07 26 18 59 30 0.763394 2
2013 07 26 18 59 32 0.776450 2
2013 07 26 18 59 34 0.118786 2
2013 07 26 18 59 35 0.796418 2
2013 07 26 18 59 36 0.803074 2
2013 07 26 18 59 38 0.816386 2
2013 07 26 18 59 40 0.494082 2
2013 07 26 18 59 41 0.165122 2
2013 07 26 18 59 42 0.507138 2
2013 07 26 18 59 44 0.185090 2
2013 07 26 18 59 46 0.198402 2
2013 07 26 18 59 47 0.876034 2
2013 07 26 18 59 48 0.882690 2
2013 07 26 18 59 50 0.224770 2
2013 07 26 18 59 51 0.902402 2
2013 07 26 18 59 52 0.909314 2
2013 07 26 18 59 54 0.922626 2
2013 07 26 18 59 56 0.600066 2
2013 07 26 18 59 57 0.942338 2
2013 07 26 18 59 59 0.284418 2
2013 07 26 19 00 00 0.291330 2
2013 07 26 19 00 01 0.633602 2
2013 07 26 19 00 02 0.975618 2
2013 07 26 19 00 04 0.653314 2
2013 07 26 19 00 05 0.659970 2
2013 07 26 19 00 06 0.666626 2
2013 07 26 19 00 07 0.337666 2
2013 07 26 19 00 08 0.679682 2
2013 07 26 19 00 10 0.022018 2
2013 07 26 19 00 11 0.364034 2
2013 07 26 19 00 12 0.706306 2
2013 07 26 19 00 14 0.048642 2
2013 07 26 19 00 14 0.719618 2
2013 07 26 19 00 16 0.397570 2
2013 07 26 19 00 17 0.739586 2
2013 07 26 19 00 18 0.746242 2
2013 07 26 19 00 20 0.088322 2
2013 07 26 19 00 21 0.430594 2
2013 07 26 19 00 22 0.772610 2
2013 07 26 19 00 24 0.450562 2
2013 07 26 19 00 25 0.792834 2
2013 07 26 19 00 26 0.799234 2
2013 07 26 19 00 27 0.806146 2
2013 07 26 19 00 29 0.483586 2
2013 07 26 19 00 30 0.490498 2
2013 07 26 19 00 31 0.496898 2
2013 07 26 19 00 33 0.174850 2
2013 07 26 19 00 34 0.516866 2
2013 07 26 19 00 36 0.194562 2
2013 07 26 19 00 37 0.201218 2
2013 07 26 19 00 37 0.872450 2
2013 07 26 19 00 39 0.885762 2
2013 07 26 19 00 40 0.892162 2
2013 07 26 19 00 41 0.899074 2
2013 07 26 19 00 42 0.905474 2
2013 07 26 19 00 44 0.247554 2
2013 07 26 19 00 45 0.254466 2
2013 07 26 19 00 46 0.260866 2
2013 07 26 19 00 47 0.603138 2
2013 07 26 19 00 48 0.274178 2
2013 07 26 19 00 49 0.281090 2
2013 07 26 19 00 50 0.958466 2
2013 07 26 19 00 52 0.300802 2
2013 07 26 19 00 53 0.978690 2
2013 07 26 19 00 54 0.649730 2
2013 07 26 19 00 55 0.992002 2
2013 07 26 19 00 56 0.663042 2
2013 07 26 19 00 57 0.334082 2
2013 07 26 19 01 00 0.018434 2
2013 07 26 19 01 00 0.689666 2
2013 07 26 19 01 01 0.696066 2
2013 07 26 19 01 03 0.038146 2
2013 07 26 19 01 05 0.387074 2
2013 07 26 19 01 07 0.400386 2
2013 07 26 19 01 09 0.078082 2
2013 07 26 19 01 09 0.749058 2
2013 07 26 19 01 11 0.762370 2
2013 07 26 19 01 13 0.775682 2
2013 07 26 19 01 15 0.453634 2
2013 07 26 19 01 16 0.795650 2
2013 07 26 19 01 18 0.137986 2
2013 07 26 19 01 19 0.480002 2
2013 07 26 19 01 21 0.157698 2
2013 07 26 19 01 22 0.835586 2
2013 07 26 19 01 24 0.513026 2
2013 07 26 19 01 24 0.848898 2
2013 07 26 19 01 26 0.526338 2
2013 07 26 19 01 27 0.868610 2
2013 07 26 19 01 29 0.546562 2
2013 07 26 19 01 30 0.552962 2
2013 07 26 19 01 33 0.572930 2
2013 07 26 19 01 34 0.579586 2
2013 07 26 19 01 35 0.921602 2
2013 07 26 19 01 37 0.599554 2
2013 07 26 19 01 39 0.277250 2
2013 07 26 19 01 40 0.955138 2
2013 07 26 19 01 42 0.297218 2
2013 07 26 19 01 43 0.303618 2
2013 07 26 19 01 44 0.981506 2
2013 07 26 19 01 46 0.323842 2
2013 07 26 19 01 48 0.001282 2
2013 07 26 19 01 49 0.008194 2
2013 07 26 19 01 50 0.014594 2
2013 07 26 19 01 51 0.356866 2
2013 07 26 19 01 53 0.034818 2
2013 07 26 19 01 54 0.376834 2
