2013 07 26 18 31 15 0.258050 2
2013 07 26 18 31 18 0.613378 2
2013 07 26 18 31 19 0.955650 2
2013 07 26 18 31 21 0.297730 2
2013 07 26 18 31 22 0.304386 2
2013 07 26 18 31 23 0.311042 2
2013 07 26 18 31 24 0.317698 2
2013 07 26 18 31 25 0.324354 2
2013 07 26 18 31 26 0.331010 2
2013 07 26 18 31 27 0.337410 2
2013 07 26 18 31 28 0.679682 2
2013 07 26 18 31 30 0.357634 2
2013 07 26 18 31 31 0.364034 2
2013 07 26 18 31 32 0.370690 2
2013 07 26 18 31 33 0.712962 2
2013 07 26 18 31 34 0.719618 2
2013 07 26 18 31 35 0.726274 2
2013 07 26 18 31 36 0.397314 2
2013 07 26 18 31 37 0.403714 2
2013 07 26 18 31 38 0.410626 2
2013 07 26 18 31 39 0.417026 2
2013 07 26 18 31 40 0.423938 2
2013 07 26 18 31 41 0.430338 2
2013 07 26 18 31 42 0.437250 2
2013 07 26 18 31 43 0.108290 2
2013 07 26 18 31 44 0.114690 2
2013 07 26 18 31 45 0.121602 2
2013 07 26 18 31 46 0.128002 2
2013 07 26 18 31 47 0.134658 2
2013 07 26 18 31 48 0.141314 2
2013 07 26 18 31 49 0.147970 2
2013 07 26 18 31 50 0.154626 2
2013 07 26 18 31 51 0.161282 2
2013 07 26 18 31 52 0.167682 2
2013 07 26 18 31 53 0.509954 2
2013 07 26 18 31 54 0.516610 2
2013 07 26 18 31 55 0.523266 2
2013 07 26 18 31 56 0.529922 2
2013 07 26 18 31 57 0.536578 2
2013 07 26 18 31 58 0.543234 2
2013 07 26 18 31 59 0.549634 2
2013 07 26 18 32 00 0.556546 2
2013 07 26 18 32 01 0.562946 2
2013 07 26 18 32 02 0.569858 2
2013 07 26 18 32 03 0.576258 2
2013 07 26 18 32 04 0.582914 2
2013 07 26 18 32 05 0.589570 2
2013 07 26 18 32 06 0.596226 2
2013 07 26 18 32 07 0.602882 2
2013 07 26 18 32 08 0.609538 2
2013 07 26 18 32 09 0.615938 2
2013 07 26 18 32 10 0.622850 2
2013 07 26 18 32 11 0.629250 2
2013 07 26 18 32 12 0.636162 2
2013 07 26 18 32 13 0.978178 2
2013 07 26 18 32 14 0.984834 2
2013 07 26 18 32 15 0.991490 2
2013 07 26 18 32 17 0.333570 2
2013 07 26 18 32 18 0.340226 2
2013 07 26 18 32 19 0.682498 2
2013 07 26 18 32 20 0.689154 2
2013 07 26 18 32 22 0.031234 2
2013 07 26 18 32 23 0.037890 2
2013 07 26 18 32 24 0.379906 2
2013 07 26 18 32 25 0.386818 2
2013 07 26 18 32 26 0.729090 2
2013 07 26 18 32 28 0.071170 2
2013 07 26 18 32 29 0.077570 2
2013 07 26 18 32 30 0.755458 2
2013 07 26 18 32 31 0.761858 2
2013 07 26 18 32 32 0.768770 2
2013 07 26 18 32 34 0.110850 2
2013 07 26 18 32 35 0.117506 2
2013 07 26 18 32 36 0.124162 2
2013 07 26 18 32 37 0.130562 2
2013 07 26 18 32 38 0.137474 2
2013 07 26 18 32 39 0.479490 2
2013 07 26 18 32 40 0.486146 2
2013 07 26 18 32 41 0.492802 2
2013 07 26 18 32 42 0.499458 2
2013 07 26 18 32 43 0.506114 2
2013 07 26 18 32 44 0.512514 2
2013 07 26 18 32 45 0.183810 2
2013 07 26 18 32 46 0.190466 2
2013 07 26 18 32 47 0.532738 2
2013 07 26 18 32 48 0.539138 2
2013 07 26 18 32 49 0.546050 2
2013 07 26 18 32 50 0.552450 2
2013 07 26 18 32 51 0.559106 2
2013 07 26 18 32 52 0.901378 2
2013 07 26 18 32 53 0.907778 2
2013 07 26 18 32 54 0.914690 2
2013 07 26 18 32 56 0.256770 2
2013 07 26 18 32 57 0.599042 2
2013 07 26 18 32 58 0.605442 2
2013 07 26 18 32 59 0.612354 2
2013 07 26 18 33 00 0.618754 2
2013 07 26 18 33 01 0.961026 2
2013 07 26 18 33 02 0.967682 2
2013 07 26 18 33 04 0.309762 2
2013 07 26 18 33 05 0.316418 2
2013 07 26 18 33 06 0.323074 2
2013 07 26 18 33 07 0.665346 2
2013 07 26 18 33 08 0.671746 2
2013 07 26 18 33 09 0.678658 2
2013 07 26 18 33 10 0.685058 2
2013 07 26 18 33 12 0.027138 2
2013 07 26 18 33 13 0.034050 2
2013 07 26 18 33 14 0.040450 2
2013 07 26 18 33 15 0.382722 2
2013 07 26 18 33 16 0.389378 2
2013 07 26 18 33 17 0.396034 2
2013 07 26 18 33 18 0.738050 2
2013 07 26 18 33 19 0.744962 2
2013 07 26 18 33 20 0.751362 2
2013 07 26 18 33 22 0.093442 2
2013 07 26 18 33 23 0.100354 2
2013 07 26 18 33 24 0.442370 2
2013 07 26 18 33 25 0.449026 2
2013 07 26 18 33 26 0.791042 2
2013 07 26 18 33 27 0.797954 2
2013 07 26 18 33 28 0.804354 2
2013 07 26 18 33 30 0.146690 2
2013 07 26 18 33 31 0.153346 2
2013 07 26 18 33 32 0.159746 2
2013 07 26 18 33 33 0.166658 2
2013 07 26 18 33 34 0.173058 2
2013 07 26 18 33 35 0.515330 2
2013 07 26 18 33 36 0.521986 2
2013 07 26 18 33 37 0.864258 2
2013 07 26 18 33 38 0.870658 2
2013 07 26 18 33 39 0.877570 2
2013 07 26 18 33 40 0.883970 2
2013 07 26 18 33 42 0.226306 2
2013 07 26 18 33 43 0.232962 2
2013 07 26 18 33 44 0.239362 2
2013 07 26 18 33 45 0.246274 2
2013 07 26 18 33 46 0.252674 2
2013 07 26 18 33 47 0.259586 2
2013 07 26 18 33 48 0.936962 2
2013 07 26 18 33 49 0.272642 2
2013 07 26 18 33 50 0.614914 2
2013 07 26 18 33 51 0.957186 2
2013 07 26 18 33 52 0.963586 2
2013 07 26 18 33 53 0.970242 2
2013 07 26 18 33 54 0.976898 2
2013 07 26 18 33 55 0.983554 2
2013 07 26 18 33 57 0.325634 2
2013 07 26 18 33 58 0.332290 2
2013 07 26 18 33 59 0.338946 2
2013 07 26 18 34 00 0.345602 2
2013 07 26 18 34 01 0.352258 2
2013 07 26 18 34 02 0.358914 2
2013 07 26 18 34 03 0.365570 2
2013 07 26 18 34 04 0.371970 2
2013 07 26 18 34 05 0.378882 2
2013 07 26 18 34 06 0.385282 2
2013 07 26 18 34 07 0.392194 2
2013 07 26 18 34 08 0.398594 2
2013 07 26 18 34 09 0.405250 2
2013 07 26 18 34 10 0.411906 2
2013 07 26 18 34 11 0.418562 2
2013 07 26 18 34 12 0.425218 2
2013 07 26 18 34 13 0.431874 2
2013 07 26 18 34 14 0.438274 2
2013 07 26 18 34 15 0.445186 2
2013 07 26 18 34 16 0.451586 2
2013 07 26 18 34 17 0.458498 2
2013 07 26 18 34 18 0.464898 2
2013 07 26 18 34 19 0.471554 2
2013 07 26 18 34 20 0.478210 2
2013 07 26 18 34 21 0.484866 2
2013 07 26 18 34 22 0.491522 2
2013 07 26 18 34 23 0.498178 2
2013 07 26 18 34 24 0.504578 2
2013 07 26 18 34 25 0.511490 2
2013 07 26 18 34 26 0.517890 2
2013 07 26 18 34 27 0.524802 2
2013 07 26 18 34 28 0.531202 2
2013 07 26 18 34 29 0.538114 2
2013 07 26 18 34 30 0.544514 2
2013 07 26 18 34 31 0.886786 2
2013 07 26 18 34 32 0.893442 2
2013 07 26 18 34 34 0.235522 2
2013 07 26 18 34 35 0.242178 2
2013 07 26 18 34 36 0.248834 2
2013 07 26 18 34 37 0.255490 2
2013 07 26 18 34 38 0.262146 2
2013 07 26 18 34 39 0.604418 2
2013 07 26 18 34 40 0.610818 2
2013 07 26 18 34 41 0.617474 2
2013 07 26 18 34 42 0.624130 2
2013 07 26 18 34 43 0.966146 2
2013 07 26 18 34 45 0.308482 2
2013 07 26 18 34 46 0.315138 2
2013 07 26 18 34 46 0.986370 2
2013 07 26 18 34 47 0.992770 2
2013 07 26 18 34 49 0.334850 2
2013 07 26 18 34 50 0.006146 2
2013 07 26 18 34 51 0.012802 2
2013 07 26 18 34 52 0.019202 2
2013 07 26 18 34 53 0.361474 2
2013 07 26 18 34 54 0.368130 2
2013 07 26 18 34 55 0.374786 2
2013 07 26 18 34 56 0.716802 2
2013 07 26 18 34 57 0.723714 2
2013 07 26 18 34 58 0.730114 2
2013 07 26 18 34 59 0.737026 2
2013 07 26 18 35 01 0.079106 2
2013 07 26 18 35 02 0.085506 2
2013 07 26 18 35 03 0.092418 2
2013 07 26 18 35 04 0.098818 2
2013 07 26 18 35 05 0.441090 2
2013 07 26 18 35 06 0.447746 2
2013 07 26 18 35 07 0.790018 2
2013 07 26 18 35 09 0.132098 2
2013 07 26 18 35 10 0.138754 2
2013 07 26 18 35 11 0.816386 2
2013 07 26 18 35 12 0.823042 2
2013 07 26 18 35 13 0.829698 2
2013 07 26 18 35 14 0.836354 2
2013 07 26 18 35 16 0.178434 2
2013 07 26 18 35 17 0.185090 2
2013 07 26 18 35 18 0.862722 2
2013 07 26 18 35 19 0.869634 2
2013 07 26 18 35 20 0.876034 2
2013 07 26 18 35 22 0.889346 2
2013 07 26 18 35 23 0.896002 2
2013 07 26 18 35 24 0.567298 2
2013 07 26 18 35 25 0.238338 2
2013 07 26 18 35 26 0.580354 2
2013 07 26 18 35 27 0.922626 2
2013 07 26 18 35 28 0.929026 2
2013 07 26 18 35 29 0.600322 2
2013 07 26 18 35 30 0.606978 2
2013 07 26 18 35 31 0.613378 2
2013 07 26 18 35 32 0.284674 2
2013 07 26 18 35 33 0.291330 2
2013 07 26 18 35 34 0.633602 2
2013 07 26 18 35 35 0.975618 2
2013 07 26 18 35 36 0.982274 2
2013 07 26 18 35 37 0.988930 2
2013 07 26 18 35 38 0.995330 2
2013 07 26 18 35 40 0.002306 2
2013 07 26 18 35 41 0.344322 2
2013 07 26 18 35 42 0.350978 2
2013 07 26 18 35 43 0.022018 2
2013 07 26 18 35 44 0.364034 2
2013 07 26 18 35 45 0.706306 2
2013 07 26 18 35 46 0.712962 2
2013 07 26 18 35 47 0.719618 2
2013 07 26 18 35 48 0.726274 2
2013 07 26 18 35 49 0.732930 2
2013 07 26 18 35 50 0.739586 2
2013 07 26 18 35 51 0.745986 2
2013 07 26 18 35 53 0.088322 2
2013 07 26 18 35 54 0.094978 2
2013 07 26 18 35 55 0.437250 2
2013 07 26 18 35 56 0.443650 2
2013 07 26 18 35 57 0.450562 2
2013 07 26 18 35 58 0.456962 2
2013 07 26 18 35 59 0.799234 2
2013 07 26 18 36 01 0.141314 2
2013 07 26 18 36 02 0.483586 2
2013 07 26 18 36 03 0.490242 2
2013 07 26 18 36 04 0.496642 2
2013 07 26 18 36 05 0.503554 2
2013 07 26 18 36 06 0.845570 2
2013 07 26 18 36 07 0.852226 2
2013 07 26 18 36 09 0.194306 2
2013 07 26 18 36 10 0.201218 2
2013 07 26 18 36 11 0.207618 2
2013 07 26 18 36 12 0.214530 2
2013 07 26 18 36 14 0.227586 2
2013 07 26 18 36 15 0.905218 2
2013 07 26 18 36 16 0.911874 2
2013 07 26 18 36 18 0.254210 2
2013 07 26 18 36 19 0.260610 2
2013 07 26 18 36 20 0.602882 2
2013 07 26 18 36 21 0.944898 2
2013 07 26 18 36 22 0.951810 2
2013 07 26 18 36 24 0.293890 2
2013 07 26 18 36 25 0.300546 2
2013 07 26 18 36 26 0.642562 2
2013 07 26 18 36 27 0.649474 2
2013 07 26 18 36 28 0.655874 2
2013 07 26 18 36 29 0.662530 2
2013 07 26 18 36 30 0.669186 2
2013 07 26 18 36 32 0.011266 2
2013 07 26 18 36 33 0.018178 2
2013 07 26 18 36 34 0.360194 2
2013 07 26 18 36 35 0.702466 2
2013 07 26 18 36 36 0.708866 2
2013 07 26 18 36 37 0.715778 2
2013 07 26 18 36 38 0.722178 2
2013 07 26 18 36 39 0.729090 2
2013 07 26 18 36 40 0.735490 2
2013 07 26 18 36 41 0.406530 2
2013 07 26 18 36 42 0.413442 2
2013 07 26 18 36 43 0.755458 2
2013 07 26 18 36 44 0.762114 2
2013 07 26 18 36 45 0.768770 2
2013 07 26 18 36 46 0.775170 2
2013 07 26 18 36 47 0.782082 2
2013 07 26 18 36 48 0.788482 2
2013 07 26 18 36 49 0.795138 2
2013 07 26 18 36 51 0.137474 2
2013 07 26 18 36 51 0.808450 2
2013 07 26 18 36 52 0.815106 2
2013 07 26 18 36 54 0.157186 2
2013 07 26 18 36 55 0.164098 2
2013 07 26 18 36 55 0.835074 2
2013 07 26 18 36 56 0.841474 2
2013 07 26 18 36 57 0.512770 2
2013 07 26 18 36 58 0.854786 2
2013 07 26 18 36 59 0.861698 2
2013 07 26 18 37 01 0.203778 2
2013 07 26 18 37 02 0.210178 2
2013 07 26 18 37 03 0.552450 2
2013 07 26 18 37 04 0.894722 2
2013 07 26 18 37 05 0.901378 2
2013 07 26 18 37 07 0.243458 2
2013 07 26 18 37 08 0.921090 2
2013 07 26 18 37 09 0.592130 2
2013 07 26 18 37 10 0.599042 2
2013 07 26 18 37 11 0.941058 2
2013 07 26 18 37 12 0.947714 2
2013 07 26 18 37 13 0.954370 2
2013 07 26 18 37 15 0.632066 2
2013 07 26 18 37 16 0.974082 2
2013 07 26 18 37 17 0.980994 2
2013 07 26 18 37 19 0.323074 2
2013 07 26 18 37 20 0.329730 2
2013 07 26 18 37 21 0.336386 2
2013 07 26 18 37 22 0.678658 2
2013 07 26 18 37 24 0.020738 2
2013 07 26 18 37 25 0.027138 2
2013 07 26 18 37 26 0.369410 2
2013 07 26 18 37 27 0.376066 2
2013 07 26 18 37 28 0.718338 2
2013 07 26 18 37 30 0.060418 2
2013 07 26 18 37 30 0.731650 2
2013 07 26 18 37 32 0.073730 2
2013 07 26 18 37 33 0.080386 2
2013 07 26 18 37 34 0.422402 2
2013 07 26 18 37 35 0.764674 2
2013 07 26 18 37 37 0.106754 2
2013 07 26 18 37 37 0.777986 2
2013 07 26 18 37 39 0.120066 2
2013 07 26 18 37 40 0.462338 2
2013 07 26 18 37 41 0.468994 2
2013 07 26 18 37 43 0.482306 2
2013 07 26 18 37 44 0.488706 2
2013 07 26 18 37 46 0.502018 2
2013 07 26 18 37 47 0.844290 2
2013 07 26 18 37 49 0.857346 2
2013 07 26 18 37 50 0.864258 2
2013 07 26 18 37 52 0.206338 2
2013 07 26 18 37 53 0.548610 2
2013 07 26 18 37 55 0.226050 2
2013 07 26 18 37 56 0.568322 2
2013 07 26 18 37 59 0.252674 2
2013 07 26 18 38 01 0.265986 2
2013 07 26 18 38 02 0.272642 2
2013 07 26 18 38 03 0.614914 2
2013 07 26 18 38 05 0.292354 2
2013 07 26 18 38 06 0.970242 2
2013 07 26 18 38 08 0.312578 2
2013 07 26 18 38 10 0.325890 2
2013 07 26 18 38 11 0.332290 2
2013 07 26 18 38 12 0.338946 2
2013 07 26 18 38 14 0.016642 2
2013 07 26 18 38 16 0.029954 2
2013 07 26 18 38 17 0.371970 2
2013 07 26 18 38 19 0.049922 2
2013 07 26 18 38 20 0.056322 2
2013 07 26 18 38 21 0.734210 2
2013 07 26 18 38 23 0.411906 2
2013 07 26 18 38 24 0.753922 2
2013 07 26 18 38 26 0.431874 2
2013 07 26 18 38 27 0.774146 2
2013 07 26 18 38 29 0.787202 2
2013 07 26 18 38 31 0.129538 2
2013 07 26 18 38 33 0.142850 2
2013 07 26 18 38 34 0.484866 2
2013 07 26 18 38 36 0.498178 2
2013 07 26 18 38 37 0.840194 2
2013 07 26 18 38 39 0.182530 2
2013 07 26 18 38 40 0.524802 2
2013 07 26 18 38 42 0.202242 2
2013 07 26 18 38 43 0.209154 2
2013 07 26 18 38 44 0.551170 2
2013 07 26 18 38 45 0.893442 2
2013 07 26 18 38 47 0.906754 2
2013 07 26 18 38 49 0.248834 2
2013 07 26 18 38 50 0.591106 2
2013 07 26 18 38 51 0.933122 2
2013 07 26 18 38 53 0.610818 2
2013 07 26 18 38 55 0.288514 2
2013 07 26 18 38 56 0.630786 2
2013 07 26 18 38 57 0.973058 2
2013 07 26 18 38 59 0.986114 2
2013 07 26 18 39 01 0.328450 2
2013 07 26 18 39 02 0.334850 2
2013 07 26 18 39 04 0.012802 2
2013 07 26 18 39 05 0.354818 2
2013 07 26 18 39 07 0.368130 2
2013 07 26 18 39 08 0.374530 2
2013 07 26 18 39 09 0.045826 2
2013 07 26 18 39 10 0.387842 2
2013 07 26 18 39 12 0.065794 2
2013 07 26 18 39 13 0.408066 2
2013 07 26 18 39 15 0.421122 2
2013 07 26 18 39 16 0.092418 2
2013 07 26 18 39 18 0.105474 2
2013 07 26 18 39 19 0.112130 2
2013 07 26 18 39 20 0.118786 2
2013 07 26 18 39 21 0.461058 2
2013 07 26 18 39 22 0.467458 2
2013 07 26 18 39 23 0.474370 2
2013 07 26 18 39 25 0.151810 2
2013 07 26 18 39 26 0.158466 2
2013 07 26 18 39 27 0.500738 2
2013 07 26 18 39 29 0.178434 2
2013 07 26 18 39 30 0.856322 2
2013 07 26 18 39 31 0.862722 2
2013 07 26 18 39 32 0.869378 2
2013 07 26 18 39 34 0.547074 2
2013 07 26 18 39 36 0.225026 2
2013 07 26 18 39 37 0.231426 2
2013 07 26 18 39 39 0.244738 2
2013 07 26 18 39 40 0.922626 2
2013 07 26 18 39 41 0.929026 2
2013 07 26 18 39 43 0.942338 2
2013 07 26 18 39 44 0.948994 2
2013 07 26 18 39 47 0.297730 2
2013 07 26 18 39 48 0.640002 2
2013 07 26 18 39 50 0.317698 2
2013 07 26 18 39 51 0.659970 2
2013 07 26 18 39 53 0.002050 2
2013 07 26 18 39 54 0.344322 2
2013 07 26 18 39 55 0.686338 2
2013 07 26 18 39 57 0.028674 2
2013 07 26 18 39 58 0.370690 2
2013 07 26 18 39 59 0.712962 2
2013 07 26 18 40 01 0.726274 2
2013 07 26 18 40 03 0.739330 2
2013 07 26 18 40 05 0.081666 2
2013 07 26 18 40 06 0.423682 2
2013 07 26 18 40 07 0.765954 2
2013 07 26 18 40 09 0.443650 2
2013 07 26 18 40 11 0.121346 2
2013 07 26 18 40 12 0.798978 2
2013 07 26 18 40 14 0.141314 2
2013 07 26 18 40 15 0.818946 2
2013 07 26 18 40 17 0.496642 2
2013 07 26 18 40 18 0.838914 2
2013 07 26 18 40 20 0.516610 2
2013 07 26 18 40 22 0.529922 2
2013 07 26 18 40 23 0.872194 2
2013 07 26 18 40 25 0.214274 2
2013 07 26 18 40 26 0.891906 2
2013 07 26 18 40 28 0.233986 2
2013 07 26 18 40 29 0.911874 2
2013 07 26 18 40 31 0.253954 2
2013 07 26 18 40 32 0.596226 2
2013 07 26 18 40 34 0.273922 2
2013 07 26 18 40 35 0.951554 2
2013 07 26 18 40 37 0.629250 2
2013 07 26 18 40 39 0.307202 2
2013 07 26 18 40 41 0.320258 2
2013 07 26 18 40 42 0.997890 2
2013 07 26 18 40 44 0.339970 2
2013 07 26 18 40 45 0.682242 2
2013 07 26 18 40 47 0.024322 2
2013 07 26 18 40 48 0.031234 2
2013 07 26 18 40 49 0.373506 2
2013 07 26 18 40 51 0.050946 2
2013 07 26 18 40 52 0.393218 2
2013 07 26 18 40 53 0.399874 2
2013 07 26 18 40 55 0.413186 2
2013 07 26 18 40 57 0.090626 2
2013 07 26 18 40 58 0.432898 2
2013 07 26 18 40 59 0.439810 2
2013 07 26 18 41 01 0.452866 2
2013 07 26 18 41 02 0.459522 2
2013 07 26 18 41 03 0.801538 2
2013 07 26 18 41 05 0.143874 2
2013 07 26 18 41 06 0.485890 2
2013 07 26 18 41 08 0.163842 2
2013 07 26 18 41 09 0.506114 2
2013 07 26 18 41 11 0.183554 2
2013 07 26 18 41 12 0.525826 2
2013 07 26 18 41 14 0.203522 2
2013 07 26 18 41 15 0.545794 2
2013 07 26 18 41 16 0.888066 2
2013 07 26 18 41 18 0.230146 2
2013 07 26 18 41 19 0.572418 2
2013 07 26 18 41 21 0.249858 2
2013 07 26 18 41 22 0.256770 2
2013 07 26 18 41 24 0.269826 2
2013 07 26 18 41 25 0.612098 2
2013 07 26 18 41 27 0.625410 2
2013 07 26 18 41 28 0.296450 2
2013 07 26 18 41 30 0.645122 2
2013 07 26 18 41 31 0.651778 2
2013 07 26 18 41 32 0.323074 2
2013 07 26 18 41 33 0.329474 2
2013 07 26 18 41 34 0.671490 2
2013 07 26 18 41 36 0.349442 2
2013 07 26 18 41 38 0.027138 2
2013 07 26 18 41 39 0.033794 2
2013 07 26 18 41 40 0.376066 2
2013 07 26 18 41 42 0.053506 2
2013 07 26 18 41 43 0.731394 2
2013 07 26 18 41 45 0.409090 2
2013 07 26 18 41 46 0.751106 2
2013 07 26 18 41 48 0.764418 2
2013 07 26 18 41 50 0.442370 2
2013 07 26 18 41 52 0.119810 2
2013 07 26 18 41 53 0.462082 2
2013 07 26 18 41 54 0.804098 2
2013 07 26 18 41 56 0.146434 2
2013 07 26 18 41 57 0.824322 2
2013 07 26 18 41 59 0.166402 2
2013 07 26 18 42 00 0.844034 2
2013 07 26 18 42 02 0.186114 2
2013 07 26 18 42 03 0.528386 2
2013 07 26 18 42 04 0.870402 2
2013 07 26 18 42 06 0.212738 2
2013 07 26 18 42 07 0.890626 2
2013 07 26 18 42 08 0.897026 2
2013 07 26 18 42 10 0.574978 2
2013 07 26 18 42 11 0.581378 2
2013 07 26 18 42 13 0.259330 2
2013 07 26 18 42 14 0.601346 2
2013 07 26 18 42 15 0.943618 2
2013 07 26 18 42 17 0.285698 2
2013 07 26 18 42 18 0.963330 2
2013 07 26 18 42 20 0.305410 2
2013 07 26 18 42 21 0.983298 2
2013 07 26 18 42 23 0.325634 2
2013 07 26 18 42 24 0.667650 2
2013 07 26 18 42 26 0.680962 2
2013 07 26 18 42 28 0.358658 2
2013 07 26 18 42 29 0.365314 2
2013 07 26 18 42 30 0.707330 2
2013 07 26 18 42 32 0.720642 2
2013 07 26 18 42 33 0.727298 2
2013 07 26 18 42 35 0.404994 2
2013 07 26 18 42 36 0.747266 2
2013 07 26 18 42 38 0.424962 2
2013 07 26 18 42 40 0.102658 2
2013 07 26 18 42 41 0.109314 2
2013 07 26 18 42 42 0.451330 2
2013 07 26 18 42 44 0.129282 2
2013 07 26 18 42 45 0.471298 2
2013 07 26 18 42 47 0.148994 2
2013 07 26 18 42 48 0.826882 2
2013 07 26 18 42 49 0.497922 2
2013 07 26 18 42 50 0.840194 2
2013 07 26 18 42 52 0.517634 2
2013 07 26 18 42 53 0.859906 2
2013 07 26 18 42 55 0.201986 2
2013 07 26 18 42 56 0.544258 2
2013 07 26 18 42 57 0.551170 2
2013 07 26 18 42 59 0.564226 2
2013 07 26 18 43 00 0.570882 2
2013 07 26 18 43 02 0.248578 2
2013 07 26 18 43 03 0.590850 2
2013 07 26 18 43 04 0.597250 2
2013 07 26 18 43 05 0.939522 2
2013 07 26 18 43 07 0.617474 2
2013 07 26 18 43 08 0.959490 2
2013 07 26 18 43 10 0.301826 2
2013 07 26 18 43 11 0.643842 2
2013 07 26 18 43 12 0.986114 2
2013 07 26 18 43 14 0.663810 2
2013 07 26 18 43 16 0.005890 2
2013 07 26 18 43 17 0.348162 2
2013 07 26 18 43 18 0.354818 2
2013 07 26 18 43 19 0.697090 2
2013 07 26 18 43 21 0.039170 2
2013 07 26 18 43 22 0.381442 2
2013 07 26 18 43 24 0.058882 2
2013 07 26 18 43 25 0.401154 2
2013 07 26 18 43 26 0.743426 2
2013 07 26 18 43 27 0.414466 2
2013 07 26 18 43 29 0.092418 2
2013 07 26 18 43 30 0.434434 2
2013 07 26 18 43 31 0.776706 2
2013 07 26 18 43 33 0.790018 2
2013 07 26 18 43 35 0.132098 2
2013 07 26 18 43 36 0.138498 2
2013 07 26 18 43 37 0.816386 2
2013 07 26 18 43 39 0.494082 2
2013 07 26 18 43 41 0.171778 2
2013 07 26 18 43 42 0.178434 2
2013 07 26 18 43 43 0.856322 2
2013 07 26 18 43 45 0.198402 2
2013 07 26 18 43 46 0.876034 2
2013 07 26 18 43 48 0.218114 2
2013 07 26 18 43 49 0.560386 2
2013 07 26 18 43 51 0.238338 2
2013 07 26 18 43 52 0.580354 2
2013 07 26 18 43 54 0.258050 2
2013 07 26 18 43 55 0.600322 2
2013 07 26 18 43 56 0.606978 2
2013 07 26 18 43 57 0.949250 2
2013 07 26 18 43 59 0.626690 2
2013 07 26 18 44 00 0.968962 2
2013 07 26 18 44 02 0.646914 2
2013 07 26 18 44 03 0.988930 2
2013 07 26 18 44 06 0.002306 2
2013 07 26 18 44 07 0.679938 2
2013 07 26 18 44 09 0.022018 2
2013 07 26 18 44 10 0.028930 2
2013 07 26 18 44 11 0.370946 2
2013 07 26 18 44 13 0.048642 2
2013 07 26 18 44 14 0.726530 2
2013 07 26 18 44 16 0.068610 2
2013 07 26 18 44 17 0.746242 2
2013 07 26 18 44 18 0.752898 2
2013 07 26 18 44 20 0.095234 2
2013 07 26 18 44 21 0.101634 2
2013 07 26 18 44 22 0.443906 2
2013 07 26 18 44 23 0.785922 2
2013 07 26 18 44 25 0.128258 2
2013 07 26 18 44 26 0.470274 2
2013 07 26 18 44 27 0.812546 2
2013 07 26 18 44 29 0.154882 2
2013 07 26 18 44 31 0.167938 2
2013 07 26 18 44 32 0.510210 2
2013 07 26 18 44 33 0.852482 2
2013 07 26 18 44 35 0.194562 2
2013 07 26 18 44 36 0.872450 2
2013 07 26 18 44 37 0.878850 2
2013 07 26 18 44 39 0.556802 2
2013 07 26 18 44 40 0.899074 2
2013 07 26 18 44 42 0.241154 2
2013 07 26 18 44 43 0.247554 2
2013 07 26 18 44 44 0.589826 2
2013 07 26 18 44 45 0.932098 2
2013 07 26 18 44 47 0.274178 2
2013 07 26 18 44 48 0.616450 2
2013 07 26 18 44 49 0.623106 2
2013 07 26 18 44 50 0.965378 2
2013 07 26 18 44 52 0.307458 2
2013 07 26 18 44 53 0.314114 2
2013 07 26 18 44 54 0.992002 2
2013 07 26 18 44 56 0.334082 2
2013 07 26 18 44 57 0.676098 2
2013 07 26 18 44 59 0.018434 2
2013 07 26 18 45 00 0.696066 2
2013 07 26 18 45 01 0.702722 2
2013 07 26 18 45 03 0.045058 2
2013 07 26 18 45 04 0.387074 2
2013 07 26 18 45 05 0.729346 2
2013 07 26 18 45 06 0.735746 2
2013 07 26 18 45 08 0.413698 2
2013 07 26 18 45 10 0.091138 2
2013 07 26 18 45 11 0.433410 2
2013 07 26 18 45 13 0.111362 2
2013 07 26 18 45 14 0.453378 2
2013 07 26 18 45 16 0.131074 2
2013 07 26 18 45 16 0.802050 2
2013 07 26 18 45 18 0.144386 2
2013 07 26 18 45 19 0.822274 2
2013 07 26 18 45 21 0.164354 2
2013 07 26 18 45 22 0.841986 2
2013 07 26 18 45 24 0.519938 2
2013 07 26 18 45 26 0.197378 2
2013 07 26 18 45 27 0.875266 2
2013 07 26 18 45 29 0.552962 2
2013 07 26 18 45 30 0.894978 2
2013 07 26 18 45 32 0.237314 2
2013 07 26 18 45 33 0.915202 2
2013 07 26 18 45 34 0.921602 2
2013 07 26 18 45 36 0.599554 2
2013 07 26 18 45 38 0.276994 2
2013 07 26 18 45 39 0.619266 2
2013 07 26 18 45 40 0.961538 2
2013 07 26 18 45 42 0.303618 2
2013 07 26 18 45 43 0.981506 2
2013 07 26 18 45 44 0.987906 2
2013 07 26 18 45 46 0.665858 2
2013 07 26 18 45 47 0.672258 2
2013 07 26 18 45 49 0.014594 2
2013 07 26 18 45 50 0.356610 2
2013 07 26 18 45 51 0.698882 2
2013 07 26 18 45 53 0.040962 2
2013 07 26 18 45 54 0.383234 2
2013 07 26 18 45 55 0.725506 2
2013 07 26 18 45 57 0.067586 2
2013 07 26 18 45 58 0.409858 2
2013 07 26 18 45 59 0.416514 2
2013 07 26 18 46 01 0.094210 2
2013 07 26 18 46 02 0.436226 2
2013 07 26 18 46 03 0.778498 2
2013 07 26 18 46 05 0.120578 2
2013 07 26 18 46 06 0.462850 2
2013 07 26 18 46 08 0.140802 2
2013 07 26 18 46 09 0.482818 2
2013 07 26 18 46 11 0.160514 2
2013 07 26 18 46 12 0.838402 2
2013 07 26 18 46 14 0.180482 2
2013 07 26 18 46 15 0.186882 2
2013 07 26 18 46 17 0.536066 2
2013 07 26 18 46 18 0.207106 2
2013 07 26 18 46 19 0.884738 2
2013 07 26 18 46 21 0.562434 2
2013 07 26 18 46 23 0.240130 2
2013 07 26 18 46 24 0.582146 2
2013 07 26 18 46 25 0.924418 2
2013 07 26 18 46 27 0.602370 2
2013 07 26 18 46 28 0.944386 2
2013 07 26 18 46 30 0.957698 2
2013 07 26 18 46 32 0.300034 2
2013 07 26 18 46 33 0.306434 2
2013 07 26 18 46 34 0.313090 2
2013 07 26 18 46 35 0.655362 2
2013 07 26 18 46 37 0.333058 2
2013 07 26 18 46 38 0.675074 2
2013 07 26 18 46 40 0.017410 2
2013 07 26 18 46 41 0.359426 2
2013 07 26 18 46 43 0.037378 2
2013 07 26 18 46 43 0.708610 2
2013 07 26 18 46 45 0.050690 2
2013 07 26 18 46 46 0.392962 2
2013 07 26 18 46 47 0.734978 2
2013 07 26 18 46 49 0.412674 2
2013 07 26 18 46 51 0.425986 2
2013 07 26 18 46 52 0.432642 2
2013 07 26 18 46 53 0.774914 2
2013 07 26 18 46 55 0.116994 2
2013 07 26 18 46 56 0.459266 2
2013 07 26 18 46 57 0.801282 2
2013 07 26 18 46 59 0.143618 2
2013 07 26 18 47 00 0.485634 2
2013 07 26 18 47 01 0.827906 2
2013 07 26 18 47 02 0.834306 2
2013 07 26 18 47 04 0.176642 2
2013 07 26 18 47 05 0.854530 2
2013 07 26 18 47 06 0.860930 2
2013 07 26 18 47 08 0.874242 2
2013 07 26 18 47 10 0.551938 2
2013 07 26 18 47 11 0.223234 2
2013 07 26 18 47 12 0.565250 2
2013 07 26 18 47 13 0.907522 2
2013 07 26 18 47 15 0.585218 2
2013 07 26 18 47 17 0.598274 2
2013 07 26 18 47 18 0.605186 2
2013 07 26 18 47 20 0.282626 2
2013 07 26 18 47 21 0.289538 2
2013 07 26 18 47 22 0.631554 2
2013 07 26 18 47 23 0.973826 2
2013 07 26 18 47 25 0.315906 2
2013 07 26 18 47 26 0.993538 2
2013 07 26 18 47 28 0.335874 2
2013 07 26 18 47 29 0.677890 2
2013 07 26 18 47 31 0.355842 2
2013 07 26 18 47 32 0.362242 2
2013 07 26 18 47 34 0.040194 2
2013 07 26 18 47 35 0.382466 2
2013 07 26 18 47 36 0.724482 2
2013 07 26 18 47 38 0.402178 2
2013 07 26 18 47 40 0.080130 2
2013 07 26 18 47 41 0.757506 2
2013 07 26 18 47 43 0.099842 2
2013 07 26 18 47 44 0.441858 2
2013 07 26 18 47 46 0.119810 2
2013 07 26 18 47 47 0.462082 2
2013 07 26 18 47 48 0.804098 2
2013 07 26 18 47 50 0.146434 2
2013 07 26 18 47 51 0.824066 2
2013 07 26 18 47 52 0.830722 2
2013 07 26 18 47 54 0.844034 2
2013 07 26 18 47 56 0.186114 2
2013 07 26 18 47 57 0.528386 2
2013 07 26 18 47 59 0.205826 2
2013 07 26 18 48 00 0.212738 2
2013 07 26 18 48 02 0.226050 2
2013 07 26 18 48 03 0.232450 2
2013 07 26 18 48 04 0.910338 2
2013 07 26 18 48 05 0.916738 2
2013 07 26 18 48 07 0.594690 2
2013 07 26 18 48 08 0.936962 2
2013 07 26 18 48 10 0.950018 2
2013 07 26 18 48 12 0.627714 2
2013 07 26 18 48 13 0.969986 2
2013 07 26 18 48 15 0.983298 2
2013 07 26 18 48 16 0.318978 2
2013 07 26 18 48 17 0.325378 2
2013 07 26 18 48 18 0.667650 2
2013 07 26 18 48 20 0.009730 2
2013 07 26 18 48 21 0.352002 2
2013 07 26 18 48 22 0.694018 2
2013 07 26 18 48 24 0.371970 2
2013 07 26 18 48 25 0.714242 2
2013 07 26 18 48 27 0.391682 2
2013 07 26 18 48 29 0.069634 2
2013 07 26 18 48 30 0.747266 2
2013 07 26 18 48 32 0.424962 2
2013 07 26 18 48 33 0.431618 2
2013 07 26 18 48 34 0.773634 2
2013 07 26 18 48 37 0.122626 2
2013 07 26 18 48 38 0.464898 2
2013 07 26 18 48 39 0.806914 2
2013 07 26 18 48 41 0.149250 2
2013 07 26 18 48 42 0.491522 2
2013 07 26 18 48 43 0.833538 2
2013 07 26 18 48 45 0.511234 2
2013 07 26 18 48 47 0.188930 2
2013 07 26 18 48 48 0.866562 2
2013 07 26 18 48 50 0.208898 2
2013 07 26 18 48 51 0.886530 2
2013 07 26 18 48 53 0.228866 2
2013 07 26 18 48 54 0.906498 2
2013 07 26 18 48 56 0.248578 2
2013 07 26 18 48 58 0.261890 2
2013 07 26 18 49 00 0.275202 2
2013 07 26 18 49 01 0.281858 2
2013 07 26 18 49 02 0.959490 2
2013 07 26 18 49 04 0.637442 2
2013 07 26 18 49 05 0.643842 2
2013 07 26 18 49 06 0.986114 2
2013 07 26 18 49 07 0.992770 2
2013 07 26 18 49 09 0.670466 2
2013 07 26 18 49 10 0.677122 2
2013 07 26 18 49 12 0.354818 2
2013 07 26 18 49 14 0.032514 2
2013 07 26 18 49 15 0.710146 2
2013 07 26 18 49 17 0.388098 2
2013 07 26 18 49 18 0.730114 2
2013 07 26 18 49 20 0.407810 2
2013 07 26 18 49 22 0.085762 2
2013 07 26 18 49 24 0.098818 2
2013 07 26 18 49 25 0.441090 2
2013 07 26 18 49 26 0.783362 2
2013 07 26 18 49 28 0.125442 2
2013 07 26 18 49 29 0.131842 2
2013 07 26 18 49 30 0.809730 2
2013 07 26 18 49 32 0.487426 2
2013 07 26 18 49 33 0.829698 2
2013 07 26 18 49 35 0.171778 2
2013 07 26 18 49 36 0.514050 2
2013 07 26 18 49 38 0.191746 2
2013 07 26 18 49 39 0.534018 2
2013 07 26 18 49 41 0.211458 2
2013 07 26 18 49 42 0.889346 2
2013 07 26 18 49 44 0.231682 2
2013 07 26 18 49 45 0.573954 2
2013 07 26 18 49 47 0.251394 2
2013 07 26 18 49 48 0.258050 2
2013 07 26 18 49 49 0.935682 2
2013 07 26 18 49 51 0.278018 2
2013 07 26 18 49 52 0.620034 2
2013 07 26 18 49 53 0.962306 2
2013 07 26 18 49 55 0.304386 2
2013 07 26 18 49 56 0.646658 2
2013 07 26 18 49 57 0.988930 2
2013 07 26 18 49 59 0.331010 2
2013 07 26 18 50 00 0.673282 2
2013 07 26 18 50 02 0.350978 2
2013 07 26 18 50 04 0.028674 2
2013 07 26 18 50 05 0.035330 2
2013 07 26 18 50 07 0.048642 2
2013 07 26 18 50 09 0.061954 2
2013 07 26 18 50 10 0.403970 2
2013 07 26 18 50 12 0.081666 2
2013 07 26 18 50 13 0.423938 2
2013 07 26 18 50 15 0.437250 2
2013 07 26 18 50 16 0.779266 2
2013 07 26 18 50 18 0.792578 2
2013 07 26 18 50 20 0.470530 2
2013 07 26 18 50 21 0.141570 2
2013 07 26 18 50 23 0.154882 2
2013 07 26 18 50 24 0.496898 2
2013 07 26 18 50 26 0.510210 2
2013 07 26 18 50 27 0.181250 2
2013 07 26 18 50 28 0.523522 2
2013 07 26 18 50 29 0.529922 2
2013 07 26 18 50 31 0.543234 2
2013 07 26 18 50 32 0.550146 2
2013 07 26 18 50 34 0.227586 2
2013 07 26 18 50 35 0.569858 2
2013 07 26 18 50 36 0.576514 2
2013 07 26 18 50 37 0.918786 2
2013 07 26 18 50 39 0.596482 2
2013 07 26 18 50 40 0.603138 2
2013 07 26 18 50 42 0.280834 2
2013 07 26 18 50 43 0.622850 2
2013 07 26 18 50 44 0.965122 2
2013 07 26 18 50 46 0.643074 2
2013 07 26 18 50 47 0.649474 2
2013 07 26 18 50 49 0.327426 2
2013 07 26 18 50 50 0.669442 2
2013 07 26 18 50 52 0.347138 2
2013 07 26 18 50 53 0.689154 2
2013 07 26 18 50 55 0.367106 2
2013 07 26 18 50 57 0.715778 2
2013 07 26 18 50 58 0.386818 2
2013 07 26 18 51 00 0.064770 2
2013 07 26 18 51 01 0.406786 2
2013 07 26 18 51 03 0.084482 2
2013 07 26 18 51 04 0.426754 2
2013 07 26 18 51 06 0.104450 2
2013 07 26 18 51 08 0.117762 2
2013 07 26 18 51 09 0.124418 2
2013 07 26 18 51 10 0.131074 2
2013 07 26 18 51 11 0.473346 2
2013 07 26 18 51 12 0.815362 2
2013 07 26 18 51 14 0.157698 2
2013 07 26 18 51 15 0.164098 2
2013 07 26 18 51 16 0.506370 2
2013 07 26 18 51 18 0.184066 2
2013 07 26 18 51 19 0.526338 2
2013 07 26 18 51 21 0.204034 2
2013 07 26 18 51 22 0.210690 2
2013 07 26 18 51 23 0.888322 2
2013 07 26 18 51 24 0.894978 2
2013 07 26 18 51 26 0.237314 2
2013 07 26 18 51 27 0.914690 2
2013 07 26 18 51 29 0.257026 2
2013 07 26 18 51 30 0.599042 2
2013 07 26 18 51 32 0.276994 2
2013 07 26 18 51 33 0.283394 2
2013 07 26 18 51 34 0.625666 2
2013 07 26 18 51 36 0.303618 2
2013 07 26 18 51 38 0.316930 2
2013 07 26 18 51 39 0.658946 2
2013 07 26 18 51 41 0.336642 2
2013 07 26 18 51 43 0.014338 2
2013 07 26 18 51 44 0.020994 2
2013 07 26 18 51 45 0.698882 2
2013 07 26 18 51 47 0.040962 2
2013 07 26 18 51 49 0.054274 2
2013 07 26 18 51 50 0.060674 2
2013 07 26 18 51 51 0.738562 2
2013 07 26 18 51 53 0.080898 2
2013 07 26 18 51 55 0.429570 2
2013 07 26 18 51 56 0.436226 2
2013 07 26 18 51 58 0.449538 2
2013 07 26 18 52 00 0.126978 2
2013 07 26 18 52 01 0.469250 2
2013 07 26 18 52 03 0.147202 2
2013 07 26 18 52 04 0.824834 2
2013 07 26 18 52 05 0.495874 2
2013 07 26 18 52 07 0.844802 2
2013 07 26 18 52 09 0.186882 2
2013 07 26 18 52 10 0.529154 2
2013 07 26 18 52 12 0.542466 2
2013 07 26 18 52 13 0.213506 2
2013 07 26 18 52 14 0.891138 2
2013 07 26 18 52 16 0.904450 2
2013 07 26 18 52 18 0.582146 2
2013 07 26 18 52 19 0.588802 2
2013 07 26 18 52 21 0.601858 2
2013 07 26 18 52 23 0.279810 2
2013 07 26 18 52 24 0.622082 2
2013 07 26 18 52 26 0.635394 2
2013 07 26 18 52 27 0.641794 2
2013 07 26 18 52 29 0.655106 2
2013 07 26 18 52 30 0.661762 2
2013 07 26 18 52 32 0.339458 2
2013 07 26 18 52 34 0.017154 2
2013 07 26 18 52 35 0.023810 2
2013 07 26 18 52 36 0.701698 2
2013 07 26 18 52 38 0.714754 2
2013 07 26 18 52 40 0.057090 2
2013 07 26 18 52 41 0.734722 2
2013 07 26 18 52 43 0.076802 2
2013 07 26 18 52 44 0.419074 2
2013 07 26 18 52 45 0.761090 2
2013 07 26 18 52 47 0.103426 2
2013 07 26 18 52 48 0.445442 2
2013 07 26 18 52 49 0.452354 2
2013 07 26 18 52 51 0.465410 2
2013 07 26 18 52 53 0.143106 2
2013 07 26 18 52 54 0.485378 2
2013 07 26 18 52 55 0.827394 2
2013 07 26 18 52 56 0.834306 2
2013 07 26 18 52 58 0.511746 2
2013 07 26 18 52 59 0.518658 2
2013 07 26 18 53 01 0.196098 2
2013 07 26 18 53 02 0.538370 2
2013 07 26 18 53 03 0.880642 2
2013 07 26 18 53 05 0.222722 2
2013 07 26 18 53 06 0.229378 2
2013 07 26 18 53 07 0.907010 2
2013 07 26 18 53 09 0.249346 2
2013 07 26 18 53 10 0.591362 2
2013 07 26 18 53 12 0.269314 2
2013 07 26 18 53 13 0.946946 2
2013 07 26 18 53 15 0.960258 2
2013 07 26 18 53 16 0.966914 2
2013 07 26 18 53 17 0.973314 2
2013 07 26 18 53 19 0.651266 2
2013 07 26 18 53 20 0.993538 2
2013 07 26 18 53 22 0.000002 2
2013 07 26 18 53 23 0.677890 2
2013 07 26 18 53 25 0.019970 2
2013 07 26 18 53 26 0.362242 2
2013 07 26 18 53 28 0.375554 2
2013 07 26 18 53 29 0.381954 2
2013 07 26 18 53 30 0.724226 2
2013 07 26 18 53 32 0.066306 2
2013 07 26 18 53 33 0.744194 2
2013 07 26 18 53 35 0.757506 2
2013 07 26 18 53 37 0.099586 2
2013 07 26 18 53 38 0.777218 2
2013 07 26 18 53 40 0.119298 2
2013 07 26 18 53 41 0.126210 2
2013 07 26 18 53 42 0.803842 2
2013 07 26 18 53 44 0.145922 2
2013 07 26 18 53 46 0.159234 2
2013 07 26 18 53 47 0.501250 2
2013 07 26 18 53 49 0.179202 2
2013 07 26 18 53 50 0.521474 2
2013 07 26 18 53 51 0.527874 2
2013 07 26 18 53 52 0.870146 2
2013 07 26 18 53 53 0.876802 2
2013 07 26 18 53 55 0.554498 2
2013 07 26 18 53 56 0.896514 2
2013 07 26 18 53 58 0.238850 2
2013 07 26 18 53 59 0.580866 2
2013 07 26 18 54 01 0.258818 2
2013 07 26 18 54 02 0.936450 2
2013 07 26 18 54 03 0.943106 2
2013 07 26 18 54 04 0.614146 2
2013 07 26 18 54 05 0.956418 2
2013 07 26 18 54 07 0.969730 2
2013 07 26 18 54 08 0.640770 2
2013 07 26 18 54 10 0.318466 2
2013 07 26 18 54 11 0.660482 2
2013 07 26 18 54 13 0.002818 2
2013 07 26 18 54 14 0.680706 2
2013 07 26 18 54 16 0.022786 2
2013 07 26 18 54 17 0.365058 2
2013 07 26 18 54 19 0.042498 2
2013 07 26 18 54 20 0.720386 2
2013 07 26 18 54 22 0.062722 2
2013 07 26 18 54 24 0.411138 2
2013 07 26 18 54 25 0.753410 2
2013 07 26 18 54 27 0.095490 2
2013 07 26 18 54 28 0.102402 2
2013 07 26 18 54 29 0.444674 2
2013 07 26 18 54 30 0.451074 2
2013 07 26 18 54 31 0.793090 2
2013 07 26 18 54 34 0.142082 2
2013 07 26 18 54 34 0.813314 2
2013 07 26 18 54 36 0.490754 2
2013 07 26 18 54 37 0.833026 2
2013 07 26 18 54 39 0.846338 2
2013 07 26 18 54 41 0.188418 2
2013 07 26 18 54 42 0.195330 2
2013 07 26 18 54 44 0.208386 2
2013 07 26 18 54 45 0.550658 2
2013 07 26 18 54 46 0.892930 2
2013 07 26 18 54 48 0.570370 2
2013 07 26 18 54 49 0.912642 2
2013 07 26 18 54 51 0.254722 2
2013 07 26 18 54 52 0.261634 2
2013 07 26 18 54 53 0.268034 2
2013 07 26 18 54 55 0.281346 2
2013 07 26 18 54 56 0.623618 2
2013 07 26 18 54 57 0.965634 2
2013 07 26 18 54 59 0.307970 2
2013 07 26 18 55 00 0.649986 2
2013 07 26 18 55 01 0.992258 2
2013 07 26 18 55 04 0.005378 2
2013 07 26 18 55 05 0.012290 2
2013 07 26 18 55 05 0.683266 2
2013 07 26 18 55 07 0.025602 2
2013 07 26 18 55 08 0.702978 2
2013 07 26 18 55 11 0.051970 2
2013 07 26 18 55 12 0.058626 2
2013 07 26 18 55 13 0.736514 2
2013 07 26 18 55 15 0.413954 2
2013 07 26 18 55 17 0.091906 2
2013 07 26 18 55 19 0.105218 2
2013 07 26 18 55 19 0.776194 2
2013 07 26 18 55 20 0.782594 2
2013 07 26 18 55 22 0.124930 2
2013 07 26 18 55 23 0.466946 2
2013 07 26 18 55 25 0.480258 2
2013 07 26 18 55 26 0.487170 2
2013 07 26 18 55 27 0.829186 2
2013 07 26 18 55 28 0.835842 2
2013 07 26 18 55 30 0.513538 2
2013 07 26 18 55 31 0.855810 2
2013 07 26 18 55 32 0.862210 2
2013 07 26 18 55 34 0.540162 2
2013 07 26 18 55 35 0.546562 2
2013 07 26 18 55 37 0.224514 2
2013 07 26 18 55 38 0.902146 2
2013 07 26 18 55 39 0.908802 2
2013 07 26 18 55 41 0.922114 2
2013 07 26 18 55 42 0.928514 2
2013 07 26 18 55 44 0.606466 2
2013 07 26 18 55 46 0.284162 2
2013 07 26 18 55 47 0.626178 2
2013 07 26 18 55 48 0.633090 2
2013 07 26 18 55 50 0.310530 2
2013 07 26 18 55 52 0.323842 2
2013 07 26 18 55 53 0.666114 2
2013 07 26 18 55 55 0.008194 2
2013 07 26 18 55 56 0.686082 2
2013 07 26 18 55 58 0.028162 2
2013 07 26 18 55 59 0.370434 2
2013 07 26 18 56 00 0.712706 2
2013 07 26 18 56 02 0.390146 2
2013 07 26 18 56 04 0.068098 2
2013 07 26 18 56 05 0.074498 2
2013 07 26 18 56 06 0.416770 2
2013 07 26 18 56 07 0.759042 2
2013 07 26 18 56 09 0.436738 2
2013 07 26 18 56 10 0.779010 2
2013 07 26 18 56 12 0.121090 2
2013 07 26 18 56 13 0.463362 2
2013 07 26 18 56 15 0.140802 2
2013 07 26 18 56 16 0.483074 2
2013 07 26 18 56 17 0.825346 2
2013 07 26 18 56 19 0.167426 2
2013 07 26 18 56 20 0.174082 2
2013 07 26 18 56 21 0.516354 2
2013 07 26 18 56 22 0.858626 2
2013 07 26 18 56 24 0.200706 2
2013 07 26 18 56 25 0.542978 2
2013 07 26 18 56 27 0.556034 2
2013 07 26 18 56 28 0.562690 2
2013 07 26 18 56 30 0.240642 2
2013 07 26 18 56 31 0.582658 2
2013 07 26 18 56 33 0.260354 2
2013 07 26 18 56 34 0.938242 2
2013 07 26 18 56 36 0.280322 2
2013 07 26 18 56 38 0.293634 2
2013 07 26 18 56 39 0.635906 2
2013 07 26 18 56 40 0.977922 2
2013 07 26 18 56 42 0.320258 2
2013 07 26 18 56 43 0.662274 2
2013 07 26 18 56 45 0.339970 2
2013 07 26 18 56 46 0.681986 2
2013 07 26 18 56 48 0.024322 2
2013 07 26 18 56 49 0.366338 2
2013 07 26 18 56 51 0.044290 2
2013 07 26 18 56 52 0.386562 2
2013 07 26 18 56 54 0.064002 2
2013 07 26 18 56 56 0.077314 2
2013 07 26 18 56 57 0.419586 2
2013 07 26 18 56 59 0.432642 2
2013 07 26 18 57 00 0.774914 2
2013 07 26 18 57 02 0.452866 2
2013 07 26 18 57 04 0.465922 2
2013 07 26 18 57 05 0.808194 2
2013 07 26 18 57 06 0.814594 2
2013 07 26 18 57 08 0.156930 2
2013 07 26 18 57 09 0.498946 2
2013 07 26 18 57 11 0.176898 2
2013 07 26 18 57 12 0.519170 2
2013 07 26 18 57 13 0.525570 2
2013 07 26 18 57 15 0.203522 2
2013 07 26 18 57 15 0.874498 2
2013 07 26 18 57 17 0.552194 2
2013 07 26 18 57 18 0.894210 2
2013 07 26 18 57 20 0.236546 2
2013 07 26 18 57 21 0.578562 2
2013 07 26 18 57 23 0.591874 2
2013 07 26 18 57 24 0.598786 2
2013 07 26 18 57 25 0.940802 2
2013 07 26 18 57 27 0.283138 2
2013 07 26 18 57 28 0.289538 2
2013 07 26 18 57 29 0.631810 2
2013 07 26 18 57 30 0.973826 2
2013 07 26 18 57 32 0.316162 2
2013 07 26 18 57 33 0.658178 2
2013 07 26 18 57 34 0.665090 2
2013 07 26 18 57 36 0.007170 2
2013 07 26 18 57 37 0.684802 2
2013 07 26 18 57 39 0.362754 2
2013 07 26 18 57 41 0.040194 2
2013 07 26 18 57 42 0.047106 2
2013 07 26 18 57 43 0.724482 2
2013 07 26 18 57 45 0.737794 2
2013 07 26 18 57 46 0.744706 2
2013 07 26 18 57 48 0.086786 2
2013 07 26 18 57 50 0.100098 2
2013 07 26 18 57 51 0.106498 2
2013 07 26 18 57 52 0.784386 2
2013 07 26 18 57 54 0.126722 2
2013 07 26 18 57 55 0.468738 2
2013 07 26 18 57 57 0.146434 2
2013 07 26 18 57 58 0.824322 2
2013 07 26 18 58 00 0.166402 2
2013 07 26 18 58 01 0.172802 2
2013 07 26 18 58 03 0.186114 2
2013 07 26 18 58 04 0.864002 2
2013 07 26 18 58 06 0.206082 2
2013 07 26 18 58 07 0.212738 2
2013 07 26 18 58 08 0.554754 2
2013 07 26 18 58 09 0.561666 2
2013 07 26 18 58 11 0.239106 2
2013 07 26 18 58 12 0.581378 2
2013 07 26 18 58 13 0.588034 2
2013 07 26 18 58 14 0.594690 2
2013 07 26 18 58 15 0.936962 2
2013 07 26 18 58 17 0.279042 2
2013 07 26 18 58 18 0.621058 2
2013 07 26 18 58 19 0.963330 2
2013 07 26 18 58 21 0.305666 2
2013 07 26 18 58 22 0.647682 2
2013 07 26 18 58 23 0.989954 2
2013 07 26 18 58 25 0.667650 2
2013 07 26 18 58 26 0.674306 2
2013 07 26 18 58 27 0.680962 2
2013 07 26 18 58 29 0.023298 2
2013 07 26 18 58 30 0.365314 2
2013 07 26 18 58 31 0.707586 2
2013 07 26 18 58 33 0.385026 2
2013 07 26 18 58 35 0.062978 2
2013 07 26 18 58 36 0.405250 2
2013 07 26 18 58 37 0.747266 2
2013 07 26 18 58 39 0.089602 2
2013 07 26 18 58 40 0.766978 2
2013 07 26 18 58 42 0.444930 2
2013 07 26 18 58 43 0.787202 2
2013 07 26 18 58 44 0.793602 2
2013 07 26 18 58 46 0.135682 2
2013 07 26 18 58 48 0.148994 2
2013 07 26 18 58 49 0.491266 2
2013 07 26 18 58 50 0.833538 2
2013 07 26 18 58 52 0.511234 2
2013 07 26 18 58 53 0.853506 2
2013 07 26 18 58 55 0.530946 2
2013 07 26 18 58 56 0.202242 2
2013 07 26 18 58 58 0.215298 2
2013 07 26 18 58 59 0.222210 2
2013 07 26 18 59 00 0.899842 2
2013 07 26 18 59 02 0.241922 2
2013 07 26 18 59 03 0.584194 2
2013 07 26 18 59 05 0.261890 2
2013 07 26 18 59 06 0.268546 2
2013 07 26 18 59 07 0.610562 2
2013 07 26 18 59 09 0.288514 2
2013 07 26 18 59 10 0.630786 2
2013 07 26 18 59 12 0.308226 2
2013 07 26 18 59 13 0.986114 2
2013 07 26 18 59 14 0.992514 2
2013 07 26 18 59 16 0.334850 2
2013 07 26 18 59 17 0.676866 2
2013 07 26 18 59 19 0.019202 2
2013 07 26 18 59 21 0.032514 2
2013 07 26 18 59 21 0.703490 2
2013 07 26 18 59 23 0.381442 2
2013 07 26 18 59 25 0.058882 2
2013 07 26 18 59 26 0.736770 2
2013 07 26 18 59 28 0.078850 2
2013 07 26 18 59 30 0.092162 2
2013 07 26 18 59 31 0.098818 2
2013 07 26 18 59 32 0.440834 2
2013 07 26 18 59 33 0.783106 2
2013 07 26 18 59 35 0.461058 2
2013 07 26 18 59 37 0.474114 2
2013 07 26 18 59 38 0.480770 2
2013 07 26 18 59 40 0.158466 2
2013 07 26 18 59 41 0.836098 2
2013 07 26 18 59 43 0.178434 2
2013 07 26 18 59 44 0.520450 2
2013 07 26 18 59 45 0.862722 2
2013 07 26 18 59 47 0.204802 2
2013 07 26 18 59 49 0.218114 2
2013 07 26 18 59 50 0.560386 2
2013 07 26 18 59 52 0.238082 2
2013 07 26 18 59 53 0.244738 2
2013 07 26 18 59 55 0.258050 2
2013 07 26 18 59 56 0.935938 2
2013 07 26 18 59 58 0.948994 2
2013 07 26 18 59 59 0.955650 2
2013 07 26 19 00 01 0.297730 2
2013 07 26 19 00 02 0.640002 2
2013 07 26 19 00 03 0.982018 2
2013 07 26 19 00 05 0.324354 2
2013 07 26 19 00 06 0.331010 2
2013 07 26 19 00 07 0.673282 2
2013 07 26 19 00 09 0.015362 2
2013 07 26 19 00 10 0.357634 2
2013 07 26 19 00 12 0.035330 2
2013 07 26 19 00 13 0.713218 2
2013 07 26 19 00 15 0.055298 2
2013 07 26 19 00 16 0.732930 2
2013 07 26 19 00 18 0.075010 2
2013 07 26 19 00 20 0.423938 2
2013 07 26 19 00 21 0.766210 2
2013 07 26 19 00 23 0.443906 2
2013 07 26 19 00 25 0.456962 2
2013 07 26 19 00 27 0.134914 2
2013 07 26 19 00 28 0.477186 2
2013 07 26 19 00 29 0.819202 2
2013 07 26 19 00 31 0.161538 2
2013 07 26 19 00 32 0.839170 2
2013 07 26 19 00 34 0.181250 2
2013 07 26 19 00 35 0.859138 2
2013 07 26 19 00 36 0.865538 2
2013 07 26 19 00 38 0.543490 2
2013 07 26 19 00 40 0.221186 2
2013 07 26 19 00 41 0.227842 2
2013 07 26 19 00 42 0.570114 2
2013 07 26 19 00 43 0.912130 2
2013 07 26 19 00 45 0.589826 2
2013 07 26 19 00 47 0.267778 2
2013 07 26 19 00 48 0.945410 2
2013 07 26 19 00 50 0.623106 2
2013 07 26 19 00 51 0.965378 2
2013 07 26 19 00 53 0.642818 2
2013 07 26 19 00 54 0.985090 2
2013 07 26 19 00 56 0.327426 2
2013 07 26 19 00 58 0.005122 2
2013 07 26 19 00 59 0.011778 2
2013 07 26 19 01 00 0.353794 2
2013 07 26 19 01 02 0.031746 2
2013 07 26 19 01 03 0.374018 2
2013 07 26 19 01 04 0.380418 2
2013 07 26 19 01 06 0.058370 2
2013 07 26 19 01 07 0.064770 2
2013 07 26 19 01 08 0.407042 2
2013 07 26 19 01 11 0.091394 2
2013 07 26 19 01 13 0.440322 2
2013 07 26 19 01 15 0.117762 2
2013 07 26 19 01 16 0.460034 2
2013 07 26 19 01 17 0.466690 2
2013 07 26 19 01 19 0.144386 2
2013 07 26 19 01 20 0.822274 2
2013 07 26 19 01 22 0.499970 2
2013 07 26 19 01 23 0.841986 2
2013 07 26 19 01 25 0.184322 2
2013 07 26 19 01 26 0.862210 2
2013 07 26 19 01 28 0.204290 2
2013 07 26 19 01 29 0.881922 2
2013 07 26 19 01 31 0.224002 2
2013 07 26 19 01 32 0.230914 2
2013 07 26 19 01 33 0.237314 2
2013 07 26 19 01 34 0.915202 2
2013 07 26 19 01 36 0.257282 2
2013 07 26 19 01 37 0.263938 2
2013 07 26 19 01 39 0.612866 2
2013 07 26 19 01 40 0.619266 2
2013 07 26 19 01 42 0.632578 2
2013 07 26 19 01 43 0.639490 2
2013 07 26 19 01 45 0.316930 2
2013 07 26 19 01 46 0.659202 2
2013 07 26 19 01 48 0.672514 2
2013 07 26 19 01 50 0.350210 2
2013 07 26 19 01 52 0.027906 2
2013 07 26 19 01 53 0.370178 2
