2013 06 29 03 53 02 0.283602 
2013 06 29 03 53 03 0.177206 
2013 06 29 03 53 04 0.183840 
2013 06 29 03 53 05 0.190481 
2013 06 29 03 53 06 0.197106 
2013 06 29 03 53 07 0.203726 
2013 06 29 03 53 08 0.210397 
2013 06 29 03 53 09 0.216987 
2013 06 29 03 53 10 0.223666 
2013 06 29 03 53 11 0.230257 
2013 06 29 03 53 12 0.236885 
2013 06 29 03 53 13 0.998378 
2013 06 29 03 53 15 0.256840 
2013 06 29 03 53 16 0.263440 
2013 06 29 03 53 17 0.270108 
2013 06 29 03 53 18 0.024905 
2013 06 29 03 53 19 0.031514 
2013 06 29 03 53 20 0.038141 
2013 06 29 03 53 21 0.044776 
2013 06 29 03 53 22 0.051399 
2013 06 29 03 53 23 0.058032 
2013 06 29 03 53 24 0.064662 
2013 06 29 03 53 25 0.071296 
2013 06 29 03 53 26 0.077922 
2013 06 29 03 53 27 0.084552 
2013 06 29 03 53 28 0.091180 
2013 06 29 03 53 29 0.097838 
2013 06 29 03 53 30 0.104446 
2013 06 29 03 53 31 0.111099 
2013 06 29 03 53 32 0.117702 
2013 06 29 03 53 33 0.124336 
2013 06 29 03 53 34 0.130968 
2013 06 29 03 53 35 0.137598 
2013 06 29 03 53 36 0.144224 
2013 06 29 03 53 37 0.150852 
2013 06 29 03 53 38 0.157484 
2013 06 29 03 53 39 0.164150 
2013 06 29 03 53 40 0.170753 
2013 06 29 03 53 41 0.177378 
2013 06 29 03 53 42 0.184010 
2013 06 29 03 53 43 0.190643 
2013 06 29 03 53 44 0.197274 
2013 06 29 03 53 45 0.203912 
2013 06 29 03 53 46 0.210535 
2013 06 29 03 53 47 0.217168 
2013 06 29 03 53 48 0.223797 
2013 06 29 03 53 49 0.230427 
2013 06 29 03 53 50 0.237059 
2013 06 29 03 53 51 0.243714 
2013 06 29 03 53 52 0.250322 
2013 06 29 03 53 53 0.256945 
2013 06 29 03 53 54 0.263577 
2013 06 29 03 53 55 0.270204 
2013 06 29 03 53 56 0.276838 
2013 06 29 03 53 57 0.283488 
2013 06 29 03 53 58 0.290098 
2013 06 29 03 53 59 0.296728 
2013 06 29 03 54 00 0.303362 
2013 06 29 03 54 01 0.309996 
2013 06 29 03 54 02 0.316627 
2013 06 29 03 54 03 0.323257 
2013 06 29 03 54 04 0.329888 
2013 06 29 03 54 05 0.336517 
2013 06 29 03 54 06 0.343154 
2013 06 29 03 54 07 0.349782 
2013 06 29 03 54 08 0.356415 
2013 06 29 03 54 09 0.363048 
2013 06 29 03 54 10 0.369675 
2013 06 29 03 54 11 0.376316 
2013 06 29 03 54 12 0.382935 
2013 06 29 03 54 13 0.389558 
2013 06 29 03 54 14 0.396187 
2013 06 29 03 54 15 0.402819 
2013 06 29 03 54 16 0.409451 
2013 06 29 03 54 17 0.416080 
2013 06 29 03 54 18 0.422710 
2013 06 29 03 54 19 0.429344 
2013 06 29 03 54 20 0.435973 
2013 06 29 03 54 21 0.442605 
2013 06 29 03 54 22 0.449234 
2013 06 29 03 54 23 0.455870 
2013 06 29 03 54 24 0.462503 
2013 06 29 03 54 25 0.469131 
2013 06 29 03 54 26 0.475763 
2013 06 29 03 54 27 0.482390 
2013 06 29 03 54 28 0.489021 
2013 06 29 03 54 29 0.495655 
2013 06 29 03 54 30 0.502292 
2013 06 29 03 54 31 0.508919 
2013 06 29 03 54 32 0.515548 
2013 06 29 03 54 33 0.522177 
2013 06 29 03 54 34 0.528803 
2013 06 29 03 54 35 0.535431 
2013 06 29 03 54 36 0.542065 
2013 06 29 03 54 37 0.548693 
2013 06 29 03 54 38 0.555326 
2013 06 29 03 54 39 0.561955 
2013 06 29 03 54 40 0.568587 
2013 06 29 03 54 41 0.575217 
2013 06 29 03 54 42 0.581847 
2013 06 29 03 54 43 0.588486 
2013 06 29 03 54 44 0.595112 
2013 06 29 03 54 45 0.601742 
2013 06 29 03 54 46 0.608374 
2013 06 29 03 54 47 0.615003 
2013 06 29 03 54 48 0.621635 
2013 06 29 03 54 49 0.628265 
2013 06 29 03 54 50 0.634894 
2013 06 29 03 54 51 0.641529 
2013 06 29 03 54 52 0.648166 
2013 06 29 03 54 53 0.654783 
2013 06 29 03 54 54 0.661414 
2013 06 29 03 54 55 0.668044 
2013 06 29 03 54 56 0.674675 
2013 06 29 03 54 57 0.681308 
2013 06 29 03 54 58 0.687936 
2013 06 29 03 54 59 0.694568 
2013 06 29 03 55 00 0.701197 
2013 06 29 03 55 01 0.707830 
2013 06 29 03 55 02 0.714458 
2013 06 29 03 55 03 0.721094 
2013 06 29 03 55 04 0.727728 
2013 06 29 03 55 05 0.734372 
2013 06 29 03 55 06 0.740987 
2013 06 29 03 55 07 0.747620 
2013 06 29 03 55 08 0.754251 
2013 06 29 03 55 09 0.760878 
2013 06 29 03 55 10 0.767513 
2013 06 29 03 55 11 0.774154 
2013 06 29 03 55 12 0.780773 
2013 06 29 03 55 13 0.787399 
2013 06 29 03 55 14 0.794027 
2013 06 29 03 55 15 0.800658 
2013 06 29 03 55 16 0.807287 
2013 06 29 03 55 17 0.813918 
2013 06 29 03 55 18 0.820550 
2013 06 29 03 55 19 0.827180 
2013 06 29 03 55 20 0.833811 
2013 06 29 03 55 21 0.840440 
2013 06 29 03 55 22 0.847072 
2013 06 29 03 55 23 0.853707 
2013 06 29 03 55 24 0.860339 
2013 06 29 03 55 25 0.866969 
2013 06 29 03 55 26 0.873600 
2013 06 29 03 55 27 0.880231 
2013 06 29 03 55 28 0.886858 
2013 06 29 03 55 29 0.893495 
2013 06 29 03 55 30 0.900123 
2013 06 29 03 55 31 0.906754 
2013 06 29 03 55 32 0.913386 
2013 06 29 03 55 33 0.920006 
2013 06 29 03 55 34 0.926637 
2013 06 29 03 55 35 0.933270 
2013 06 29 03 55 36 0.939900 
2013 06 29 03 55 37 0.946529 
2013 06 29 03 55 38 0.953162 
2013 06 29 03 55 39 0.959791 
2013 06 29 03 55 40 0.966422 
2013 06 29 03 55 41 0.973054 
2013 06 29 03 55 42 0.979733 
2013 06 29 03 55 43 0.986326 
2013 06 29 03 55 44 0.992950 
2013 06 29 03 55 45 0.999582 
2013 06 29 03 55 47 0.006209 
2013 06 29 03 55 48 0.012848 
2013 06 29 03 55 49 0.019474 
2013 06 29 03 55 50 0.026105 
2013 06 29 03 55 51 0.032738 
2013 06 29 03 55 52 0.039365 
2013 06 29 03 55 53 0.045998 
2013 06 29 03 55 54 0.052623 
2013 06 29 03 55 55 0.059254 
2013 06 29 03 55 56 0.065884 
2013 06 29 03 55 57 0.072515 
2013 06 29 03 55 58 0.079146 
2013 06 29 03 55 59 0.085804 
2013 06 29 03 56 00 0.092405 
2013 06 29 03 56 01 0.099036 
2013 06 29 03 56 02 0.105666 
2013 06 29 03 56 03 0.112301 
2013 06 29 03 56 04 0.118941 
2013 06 29 03 56 05 0.125568 
2013 06 29 03 56 06 0.132195 
2013 06 29 03 56 07 0.138823 
2013 06 29 03 56 08 0.145455 
2013 06 29 03 56 09 0.152089 
2013 06 29 03 56 10 0.158717 
2013 06 29 03 56 11 0.165348 
2013 06 29 03 56 12 0.171976 
2013 06 29 03 56 13 0.178612 
2013 06 29 03 56 14 0.185232 
2013 06 29 03 56 15 0.191866 
2013 06 29 03 56 16 0.198492 
2013 06 29 03 56 17 0.205123 
2013 06 29 03 56 18 0.211757 
2013 06 29 03 56 19 0.218385 
2013 06 29 03 56 20 0.225017 
2013 06 29 03 56 21 0.231647 
2013 06 29 03 56 22 0.238278 
2013 06 29 03 56 23 0.244915 
2013 06 29 03 56 24 0.251544 
2013 06 29 03 56 25 0.258173 
2013 06 29 03 56 26 0.264804 
2013 06 29 03 56 27 0.271439 
2013 06 29 03 56 28 0.278072 
2013 06 29 03 56 29 0.284697 
2013 06 29 03 56 30 0.291327 
2013 06 29 03 56 31 0.297968 
2013 06 29 03 56 32 0.304595 
2013 06 29 03 56 33 0.311214 
2013 06 29 03 56 34 0.317845 
2013 06 29 03 56 35 0.324479 
2013 06 29 03 56 36 0.331110 
2013 06 29 03 56 37 0.337740 
2013 06 29 03 56 38 0.344394 
2013 06 29 03 56 39 0.351001 
2013 06 29 03 56 40 0.357655 
2013 06 29 03 56 41 0.364261 
2013 06 29 03 56 42 0.370893 
2013 06 29 03 56 43 0.377521 
2013 06 29 03 56 44 0.384148 
2013 06 29 03 56 45 0.390783 
2013 06 29 03 56 46 0.397409 
2013 06 29 03 56 47 0.404042 
2013 06 29 03 56 48 0.410673 
2013 06 29 03 56 49 0.417333 
2013 06 29 03 56 50 0.423935 
2013 06 29 03 56 51 0.430587 
2013 06 29 03 56 52 0.437194 
2013 06 29 03 56 53 0.443830 
2013 06 29 03 56 54 0.450460 
2013 06 29 03 56 55 0.457115 
2013 06 29 03 56 56 0.463723 
2013 06 29 03 56 57 0.470350 
2013 06 29 03 56 58 0.476979 
2013 06 29 03 56 59 0.483613 
2013 06 29 03 57 00 0.490242 
2013 06 29 03 57 01 0.496877 
2013 06 29 03 57 02 0.503506 
2013 06 29 03 57 03 0.510130 
2013 06 29 03 57 04 0.516759 
2013 06 29 03 57 05 0.523393 
2013 06 29 03 57 06 0.530044 
2013 06 29 03 57 07 0.536653 
2013 06 29 03 57 08 0.543314 
2013 06 29 03 57 09 0.549915 
2013 06 29 03 57 10 0.556547 
2013 06 29 03 57 11 0.563178 
2013 06 29 03 57 12 0.569808 
2013 06 29 03 57 13 0.576442 
2013 06 29 03 57 14 0.583069 
2013 06 29 03 57 15 0.589700 
2013 06 29 03 57 16 0.596330 
2013 06 29 03 57 17 0.602977 
2013 06 29 03 57 18 0.609589 
2013 06 29 03 57 19 0.616235 
2013 06 29 03 57 20 0.622850 
2013 06 29 03 57 21 0.629486 
2013 06 29 03 57 22 0.636126 
2013 06 29 03 57 23 0.642747 
2013 06 29 03 57 24 0.649371 
2013 06 29 03 57 25 0.656002 
2013 06 29 03 57 26 0.662631 
2013 06 29 03 57 27 0.669265 
2013 06 29 03 57 28 0.675913 
2013 06 29 03 57 29 0.682523 
2013 06 29 03 57 30 0.689172 
2013 06 29 03 57 31 0.695786 
2013 06 29 03 57 32 0.702418 
2013 06 29 03 57 33 0.709055 
2013 06 29 03 57 34 0.715682 
2013 06 29 03 57 35 0.722311 
2013 06 29 03 57 36 0.728945 
2013 06 29 03 57 37 0.735580 
2013 06 29 03 57 38 0.742206 
2013 06 29 03 57 40 0.000699 
2013 06 29 03 57 41 0.007302 
2013 06 29 03 57 42 0.013966 
2013 06 29 03 57 43 0.020612 
2013 06 29 03 57 44 0.027147 
2013 06 29 03 57 45 0.033787 
2013 06 29 03 57 46 0.040408 
2013 06 29 03 57 47 0.047085 
2013 06 29 03 57 48 0.053657 
2013 06 29 03 57 49 0.060306 
2013 06 29 03 57 50 0.066939 
2013 06 29 03 57 51 0.073557 
2013 06 29 03 57 52 0.080193 
2013 06 29 03 57 53 0.086827 
2013 06 29 03 57 54 0.093496 
2013 06 29 03 57 55 0.100137 
2013 06 29 03 57 56 0.106783 
2013 06 29 03 57 57 0.113426 
2013 06 29 03 57 58 0.120014 
2013 06 29 03 57 59 0.126678 
2013 06 29 03 58 00 0.133305 
2013 06 29 03 58 01 0.139946 
2013 06 29 03 58 02 0.146578 
2013 06 29 03 58 03 0.153132 
2013 06 29 03 58 04 0.159763 
2013 06 29 03 58 05 0.166403 
2013 06 29 03 58 06 0.173016 
2013 06 29 03 58 07 0.179647 
2013 06 29 03 58 08 0.186273 
2013 06 29 03 58 09 0.192912 
2013 06 29 03 58 10 0.199554 
2013 06 29 03 58 11 0.206179 
2013 06 29 03 58 12 0.212797 
2013 06 29 03 58 13 0.219509 
2013 06 29 03 58 14 0.226132 
2013 06 29 03 58 15 0.232772 
2013 06 29 03 58 16 0.239369 
2013 06 29 03 58 17 0.246017 
2013 06 29 03 58 18 0.252658 
2013 06 29 03 58 19 0.259291 
2013 06 29 03 58 20 0.265923 
2013 06 29 03 58 21 0.272549 
2013 06 29 03 58 22 0.279186 
2013 06 29 03 58 23 0.285733 
2013 06 29 03 58 24 0.292362 
2013 06 29 03 58 25 0.298995 
2013 06 29 03 58 26 0.305626 
2013 06 29 03 58 27 0.312260 
2013 06 29 03 58 28 0.318891 
2013 06 29 03 58 29 0.325522 
2013 06 29 03 58 30 0.332138 
2013 06 29 03 58 31 0.338802 
2013 06 29 03 58 32 0.345418 
2013 06 29 03 58 33 0.352126 
2013 06 29 03 58 34 0.358728 
2013 06 29 03 58 35 0.365358 
2013 06 29 03 58 36 0.372008 
2013 06 29 03 58 37 0.378631 
2013 06 29 03 58 38 0.385248 
2013 06 29 03 58 39 0.391882 
2013 06 29 03 58 40 0.398511 
2013 06 29 03 58 41 0.405158 
2013 06 29 03 58 42 0.411802 
2013 06 29 03 58 43 0.418343 
2013 06 29 03 58 44 0.425004 
2013 06 29 03 58 45 0.431602 
2013 06 29 03 58 46 0.438236 
2013 06 29 03 58 47 0.444858 
2013 06 29 03 58 48 0.451501 
2013 06 29 03 58 49 0.458117 
2013 06 29 03 58 50 0.464756 
2013 06 29 03 58 51 0.471380 
2013 06 29 03 58 52 0.478013 
2013 06 29 03 58 53 0.484717 
2013 06 29 03 58 54 0.491357 
2013 06 29 03 58 55 0.498003 
2013 06 29 03 58 56 0.504615 
2013 06 29 03 58 57 0.511240 
2013 06 29 03 58 58 0.517886 
2013 06 29 03 58 59 0.524504 
2013 06 29 03 59 00 0.531147 
2013 06 29 03 59 01 0.537768 
2013 06 29 03 59 02 0.544388 
2013 06 29 03 59 03 0.550967 
2013 06 29 03 59 04 0.557612 
2013 06 29 03 59 05 0.564204 
2013 06 29 03 59 06 0.570844 
2013 06 29 03 59 07 0.577471 
2013 06 29 03 59 08 0.584100 
2013 06 29 03 59 09 0.590741 
2013 06 29 03 59 10 0.597364 
2013 06 29 03 59 11 0.603990 
2013 06 29 03 59 12 0.610638 
2013 06 29 03 59 13 0.617339 
2013 06 29 03 59 14 0.623976 
2013 06 29 03 59 15 0.630549 
2013 06 29 03 59 16 0.637235 
2013 06 29 03 59 17 0.643841 
2013 06 29 03 59 18 0.650482 
2013 06 29 03 59 19 0.657086 
2013 06 29 03 59 20 0.663731 
2013 06 29 03 59 21 0.670381 
2013 06 29 03 59 22 0.676994 
2013 06 29 03 59 23 0.683567 
2013 06 29 03 59 24 0.690205 
2013 06 29 03 59 25 0.696822 
2013 06 29 03 59 26 0.703488 
2013 06 29 03 59 27 0.710091 
2013 06 29 03 59 28 0.716769 
2013 06 29 03 59 29 0.723356 
2013 06 29 03 59 30 0.729973 
2013 06 29 03 59 31 0.736616 
2013 06 29 03 59 32 0.743279 
2013 06 29 03 59 33 0.749950 
2013 06 29 03 59 34 0.756566 
2013 06 29 03 59 35 0.763200 
2013 06 29 03 59 36 0.769837 
2013 06 29 03 59 37 0.776458 
2013 06 29 03 59 38 0.783097 
2013 06 29 03 59 39 0.789728 
2013 06 29 03 59 40 0.796335 
2013 06 29 03 59 41 0.802999 
2013 06 29 03 59 42 0.809624 
2013 06 29 03 59 43 0.816183 
2013 06 29 03 59 44 0.822795 
2013 06 29 03 59 45 0.829449 
2013 06 29 03 59 46 0.836069 
2013 06 29 03 59 47 0.842694 
2013 06 29 03 59 48 0.849321 
2013 06 29 03 59 49 0.855967 
2013 06 29 03 59 50 0.862582 
2013 06 29 03 59 51 0.869221 
2013 06 29 03 59 52 0.875846 
2013 06 29 03 59 53 0.882558 
2013 06 29 03 59 54 0.889138 
2013 06 29 03 59 55 0.895815 
2013 06 29 03 59 56 0.902400 
2013 06 29 03 59 57 0.909040 
2013 06 29 03 59 58 0.915703 
2013 06 29 03 59 59 0.922349 
2013 06 29 04 00 00 0.928973 
2013 06 29 04 00 01 0.935586 
2013 06 29 04 00 02 0.942215 
2013 06 29 04 00 03 0.948795 
2013 06 29 04 00 04 0.955422 
2013 06 29 04 00 05 0.962047 
2013 06 29 04 00 06 0.968670 
2013 06 29 04 00 07 0.975352 
2013 06 29 04 00 08 0.981939 
2013 06 29 04 00 09 0.988573 
2013 06 29 04 00 10 0.995198 
2013 06 29 04 00 12 0.001820 
2013 06 29 04 00 13 0.008456 
2013 06 29 04 00 14 0.015168 
2013 06 29 04 00 15 0.021800 
2013 06 29 04 00 16 0.028440 
2013 06 29 04 00 17 0.035033 
2013 06 29 04 00 18 0.041699 
2013 06 29 04 00 19 0.048275 
2013 06 29 04 00 20 0.054925 
2013 06 29 04 00 21 0.061579 
2013 06 29 04 00 22 0.068204 
2013 06 29 04 00 23 0.074843 
2013 06 29 04 00 24 0.081407 
2013 06 29 04 00 25 0.088031 
2013 06 29 04 00 26 0.094666 
2013 06 29 04 00 27 0.101305 
2013 06 29 04 00 28 0.107954 
2013 06 29 04 00 29 0.114533 
2013 06 29 04 00 30 0.121228 
2013 06 29 04 00 31 0.127809 
2013 06 29 04 00 32 0.134444 
2013 06 29 04 00 33 0.141069 
2013 06 29 04 00 34 0.147756 
2013 06 29 04 00 35 0.154413 
2013 06 29 04 00 36 0.161012 
2013 06 29 04 00 37 0.167660 
2013 06 29 04 00 38 0.174259 
2013 06 29 04 00 39 0.180917 
2013 06 29 04 00 40 0.187554 
2013 06 29 04 00 41 0.194198 
2013 06 29 04 00 42 0.200820 
2013 06 29 04 00 43 0.207451 
2013 06 29 04 00 44 0.214007 
2013 06 29 04 00 45 0.220677 
2013 06 29 04 00 46 0.227277 
2013 06 29 04 00 47 0.233906 
2013 06 29 04 00 48 0.240540 
2013 06 29 04 00 49 0.247165 
2013 06 29 04 00 50 0.253792 
2013 06 29 04 00 51 0.260411 
2013 06 29 04 00 52 0.267049 
2013 06 29 04 00 53 0.273684 
2013 06 29 04 00 54 0.280390 
2013 06 29 04 00 55 0.287011 
2013 06 29 04 00 56 0.293600 
2013 06 29 04 00 57 0.300283 
2013 06 29 04 00 58 0.306879 
2013 06 29 04 00 59 0.313507 
2013 06 29 04 01 00 0.320176 
2013 06 29 04 01 01 0.326818 
2013 06 29 04 01 02 0.333423 
2013 06 29 04 01 03 0.339989 
2013 06 29 04 01 04 0.346629 
2013 06 29 04 01 05 0.353250 
2013 06 29 04 01 06 0.359883 
2013 06 29 04 01 07 0.366546 
2013 06 29 04 01 08 0.373141 
2013 06 29 04 01 09 0.379800 
2013 06 29 04 01 10 0.386408 
2013 06 29 04 01 11 0.393009 
2013 06 29 04 01 12 0.399643 
2013 06 29 04 01 13 0.406373 
2013 06 29 04 01 14 0.412987 
2013 06 29 04 01 15 0.419625 
2013 06 29 04 01 16 0.426232 
2013 06 29 04 01 17 0.432889 
2013 06 29 04 01 18 0.439466 
2013 06 29 04 01 19 0.446155 
2013 06 29 04 01 20 0.452726 
2013 06 29 04 01 21 0.459376 
2013 06 29 04 01 22 0.466047 
2013 06 29 04 01 23 0.472600 
2013 06 29 04 01 24 0.479213 
2013 06 29 04 01 25 0.485841 
2013 06 29 04 01 26 0.492479 
2013 06 29 04 01 27 0.499118 
2013 06 29 04 01 28 0.505739 
2013 06 29 04 01 29 0.512367 
2013 06 29 04 01 30 0.518998 
2013 06 29 04 01 31 0.525631 
2013 06 29 04 01 32 0.532262 
2013 06 29 04 01 33 0.538992 
2013 06 29 04 01 34 0.545602 
2013 06 29 04 01 35 0.552228 
2013 06 29 04 01 36 0.558858 
2013 06 29 04 01 37 0.565462 
2013 06 29 04 01 38 0.572107 
2013 06 29 04 01 39 0.578763 
2013 06 29 04 01 40 0.585342 
2013 06 29 04 01 41 0.592009 
2013 06 29 04 01 42 0.598621 
2013 06 29 04 01 43 0.605198 
2013 06 29 04 01 44 0.611824 
2013 06 29 04 01 45 0.618458 
2013 06 29 04 01 46 0.625093 
2013 06 29 04 01 47 0.631715 
2013 06 29 04 01 48 0.638345 
2013 06 29 04 01 49 0.644974 
2013 06 29 04 01 50 0.651602 
2013 06 29 04 01 51 0.658265 
2013 06 29 04 01 52 0.664859 
2013 06 29 04 01 53 0.671536 
2013 06 29 04 01 54 0.678194 
2013 06 29 04 01 55 0.684828 
2013 06 29 04 01 56 0.691472 
2013 06 29 04 01 57 0.698098 
2013 06 29 04 01 58 0.704718 
2013 06 29 04 01 59 0.711344 
2013 06 29 04 02 00 0.717963 
2013 06 29 04 02 01 0.724894 
2013 06 29 04 02 02 0.731453 
2013 06 29 04 02 03 0.737888 
2013 06 29 04 02 04 0.744440 
2013 06 29 04 02 05 0.751068 
2013 06 29 04 02 06 0.757796 
2013 06 29 04 02 07 0.764323 
2013 06 29 04 02 08 0.770957 
2013 06 29 04 02 09 0.777574 
2013 06 29 04 02 10 0.784227 
2013 06 29 04 02 11 0.790841 
2013 06 29 04 02 12 0.797469 
2013 06 29 04 02 13 0.804213 
2013 06 29 04 02 14 0.810790 
2013 06 29 04 02 15 0.817432 
2013 06 29 04 02 16 0.824035 
2013 06 29 04 02 17 0.830709 
2013 06 29 04 02 18 0.837334 
2013 06 29 04 02 19 0.843916 
2013 06 29 04 02 20 0.850600 
2013 06 29 04 02 21 0.857206 
2013 06 29 04 02 22 0.863826 
2013 06 29 04 02 23 0.870408 
2013 06 29 04 02 24 0.877077 
2013 06 29 04 02 25 0.883659 
2013 06 29 04 02 26 0.890335 
2013 06 29 04 02 27 0.896947 
2013 06 29 04 02 28 0.903559 
2013 06 29 04 02 29 0.910189 
2013 06 29 04 02 30 0.916866 
2013 06 29 04 02 31 0.923451 
2013 06 29 04 02 32 0.930091 
2013 06 29 04 02 33 0.936789 
2013 06 29 04 02 34 0.943418 
2013 06 29 04 02 35 0.950016 
2013 06 29 04 02 36 0.956680 
2013 06 29 04 02 37 0.963327 
2013 06 29 04 02 38 0.969922 
2013 06 29 04 02 39 0.976568 
2013 06 29 04 02 40 0.983205 
2013 06 29 04 02 41 0.989835 
2013 06 29 04 02 42 0.996467 
2013 06 29 04 02 44 0.003016 
2013 06 29 04 02 45 0.009653 
2013 06 29 04 02 46 0.016279 
2013 06 29 04 02 47 0.022925 
2013 06 29 04 02 48 0.029541 
2013 06 29 04 02 49 0.036204 
2013 06 29 04 02 50 0.042805 
2013 06 29 04 02 51 0.049435 
2013 06 29 04 02 52 0.056071 
2013 06 29 04 02 53 0.062719 
2013 06 29 04 02 54 0.069397 
2013 06 29 04 02 55 0.076045 
2013 06 29 04 02 56 0.082635 
2013 06 29 04 02 57 0.089302 
2013 06 29 04 02 58 0.095883 
2013 06 29 04 02 59 0.102544 
2013 06 29 04 03 00 0.109156 
2013 06 29 04 03 01 0.115834 
2013 06 29 04 03 02 0.122412 
2013 06 29 04 03 03 0.129068 
2013 06 29 04 03 04 0.135740 
2013 06 29 04 03 05 0.142589 
2013 06 29 04 03 06 0.149169 
2013 06 29 04 03 07 0.155538 
2013 06 29 04 03 08 0.162326 
2013 06 29 04 03 09 0.168833 
2013 06 29 04 03 10 0.175561 
2013 06 29 04 03 11 0.182127 
2013 06 29 04 03 12 0.188752 
2013 06 29 04 03 13 0.195326 
2013 06 29 04 03 14 0.201919 
2013 06 29 04 03 15 0.208612 
2013 06 29 04 03 16 0.215202 
2013 06 29 04 03 17 0.221859 
2013 06 29 04 03 18 0.228459 
2013 06 29 04 03 19 0.235093 
2013 06 29 04 03 20 0.241729 
2013 06 29 04 03 21 0.248344 
2013 06 29 04 03 22 0.254988 
2013 06 29 04 03 23 0.261612 
2013 06 29 04 03 24 0.268282 
2013 06 29 04 03 25 0.274942 
2013 06 29 04 03 26 0.281546 
2013 06 29 04 03 27 0.288207 
2013 06 29 04 03 28 0.294794 
2013 06 29 04 03 29 0.301425 
2013 06 29 04 03 30 0.308109 
2013 06 29 04 03 31 0.314730 
2013 06 29 04 03 32 0.321297 
2013 06 29 04 03 33 0.327980 
2013 06 29 04 03 34 0.334546 
2013 06 29 04 03 35 0.341172 
2013 06 29 04 03 36 0.347802 
2013 06 29 04 03 37 0.354427 
2013 06 29 04 03 38 0.361067 
2013 06 29 04 03 39 0.367691 
2013 06 29 04 03 40 0.374330 
2013 06 29 04 03 41 0.380953 
2013 06 29 04 03 42 0.387582 
2013 06 29 04 03 43 0.394213 
2013 06 29 04 03 44 0.400943 
2013 06 29 04 03 45 0.407573 
2013 06 29 04 03 46 0.414187 
2013 06 29 04 03 47 0.420830 
2013 06 29 04 03 48 0.427368 
2013 06 29 04 03 49 0.434008 
2013 06 29 04 03 50 0.440631 
2013 06 29 04 03 51 0.447270 
2013 06 29 04 03 52 0.453886 
2013 06 29 04 03 53 0.460506 
2013 06 29 04 03 54 0.467234 
2013 06 29 04 03 55 0.473866 
2013 06 29 04 03 56 0.480497 
2013 06 29 04 03 57 0.487100 
2013 06 29 04 03 58 0.493749 
2013 06 29 04 03 59 0.500363 
2013 06 29 04 04 00 0.507002 
2013 06 29 04 04 01 0.513617 
2013 06 29 04 04 02 0.520243 
2013 06 29 04 04 03 0.526823 
2013 06 29 04 04 04 0.533441 
2013 06 29 04 04 05 0.540114 
2013 06 29 04 04 06 0.546719 
2013 06 29 04 04 07 0.553377 
2013 06 29 04 04 08 0.559975 
2013 06 29 04 04 09 0.566602 
2013 06 29 04 04 10 0.573238 
2013 06 29 04 04 11 0.579853 
2013 06 29 04 04 12 0.586482 
2013 06 29 04 04 13 0.593213 
2013 06 29 04 04 14 0.599796 
2013 06 29 04 04 15 0.606468 
2013 06 29 04 04 16 0.613081 
2013 06 29 04 04 17 0.619713 
2013 06 29 04 04 18 0.626333 
2013 06 29 04 04 19 0.632969 
2013 06 29 04 04 20 0.639619 
2013 06 29 04 04 21 0.646239 
2013 06 29 04 04 22 0.652877 
2013 06 29 04 04 23 0.659442 
2013 06 29 04 04 24 0.666042 
2013 06 29 04 04 25 0.672698 
2013 06 29 04 04 26 0.679313 
2013 06 29 04 04 27 0.685976 
2013 06 29 04 04 28 0.692603 
2013 06 29 04 04 29 0.699235 
2013 06 29 04 04 30 0.705835 
2013 06 29 04 04 31 0.712477 
2013 06 29 04 04 32 0.719092 
2013 06 29 04 04 33 0.725827 
2013 06 29 04 04 34 0.732432 
2013 06 29 04 04 35 0.739051 
2013 06 29 04 04 36 0.745624 
2013 06 29 04 04 37 0.752259 
2013 06 29 04 04 38 0.758926 
2013 06 29 04 04 39 0.765530 
2013 06 29 04 04 40 0.772192 
2013 06 29 04 04 41 0.778781 
2013 06 29 04 04 42 0.785408 
2013 06 29 04 04 43 0.792121 
2013 06 29 04 04 44 0.798739 
2013 06 29 04 04 45 0.805327 
2013 06 29 04 04 46 0.811973 
2013 06 29 04 04 47 0.818614 
2013 06 29 04 04 48 0.825257 
2013 06 29 04 04 49 0.831873 
2013 06 29 04 04 50 0.838506 
2013 06 29 04 04 51 0.845151 
2013 06 29 04 04 52 0.851777 
2013 06 29 04 04 53 0.858341 
2013 06 29 04 04 54 0.864982 
2013 06 29 04 04 55 0.871630 
2013 06 29 04 04 56 0.878255 
2013 06 29 04 04 57 0.885375 
2013 06 29 04 04 58 0.891488 
2013 06 29 04 04 59 0.898119 
2013 06 29 04 05 00 0.904756 
2013 06 29 04 05 01 0.911379 
2013 06 29 04 05 02 0.918009 
2013 06 29 04 05 03 0.924727 
2013 06 29 04 05 04 0.931342 
2013 06 29 04 05 05 0.937980 
2013 06 29 04 05 06 0.944641 
2013 06 29 04 05 07 0.951246 
2013 06 29 04 05 08 0.957892 
2013 06 29 04 05 09 0.964492 
2013 06 29 04 05 10 0.971092 
2013 06 29 04 05 11 0.977755 
2013 06 29 04 05 12 0.984398 
2013 06 29 04 05 13 0.990947 
2013 06 29 04 05 14 0.997575 
2013 06 29 04 05 16 0.004199 
2013 06 29 04 05 17 0.010848 
2013 06 29 04 05 18 0.017504 
2013 06 29 04 05 19 0.024110 
2013 06 29 04 05 20 0.030771 
2013 06 29 04 05 21 0.037360 
2013 06 29 04 05 22 0.044005 
2013 06 29 04 05 23 0.050628 
2013 06 29 04 05 24 0.057333 
2013 06 29 04 05 25 0.063965 
2013 06 29 04 05 26 0.070582 
2013 06 29 04 05 27 0.077215 
2013 06 29 04 05 28 0.083855 
2013 06 29 04 05 29 0.090433 
2013 06 29 04 05 30 0.097121 
2013 06 29 04 05 31 0.103694 
2013 06 29 04 05 32 0.110358 
2013 06 29 04 05 33 0.117001 
2013 06 29 04 05 34 0.123554 
2013 06 29 04 05 35 0.130185 
2013 06 29 04 05 36 0.136828 
2013 06 29 04 05 37 0.143445 
2013 06 29 04 05 38 0.150102 
2013 06 29 04 05 39 0.156705 
2013 06 29 04 05 40 0.163342 
2013 06 29 04 05 41 0.169964 
2013 06 29 04 05 42 0.176601 
2013 06 29 04 05 43 0.183211 
2013 06 29 04 05 44 0.189935 
2013 06 29 04 05 45 0.196653 
2013 06 29 04 05 46 0.203138 
2013 06 29 04 05 47 0.209755 
2013 06 29 04 05 48 0.216400 
2013 06 29 04 05 49 0.223059 
2013 06 29 04 05 50 0.229708 
2013 06 29 04 05 51 0.236318 
2013 06 29 04 05 52 0.242977 
2013 06 29 04 05 53 0.249553 
2013 06 29 04 05 54 0.256164 
2013 06 29 04 05 55 0.262785 
2013 06 29 04 05 56 0.269415 
2013 06 29 04 05 57 0.276046 
2013 06 29 04 05 58 0.282676 
2013 06 29 04 05 59 0.289303 
2013 06 29 04 06 00 0.295939 
2013 06 29 04 06 01 0.302572 
2013 06 29 04 06 02 0.309200 
2013 06 29 04 06 03 0.315831 
2013 06 29 04 06 04 0.322524 
2013 06 29 04 06 05 0.329161 
2013 06 29 04 06 06 0.335804 
2013 06 29 04 06 07 0.342435 
2013 06 29 04 06 08 0.349026 
2013 06 29 04 06 09 0.355690 
2013 06 29 04 06 10 0.362284 
2013 06 29 04 06 11 0.368920 
2013 06 29 04 06 12 0.375577 
2013 06 29 04 06 13 0.382211 
2013 06 29 04 06 14 0.388764 
2013 06 29 04 06 15 0.395402 
2013 06 29 04 06 16 0.402037 
2013 06 29 04 06 17 0.408661 
2013 06 29 04 06 18 0.415279 
2013 06 29 04 06 19 0.421926 
2013 06 29 04 06 20 0.428546 
2013 06 29 04 06 21 0.435177 
2013 06 29 04 06 22 0.441802 
2013 06 29 04 06 23 0.448435 
2013 06 29 04 06 24 0.455136 
2013 06 29 04 06 25 0.461786 
2013 06 29 04 06 26 0.468407 
2013 06 29 04 06 27 0.475032 
2013 06 29 04 06 28 0.481683 
2013 06 29 04 06 29 0.488297 
2013 06 29 04 06 30 0.494876 
2013 06 29 04 06 31 0.501557 
2013 06 29 04 06 32 0.508163 
2013 06 29 04 06 33 0.514798 
2013 06 29 04 06 34 0.521365 
2013 06 29 04 06 35 0.528002 
2013 06 29 04 06 36 0.534627 
2013 06 29 04 06 37 0.541261 
2013 06 29 04 06 38 0.547895 
2013 06 29 04 06 39 0.554510 
2013 06 29 04 06 40 0.561156 
2013 06 29 04 06 41 0.567830 
2013 06 29 04 06 42 0.574422 
2013 06 29 04 06 43 0.581082 
2013 06 29 04 06 44 0.587721 
2013 06 29 04 06 45 0.594382 
2013 06 29 04 06 46 0.601004 
2013 06 29 04 06 47 0.607644 
2013 06 29 04 06 48 0.614269 
2013 06 29 04 06 49 0.620889 
2013 06 29 04 06 50 0.627515 
2013 06 29 04 06 51 0.634173 
2013 06 29 04 06 52 0.640787 
2013 06 29 04 06 53 0.647434 
2013 06 29 04 06 54 0.654020 
2013 06 29 04 06 55 0.660604 
2013 06 29 04 06 56 0.667251 
2013 06 29 04 06 57 0.673880 
2013 06 29 04 06 58 0.680502 
2013 06 29 04 06 59 0.687134 
2013 06 29 04 07 00 0.693755 
2013 06 29 04 07 01 0.700388 
2013 06 29 04 07 02 0.707014 
2013 06 29 04 07 03 0.713683 
2013 06 29 04 07 04 0.720384 
2013 06 29 04 07 05 0.727000 
2013 06 29 04 07 06 0.733623 
2013 06 29 04 07 07 0.740241 
2013 06 29 04 07 08 0.746882 
2013 06 29 04 07 09 0.753511 
2013 06 29 04 07 10 0.760136 
2013 06 29 04 07 11 0.766743 
2013 06 29 04 07 12 0.773376 
2013 06 29 04 07 13 0.779973 
2013 06 29 04 07 14 0.786598 
2013 06 29 04 07 15 0.793214 
2013 06 29 04 07 16 0.799864 
2013 06 29 04 07 17 0.806470 
2013 06 29 04 07 18 0.813104 
2013 06 29 04 07 19 0.819726 
2013 06 29 04 07 20 0.826364 
2013 06 29 04 07 21 0.832992 
2013 06 29 04 07 22 0.839627 
2013 06 29 04 07 23 0.846347 
2013 06 29 04 07 24 0.852969 
2013 06 29 04 07 25 0.859584 
2013 06 29 04 07 26 0.866242 
2013 06 29 04 07 27 0.872865 
2013 06 29 04 07 28 0.879491 
2013 06 29 04 07 29 0.886119 
2013 06 29 04 07 30 0.892747 
2013 06 29 04 07 31 0.899377 
2013 06 29 04 07 32 0.906008 
2013 06 29 04 07 33 0.912563 
2013 06 29 04 07 34 0.919195 
2013 06 29 04 07 35 0.925819 
2013 06 29 04 07 36 0.932489 
2013 06 29 04 07 37 0.939083 
2013 06 29 04 07 38 0.945730 
2013 06 29 04 07 39 0.952337 
2013 06 29 04 07 40 0.958965 
2013 06 29 04 07 41 0.965597 
2013 06 29 04 07 42 0.972228 
2013 06 29 04 07 43 0.978937 
2013 06 29 04 07 44 0.985563 
2013 06 29 04 07 45 0.992171 
2013 06 29 04 07 46 0.998833 
2013 06 29 04 07 48 0.005449 
2013 06 29 04 07 49 0.012104 
2013 06 29 04 07 50 0.018665 
2013 06 29 04 07 51 0.025272 
2013 06 29 04 07 52 0.031916 
2013 06 29 04 07 53 0.038552 
2013 06 29 04 07 54 0.045246 
2013 06 29 04 07 55 0.051875 
2013 06 29 04 07 56 0.058464 
2013 06 29 04 07 57 0.065090 
2013 06 29 04 07 58 0.071682 
2013 06 29 04 07 59 0.078350 
2013 06 29 04 08 00 0.084957 
2013 06 29 04 08 01 0.091612 
2013 06 29 04 08 02 0.098211 
2013 06 29 04 08 03 0.104835 
2013 06 29 04 08 04 0.111563 
2013 06 29 04 08 05 0.118179 
2013 06 29 04 08 06 0.124803 
2013 06 29 04 08 07 0.131434 
2013 06 29 04 08 08 0.138027 
2013 06 29 04 08 09 0.144697 
2013 06 29 04 08 10 0.151288 
2013 06 29 04 08 11 0.157956 
2013 06 29 04 08 12 0.164536 
2013 06 29 04 08 13 0.171216 
2013 06 29 04 08 14 0.177775 
2013 06 29 04 08 15 0.184416 
2013 06 29 04 08 16 0.191041 
2013 06 29 04 08 17 0.197675 
2013 06 29 04 08 18 0.204295 
2013 06 29 04 08 19 0.210917 
2013 06 29 04 08 20 0.217566 
2013 06 29 04 08 21 0.224180 
2013 06 29 04 08 22 0.230816 
2013 06 29 04 08 23 0.237451 
2013 06 29 04 08 24 0.244165 
2013 06 29 04 08 25 0.250795 
2013 06 29 04 08 26 0.257419 
2013 06 29 04 08 27 0.264000 
2013 06 29 04 08 28 0.270687 
2013 06 29 04 08 29 0.277276 
2013 06 29 04 08 30 0.283925 
2013 06 29 04 08 31 0.290581 
2013 06 29 04 08 32 0.297205 
2013 06 29 04 08 33 0.303845 
2013 06 29 04 08 34 0.310374 
2013 06 29 04 08 35 0.317002 
2013 06 29 04 08 36 0.323648 
2013 06 29 04 08 37 0.330269 
2013 06 29 04 08 38 0.336902 
2013 06 29 04 08 39 0.343533 
2013 06 29 04 08 40 0.350155 
2013 06 29 04 08 41 0.356789 
2013 06 29 04 08 42 0.363423 
2013 06 29 04 08 43 0.370053 
2013 06 29 04 08 44 0.376760 
2013 06 29 04 08 45 0.383383 
2013 06 29 04 08 46 0.389986 
2013 06 29 04 08 47 0.396646 
2013 06 29 04 08 48 0.403281 
2013 06 29 04 08 49 0.409865 
2013 06 29 04 08 50 0.416548 
2013 06 29 04 08 51 0.423134 
2013 06 29 04 08 52 0.429784 
2013 06 29 04 08 53 0.436432 
2013 06 29 04 08 54 0.442987 
2013 06 29 04 08 55 0.449609 
2013 06 29 04 08 56 0.456249 
2013 06 29 04 08 57 0.462878 
2013 06 29 04 08 58 0.469508 
2013 06 29 04 08 59 0.476142 
2013 06 29 04 09 00 0.482789 
2013 06 29 04 09 01 0.489394 
2013 06 29 04 09 02 0.496042 
2013 06 29 04 09 03 0.502659 
2013 06 29 04 09 04 0.509367 
2013 06 29 04 09 05 0.516012 
2013 06 29 04 09 06 0.522639 
2013 06 29 04 09 07 0.529274 
2013 06 29 04 09 08 0.535876 
2013 06 29 04 09 09 0.542486 
2013 06 29 04 09 10 0.549134 
2013 06 29 04 09 11 0.555798 
2013 06 29 04 09 12 0.562401 
2013 06 29 04 09 13 0.569048 
2013 06 29 04 09 14 0.575590 
2013 06 29 04 09 15 0.582223 
2013 06 29 04 09 16 0.588857 
2013 06 29 04 09 17 0.595505 
2013 06 29 04 09 18 0.602113 
2013 06 29 04 09 19 0.608777 
2013 06 29 04 09 20 0.615381 
2013 06 29 04 09 21 0.622017 
2013 06 29 04 09 22 0.628636 
2013 06 29 04 09 23 0.635266 
2013 06 29 04 09 24 0.641971 
2013 06 29 04 09 25 0.648600 
2013 06 29 04 09 26 0.655237 
2013 06 29 04 09 27 0.661852 
2013 06 29 04 09 28 0.668547 
2013 06 29 04 09 29 0.675132 
2013 06 29 04 09 30 0.681757 
2013 06 29 04 09 31 0.688344 
2013 06 29 04 09 32 0.694975 
2013 06 29 04 09 33 0.701649 
2013 06 29 04 09 34 0.708214 
2013 06 29 04 09 35 0.714846 
2013 06 29 04 09 36 0.721467 
2013 06 29 04 09 37 0.728120 
2013 06 29 04 09 38 0.734730 
2013 06 29 04 09 39 0.741380 
2013 06 29 04 09 40 0.747993 
2013 06 29 04 09 41 0.754639 
2013 06 29 04 09 42 0.761254 
2013 06 29 04 09 43 0.767895 
2013 06 29 04 09 44 0.774586 
2013 06 29 04 09 45 0.781211 
2013 06 29 04 09 46 0.787876 
2013 06 29 04 09 47 0.794485 
2013 06 29 04 09 48 0.801117 
2013 06 29 04 09 49 0.807745 
2013 06 29 04 09 50 0.814377 
2013 06 29 04 09 51 0.820990 
2013 06 29 04 09 52 0.827640 
2013 06 29 04 09 53 0.834279 
2013 06 29 04 09 54 0.840831 
2013 06 29 04 09 55 0.847466 
2013 06 29 04 09 56 0.854125 
2013 06 29 04 09 57 0.860729 
2013 06 29 04 09 58 0.867353 
2013 06 29 04 09 59 0.873974 
2013 06 29 04 10 00 0.880678 
2013 06 29 04 10 01 0.887242 
2013 06 29 04 10 02 0.893868 
2013 06 29 04 10 03 0.900594 
2013 06 29 04 10 04 0.907195 
2013 06 29 04 10 05 0.913830 
2013 06 29 04 10 06 0.920460 
2013 06 29 04 10 07 0.927122 
2013 06 29 04 10 08 0.933709 
2013 06 29 04 10 09 0.940288 
2013 06 29 04 10 10 0.946920 
2013 06 29 04 10 11 0.953553 
2013 06 29 04 10 12 0.960182 
2013 06 29 04 10 13 0.966900 
2013 06 29 04 10 14 0.973522 
2013 06 29 04 10 15 0.980151 
2013 06 29 04 10 16 0.986776 
2013 06 29 04 10 17 0.993427 
2013 06 29 04 10 19 0.000002 
2013 06 29 04 10 20 0.006689 
2013 06 29 04 10 21 0.013350 
2013 06 29 04 10 22 0.019856 
2013 06 29 04 10 23 0.026487 
2013 06 29 04 10 24 0.033209 
2013 06 29 04 10 25 0.039842 
2013 06 29 04 10 26 0.046474 
2013 06 29 04 10 27 0.053018 
2013 06 29 04 10 28 0.059735 
2013 06 29 04 10 29 0.066363 
2013 06 29 04 10 30 0.072951 
2013 06 29 04 10 31 0.079630 
2013 06 29 04 10 32 0.086223 
2013 06 29 04 10 33 0.092874 
2013 06 29 04 10 34 0.099451 
2013 06 29 04 10 35 0.106070 
2013 06 29 04 10 36 0.112700 
2013 06 29 04 10 37 0.119337 
2013 06 29 04 10 38 0.125959 
2013 06 29 04 10 39 0.132601 
2013 06 29 04 10 40 0.139231 
2013 06 29 04 10 41 0.145861 
2013 06 29 04 10 42 0.152489 
2013 06 29 04 10 43 0.159118 
2013 06 29 04 10 44 0.165816 
2013 06 29 04 10 45 0.172461 
2013 06 29 04 10 46 0.179087 
2013 06 29 04 10 47 0.185711 
2013 06 29 04 10 48 0.192342 
2013 06 29 04 10 49 0.198953 
2013 06 29 04 10 50 0.205607 
2013 06 29 04 10 51 0.212231 
2013 06 29 04 10 52 0.218883 
2013 06 29 04 10 53 0.225508 
2013 06 29 04 10 54 0.232083 
2013 06 29 04 10 55 0.238689 
2013 06 29 04 10 56 0.245329 
2013 06 29 04 10 57 0.251950 
2013 06 29 04 10 58 0.258607 
2013 06 29 04 10 59 0.265213 
2013 06 29 04 11 00 0.271843 
2013 06 29 04 11 01 0.278494 
2013 06 29 04 11 02 0.285095 
2013 06 29 04 11 03 0.291767 
2013 06 29 04 11 04 0.298432 
2013 06 29 04 11 05 0.305071 
