2 2  
3 0  
4 3  
5 1  
6 2  
7 0  
8 3  
9 1  
10 2  
11 0  
12 3  
13 1  
14 2  
15 0  
16 3  
17 1  
18 2  
19 0  
20 3  
21 1  
22 2  
23 0  
24 3  
25 1  
26 2  
27 0  
28 3  
29 1  
30 2  
31 0  
32 3  
33 1  
34 2  
35 0  
36 3  
37 1  
38 2  
39 0  
40 3  
41 1  
42 2  
43 0  
44 3  
45 1  
46 2  
47 0  
48 3  
49 1  
50 2  
51 0  
52 3  
53 1  
54 2  
55 0  
56 3  
57 1  
58 2  
59 0  
60 3  
61 1  
62 2  
63 0  
64 3  
65 1  
66 2  
67 0  
68 3  
69 2  
70 1  
71 0  
72 3  
73 2  
74 0  
75 1  
76 3  
77 2  
78 0  
79 3  
80 1  
81 2  
82 0  
83 3  
84 1  
85 2  
86 0  
87 3  
88 1  
89 2  
90 0  
91 3  
92 1  
93 2  
94 0  
95 3  
96 1  
97 2  
98 0  
99 3  
100 1  
101 2  
102 0  
103 3  
104 1  
105 2  
106 0  
107 3  
108 1  
109 2  
110 0  
111 3  
112 1  
113 2  
114 0  
115 3  
116 1  
117 2  
118 0  
119 3  
120 1  
121 2  
122 0  
123 3  
124 1  
125 2  
126 0  
127 3  
128 1  
129 2  
130 0  
131 3  
132 1  
133 2  
134 0  
135 3  
136 1  
137 2  
138 0  
139 3  
140 1  
141 2  
142 0  
143 3  
144 1  
145 2  
146 0  
147 3  
148 1  
149 2  
150 0  
151 3  
152 1  
153 2  
154 0  
155 3  
156 1  
157 2  
158 0  
159 3  
160 1  
161 2  
162 0  
163 3  
164 1  
165 2  
166 0  
167 3  
168 1  
169 2  
170 0  
171 3  
172 1  
173 2  
174 0  
175 3  
176 1  
177 2  
178 0  
179 3  
180 1  
181 2  
182 0  
183 3  
184 1  
185 2  
186 0  
187 3  
188 1  
189 0  
190 2  
191 3  
192 1  
193 0  
194 2  
195 3  
196 1  
197 0  
198 2  
199 3  
200 1  
201 0  
202 2  
203 3  
204 1  
205 0  
206 2  
207 3  
208 1  
209 0  
210 2  
211 3  
212 1  
213 0  
214 2  
215 3  
216 1  
217 0  
218 2  
219 3  
220 1  
221 0  
222 2  
223 3  
224 1  
225 0  
226 2  
227 3  
228 1  
229 0  
230 2  
231 3  
232 1  
233 0  
234 2  
235 3  
236 1  
237 0  
238 2  
239 3  
240 1  
241 0  
242 2  
243 3  
244 1  
245 0  
246 2  
247 3  
248 1  
249 0  
250 2  
251 3  
252 1  
253 0  
254 2  
255 3  
256 1  
257 0  
258 2  
259 3  
260 1  
261 0  
262 2  
263 3  
264 0  
265 1  
266 2  
267 3  
268 0  
269 1  
270 2  
271 3  
272 0  
273 1  
274 2  
275 3  
276 0  
277 1  
278 2  
279 3  
280 0  
281 1  
282 2  
283 3  
284 0  
285 1  
286 2  
287 3  
288 0  
289 1  
290 2  
291 3  
292 0  
293 1  
294 2  
295 3  
296 0  
297 1  
298 2  
299 3  
300 0  
301 1  
302 2  
303 3  
304 0  
305 1  
306 2  
307 3  
308 0  
309 1  
310 2  
311 3  
312 0  
313 1  
314 2  
315 3  
316 0  
317 1  
318 2  
319 3  
320 0  
321 1  
322 2  
323 3  
324 0  
325 1  
326 2  
327 3  
328 0  
329 1  
330 2  
331 3  
332 0  
333 1  
334 2  
335 3  
336 0  
337 1  
338 2  
339 3  
340 0  
341 1  
342 2  
343 3  
344 0  
345 1  
346 2  
347 3  
348 0  
349 1  
350 2  
351 3  
352 0  
353 1  
354 2  
355 3  
356 0  
357 1  
358 2  
359 3  
360 0  
361 1  
362 2  
363 3  
364 0  
365 1  
366 2  
367 3  
368 0  
369 1  
370 2  
371 3  
372 0  
373 1  
374 2  
375 3  
376 0  
377 1  
378 2  
379 3  
380 0  
381 1  
382 3  
383 2  
384 0  
385 1  
386 3  
387 0  
388 2  
389 1  
390 3  
391 0  
392 2  
393 1  
394 3  
395 0  
396 2  
397 1  
398 3  
399 0  
400 2  
401 1  
402 3  
403 0  
404 2  
405 1  
406 3  
407 0  
408 2  
409 1  
410 3  
411 0  
412 2  
413 1  
414 3  
415 0  
416 2  
417 1  
418 3  
419 0  
420 2  
421 1  
422 3  
423 0  
424 2  
425 1  
426 3  
427 0  
428 2  
429 3  
430 1  
431 0  
432 2  
433 3  
434 0  
435 1  
436 2  
437 3  
438 0  
439 1  
440 2  
441 3  
442 0  
443 2  
444 1  
445 3  
446 0  
447 2  
448 3  
449 1  
450 0  
451 2  
452 3  
453 0  
454 1  
455 2  
456 3  
457 0  
458 1  
459 2  
460 3  
461 0  
462 1  
463 2  
464 3  
465 0  
466 1  
467 2  
468 3  
469 0  
470 1  
471 2  
472 3  
473 0  
474 1  
475 2  
476 3  
477 0  
478 1  
479 2  
480 3  
481 0  
482 1  
483 2  
484 3  
485 0  
486 1  
487 2  
488 3  
489 0  
490 1  
491 2  
492 3  
493 0  
494 1  
495 2  
496 3  
497 0  
498 1  
499 2  
500 3  
501 0  
502 1  
503 2  
504 3  
505 0  
506 1  
507 2  
508 3  
509 0  
510 1  
511 2  
512 3  
513 0  
514 1  
515 2  
516 3  
517 0  
518 1  
519 2  
520 3  
521 0  
522 1  
523 2  
524 3  
525 0  
526 1  
527 2  
528 3  
529 0  
530 1  
531 2  
532 3  
533 0  
534 1  
535 2  
536 3  
537 0  
538 1  
539 2  
540 3  
541 0  
542 1  
543 2  
544 3  
545 0  
546 1  
547 2  
548 0  
549 3  
550 1  
551 2  
552 0  
553 3  
554 1  
555 2  
556 0  
557 3  
558 1  
559 0  
560 2  
561 3  
562 1  
563 0  
564 2  
565 3  
566 1  
567 0  
568 3  
569 2  
570 1  
571 0  
572 3  
573 2  
574 1  
575 0  
576 3  
577 2  
578 1  
579 0  
580 3  
581 2  
582 1  
583 0  
584 3  
585 2  
586 1  
587 0  
588 3  
589 2  
590 1  
591 0  
592 3  
593 2  
594 1  
595 0  
596 3  
597 2  
598 1  
599 0  
600 3  
601 2  
602 1  
603 0  
604 3  
605 2  
606 1  
607 0  
608 3  
609 2  
610 1  
611 0  
612 3  
613 2  
614 1  
615 0  
616 3  
617 2  
618 1  
619 0  
620 3  
621 2  
622 1  
623 0  
624 3  
625 2  
626 1  
627 0  
628 3  
629 2  
630 1  
631 3  
632 0  
633 2  
634 3  
635 1  
636 0  
637 2  
638 3  
639 1  
640 0  
641 2  
642 3  
643 1  
644 0  
645 2  
646 3  
647 1  
648 0  
649 2  
650 3  
651 0  
652 1  
653 2  
654 3  
655 0  
656 1  
657 2  
658 3  
659 0  
660 1  
661 2  
662 3  
663 0  
664 1  
665 2  
666 3  
667 0  
668 1  
669 2  
670 3  
671 0  
672 1  
673 2  
674 3  
675 0  
676 1  
677 2  
678 3  
679 0  
680 1  
681 2  
682 3  
683 0  
684 1  
685 2  
686 3  
687 0  
688 1  
689 2  
690 3  
691 0  
692 1  
693 2  
694 3  
695 0  
696 1  
697 2  
698 3  
699 0  
700 1  
701 2  
702 3  
703 0  
704 1  
705 2  
706 3  
707 0  
708 1  
709 2  
710 3  
711 0  
712 1  
713 2  
714 3  
715 0  
716 1  
717 2  
718 3  
719 0  
720 1  
721 2  
722 3  
723 0  
724 1  
725 2  
726 3  
727 0  
728 1  
729 2  
730 3  
731 0  
732 1  
733 2  
734 3  
735 0  
736 1  
737 3  
738 2  
739 0  
740 1  
741 3  
742 0  
743 2  
744 1  
745 3  
746 0  
747 2  
748 1  
749 3  
750 0  
751 2  
752 1  
753 3  
754 0  
755 2  
756 1  
757 3  
758 0  
759 2  
760 1  
761 3  
762 0  
763 2  
764 1  
765 3  
766 0  
767 2  
768 1  
769 3  
770 0  
771 2  
772 1  
773 3  
774 0  
775 2  
776 1  
777 3  
778 0  
779 2  
780 1  
781 3  
782 0  
783 2  
784 1  
785 3  
786 0  
787 2  
788 1  
789 3  
790 0  
791 2  
792 1  
793 3  
794 0  
795 2  
796 1  
797 3  
798 0  
799 2  
800 1  
801 3  
802 0  
803 2  
804 1  
805 0  
806 3  
807 2  
808 1  
809 0  
810 3  
811 2  
812 0  
813 1  
814 3  
815 2  
816 0  
817 1  
818 3  
819 2  
820 0  
821 1  
822 3  
823 2  
824 0  
825 3  
826 1  
827 2  
828 0  
829 3  
830 1  
831 2  
832 0  
833 3  
834 1  
835 2  
836 0  
837 3  
838 1  
839 2  
840 0  
841 3  
842 1  
843 2  
844 0  
845 3  
846 1  
847 2  
848 0  
849 3  
850 1  
851 2  
852 0  
853 3  
854 1  
855 2  
856 0  
857 3  
858 1  
859 2  
860 0  
861 3  
862 1  
863 2  
864 0  
865 3  
866 1  
867 2  
868 0  
869 3  
870 1  
871 2  
872 0  
873 3  
874 1  
875 2  
876 0  
877 3  
878 1  
879 2  
880 0  
881 3  
882 1  
883 2  
884 0  
885 3  
886 1  
887 2  
888 0  
889 3  
890 1  
891 2  
892 0  
893 3  
894 1  
895 2  
896 0  
897 3  
898 1  
899 2  
900 0  
901 3  
902 1  
903 2  
904 0  
905 3  
906 1  
907 2  
908 0  
909 3  
910 1  
911 2  
912 0  
913 3  
914 1  
915 2  
916 0  
917 3  
918 1  
919 2  
920 0  
921 3  
922 1  
923 2  
924 0  
925 3  
926 1  
927 2  
928 0  
929 3  
930 1  
931 2  
932 0  
933 3  
934 1  
935 2  
936 0  
937 3  
938 1  
939 2  
940 0  
941 3  
942 1  
943 2  
944 0  
945 3  
946 1  
947 2  
948 0  
949 3  
950 1  
951 2  
952 0  
953 3  
954 1  
955 2  
956 0  
957 3  
958 1  
959 0  
960 2  
961 3  
962 0  
963 1  
964 3  
965 2  
966 0  
967 3  
968 1  
969 0  
970 2  
971 3  
972 0  
973 1  
974 2  
975 3  
976 0  
977 1  
978 2  
979 3  
980 0  
981 2  
982 1  
983 3  
984 0  
985 2  
986 3  
987 1  
988 0  
989 2  
990 3  
991 1  
992 0  
993 2  
994 3  
995 1  
996 0  
997 2  
998 3  
999 1  
1000 0  
1001 2  
1002 3  
1003 1  
1004 0  
1005 2  
1006 3  
1007 1  
1008 0  
1009 2  
1010 3  
1011 1  
1012 0  
1013 2  
1014 3  
1015 1  
1016 0  
1017 2  
1018 3  
1019 1  
1020 0  
1021 2  
1022 3  
1023 1  
1024 0  
1025 2  
1026 3  
1027 1  
1028 0  
1029 2  
1030 3  
1031 1  
1032 0  
1033 2  
1034 3  
1035 1  
1036 0  
1037 2  
1038 3  
1039 1  
1040 0  
1041 2  
1042 3  
1043 1  
1044 0  
1045 2  
1046 3  
1047 1  
1048 0  
1049 2  
1050 3  
1051 1  
1052 0  
1053 2  
1054 3  
1055 1  
1056 0  
1057 2  
1058 3  
1059 1  
1060 0  
1061 2  
1062 3  
1063 1  
1064 0  
1065 2  
1066 3  
1067 1  
1068 0  
1069 2  
1070 3  
1071 1  
1072 0  
1073 2  
1074 3  
1075 1  
1076 0  
1077 2  
1078 3  
1079 1  
1080 0  
1081 2  
1082 3  
1083 1  
1084 0  
1085 2  
1086 3  
1087 1  
1088 0  
1089 2  
1090 3  
1091 1  
1092 0  
1093 2  
1094 3  
1095 1  
1096 0  
1097 2  
1098 3  
1099 1  
1100 0  
1101 2  
1102 3  
1103 1  
1104 0  
1105 2  
1106 3  
1107 1  
1108 0  
1109 2  
1110 3  
1111 1  
1112 0  
1113 2  
1114 3  
1115 1  
1116 0  
1117 2  
1118 3  
1119 1  
1120 0  
1121 2  
1122 3  
1123 1  
1124 0  
1125 2  
1126 3  
1127 1  
1128 0  
1129 2  
1130 3  
1131 1  
1132 0  
1133 2  
1134 3  
1135 1  
1136 0  
1137 2  
1138 3  
1139 1  
1140 0  
1141 3  
1142 2  
1143 1  
1144 0  
1145 3  
1146 2  
1147 1  
1148 0  
1149 3  
1150 2  
1151 1  
1152 0  
1153 3  
1154 2  
1155 1  
1156 0  
1157 3  
1158 2  
1159 1  
1160 0  
1161 3  
1162 2  
1163 1  
1164 0  
1165 3  
1166 2  
1167 1  
1168 0  
1169 3  
1170 2  
1171 1  
1172 0  
1173 3  
1174 2  
1175 1  
1176 0  
1177 2  
1178 3  
1179 1  
1180 0  
1181 2  
1182 3  
1183 1  
1184 0  
1185 2  
1186 3  
1187 1  
1188 0  
1189 2  
1190 3  
1191 1  
1192 0  
1193 2  
1194 3  
1195 1  
1196 0  
1197 2  
1198 3  
1199 1  
1200 0  
1201 2  
1202 3  
1203 1  
1204 0  
1205 2  
1206 3  
1207 1  
1208 0  
1209 2  
1210 3  
1211 1  
1212 0  
1213 2  
1214 3  
1215 1  
1216 0  
1217 2  
1218 3  
1219 1  
1220 0  
1221 2  
1222 3  
1223 1  
1224 0  
1225 2  
1226 3  
1227 1  
1228 0  
1229 2  
1230 3  
1231 1  
1232 0  
1233 2  
1234 3  
1235 1  
1236 0  
1237 3  
1238 2  
1239 1  
1240 0  
1241 3  
1242 2  
1243 1  
1244 0  
1245 3  
1246 2  
1247 1  
1248 0  
1249 3  
1250 2  
1251 1  
1252 0  
1253 3  
1254 2  
1255 1  
1256 0  
1257 3  
1258 2  
1259 1  
1260 0  
1261 3  
1262 2  
1263 1  
1264 0  
1265 3  
1266 2  
1267 1  
1268 0  
1269 3  
1270 2  
1271 1  
1272 0  
1273 3  
1274 2  
1275 1  
1276 0  
1277 3  
1278 2  
1279 1  
1280 0  
1281 3  
1282 2  
1283 1  
1284 0  
1285 3  
1286 2  
1287 1  
1288 0  
1289 3  
1290 2  
1291 1  
1292 0  
1293 3  
1294 2  
1295 1  
1296 0  
1297 3  
1298 2  
1299 1  
1300 0  
1301 3  
1302 2  
1303 1  
1304 0  
1305 3  
1306 2  
1307 1  
1308 0  
1309 3  
1310 2  
1311 0  
1312 1  
1313 3  
1314 2  
1315 0  
1316 1  
1317 3  
1318 2  
1319 0  
1320 1  
1321 3  
1322 0  
1323 2  
1324 1  
1325 3  
1326 0  
1327 2  
1328 3  
1329 1  
1330 0  
1331 3  
1332 2  
1333 1  
1334 0  
1335 3  
1336 2  
1337 1  
1338 0  
1339 3  
1340 2  
1341 0  
1342 1  
1343 3  
1344 2  
1345 0  
1346 1  
1347 3  
1348 2  
1349 0  
1350 1  
1351 3  
1352 2  
1353 0  
1354 1  
1355 3  
1356 2  
1357 0  
1358 1  
1359 3  
1360 2  
1361 0  
1362 3  
1363 1  
1364 2  
1365 0  
1366 3  
1367 1  
1368 2  
1369 0  
1370 3  
1371 2  
1372 1  
1373 0  
1374 3  
1375 2  
1376 0  
1377 1  
1378 3  
1379 2  
1380 0  
1381 1  
1382 3  
1383 2  
1384 0  
1385 1  
1386 3  
1387 2  
1388 0  
1389 1  
1390 3  
1391 2  
1392 0  
1393 1  
1394 3  
1395 2  
1396 0  
1397 1  
1398 3  
1399 2  
1400 0  
1401 1  
1402 3  
1403 2  
1404 0  
1405 1  
1406 3  
1407 2  
1408 0  
1409 1  
1410 3  
1411 2  
1412 0  
1413 1  
1414 3  
1415 2  
1416 0  
1417 1  
1418 3  
1419 2  
1420 0  
1421 1  
1422 3  
1423 2  
1424 0  
1425 1  
1426 3  
1427 2  
1428 0  
1429 1  
1430 3  
1431 2  
1432 0  
1433 1  
1434 3  
1435 2  
1436 0  
1437 1  
1438 3  
1439 2  
1440 0  
1441 1  
1442 3  
1443 2  
1444 0  
1445 1  
1446 3  
1447 2  
1448 0  
1449 1  
1450 3  
1451 2  
1452 0  
1453 1  
1454 3  
1455 2  
1456 0  
1457 1  
1458 3  
1459 2  
1460 0  
1461 1  
1462 3  
1463 2  
1464 0  
1465 1  
1466 3  
1467 2  
1468 0  
1469 1  
1470 3  
1471 2  
1472 0  
1473 1  
1474 3  
1475 2  
1476 0  
1477 1  
1478 3  
1479 2  
1480 0  
1481 1  
1482 3  
1483 2  
1484 0  
1485 1  
1486 3  
1487 2  
1488 0  
1489 3  
1490 1  
1491 2  
1492 0  
1493 3  
1494 1  
1495 2  
1496 0  
1497 3  
1498 1  
1499 2  
1500 0  
1501 3  
1502 1  
1503 2  
1504 0  
1505 3  
1506 1  
1507 2  
1508 0  
1509 3  
1510 1  
1511 2  
1512 0  
1513 3  
1514 1  
1515 2  
1516 3  
1517 0  
1518 1  
1519 2  
1520 3  
1521 0  
1522 1  
1523 2  
1524 3  
1525 0  
1526 1  
1527 2  
1528 3  
1529 0  
1530 1  
1531 3  
1532 2  
1533 0  
1534 3  
1535 1  
1536 0  
1537 2  
1538 3  
1539 0  
1540 1  
1541 3  
1542 2  
1543 0  
1544 3  
1545 1  
1546 0  
1547 2  
1548 3  
1549 0  
1550 1  
1551 3  
1552 2  
1553 0  
1554 3  
1555 1  
1556 0  
1557 2  
1558 3  
1559 1  
1560 0  
1561 2  
1562 3  
1563 1  
1564 0  
1565 2  
1566 3  
1567 1  
1568 0  
1569 2  
1570 3  
1571 1  
1572 0  
1573 2  
1574 3  
1575 1  
1576 0  
1577 2  
1578 3  
1579 1  
1580 0  
1581 2  
1582 3  
1583 1  
1584 0  
1585 2  
1586 3  
1587 1  
1588 0  
1589 2  
1590 3  
1591 1  
1592 0  
1593 2  
1594 3  
1595 1  
1596 0  
1597 2  
1598 3  
1599 1  
1600 0  
1601 2  
1602 3  
1603 1  
1604 0  
1605 2  
1606 3  
1607 1  
1608 0  
1609 2  
1610 3  
1611 1  
1612 0  
1613 2  
1614 3  
1615 1  
1616 0  
1617 2  
1618 3  
1619 1  
1620 0  
1621 2  
1622 3  
1623 1  
1624 0  
1625 2  
1626 3  
1627 1  
1628 0  
1629 2  
1630 3  
1631 1  
1632 0  
1633 2  
1634 3  
1635 1  
1636 0  
1637 2  
1638 3  
1639 1  
1640 0  
1641 2  
1642 3  
1643 1  
1644 0  
1645 2  
1646 3  
1647 1  
1648 0  
1649 2  
1650 3  
1651 1  
1652 0  
1653 2  
1654 3  
1655 1  
1656 0  
1657 2  
1658 3  
1659 1  
1660 0  
1661 2  
1662 3  
1663 1  
1664 0  
1665 2  
1666 3  
1667 1  
1668 0  
1669 2  
1670 3  
1671 1  
1672 0  
1673 2  
1674 3  
1675 1  
1676 0  
1677 2  
1678 3  
1679 1  
1680 0  
1681 2  
1682 3  
1683 1  
1684 0  
1685 2  
1686 3  
1687 1  
1688 0  
1689 2  
1690 3  
1691 1  
1692 0  
1693 2  
1694 3  
1695 1  
1696 0  
1697 2  
1698 3  
1699 1  
1700 0  
1701 2  
1702 3  
1703 1  
1704 0  
1705 2  
1706 3  
1707 0  
1708 1  
1709 2  
1710 3  
1711 0  
1712 1  
1713 2  
1714 3  
1715 0  
1716 1  
1717 2  
1718 3  
1719 0  
1720 1  
1721 2  
1722 3  
1723 0  
1724 2  
1725 1  
1726 3  
1727 0  
1728 2  
1729 1  
1730 0  
1731 3  
1732 2  
1733 1  
1734 0  
1735 3  
1736 2  
1737 1  
1738 0  
1739 3  
1740 2  
1741 1  
1742 0  
1743 3  
1744 2  
1745 1  
1746 0  
1747 3  
1748 2  
1749 1  
1750 0  
1751 3  
1752 2  
1753 1  
1754 0  
1755 3  
1756 2  
1757 1  
1758 0  
1759 3  
1760 2  
1761 1  
1762 0  
1763 3  
1764 2  
1765 1  
1766 0  
1767 3  
1768 2  
1769 1  
1770 0  
1771 3  
1772 2  
1773 1  
1774 0  
1775 3  
1776 2  
1777 1  
1778 0  
1779 3  
1780 2  
1781 1  
1782 0  
1783 3  
1784 2  
1785 1  
1786 0  
1787 3  
1788 2  
1789 1  
1790 0  
1791 3  
1792 2  
1793 1  
1794 0  
1795 3  
1796 2  
1797 1  
1798 0  
1799 3  
1800 2  
1801 1  
1802 0  
1803 3  
1804 2  
1805 1  
1806 0  
1807 3  
1808 2  
1809 1  
1810 0  
1811 3  
1812 2  
1813 1  
1814 0  
1815 3  
1816 2  
1817 1  
1818 0  
1819 3  
1820 2  
1821 1  
1822 0  
1823 3  
1824 2  
1825 1  
1826 0  
1827 3  
1828 2  
1829 1  
1830 0  
1831 3  
1832 2  
1833 1  
1834 0  
1835 3  
1836 2  
1837 1  
1838 0  
1839 3  
1840 2  
1841 1  
1842 0  
1843 3  
1844 2  
1845 1  
1846 0  
1847 3  
1848 2  
1849 1  
1850 0  
1851 3  
1852 2  
1853 1  
1854 0  
1855 3  
1856 2  
1857 1  
1858 0  
1859 3  
1860 2  
1861 1  
1862 0  
1863 3  
1864 2  
1865 1  
1866 0  
1867 3  
1868 2  
1869 1  
1870 0  
1871 3  
1872 2  
1873 1  
1874 0  
1875 3  
1876 2  
1877 1  
1878 0  
1879 3  
1880 2  
1881 1  
1882 0  
1883 3  
1884 2  
1885 1  
1886 0  
1887 3  
1888 2  
1889 0  
1890 1  
1891 3  
1892 2  
1893 0  
1894 3  
1895 1  
1896 2  
1897 0  
1898 3  
1899 1  
1900 2  
1901 0  
1902 3  
1903 1  
1904 2  
1905 0  
1906 3  
1907 1  
1908 2  
1909 3  
1910 0  
1911 1  
1912 2  
1913 3  
1914 0  
1915 1  
1916 2  
1917 3  
1918 0  
1919 1  
1920 2  
1921 3  
1922 0  
1923 1  
1924 2  
1925 3  
1926 0  
1927 1  
1928 2  
1929 3  
1930 0  
1931 1  
1932 2  
1933 3  
1934 0  
1935 1  
1936 2  
1937 3  
1938 0  
1939 1  
1940 2  
1941 3  
1942 0  
1943 1  
1944 2  
1945 3  
1946 0  
1947 1  
1948 2  
1949 3  
1950 0  
1951 1  
1952 2  
1953 3  
1954 0  
1955 1  
1956 2  
1957 3  
1958 0  
1959 1  
1960 2  
1961 3  
1962 0  
1963 1  
1964 2  
1965 3  
1966 0  
1967 1  
1968 2  
1969 3  
1970 0  
1971 1  
1972 2  
1973 3  
1974 0  
1975 1  
1976 2  
1977 3  
1978 0  
1979 1  
1980 2  
1981 3  
1982 0  
1983 1  
1984 2  
1985 3  
1986 0  
1987 1  
1988 2  
1989 3  
1990 0  
1991 1  
1992 2  
1993 3  
1994 0  
1995 1  
1996 2  
1997 3  
1998 0  
1999 1  
2000 2  
2001 3  
2002 0  
2003 1  
2004 2  
2005 3  
2006 0  
2007 1  
2008 2  
2009 3  
2010 0  
2011 1  
2012 2  
2013 3  
2014 0  
2015 1  
2016 2  
2017 3  
2018 0  
2019 1  
2020 2  
2021 3  
2022 0  
2023 1  
2024 3  
2025 2  
2026 0  
2027 1  
2028 3  
2029 2  
2030 0  
2031 1  
2032 3  
2033 2  
2034 0  
2035 1  
2036 3  
2037 0  
2038 2  
2039 1  
2040 3  
2041 0  
2042 2  
2043 1  
2044 3  
2045 0  
2046 2  
2047 1  
2048 3  
2049 0  
2050 2  
2051 1  
2052 3  
2053 0  
2054 2  
2055 1  
2056 3  
2057 0  
2058 2  
2059 1  
2060 3  
2061 0  
2062 2  
2063 1  
2064 3  
2065 0  
2066 2  
2067 1  
2068 3  
2069 0  
2070 2  
2071 3  
2072 1  
2073 0  
2074 2  
2075 3  
2076 0  
2077 1  
2078 2  
2079 3  
2080 0  
2081 1  
2082 2  
2083 3  
2084 0  
2085 1  
2086 2  
2087 3  
2088 0  
2089 2  
2090 1  
2091 3  
2092 0  
2093 2  
2094 1  
2095 3  
2096 0  
2097 2  
2098 1  
2099 3  
2100 0  
2101 2  
2102 1  
2103 0  
2104 3  
2105 2  
2106 1  
2107 0  
2108 3  
2109 2  
2110 1  
2111 0  
2112 3  
2113 2  
2114 1  
2115 0  
2116 3  
2117 2  
2118 1  
2119 0  
2120 3  
2121 2  
2122 1  
2123 0  
2124 3  
2125 2  
2126 1  
2127 0  
2128 3  
2129 2  
2130 1  
2131 0  
2132 3  
2133 2  
2134 1  
2135 0  
2136 3  
2137 2  
2138 1  
2139 0  
2140 3  
2141 2  
2142 1  
2143 0  
2144 3  
2145 2  
2146 1  
2147 0  
2148 3  
2149 2  
2150 1  
2151 0  
2152 3  
2153 2  
2154 1  
2155 0  
2156 3  
2157 2  
2158 1  
2159 0  
2160 3  
2161 2  
2162 1  
2163 0  
2164 3  
2165 2  
2166 1  
2167 0  
2168 3  
2169 2  
2170 1  
2171 0  
2172 3  
2173 2  
2174 1  
2175 0  
2176 3  
2177 2  
2178 1  
2179 0  
2180 3  
2181 2  
2182 1  
2183 0  
2184 3  
2185 2  
2186 1  
2187 0  
2188 3  
2189 2  
2190 1  
2191 0  
2192 3  
2193 2  
2194 1  
2195 0  
2196 3  
2197 2  
2198 1  
2199 0  
2200 3  
2201 2  
2202 1  
2203 0  
2204 3  
2205 2  
2206 1  
2207 0  
2208 3  
2209 2  
2210 1  
2211 0  
2212 3  
2213 2  
2214 1  
2215 0  
2216 3  
2217 2  
2218 1  
2219 0  
2220 3  
2221 2  
2222 1  
2223 0  
2224 3  
2225 2  
2226 1  
2227 0  
2228 3  
2229 2  
2230 1  
2231 0  
2232 3  
2233 2  
2234 1  
2235 0  
2236 3  
2237 2  
2238 1  
2239 0  
2240 3  
2241 2  
2242 1  
2243 0  
2244 3  
2245 2  
2246 1  
2247 0  
2248 3  
2249 2  
2250 1  
2251 0  
2252 3  
2253 2  
2254 1  
2255 0  
2256 3  
2257 2  
2258 1  
2259 0  
2260 3  
2261 2  
2262 1  
2263 0  
2264 3  
2265 2  
2266 1  
2267 0  
2268 3  
2269 2  
2270 1  
2271 3  
2272 0  
2273 2  
2274 3  
2275 1  
2276 0  
2277 2  
2278 3  
2279 1  
2280 0  
2281 2  
2282 3  
2283 1  
2284 0  
2285 2  
2286 3  
2287 1  
2288 0  
2289 2  
2290 3  
2291 1  
2292 0  
2293 2  
2294 3  
2295 1  
2296 0  
2297 2  
2298 3  
2299 1  
2300 0  
2301 2  
2302 3  
2303 1  
2304 0  
2305 2  
2306 3  
2307 1  
2308 0  
2309 2  
2310 3  
2311 1  
2312 0  
2313 2  
2314 3  
2315 1  
2316 0  
2317 2  
2318 3  
2319 1  
2320 0  
2321 2  
2322 3  
2323 1  
2324 0  
2325 2  
2326 3  
2327 1  
2328 0  
2329 2  
2330 3  
2331 1  
2332 0  
2333 2  
2334 3  
2335 1  
2336 0  
2337 2  
2338 3  
2339 1  
2340 0  
2341 2  
2342 3  
2343 1  
2344 0  
2345 2  
2346 3  
2347 1  
2348 0  
2349 2  
2350 3  
2351 1  
2352 0  
2353 2  
2354 3  
2355 1  
2356 0  
2357 2  
2358 3  
2359 1  
2360 0  
2361 2  
2362 3  
2363 1  
2364 0  
2365 2  
2366 3  
2367 1  
2368 0  
2369 2  
2370 3  
2371 1  
2372 0  
2373 2  
2374 3  
2375 1  
2376 0  
2377 2  
2378 3  
2379 1  
2380 0  
2381 2  
2382 3  
2383 1  
2384 0  
2385 2  
