2 0  
3 1  
4 3  
5 2  
6 0  
7 1  
8 3  
9 2  
10 0  
11 3  
12 2  
13 1  
14 0  
15 3  
16 2  
17 3  
18 1  
19 0  
20 2  
21 3  
22 2  
23 1  
24 0  
25 3  
26 2  
27 1  
28 0  
29 3  
30 2  
31 3  
32 1  
33 0  
34 2  
35 3  
36 2  
37 1  
38 3  
39 0  
40 2  
41 3  
42 1  
43 0  
44 2  
45 3  
46 1  
47 0  
48 2  
49 3  
50 1  
51 0  
52 2  
53 3  
54 1  
55 0  
56 2  
57 3  
58 0  
59 1  
60 2  
61 3  
62 0  
63 1  
64 0  
65 1  
66 0  
67 3  
68 2  
69 3  
70 1  
71 0  
72 1  
73 0  
74 2  
75 3  
76 1  
77 0  
78 2  
79 3  
80 2  
81 3  
82 1  
83 0  
84 3  
85 2  
86 3  
87 1  
88 0  
89 2  
90 3  
91 2  
92 3  
93 1  
93 0  
94 2  
95 3  
96 2  
97 3  
98 1  
99 0  
100 2  
101 3  
102 2  
103 3  
104 1  
105 0  
106 3  
107 2  
108 1  
109 0  
110 3  
111 2  
112 3  
113 0  
114 2  
115 1  
116 3  
117 2  
118 3  
119 0  
120 1  
121 0  
122 2  
123 3  
124 2  
125 1  
126 0  
127 3  
128 1  
129 0  
130 2  
131 3  
132 1  
133 0  
134 2  
135 3  
136 1  
137 0  
138 2  
139 3  
140 1  
141 0  
142 3  
143 0  
144 1  
145 2  
146 3  
147 0  
148 1  
149 0  
150 2  
151 3  
152 1  
153 0  
154 1  
155 0  
156 2  
157 3  
158 1  
159 0  
160 2  
161 3  
162 1  
163 0  
164 3  
165 2  
166 1  
167 0  
168 3  
169 2  
170 2  
171 3  
172 1  
173 0  
174 2  
175 3  
176 0  
177 1  
178 3  
179 2  
180 3  
181 0  
182 1  
183 2  
184 3  
185 2  
186 3  
187 0  
188 1  
189 2  
190 3  
191 3  
192 2  
193 1  
194 0  
195 3  
196 2  
198 3  
199 1  
200 0  
201 2  
202 3  
203 2  
204 3  
205 1  
206 0  
208 2  
209 3  
210 1  
211 0  
212 2  
213 3  
217 0  
218 1  
219 2  
220 3  
223 0  
224 1  
225 2  
226 3  
227 0  
228 1  
229 0  
231 3  
232 1  
233 0  
234 2  
235 3  
237 0  
238 1  
241 2  
242 3  
243 0  
244 1  
245 0  
247 2  
248 3  
249 1  
250 0  
253 1  
254 0  
255 3  
256 2  
258 3  
259 2  
260 1  
261 0  
262 3  
265 2  
266 3  
267 1  
268 0  
269 2  
270 3  
271 0  
272 1  
273 2  
274 3  
276 1  
277 0  
278 2  
279 3  
280 2  
281 3  
282 1  
283 0  
285 2  
286 3  
287 0  
288 3  
289 1  
290 2  
291 0  
292 3  
293 2  
294 1  
295 0  
296 3  
297 2  
298 3  
299 1  
300 0  
301 2  
302 3  
303 2  
304 3  
305 1  
306 0  
307 2  
308 3  
309 1  
310 0  
311 2  
312 3  
314 1  
315 2  
316 0  
317 3  
319 3  
320 2  
321 1  
322 0  
324 3  
327 2  
328 3  
329 0  
330 1  
334 0  
335 1  
336 0  
337 2  
338 3  
339 1  
340 0  
342 3  
343 2  
345 1  
346 0  
349 0  
350 1  
351 3  
352 2  
353 3  
354 0  
355 1  
356 2  
357 3  
358 0  
359 1  
360 0  
362 2  
363 3  
364 1  
366 2  
367 3  
368 0  
369 1  
370 2  
371 0  
372 3  
373 3  
374 2  
375 1  
376 0  
377 3  
378 2  
379 3  
380 0  
381 1  
382 2  
383 3  
384 0  
385 2  
386 1  
387 3  
388 0  
389 2  
390 3  
391 1  
392 0  
393 2  
394 3  
395 1  
396 0  
397 2  
398 3  
400 1  
401 0  
402 2  
403 3  
404 2  
405 3  
406 1  
407 0  
409 2  
410 3  
411 1  
412 0  
414 2  
415 3  
416 0  
417 1  
418 2  
419 3  
422 0  
424 1  
425 0  
427 3  
428 2  
429 1  
430 0  
431 3  
433 2  
434 3  
435 1  
436 0  
440 2  
441 3  
442 0  
443 1  
448 2  
449 3  
450 0  
451 1  
455 1  
456 0  
457 2  
458 3  
460 2  
461 3  
462 1  
463 0  
464 2  
465 3  
466 0  
467 1  
470 2  
471 3  
472 1  
473 0  
474 3  
475 2  
476 3  
477 1  
478 0  
479 2  
480 3  
481 1  
482 0  
483 2  
484 3  
487 0  
488 1  
489 2  
490 3  
491 0  
492 2  
493 3  
494 1  
495 0  
497 2  
498 3  
499 1  
500 0  
502 2  
503 3  
504 1  
505 0  
506 2  
507 3  
508 1  
509 0  
510 2  
511 3  
512 1  
513 0  
514 2  
515 3  
517 2  
518 3  
519 1  
520 0  
521 3  
522 2  
523 1  
524 0  
525 3  
526 2  
527 3  
528 1  
529 0  
533 2  
534 3  
535 1  
536 0  
541 1  
542 0  
543 2  
544 3  
549 0  
550 1  
551 2  
552 3  
555 0  
556 1  
557 3  
558 2  
559 3  
560 0  
565 2  
566 3  
567 0  
568 1  
570 2  
571 3  
572 0  
573 1  
574 2  
575 3  
576 1  
577 0  
578 2  
579 3  
580 0  
581 1  
582 2  
583 3  
585 2  
586 3  
587 0  
588 1  
589 0  
590 2  
591 3  
592 1  
593 0  
594 2  
595 3  
597 1  
598 0  
599 2  
600 3  
602 1  
603 0  
604 2  
605 3  
607 0  
608 1  
609 2  
610 3  
611 3  
612 2  
613 0  
614 1  
615 3  
616 2  
618 2  
619 3  
620 1  
621 0  
622 3  
623 2  
624 0  
625 1  
626 3  
627 2  
628 1  
629 0  
630 3  
631 2  
632 3  
633 1  
634 0  
637 1  
638 2  
639 3  
640 0  
641 0  
642 1  
644 3  
645 0  
646 2  
647 3  
648 1  
649 0  
653 2  
654 1  
655 0  
656 3  
659 1  
660 0  
661 2  
662 3  
664 0  
665 1  
666 2  
667 3  
668 0  
671 2  
672 3  
673 1  
674 0  
676 2  
677 3  
678 0  
679 1  
680 2  
681 3  
683 2  
684 3  
685 1  
686 0  
687 2  
688 3  
691 0  
692 1  
693 2  
694 3  
695 0  
696 1  
697 2  
698 3  
699 0  
702 2  
703 3  
704 0  
705 1  
706 3  
707 2  
709 0  
710 1  
711 3  
712 2  
713 3  
714 2  
715 0  
716 1  
717 3  
718 2  
719 3  
720 0  
721 1  
722 0  
723 2  
724 3  
725 1  
726 0  
727 2  
728 3  
729 2  
730 3  
731 1  
732 0  
733 2  
734 1  
735 3  
736 0  
737 1  
738 0  
739 2  
740 3  
742 0  
743 1  
745 3  
746 1  
747 0  
748 2  
749 3  
751 0  
752 1  
754 0  
755 1  
756 2  
757 3  
758 0  
760 1  
761 0  
765 2  
766 3  
767 1  
768 0  
770 1  
771 0  
772 2  
773 3  
774 3  
776 2  
777 3  
778 0  
779 1  
780 2  
781 3  
783 0  
784 1  
785 2  
786 3  
788 2  
789 3  
790 0  
791 1  
792 2  
793 3  
796 2  
797 3  
798 0  
799 1  
800 2  
801 3  
804 1  
805 0  
806 2  
807 3  
808 3  
809 2  
810 3  
811 1  
812 0  
813 2  
814 3  
816 0  
817 1  
818 2  
819 3  
820 2  
821 3  
822 0  
823 1  
824 2  
825 3  
827 0  
828 1  
829 2  
830 3  
832 1  
833 0  
834 2  
835 3  
837 0  
838 1  
840 0  
842 2  
843 3  
844 1  
845 0  
846 3  
847 1  
848 0  
849 2  
850 3  
853 1  
854 0  
856 2  
857 3  
858 1  
859 0  
862 0  
863 1  
864 2  
865 3  
868 1  
869 0  
871 2  
872 3  
873 0  
874 1  
875 3  
876 2  
877 3  
878 0  
879 1  
881 2  
882 3  
883 0  
884 1  
886 2  
887 3  
890 0  
891 1  
892 2  
893 3  
894 3  
895 2  
896 0  
897 1  
898 3  
899 2  
900 3  
901 1  
902 0  
903 2  
904 3  
906 2  
907 3  
908 0  
909 1  
911 2  
912 3  
913 0  
915 2  
916 3  
917 1  
918 0  
919 2  
920 3  
922 1  
923 0  
924 2  
925 3  
926 3  
927 2  
929 1  
930 0  
931 2  
932 3  
934 2  
935 0  
936 3  
937 1  
938 0  
939 2  
940 3  
941 1  
942 0  
944 2  
945 3  
946 1  
947 0  
949 0  
950 1  
952 2  
953 3  
954 0  
955 1  
956 0  
960 1  
961 3  
962 2  
963 0  
965 1  
966 0  
967 2  
968 3  
969 3  
970 1  
971 0  
973 2  
974 3  
976 1  
977 0  
978 2  
979 3  
981 0  
983 2  
984 1  
985 3  
986 0  
987 1  
988 2  
989 3  
990 0  
991 2  
992 3  
993 1  
994 0  
995 2  
996 3  
997 1  
998 0  
999 2  
1000 3  
1001 1  
1002 0  
1003 2  
1004 3  
1005 1  
1006 0  
1007 2  
1008 3  
1009 1  
1010 0  
1011 2  
1012 3  
1015 2  
1016 3  
1017 0  
1018 1  
1019 2  
1020 3  
1022 2  
1023 1  
1024 3  
1025 0  
1026 3  
1027 2  
1028 3  
1029 2  
1030 1  
1031 0  
1032 3  
1034 2  
1035 3  
1036 1  
1037 0  
1039 2  
1040 3  
1045 0  
1046 3  
1047 2  
1048 1  
1050 3  
1052 2  
1053 0  
1054 3  
1055 1  
1056 0  
1059 1  
1060 0  
1061 2  
1062 3  
1064 1  
1065 0  
1067 3  
1068 2  
1069 0  
1070 1  
1071 0  
1073 3  
1075 1  
1076 2  
1077 0  
1078 3  
1080 2  
1081 3  
1082 1  
1083 0  
1086 2  
1087 3  
1088 1  
1089 0  
1090 3  
1091 2  
1092 3  
1093 0  
1094 1  
1095 2  
1096 3  
1098 3  
1099 2  
1100 1  
1101 0  
1103 3  
1104 2  
1105 1  
1106 0  
1107 3  
1108 2  
1109 1  
1110 0  
1111 2  
1112 3  
1114 3  
1115 2  
1116 1  
1117 0  
1120 2  
1121 3  
1122 0  
1123 1  
1124 0  
1125 3  
1126 2  
1127 1  
1128 0  
1129 3  
1130 2  
1131 3  
1132 2  
1133 3  
1134 1  
1135 0  
1136 2  
1137 3  
1138 0  
1139 1  
1140 2  
1141 3  
1144 2  
1145 3  
1146 1  
1147 0  
1150 2  
1151 3  
1152 1  
1153 0  
1158 2  
1159 3  
1160 1  
1161 0  
1162 3  
1166 2  
1167 3  
1168 0  
1169 1  
1170 0  
1174 2  
1175 3  
1177 1  
1178 0  
1181 2  
1182 3  
1183 1  
1184 0  
1186 2  
1187 3  
1188 1  
1189 0  
1191 2  
1192 3  
1193 0  
1194 1  
1196 2  
1197 3  
1198 0  
1199 1  
1200 2  
1201 3  
1202 0  
1203 3  
1204 2  
1205 1  
1206 0  
1207 3  
1208 2  
1209 3  
1211 1  
1212 0  
1213 2  
1214 3  
1215 2  
1216 3  
1217 1  
1218 0  
1219 2  
1220 3  
1222 1  
1223 0  
1224 2  
1225 3  
1226 2  
1227 3  
1228 1  
1229 0  
1230 2  
1231 3  
1233 0  
1234 1  
1235 2  
1236 3  
1237 3  
1238 1  
1239 0  
1240 2  
1241 3  
1243 2  
1244 3  
1245 1  
1246 0  
1249 1  
1250 0  
1251 2  
1252 3  
1255 1  
1256 0  
1260 2  
1261 3  
1262 0  
1263 3  
1264 1  
1265 0  
1266 2  
1267 3  
1268 1  
1269 0  
1273 1  
1274 2  
1275 3  
1276 0  
1279 1  
1280 0  
1281 3  
1282 2  
1283 3  
1285 0  
1286 1  
1287 2  
1288 3  
1289 0  
1291 2  
1292 3  
1293 1  
1294 0  
1296 2  
1297 3  
1299 2  
1300 0  
1301 3  
1302 1  
1303 3  
1304 2  
1305 0  
1306 1  
1307 0  
1308 3  
1309 2  
1310 3  
1311 1  
1312 2  
1313 0  
1314 3  
1316 2  
1317 3  
1318 1  
1319 0  
1321 2  
1322 3  
1323 1  
1324 0  
1325 2  
1326 3  
1328 1  
1329 0  
1330 2  
1331 3  
1333 1  
1334 0  
1335 2  
1336 3  
1338 1  
1339 0  
1340 2  
1341 3  
1343 2  
1344 3  
1345 1  
1346 0  
1347 2  
1348 3  
1349 1  
1350 0  
1351 2  
1352 3  
1353 0  
1354 1  
1357 2  
1358 3  
1359 0  
1360 1  
1362 0  
1363 1  
1364 0  
1365 3  
1366 2  
1368 1  
1369 0  
1370 3  
1371 2  
1372 3  
1374 1  
1375 0  
1378 2  
1379 3  
1380 1  
1381 0  
1385 2  
1386 1  
1387 3  
1388 0  
1389 2  
1390 3  
1395 0  
1396 2  
1397 3  
1398 1  
1399 0  
1400 2  
1401 3  
1402 1  
1403 0  
1404 2  
1405 3  
1408 2  
1409 3  
1410 1  
1411 0  
1412 2  
1413 3  
1415 2  
1416 3  
1417 0  
1418 1  
1419 2  
1420 3  
1421 0  
1422 3  
1423 1  
1424 2  
1425 0  
1426 3  
1427 2  
1428 3  
1429 1  
1430 0  
1431 2  
1432 3  
1433 0  
1434 1  
1435 2  
1436 3  
1437 0  
1438 2  
1439 3  
1440 1  
1441 0  
1442 2  
1443 3  
1445 1  
1446 0  
1447 2  
1448 3  
1450 2  
1451 3  
1452 1  
1453 0  
1454 3  
1457 0  
1458 1  
1459 2  
1460 3  
1462 1  
1463 0  
1466 2  
1467 3  
1468 1  
1469 0  
1472 2  
1473 3  
1474 1  
1475 0  
1478 1  
1479 0  
1480 2  
1481 3  
1484 1  
1485 0  
1486 2  
1487 3  
1488 1  
1489 0  
1491 2  
1492 3  
1494 0  
1495 1  
1496 2  
1497 3  
1499 1  
1500 0  
1501 2  
1502 3  
1503 3  
1504 2  
1505 0  
1506 1  
1507 2  
1508 3  
1509 0  
1511 2  
1512 3  
1515 3  
1516 2  
1517 1  
1518 0  
1519 3  
1520 2  
1521 3  
1522 1  
1523 0  
1524 2  
1525 3  
1526 2  
1528 3  
1529 1  
1530 0  
1531 2  
1532 3  
1534 1  
1535 0  
1536 2  
1537 3  
1538 2  
1539 3  
1540 1  
1541 0  
1543 2  
1544 3  
1545 0  
1546 1  
1547 0  
1548 2  
1549 3  
1551 1  
1552 0  
1553 2  
1554 3  
1560 1  
1561 0  
1563 2  
1564 3  
1565 1  
1566 0  
1567 2  
1568 3  
1569 0  
1570 1  
1572 0  
1573 1  
1574 0  
1575 2  
1576 3  
1579 1  
1580 0  
1582 3  
1583 2  
1584 1  
1585 0  
1587 0  
1588 1  
1589 3  
1590 2  
1591 3  
1592 0  
1593 1  
1594 2  
1595 3  
1596 0  
1597 1  
1598 2  
1599 3  
1601 2  
1602 3  
1603 0  
1604 1  
1605 2  
1606 3  
1607 0  
1608 1  
1609 0  
1610 2  
1611 3  
1612 2  
1613 3  
1614 1  
1615 0  
1616 2  
1617 3  
1618 1  
1619 0  
1620 2  
1621 3  
1622 2  
1623 3  
1625 1  
1626 0  
1627 2  
1628 3  
1629 3  
1630 0  
1631 2  
1632 1  
1633 3  
1634 2  
1635 3  
1636 2  
1637 0  
1638 1  
1639 3  
1641 3  
1642 2  
1644 0  
1645 1  
1646 3  
1647 2  
1648 3  
1652 2  
1653 3  
1654 1  
1655 0  
1659 2  
1660 3  
1661 0  
1662 1  
1663 0  
1666 1  
1667 0  
1668 2  
1669 3  
1674 1  
1675 0  
1676 2  
1677 3  
1679 1  
1680 0  
1681 2  
1682 3  
1683 1  
1684 0  
1686 3  
1687 2  
1690 1  
1691 0  
1692 3  
1693 2  
1694 1  
1695 0  
1696 2  
1697 3  
1698 2  
1699 3  
1700 1  
1701 0  
1702 2  
1703 3  
1704 0  
1705 1  
1707 2  
1708 3  
1709 0  
1710 1  
1711 0  
1712 2  
1713 3  
1716 1  
1717 0  
1718 2  
1719 3  
1720 3  
1721 2  
1722 1  
1723 0  
1724 3  
1725 2  
1726 3  
1727 0  
1728 1  
1729 2  
1730 3  
1731 2  
1732 3  
1733 1  
1734 0  
1735 2  
1736 3  
1737 0  
1739 1  
1740 2  
1741 3  
1742 0  
1743 2  
1744 3  
1745 1  
1746 0  
1747 2  
1748 3  
1751 1  
1752 0  
1754 2  
1755 3  
1757 1  
1758 0  
1760 3  
1761 2  
1764 1  
1765 0  
1767 2  
1768 3  
1771 1  
1772 0  
1777 3  
1778 2  
1779 0  
1780 1  
1781 0  
1785 2  
1786 3  
1787 1  
1788 0  
1790 1  
1791 0  
1792 3  
1793 2  
1794 2  
1795 3  
1796 1  
1797 0  
1799 2  
1800 3  
1801 0  
1802 1  
1803 3  
1804 2  
1806 1  
1807 0  
1808 3  
1809 2  
1810 3  
1811 2  
1812 0  
1813 1  
1815 2  
1816 3  
1817 0  
1818 1  
1819 2  
1820 3  
1822 0  
1823 1  
1824 3  
1825 2  
1826 0  
1827 2  
1828 3  
1829 1  
1830 0  
1831 3  
1832 2  
1833 1  
1834 0  
1835 3  
1836 2  
1838 1  
1839 0  
1840 3  
1841 2  
1843 3  
1844 2  
1845 1  
1846 0  
1847 3  
1848 1  
1849 0  
1850 2  
1851 3  
1852 2  
1853 3  
1854 1  
1855 0  
1858 2  
1859 3  
1860 0  
1861 1  
1864 0  
1865 1  
1866 2  
1867 3  
1870 0  
1876 2  
1877 3  
1878 1  
1879 0  
1881 1  
1882 0  
1883 2  
1884 3  
1888 1  
1889 0  
1890 3  
1891 2  
1892 3  
1894 2  
1895 3  
1896 1  
1897 0  
1899 2  
1900 3  
1902 1  
1903 0  
1904 2  
1905 3  
1907 2  
1908 3  
1909 1  
1910 0  
1911 2  
1912 3  
1913 0  
1914 1  
1915 0  
1917 3  
1918 2  
1919 1  
1920 0  
1921 2  
1922 3  
1923 1  
1924 0  
1925 3  
1926 2  
1928 3  
1930 1  
1931 2  
1932 0  
1933 3  
1934 2  
1935 3  
1936 1  
1937 0  
1938 2  
1939 3  
1940 0  
1941 1  
1942 2  
1943 3  
1945 1  
1946 0  
1947 2  
1948 3  
1949 2  
1950 3  
1951 1  
1952 0  
1953 2  
1954 3  
1955 0  
1956 1  
1958 3  
1959 2  
1960 0  
1961 1  
1962 3  
1964 0  
1965 1  
1966 2  
1967 3  
1970 1  
1971 0  
1975 2  
1976 3  
1977 1  
1978 0  
1980 0  
1981 2  
1982 3  
1983 1  
1984 0  
1987 3  
1988 2  
1989 1  
1992 0  
1994 2  
1995 3  
1996 1  
1997 0  
1999 2  
2000 3  
2001 1  
2002 0  
2003 2  
2004 3  
2007 3  
2008 2  
2009 1  
2010 0  
2011 3  
2012 2  
2013 3  
2016 2  
2017 1  
2018 0  
2019 3  
2020 2  
2021 3  
2022 0  
2023 1  
2024 2  
2025 3  
2027 0  
2028 2  
2029 1  
2030 3  
2031 0  
2032 2  
2033 3  
2034 1  
2035 3  
2036 2  
2038 3  
2039 0  
2040 2  
2041 3  
2042 1  
2043 0  
2044 2  
2045 3  
2046 1  
2047 0  
2048 2  
2049 3  
2050 2  
2051 3  
2052 0  
2053 1  
2054 0  
2055 2  
2056 3  
2057 1  
2058 0  
2059 2  
2060 3  
2061 1  
2062 0  
2065 2  
2066 3  
2067 1  
2068 0  
2071 1  
2072 0  
2073 2  
2074 3  
2075 0  
2076 1  
2079 3  
2080 2  
2081 0  
2082 1  
2085 0  
2086 1  
2087 3  
2088 2  
2089 3  
2090 0  
2093 0  
2094 1  
2095 0  
2096 2  
2097 3  
2098 1  
2099 2  
2100 3  
2101 0  
2102 2  
2103 3  
2104 1  
2105 0  
2106 2  
2107 3  
2109 2  
2110 3  
2111 1  
2112 0  
2113 2  
2114 3  
2116 2  
2117 3  
2118 1  
2119 0  
2120 0  
2121 2  
2122 3  
2123 1  
2124 0  
2125 2  
2126 3  
2129 1  
2130 0  
2131 2  
2132 3  
2133 3  
2134 2  
2135 3  
2136 1  
2137 0  
2138 2  
2139 3  
2140 1  
2141 0  
2142 2  
2143 3  
2145 2  
2146 3  
2147 1  
2148 0  
2150 3  
2151 2  
2152 1  
2153 0  
2154 3  
2155 2  
2156 3  
2157 0  
2158 1  
2160 0  
2162 3  
2163 1  
2164 2  
2165 0  
2166 3  
2167 1  
2168 0  
2169 2  
2170 3  
2171 1  
2172 0  
2176 1  
2177 0  
2178 2  
2179 3  
2181 3  
2182 2  
2183 1  
2184 0  
2185 0  
2186 1  
2188 0  
2189 3  
2190 2  
2191 1  
2193 0  
2195 2  
2196 3  
2197 1  
2198 0  
2199 3  
2200 2  
2201 3  
2202 1  
2203 0  
2204 2  
2205 3  
2208 0  
2209 1  
2210 2  
2211 3  
2213 2  
2214 3  
2215 1  
2216 0  
2217 3  
2218 2  
2219 3  
2220 2  
2221 1  
2222 0  
2223 3  
2224 2  
2226 3  
2227 2  
2228 1  
2229 0  
2231 3  
2232 2  
2233 3  
2234 0  
2235 2  
2236 3  
2237 1  
2238 0  
2239 2  
2240 3  
2242 1  
2243 0  
2244 2  
2245 3  
2246 2  
2247 3  
2250 0  
2253 1  
2254 2  
2255 3  
2256 0  
2257 2  
2258 3  
2259 1  
2260 0  
2263 2  
2264 3  
2265 1  
2266 0  
2270 2  
2271 3  
2272 1  
2273 0  
2276 1  
2277 0  
2278 2  
2279 3  
2281 1  
2282 0  
2285 3  
2286 2  
2287 1  
2288 0  
2291 2  
2292 3  
2293 1  
2294 0  
2296 3  
2297 2  
2298 1  
2299 0  
2300 3  
2301 2  
2302 1  
2303 0  
2305 3  
2306 2  
2308 3  
2309 1  
2310 0  
2311 2  
2312 3  
2313 2  
2314 3  
2315 1  
2316 0  
2317 2  
2318 3  
2319 1  
2320 0  
2321 2  
2322 3  
2323 2  
2324 3  
2325 1  
2326 0  
2327 2  
2328 3  
2329 0  
2332 1  
2333 2  
2334 3  
2335 0  
2336 2  
2337 3  
2338 1  
2339 0  
2340 2  
2341 3  
2342 1  
2343 0  
2344 2  
2345 3  
2347 2  
2348 3  
2349 0  
2350 1  
2351 2  
2352 3  
2353 0  
2356 2  
2357 3  
2358 1  
2359 0  
2363 1  
2364 0  
2365 2  
2366 3  
2369 1  
2370 0  
2371 2  
2372 3  
2377 2  
2378 3  
2379 0  
2380 1  
2382 0  
2384 1  
2385 0  
2386 2  
2387 3  
2391 0  
2392 1  
2394 0  
2395 1  
2396 3  
2397 2  
2398 3  
2399 0  
2400 2  
2401 1  
2402 3  
2403 0  
2404 2  
2405 3  
2406 1  
2407 0  
2408 2  
2409 3  
2412 1  
2413 0  
2414 2  
2415 3  
2416 2  
2417 3  
2418 1  
2419 0  
2420 3  
2421 2  
2422 1  
2423 0  
2424 2  
2425 3  
2426 0  
2427 3  
2428 2  
2429 1  
2430 0  
2431 3  
2432 2  
2433 0  
2434 1  
2435 3  
2436 2  
2437 0  
2438 3  
2439 2  
2440 1  
2441 3  
2442 0  
2443 2  
2444 1  
2445 3  
2446 0  
2447 2  
2448 3  
2449 1  
2450 2  
2451 0  
2452 3  
2453 2  
2454 3  
2455 1  
2456 0  
2457 2  
2458 3  
2459 1  
2460 0  
2465 2  
2466 3  
2467 1  
2468 0  
2471 0  
2472 2  
2473 3  
2474 1  
2475 0  
2479 1  
2480 0  
2481 2  
2482 3  
2485 1  
2486 3  
2487 0  
2488 2  
2490 3  
2492 1  
2493 0  
2495 2  
2496 3  
2497 0  
2498 2  
2499 3  
2500 1  
2501 0  
2503 2  
2504 3  
2505 1  
2506 0  
2507 3  
2508 2  
2509 3  
2510 1  
2511 0  
2512 2  
2513 3  
2514 1  
2515 0  
2516 2  
2517 3  
2518 2  
2519 3  
2520 1  
2521 0  
2522 2  
2523 3  
2525 2  
2526 3  
2527 1  
2528 0  
2529 2  
2530 3  
2531 1  
2532 0  
2533 2  
2534 3  
2536 0  
2537 1  
2539 2  
2540 3  
2541 0  
2542 2  
2543 3  
2544 1  
2545 0  
2546 2  
2547 3  
2548 1  
2549 0  
2551 3  
2552 2  
2553 1  
2554 0  
2555 3  
2556 2  
2558 1  
2559 0  
2561 3  
2562 2  
2563 3  
2564 1  
2565 0  
2569 0  
2570 2  
2571 3  
2572 1  
2573 0  
2576 2  
2577 1  
2578 3  
2579 0  
2580 1  
2581 0  
2582 2  
2583 3  
2587 1  
2588 0  
2589 2  
2590 3  
2593 2  
2594 3  
2595 1  
2596 0  
2598 2  
2599 3  
2600 1  
2601 0  
2602 2  
2603 3  
2606 2  
2607 3  
2608 1  
2609 0  
2611 2  
2612 3  
2613 0  
2614 1  
2615 3  
2616 0  
2617 2  
2618 3  
2619 2  
2620 3  
2621 1  
2622 0  
2623 2  
2624 3  
2625 0  
2626 1  
2628 0  
2629 2  
2630 3  
2631 1  
2632 0  
2633 2  
2634 3  
2636 3  
2637 1  
2638 2  
2639 0  
2640 3  
2641 2  
2642 3  
2643 1  
2644 0  
2645 2  
2646 3  
2647 1  
2648 0  
2649 2  
2650 3  
2651 2  
2652 0  
2653 1  
2654 3  
2655 2  
2656 3  
2657 1  
2658 0  
2660 2  
2661 3  
2662 1  
2663 0  
2666 1  
2667 0  
2668 3  
2669 2  
2671 1  
2672 0  
2675 3  
2676 0  
2677 2  
2678 3  
2679 1  
2680 0  
2684 1  
2685 0  
2686 2  
2687 3  
2691 1  
2692 0  
2693 2  
2694 3  
2696 1  
2697 0  
2698 2  
2699 3  
2701 1  
2702 0  
2703 3  
2704 2  
2708 0  
2710 2  
2711 3  
2712 1  
2713 0  
2714 2  
2715 3  
2716 1  
2717 0  
2718 2  
2719 3  
2720 3  
2721 2  
2722 3  
2723 1  
2724 0  
2725 2  
2726 3  
2727 0  
2728 1  
2729 2  
2730 3  
2731 2  
2732 3  
2734 3  
2735 2  
2736 0  
2737 1  
2738 3  
2739 2  
2740 3  
2741 1  
2742 0  
2743 2  
2744 3  
2746 0  
2747 1  
2748 2  
2749 3  
2750 3  
2751 2  
2752 0  
2753 1  
2754 3  
2755 2  
2756 3  
2757 0  
2758 1  
2759 2  
2760 3  
2761 1  
2762 0  
2766 2  
2767 3  
2768 1  
2769 0  
2771 3  
2772 1  
2773 0  
2774 2  
2775 3  
2776 1  
2777 0  
2781 2  
2782 3  
2783 1  
2784 0  
2786 0  
2787 1  
2789 2  
2790 3  
2792 0  
2793 1  
2794 0  
2796 3  
2797 2  
2798 1  
2799 0  
2800 3  
2801 2  
2803 1  
2804 0  
2805 3  
2806 2  
2807 3  
2808 2  
2809 0  
2810 3  
2811 1  
2812 2  
2813 3  
2814 0  
2815 2  
2816 1  
2817 3  
2818 0  
2819 2  
2820 3  
2821 1  
2822 0  
2823 2  
2824 3  
2827 2  
2828 3  
2830 1  
2831 0  
2832 3  
2833 2  
2834 3  
2835 2  
2836 3  
2837 0  
2839 1  
2840 0  
2841 2  
2842 3  
2844 2  
2845 3  
2846 1  
2847 0  
2849 2  
2850 3  
2852 0  
2853 2  
2854 3  
2855 1  
2856 0  
2857 2  
2858 3  
2860 1  
2861 0  
2862 2  
2863 3  
2866 1  
2867 0  
2868 3  
2869 2  
2870 3  
2872 1  
2873 0  
2875 2  
2876 3  
2877 1  
2878 0  
2882 2  
2883 3  
2884 1  
2885 0  
2888 1  
2889 0  
2890 2  
2891 3  
2892 0  
2894 1  
2895 3  
2896 0  
2897 2  
2898 3  
2900 1  
2901 2  
2902 0  
2903 3  
2905 2  
2906 3  
2907 1  
2908 0  
2909 2  
2910 3  
2911 0  
2912 1  
2913 2  
2914 3  
2915 0  
2916 1  
2917 0  
2918 2  
2919 3  
2920 3  
2921 2  
2922 1  
2923 0  
2924 3  
2925 2  
2926 1  
2927 0  
2928 3  
2929 2  
2930 3  
2932 1  
2933 0  
2934 2  
2935 3  
2936 0  
2937 2  
2938 3  
2939 1  
2940 0  
2941 2  
2942 3  
2944 1  
2945 0  
2946 2  
2947 3  
2949 2  
2950 3  
2951 1  
2952 0  
2953 2  
2954 3  
2957 2  
2958 3  
2959 0  
2960 1  
2964 2  
2965 3  
2966 1  
2967 0  
2972 3  
2973 2  
2974 1  
2975 0  
2980 3  
2981 0  
2982 1  
2983 2  
2985 0  
2987 1  
2988 0  
2991 1  
2992 0  
2993 3  
2994 2  
2995 3  
2996 2  
2997 3  
2998 1  
2999 0  
3002 1  
3003 0  
3004 2  
3005 3  
3008 1  
3009 0  
3010 2  
3011 3  
3013 2  
3014 1  
3015 0  
3016 3  
3018 2  
3019 3  
3020 1  
3021 0  
3022 2  
3023 3  
3024 1  
3025 0  
3026 2  
3027 3  
3029 3  
3030 2  
3031 1  
3032 0  
3033 3  
3034 0  
3035 2  
3036 1  
3037 3  
3038 0  
3039 2  
3040 3  
3041 1  
3042 0  
3043 2  
3044 3  
3045 1  
3046 0  
3047 2  
3048 3  
3049 3  
3050 1  
3051 0  
3052 2  
3053 3  
3054 0  
3055 2  
3056 3  
3057 1  
3058 0  
3059 2  
3060 3  
3061 1  
3062 0  
3063 2  
3064 3  
3066 3  
3067 2  
3068 1  
3069 0  
3070 3  
3072 2  
3073 3  
3075 0  
3076 1  
3078 0  
3080 2  
3081 3  
3082 1  
3083 0  
3087 2  
3088 3  
3089 1  
3090 0  
3095 3  
3096 2  
3097 1  
3098 0  
3101 1  
3102 0  
3103 2  
3104 3  
3107 1  
3108 0  
3109 3  
3110 2  
3113 1  
3114 0  
3115 2  
3116 3  
3118 3  
3119 2  
3120 3  
3121 0  
3122 1  
3123 0  
3126 2  
3127 3  
3128 1  
3129 0  
3130 2  
3131 3  
3132 0  
3133 1  
3134 0  
3135 2  
3136 3  
3137 1  
3138 2  
3139 3  
3140 0  
3141 3  
3142 2  
3143 1  
3144 0  
3145 2  
3146 3  
3147 0  
3148 1  
3149 3  
3150 2  
3151 0  
3152 3  
3153 1  
3154 0  
3155 2  
3156 3  
3157 1  
3158 0  
3159 2  
3160 3  
3161 1  
3162 2  
3163 3  
3164 0  
3166 3  
3167 1  
3168 2  
3169 0  
3170 3  
3171 2  
3172 1  
3173 0  
3175 2  
3176 3  
3178 1  
3179 0  
3182 2  
3183 3  
3184 1  
3185 0  
3190 0  
3191 1  
3192 3  
3193 2  
3194 0  
3196 3  
3197 1  
3198 0  
3199 2  
3200 3  
3203 1  
3204 0  
3207 2  
3208 3  
3210 0  
3211 1  
3216 2  
3217 3  
3218 0  
3219 1  
3221 0  
3222 2  
3223 3  
3224 1  
3225 0  
3227 2  
3228 3  
3229 1  
3230 0  
3231 3  
3232 2  
3234 3  
3235 2  
3236 1  
3237 0  
3238 3  
3239 2  
3240 0  
3241 1  
3242 3  
3243 0  
3244 2  
3245 3  
3246 1  
3247 0  
3248 2  
3249 3  
3250 1  
3251 0  
3252 2  
3253 3  
3254 1  
3255 0  
3256 2  
3257 3  
3259 2  
3260 3  
3261 0  
3262 1  
3264 2  
3265 3  
3266 1  
3267 0  
3269 2  
3270 3  
3271 1  
3272 0  
3273 2  
3274 3  
3277 1  
3278 0  
3279 3  
3280 2  
3281 3  
3282 0  
3283 1  
3285 2  
3286 3  
3287 0  
3289 2  
3290 3  
3291 1  
3292 0  
3294 1  
3295 0  
3296 2  
3297 3  
3299 1  
3300 0  
3304 3  
3305 2  
3306 1  
3307 0  
3311 2  
3312 3  
3313 0  
3314 1  
3318 0  
3319 3  
3320 2  
3321 1  
3322 0  
3325 3  
3326 2  
3327 1  
3328 0  
3329 3  
3332 2  
3333 3  
3335 1  
3336 0  
3337 2  
3338 3  
3340 0  
3341 2  
3342 3  
3343 1  
3344 0  
3345 2  
3346 3  
3348 3  
3349 2  
3350 1  
3351 0  
3352 3  
3353 2  
3354 3  
3355 1  
3356 0  
3357 2  
3358 3  
3360 2  
3361 3  
3362 0  
3363 1  
3364 2  
3365 3  
3366 1  
3367 0  
3368 2  
3369 3  
3371 1  
3372 0  
3373 2  
3374 3  
3375 1  
3376 0  
3377 2  
3378 3  
3380 2  
3381 3  
3382 1  
3383 0  
3384 0  
3385 3  
3386 1  
3387 2  
3388 3  
3389 0  
3390 2  
3391 3  
3392 1  
3393 0  
3395 2  
3396 1  
3397 0  
3398 3  
3402 1  
3403 0  
3404 3  
3405 2  
3406 0  
3407 1  
3409 0  
3410 3  
3411 2  
3412 1  
3414 0  
3417 3  
3418 2  
3419 1  
3420 0  
3424 0  
3426 1  
3427 0  
3428 2  
3429 3  
3431 3  
3432 1  
3433 0  
3434 2  
3435 3  
3438 2  
3439 3  
3441 1  
3442 0  
3443 2  
3444 3  
3446 2  
3447 3  
3448 1  
3449 0  
3450 2  
3451 3  
3454 3  
3455 2  
3456 1  
3457 0  
3458 3  
3459 2  
3461 0  
3462 2  
3463 3  
3464 1  
3465 0  
3466 3  
3467 2  
3468 3  
3469 1  
3470 0  
3471 2  
3472 3  
3473 2  
3474 3  
3475 1  
3476 0  
3477 2  
3478 3  
3481 1  
3482 0  
3483 3  
3484 2  
3485 3  
3486 2  
3487 3  
3488 1  
3489 0  
3490 2  
3491 3  
3493 1  
3494 0  
3495 2  
3496 3  
3498 1  
3499 0  
3500 3  
3501 2  
3502 1  
3503 0  
3506 2  
3507 3  
3508 1  
3509 0  
3513 2  
3514 3  
3515 1  
3516 0  
3519 1  
3520 0  
3521 2  
3522 3  
3524 1  
3525 0  
3528 0  
3529 3  
3530 2  
3531 3  
3532 1  
3533 0  
3535 2  
3536 3  
3537 1  
3538 0  
3540 3  
3541 2  
3542 1  
3543 3  
3545 2  
3546 3  
3547 0  
3549 2  
3550 3  
3551 1  
3552 0  
3553 2  
3554 3  
3555 1  
3556 0  
3557 2  
3558 3  
3560 2  
3561 3  
3564 0  
3565 1  
3566 0  
3567 2  
3568 3  
3569 1  
3570 2  
3571 3  
3572 0  
3573 2  
3574 3  
3575 1  
3576 0  
3577 2  
3578 3  
3580 2  
3581 3  
3582 1  
3583 0  
3584 2  
3585 3  
3588 2  
3589 3  
3590 1  
3591 0  
3592 2  
3593 3  
3594 1  
3595 0  
3596 2  
3597 3  
3599 1  
3600 0  
3603 2  
3604 3  
3605 0  
3606 1  
3607 0  
3610 1  
3611 0  
3612 2  
3613 3  
3616 1  
3617 0  
3621 2  
3622 3  
3623 1  
3624 0  
3628 1  
3629 0  
3630 2  
3631 3  
3634 1  
3635 0  
3638 2  
3639 3  
3640 0  
3641 1  
3643 2  
3644 3  
3645 1  
3646 0  
3648 2  
3649 3  
3651 3  
3653 0  
3654 1  
3655 2  
3656 3  
3657 2  
3658 3  
3659 0  
3660 1  
3661 3  
3662 2  
3663 0  
3664 1  
3665 3  
3666 2  
3667 3  
3669 0  
3670 1  
3671 2  
3672 3  
3673 0  
3674 2  
3675 3  
3676 1  
3677 0  
3678 2  
3679 3  
3682 1  
3683 0  
3684 2  
3685 3  
3686 2  
3687 3  
3689 0  
3690 1  
3691 2  
3692 3  
3694 0  
3695 2  
3696 3  
3697 1  
3698 0  
3699 2  
3700 3  
3704 3  
3705 2  
3706 0  
3707 1  
3708 0  
3709 3  
3710 2  
3713 3  
3714 1  
3715 0  
3718 2  
3719 3  
3721 1  
3722 0  
3726 2  
3727 3  
3728 1  
3729 0  
3731 0  
3734 1  
3735 0  
3736 2  
3737 3  
3740 1  
3741 0  
3742 2  
3743 3  
3746 1  
3747 0  
3750 2  
3751 3  
3753 0  
3754 1  
3755 2  
3756 3  
3757 0  
3758 1  
3759 0  
3760 3  
3761 2  
3764 2  
3765 3  
3766 1  
3767 0  
3768 2  
3769 3  
3771 1  
3772 0  
3773 2  
3774 3  
3776 2  
3777 3  
3778 1  
3779 0  
3780 0  
3781 2  
3782 3  
3783 1  
3784 0  
3785 2  
3786 3  
3787 1  
3788 0  
3789 2  
3790 3  
3791 1  
3792 0  
3793 2  
3794 3  
3796 2  
3797 3  
3798 1  
3799 0  
3800 2  
3801 3  
3802 1  
3803 0  
3804 2  
3805 3  
3807 3  
3808 0  
3809 1  
3810 2  
3811 3  
3812 2  
3813 3  
3814 1  
3815 0  
3817 2  
3818 3  
3821 1  
3822 0  
3823 2  
3824 3  
3825 0  
3827 1  
3828 0  
3830 2  
3831 3  
3834 0  
3835 1  
3837 0  
3838 2  
3839 3  
3844 1  
3845 0  
3847 2  
3848 3  
3849 1  
3850 0  
3852 0  
3853 2  
3854 3  
3855 1  
3856 0  
3857 3  
3858 2  
3859 3  
3860 0  
3861 1  
3862 2  
3863 3  
3864 0  
3865 1  
3866 2  
3867 3  
3868 0  
3869 2  
3870 3  
3871 1  
3872 0  
3873 2  
3874 3  
3875 1  
3876 0  
3877 2  
3878 3  
3879 1  
3880 0  
3881 2  
3882 3  
3884 2  
3885 3  
3886 1  
3887 0  
3889 3  
3890 2  
3891 1  
3892 0  
3893 3  
3894 2  
3895 1  
3896 0  
3897 3  
3898 2  
3899 3  
3900 1  
3901 0  
3902 2  
3903 3  
3906 2  
3907 3  
3908 1  
3909 0  
3912 2  
3913 3  
3914 1  
3915 0  
3916 2  
3917 3  
3918 1  
3919 0  
3922 3  
3923 2  
3924 1  
3925 0  
3928 2  
3929 3  
3930 0  
3931 1  
3934 0  
3935 1  
3936 2  
3937 3  
3941 1  
3942 0  
3943 2  
3944 3  
3947 1  
3948 0  
3952 2  
3953 3  
3956 0  
3957 1  
3958 2  
3959 3  
3962 0  
3963 1  
3964 2  
3965 3  
3966 0  
3968 2  
3969 3  
3970 1  
3971 0  
3973 2  
3974 3  
3977 1  
3978 2  
3979 0  
3980 3  
3983 2  
3984 3  
3985 1  
3986 0  
3987 3  
3988 2  
3989 0  
3990 1  
3991 3  
3992 2  
3993 3  
3994 0  
3995 2  
3996 3  
3997 1  
3998 0  
3999 2  
4000 3  
4001 1  
4002 0  
4003 2  
4004 3  
4005 1  
4006 0  
4007 2  
4008 3  
4009 3  
4010 1  
4011 2  
4012 0  
4013 3  
4014 2  
4015 3  
4016 1  
4017 0  
4018 2  
4019 3  
4021 1  
4022 0  
4023 2  
4024 3  
4027 1  
4028 0  
4029 3  
4030 2  
4031 1  
4032 0  
4036 0  
4037 3  
4038 2  
4039 1  
4040 0  
4043 1  
4044 0  
4045 2  
4046 3  
4048 0  
4049 1  
4052 2  
4053 3  
4056 0  
4057 1  
4059 3  
4061 0  
4062 2  
4063 3  
4066 1  
4067 0  
4068 2  
4069 3  
4071 2  
4072 3  
4073 1  
4074 0  
4075 2  
4076 3  
4078 3  
4079 2  
4080 3  
4081 1  
4082 0  
4083 2  
4084 3  
4087 2  
4088 3  
4089 1  
4090 0  
4091 3  
4092 2  
4094 3  
4095 2  
4096 0  
4097 1  
4098 3  
4099 2  
4100 3  
4102 0  
4103 1  
4104 2  
4105 3  
4107 2  
4108 3  
4109 1  
4110 0  
4112 2  
4113 3  
4114 1  
4115 0  
4116 2  
4117 3  
4119 0  
4120 1  
4121 0  
4123 2  
4124 3  
4125 1  
4126 0  
4127 2  
4128 3  
4129 3  
4130 1  
4131 0  
4132 2  
4133 3  
4135 1  
4136 0  
4137 2  
4138 3  
4141 1  
4142 0  
4145 2  
4146 3  
4147 1  
4148 0  
4151 1  
4152 0  
4153 2  
4154 3  
4156 1  
4157 0  
4159 2  
4160 3  
4161 1  
4162 0  
4167 1  
4168 0  
4169 2  
4170 3  
4171 2  
4172 3  
4173 1  
4174 0  
4176 3  
4177 2  
4179 1  
4180 0  
4181 3  
4182 2  
4183 3  
4185 2  
4186 3  
4187 0  
4188 1  
4189 2  
4190 3  
4192 0  
4193 1  
4194 2  
4195 3  
4196 3  
4197 2  
4198 3  
4199 0  
4200 1  
4201 2  
4202 3  
4203 0  
4207 2  
4208 1  
4209 3  
4210 0  
4211 2  
4212 3  
4214 0  
4215 1  
4216 2  
4217 3  
4219 3  
4220 2  
4221 1  
4222 0  
4223 3  
4224 2  
4225 3  
4226 0  
4227 1  
4228 2  
4229 3  
4230 0  
4233 3  
4234 2  
4235 1  
4236 0  
4237 3  
4238 2  
4239 3  
4240 1  
4241 0  
4245 2  
4246 1  
4247 3  
4248 0  
4250 1  
4251 0  
4253 2  
4254 3  
4259 1  
4260 0  
4262 0  
4263 1  
4264 2  
4265 3  
4268 0  
4269 1  
4270 2  
4271 3  
4272 0  
4273 1  
4274 0  
4276 2  
4277 3  
4279 0  
4280 1  
4281 3  
4282 2  
4283 0  
4285 1  
4286 0  
4287 2  
4288 3  
4290 2  
4291 3  
4292 1  
4293 0  
4294 2  
4295 3  
4298 2  
4299 3  
4300 1  
4301 0  
4302 2  
4303 3  
4304 1  
4305 0  
4306 2  
4307 3  
4310 0  
4311 2  
4312 3  
4313 1  
4314 0  
4315 2  
4316 3  
4319 3  
4320 2  
4323 3  
4324 2  
4326 3  
