2013 06 29 03 53 05 0.947533 
2013 06 29 03 53 06 0.531417 
2013 06 29 03 53 07 0.713012 
2013 06 29 03 53 08 0.971120 
2013 06 29 03 53 09 0.977752 
2013 06 29 03 53 10 0.984383 
2013 06 29 03 53 11 0.991016 
2013 06 29 03 53 12 0.997649 
2013 06 29 03 53 14 0.004281 
2013 06 29 03 53 15 0.010913 
2013 06 29 03 53 16 0.017543 
2013 06 29 03 53 17 0.024220 
2013 06 29 03 53 18 0.282649 
2013 06 29 03 53 19 0.037434 
2013 06 29 03 53 20 0.044068 
2013 06 29 03 53 21 0.050693 
2013 06 29 03 53 22 0.057331 
2013 06 29 03 53 23 0.063985 
2013 06 29 03 53 23 0.819109 
2013 06 29 03 53 24 0.825740 
2013 06 29 03 53 25 0.580542 
2013 06 29 03 53 26 0.587176 
2013 06 29 03 53 27 0.593797 
2013 06 29 03 53 28 0.600427 
2013 06 29 03 53 29 0.858870 
2013 06 29 03 53 30 0.865486 
2013 06 29 03 53 31 0.872122 
2013 06 29 03 53 32 0.878740 
2013 06 29 03 53 33 0.885373 
2013 06 29 03 53 34 0.892013 
2013 06 29 03 53 35 0.898727 
2013 06 29 03 53 36 0.905332 
2013 06 29 03 53 37 0.911938 
2013 06 29 03 53 38 0.918596 
2013 06 29 03 53 39 0.925197 
2013 06 29 03 53 40 0.931851 
2013 06 29 03 53 41 0.938488 
2013 06 29 03 53 42 0.945130 
2013 06 29 03 53 43 0.951761 
2013 06 29 03 53 44 0.958384 
2013 06 29 03 53 45 0.964959 
2013 06 29 03 53 46 0.971588 
2013 06 29 03 53 47 0.978216 
2013 06 29 03 53 48 0.984856 
2013 06 29 03 53 49 0.991478 
2013 06 29 03 53 51 0.249635 
2013 06 29 03 53 52 0.256263 
2013 06 29 03 53 53 0.262896 
2013 06 29 03 53 54 0.269526 
2013 06 29 03 53 55 0.276157 
2013 06 29 03 53 56 0.282797 
2013 06 29 03 53 57 0.289425 
2013 06 29 03 53 58 0.296089 
2013 06 29 03 53 59 0.302685 
2013 06 29 03 54 00 0.309321 
2013 06 29 03 54 01 0.315945 
2013 06 29 03 54 02 0.322584 
2013 06 29 03 54 03 0.329212 
2013 06 29 03 54 04 0.335844 
2013 06 29 03 54 05 0.342479 
2013 06 29 03 54 06 0.349102 
2013 06 29 03 54 07 0.355732 
2013 06 29 03 54 08 0.362363 
2013 06 29 03 54 09 0.368993 
2013 06 29 03 54 10 0.375625 
2013 06 29 03 54 11 0.382259 
2013 06 29 03 54 12 0.388888 
2013 06 29 03 54 13 0.395520 
2013 06 29 03 54 14 0.402151 
2013 06 29 03 54 15 0.408783 
2013 06 29 03 54 16 0.415417 
2013 06 29 03 54 17 0.422051 
2013 06 29 03 54 18 0.428686 
2013 06 29 03 54 19 0.435311 
2013 06 29 03 54 20 0.441951 
2013 06 29 03 54 21 0.448573 
2013 06 29 03 54 22 0.455206 
2013 06 29 03 54 23 0.461838 
2013 06 29 03 54 24 0.468469 
2013 06 29 03 54 25 0.475100 
2013 06 29 03 54 26 0.481726 
2013 06 29 03 54 27 0.488360 
2013 06 29 03 54 28 0.494991 
2013 06 29 03 54 29 0.501620 
2013 06 29 03 54 30 0.508256 
2013 06 29 03 54 31 0.514883 
2013 06 29 03 54 32 0.521517 
2013 06 29 03 54 33 0.528147 
2013 06 29 03 54 34 0.534777 
2013 06 29 03 54 35 0.541410 
2013 06 29 03 54 36 0.548053 
2013 06 29 03 54 37 0.554676 
2013 06 29 03 54 38 0.561308 
2013 06 29 03 54 39 0.567936 
2013 06 29 03 54 40 0.574593 
2013 06 29 03 54 41 0.581194 
2013 06 29 03 54 42 0.587856 
2013 06 29 03 54 43 0.594471 
2013 06 29 03 54 44 0.601093 
2013 06 29 03 54 45 0.607730 
2013 06 29 03 54 46 0.614356 
2013 06 29 03 54 47 0.620990 
2013 06 29 03 54 48 0.627619 
2013 06 29 03 54 49 0.634255 
2013 06 29 03 54 50 0.640885 
2013 06 29 03 54 51 0.647525 
2013 06 29 03 54 52 0.654144 
2013 06 29 03 54 53 0.912622 
2013 06 29 03 54 54 0.919224 
2013 06 29 03 54 55 0.925855 
2013 06 29 03 54 56 0.932469 
2013 06 29 03 54 57 0.939095 
2013 06 29 03 54 58 0.945732 
2013 06 29 03 54 59 0.952359 
2013 06 29 03 55 00 0.958992 
2013 06 29 03 55 01 0.965672 
2013 06 29 03 55 02 0.972306 
2013 06 29 03 55 03 0.978915 
2013 06 29 03 55 04 0.985577 
2013 06 29 03 55 05 0.992133 
2013 06 29 03 55 06 0.998769 
2013 06 29 03 55 08 0.005413 
2013 06 29 03 55 09 0.012040 
2013 06 29 03 55 10 0.018700 
2013 06 29 03 55 11 0.025299 
2013 06 29 03 55 12 0.031961 
2013 06 29 03 55 13 0.038563 
2013 06 29 03 55 14 0.045189 
2013 06 29 03 55 15 0.051825 
2013 06 29 03 55 16 0.058537 
2013 06 29 03 55 17 0.065141 
2013 06 29 03 55 18 0.071767 
2013 06 29 03 55 19 0.078397 
2013 06 29 03 55 20 0.085035 
2013 06 29 03 55 21 0.091694 
2013 06 29 03 55 22 0.098308 
2013 06 29 03 55 23 0.104951 
2013 06 29 03 55 24 0.111563 
2013 06 29 03 55 25 0.118195 
2013 06 29 03 55 26 0.124763 
2013 06 29 03 55 27 0.131411 
2013 06 29 03 55 28 0.138043 
2013 06 29 03 55 29 0.144681 
2013 06 29 03 55 30 0.151298 
2013 06 29 03 55 31 0.157926 
2013 06 29 03 55 32 0.164555 
2013 06 29 03 55 33 0.171197 
2013 06 29 03 55 34 0.177812 
2013 06 29 03 55 35 0.184442 
2013 06 29 03 55 36 0.191140 
2013 06 29 03 55 37 0.197781 
2013 06 29 03 55 38 0.204375 
2013 06 29 03 55 39 0.211029 
2013 06 29 03 55 40 0.217653 
2013 06 29 03 55 41 0.224302 
2013 06 29 03 55 42 0.230929 
2013 06 29 03 55 43 0.237566 
2013 06 29 03 55 44 0.244183 
2013 06 29 03 55 45 0.250817 
2013 06 29 03 55 46 0.257389 
2013 06 29 03 55 47 0.264022 
2013 06 29 03 55 48 0.270652 
2013 06 29 03 55 49 0.277284 
2013 06 29 03 55 50 0.283908 
2013 06 29 03 55 51 0.290540 
2013 06 29 03 55 52 0.297174 
2013 06 29 03 55 53 0.303805 
2013 06 29 03 55 54 0.310435 
2013 06 29 03 55 55 0.317071 
2013 06 29 03 55 56 0.323749 
2013 06 29 03 55 57 0.330367 
2013 06 29 03 55 58 0.337009 
2013 06 29 03 55 59 0.343664 
2013 06 29 03 56 00 0.350269 
2013 06 29 03 56 01 0.356922 
2013 06 29 03 56 02 0.363536 
2013 06 29 03 56 03 0.370164 
2013 06 29 03 56 04 0.376797 
2013 06 29 03 56 05 0.383440 
2013 06 29 03 56 06 0.390003 
2013 06 29 03 56 07 0.396634 
2013 06 29 03 56 08 0.403267 
2013 06 29 03 56 09 0.409893 
2013 06 29 03 56 10 0.416531 
2013 06 29 03 56 11 0.423187 
2013 06 29 03 56 12 0.429793 
2013 06 29 03 56 13 0.436439 
2013 06 29 03 56 14 0.443054 
2013 06 29 03 56 15 0.449682 
2013 06 29 03 56 16 0.456385 
2013 06 29 03 56 17 0.463008 
2013 06 29 03 56 18 0.469644 
2013 06 29 03 56 19 0.476262 
2013 06 29 03 56 20 0.482897 
2013 06 29 03 56 21 0.489543 
2013 06 29 03 56 22 0.496167 
2013 06 29 03 56 23 0.502799 
2013 06 29 03 56 24 0.509399 
2013 06 29 03 56 25 0.516050 
2013 06 29 03 56 26 0.522625 
2013 06 29 03 56 27 0.529267 
2013 06 29 03 56 28 0.536043 
2013 06 29 03 56 29 0.542528 
2013 06 29 03 56 30 0.549150 
2013 06 29 03 56 31 0.555782 
2013 06 29 03 56 32 0.562412 
2013 06 29 03 56 33 0.569038 
2013 06 29 03 56 34 0.575674 
2013 06 29 03 56 35 0.582314 
2013 06 29 03 56 36 0.588989 
2013 06 29 03 56 37 0.595647 
2013 06 29 03 56 38 0.853722 
2013 06 29 03 56 39 0.860353 
2013 06 29 03 56 40 0.866986 
2013 06 29 03 56 41 0.873614 
2013 06 29 03 56 42 0.880250 
2013 06 29 03 56 43 0.886873 
2013 06 29 03 56 44 0.893499 
2013 06 29 03 56 45 0.900137 
2013 06 29 03 56 46 0.906771 
2013 06 29 03 56 47 0.913404 
2013 06 29 03 56 48 0.920035 
2013 06 29 03 56 49 0.926664 
2013 06 29 03 56 50 0.933300 
2013 06 29 03 56 51 0.939951 
2013 06 29 03 56 52 0.946555 
2013 06 29 03 56 53 0.953216 
2013 06 29 03 56 54 0.959819 
2013 06 29 03 56 55 0.966450 
2013 06 29 03 56 56 0.973098 
2013 06 29 03 56 57 0.979705 
2013 06 29 03 56 58 0.986341 
2013 06 29 03 57 00 0.244761 
2013 06 29 03 57 01 0.251401 
2013 06 29 03 57 02 0.258025 
2013 06 29 03 57 03 0.264670 
2013 06 29 03 57 04 0.271299 
2013 06 29 03 57 05 0.277917 
2013 06 29 03 57 06 0.284606 
2013 06 29 03 57 07 0.291204 
2013 06 29 03 57 08 0.297853 
2013 06 29 03 57 09 0.304487 
2013 06 29 03 57 10 0.311159 
2013 06 29 03 57 11 0.317758 
2013 06 29 03 57 12 0.324401 
2013 06 29 03 57 13 0.331019 
2013 06 29 03 57 14 0.337651 
2013 06 29 03 57 15 0.344223 
2013 06 29 03 57 16 0.350941 
2013 06 29 03 57 17 0.357546 
2013 06 29 03 57 18 0.364164 
2013 06 29 03 57 19 0.370819 
2013 06 29 03 57 20 0.377439 
2013 06 29 03 57 21 0.384070 
2013 06 29 03 57 22 0.390711 
2013 06 29 03 57 23 0.397319 
2013 06 29 03 57 24 0.403957 
2013 06 29 03 57 25 0.410602 
2013 06 29 03 57 26 0.417164 
2013 06 29 03 57 27 0.423798 
2013 06 29 03 57 28 0.430439 
2013 06 29 03 57 29 0.437062 
2013 06 29 03 57 30 0.443687 
2013 06 29 03 57 31 0.450326 
2013 06 29 03 57 32 0.456965 
2013 06 29 03 57 33 0.463584 
2013 06 29 03 57 34 0.470241 
2013 06 29 03 57 35 0.476838 
2013 06 29 03 57 36 0.483556 
2013 06 29 03 57 37 0.490162 
2013 06 29 03 57 38 0.496794 
2013 06 29 03 57 39 0.503432 
2013 06 29 03 57 40 0.510044 
2013 06 29 03 57 41 0.516677 
2013 06 29 03 57 42 0.523322 
2013 06 29 03 57 43 0.529941 
2013 06 29 03 57 44 0.536581 
2013 06 29 03 57 45 0.543220 
2013 06 29 03 57 46 0.549799 
2013 06 29 03 57 47 0.556412 
2013 06 29 03 57 48 0.563042 
2013 06 29 03 57 49 0.569676 
2013 06 29 03 57 50 0.576321 
2013 06 29 03 57 51 0.582944 
2013 06 29 03 57 52 0.589565 
2013 06 29 03 57 53 0.596205 
2013 06 29 03 57 54 0.602845 
2013 06 29 03 57 55 0.609471 
2013 06 29 03 57 56 0.616166 
2013 06 29 03 57 57 0.622775 
2013 06 29 03 57 58 0.629350 
2013 06 29 03 57 59 0.635986 
2013 06 29 03 58 00 0.642658 
2013 06 29 03 58 01 0.649254 
2013 06 29 03 58 02 0.655870 
2013 06 29 03 58 03 0.662511 
2013 06 29 03 58 04 0.669143 
2013 06 29 03 58 05 0.675772 
2013 06 29 03 58 06 0.682465 
2013 06 29 03 58 07 0.689098 
2013 06 29 03 58 08 0.695703 
2013 06 29 03 58 09 0.702345 
2013 06 29 03 58 10 0.708968 
2013 06 29 03 58 11 0.715637 
2013 06 29 03 58 12 0.722240 
2013 06 29 03 58 13 0.728901 
2013 06 29 03 58 14 0.735486 
2013 06 29 03 58 15 0.742128 
2013 06 29 03 58 16 0.748714 
2013 06 29 03 58 17 0.755344 
2013 06 29 03 58 18 0.761983 
2013 06 29 03 58 19 0.768612 
2013 06 29 03 58 20 0.775235 
2013 06 29 03 58 21 0.781873 
2013 06 29 03 58 22 0.788527 
2013 06 29 03 58 23 0.795133 
2013 06 29 03 58 24 0.801787 
2013 06 29 03 58 25 0.808394 
2013 06 29 03 58 26 0.815076 
2013 06 29 03 58 27 0.821699 
2013 06 29 03 58 28 0.828336 
2013 06 29 03 58 29 0.834966 
2013 06 29 03 58 30 0.841615 
2013 06 29 03 58 31 0.848204 
2013 06 29 03 58 32 0.854876 
2013 06 29 03 58 33 0.861472 
2013 06 29 03 58 34 0.868122 
2013 06 29 03 58 35 0.874739 
2013 06 29 03 58 36 0.881325 
2013 06 29 03 58 37 0.887965 
2013 06 29 03 58 38 0.894589 
2013 06 29 03 58 39 0.901220 
2013 06 29 03 58 40 0.907864 
2013 06 29 03 58 41 0.914481 
2013 06 29 03 58 42 0.921114 
2013 06 29 03 58 43 0.927755 
2013 06 29 03 58 44 0.934381 
2013 06 29 03 58 45 0.941022 
2013 06 29 03 58 46 0.947694 
2013 06 29 03 58 47 0.954311 
2013 06 29 03 58 48 0.960945 
2013 06 29 03 58 49 0.967592 
2013 06 29 03 58 50 0.974232 
2013 06 29 03 58 51 0.980841 
2013 06 29 03 58 52 0.987454 
2013 06 29 03 58 53 0.994086 
2013 06 29 03 58 55 0.000741 
2013 06 29 03 58 56 0.007299 
2013 06 29 03 58 57 0.013944 
2013 06 29 03 58 58 0.020585 
2013 06 29 03 58 59 0.027233 
2013 06 29 03 59 00 0.033903 
2013 06 29 03 59 01 0.040534 
2013 06 29 03 59 02 0.047136 
2013 06 29 03 59 03 0.053724 
2013 06 29 03 59 04 0.060358 
2013 06 29 03 59 05 0.067031 
2013 06 29 03 59 06 0.073700 
2013 06 29 03 59 07 0.080244 
2013 06 29 03 59 08 0.086885 
2013 06 29 03 59 09 0.093514 
2013 06 29 03 59 10 0.100148 
2013 06 29 03 59 11 0.106779 
2013 06 29 03 59 12 0.113408 
2013 06 29 03 59 13 0.120043 
2013 06 29 03 59 14 0.126663 
2013 06 29 03 59 15 0.133294 
2013 06 29 03 59 16 0.139934 
2013 06 29 03 59 17 0.146631 
2013 06 29 03 59 18 0.153233 
2013 06 29 03 59 19 0.159908 
2013 06 29 03 59 20 0.166478 
2013 06 29 03 59 21 0.173142 
2013 06 29 03 59 22 0.179794 
2013 06 29 03 59 23 0.186433 
2013 06 29 03 59 24 0.193014 
2013 06 29 03 59 25 0.199679 
2013 06 29 03 59 26 0.206238 
2013 06 29 03 59 27 0.212863 
2013 06 29 03 59 28 0.219492 
2013 06 29 03 59 29 0.226132 
2013 06 29 03 59 30 0.232759 
2013 06 29 03 59 31 0.239386 
2013 06 29 03 59 32 0.246018 
2013 06 29 03 59 33 0.252655 
2013 06 29 03 59 34 0.259276 
2013 06 29 03 59 35 0.265909 
2013 06 29 03 59 36 0.272616 
2013 06 29 03 59 37 0.279215 
2013 06 29 03 59 38 0.285874 
2013 06 29 03 59 39 0.292509 
2013 06 29 03 59 40 0.299131 
2013 06 29 03 59 41 0.305766 
2013 06 29 03 59 42 0.312377 
2013 06 29 03 59 43 0.319031 
2013 06 29 03 59 44 0.325637 
2013 06 29 03 59 45 0.332290 
2013 06 29 03 59 46 0.338850 
2013 06 29 03 59 47 0.345487 
2013 06 29 03 59 48 0.352113 
2013 06 29 03 59 49 0.358741 
2013 06 29 03 59 50 0.365370 
2013 06 29 03 59 51 0.623526 
2013 06 29 03 59 52 0.630158 
2013 06 29 03 59 53 0.636785 
2013 06 29 03 59 54 0.643414 
2013 06 29 03 59 55 0.650050 
2013 06 29 03 59 56 0.656682 
2013 06 29 03 59 57 0.663310 
2013 06 29 03 59 58 0.669948 
2013 06 29 03 59 59 0.676576 
2013 06 29 04 00 00 0.683211 
2013 06 29 04 00 01 0.689829 
2013 06 29 04 00 02 0.696462 
2013 06 29 04 00 03 0.703092 
2013 06 29 04 00 04 0.709723 
2013 06 29 04 00 05 0.716353 
2013 06 29 04 00 06 0.722989 
2013 06 29 04 00 07 0.729621 
2013 06 29 04 00 08 0.736250 
2013 06 29 04 00 09 0.742890 
2013 06 29 04 00 10 0.749516 
2013 06 29 04 00 11 0.756157 
2013 06 29 04 00 12 0.762769 
2013 06 29 04 00 13 0.769400 
2013 06 29 04 00 14 0.776031 
2013 06 29 04 00 15 0.782661 
2013 06 29 04 00 16 0.789297 
2013 06 29 04 00 17 0.795927 
2013 06 29 04 00 19 0.054432 
2013 06 29 04 00 20 0.061015 
2013 06 29 04 00 21 0.067669 
2013 06 29 04 00 22 0.074291 
2013 06 29 04 00 23 0.080927 
2013 06 29 04 00 24 0.087565 
2013 06 29 04 00 25 0.094180 
2013 06 29 04 00 26 0.100807 
2013 06 29 04 00 27 0.107393 
2013 06 29 04 00 28 0.114037 
2013 06 29 04 00 29 0.120662 
2013 06 29 04 00 30 0.127313 
2013 06 29 04 00 31 0.133916 
2013 06 29 04 00 32 0.140548 
2013 06 29 04 00 33 0.147169 
2013 06 29 04 00 34 0.153808 
2013 06 29 04 00 35 0.160441 
2013 06 29 04 00 36 0.167071 
2013 06 29 04 00 37 0.173760 
2013 06 29 04 00 38 0.180390 
2013 06 29 04 00 39 0.438484 
2013 06 29 04 00 40 0.445117 
2013 06 29 04 00 41 0.451746 
2013 06 29 04 00 42 0.458380 
2013 06 29 04 00 43 0.465010 
2013 06 29 04 00 44 0.471694 
2013 06 29 04 00 45 0.478268 
2013 06 29 04 00 46 0.484922 
2013 06 29 04 00 47 0.491526 
2013 06 29 04 00 48 0.498188 
2013 06 29 04 00 49 0.504788 
2013 06 29 04 00 50 0.511418 
2013 06 29 04 00 51 0.769849 
2013 06 29 04 00 52 0.776479 
2013 06 29 04 00 53 0.783117 
2013 06 29 04 00 54 0.789741 
2013 06 29 04 00 55 0.796381 
2013 06 29 04 00 56 0.803078 
2013 06 29 04 00 57 0.809690 
2013 06 29 04 00 58 0.816302 
2013 06 29 04 00 59 0.822953 
2013 06 29 04 01 00 0.829558 
2013 06 29 04 01 01 0.836204 
2013 06 29 04 01 02 0.842854 
2013 06 29 04 01 03 0.849426 
2013 06 29 04 01 04 0.856073 
2013 06 29 04 01 05 0.862681 
2013 06 29 04 01 06 0.869374 
2013 06 29 04 01 07 0.875974 
2013 06 29 04 01 08 0.882627 
2013 06 29 04 01 09 0.889248 
2013 06 29 04 01 10 0.895895 
2013 06 29 04 01 11 0.902527 
2013 06 29 04 01 12 0.909130 
2013 06 29 04 01 13 0.915774 
2013 06 29 04 01 14 0.922398 
2013 06 29 04 01 15 0.929062 
2013 06 29 04 01 16 0.935626 
2013 06 29 04 01 17 0.942282 
2013 06 29 04 01 18 0.948938 
2013 06 29 04 01 19 0.955581 
2013 06 29 04 01 20 0.962206 
2013 06 29 04 01 21 0.968842 
2013 06 29 04 01 22 0.975454 
2013 06 29 04 01 23 0.982089 
2013 06 29 04 01 24 0.988714 
2013 06 29 04 01 25 0.995360 
2013 06 29 04 01 27 0.001923 
2013 06 29 04 01 28 0.008551 
2013 06 29 04 01 29 0.015180 
2013 06 29 04 01 30 0.021816 
2013 06 29 04 01 31 0.028447 
2013 06 29 04 01 32 0.035074 
2013 06 29 04 01 33 0.041707 
2013 06 29 04 01 34 0.299851 
2013 06 29 04 01 35 0.306485 
2013 06 29 04 01 36 0.313115 
2013 06 29 04 01 37 0.319749 
2013 06 29 04 01 38 0.326382 
2013 06 29 04 01 39 0.333033 
2013 06 29 04 01 40 0.339645 
2013 06 29 04 01 41 0.346295 
2013 06 29 04 01 42 0.352903 
2013 06 29 04 01 43 0.611383 
2013 06 29 04 01 44 0.618016 
2013 06 29 04 01 45 0.624655 
2013 06 29 04 01 46 0.631265 
2013 06 29 04 01 47 0.637843 
2013 06 29 04 01 48 0.644511 
2013 06 29 04 01 49 0.651111 
2013 06 29 04 01 50 0.657742 
2013 06 29 04 01 51 0.664369 
2013 06 29 04 01 52 0.670996 
2013 06 29 04 01 53 0.677639 
2013 06 29 04 01 54 0.684267 
2013 06 29 04 01 55 0.690888 
2013 06 29 04 01 56 0.697601 
2013 06 29 04 01 57 0.704238 
2013 06 29 04 01 58 0.710848 
2013 06 29 04 01 59 0.717487 
2013 06 29 04 02 00 0.724113 
2013 06 29 04 02 01 0.730775 
2013 06 29 04 02 02 0.737469 
2013 06 29 04 02 03 0.743988 
2013 06 29 04 02 05 0.002101 
2013 06 29 04 02 06 0.008726 
2013 06 29 04 02 07 0.015361 
2013 06 29 04 02 08 0.021984 
2013 06 29 04 02 09 0.028612 
2013 06 29 04 02 10 0.035240 
2013 06 29 04 02 11 0.041871 
2013 06 29 04 02 12 0.048502 
2013 06 29 04 02 13 0.055136 
2013 06 29 04 02 14 0.061764 
2013 06 29 04 02 15 0.068395 
2013 06 29 04 02 16 0.075029 
2013 06 29 04 02 17 0.081659 
2013 06 29 04 02 18 0.088294 
2013 06 29 04 02 19 0.094921 
2013 06 29 04 02 20 0.101551 
2013 06 29 04 02 21 0.108183 
2013 06 29 04 02 22 0.114814 
2013 06 29 04 02 23 0.121442 
2013 06 29 04 02 24 0.128074 
2013 06 29 04 02 25 0.386526 
2013 06 29 04 02 26 0.393128 
2013 06 29 04 02 27 0.399764 
2013 06 29 04 02 28 0.406389 
2013 06 29 04 02 29 0.413015 
2013 06 29 04 02 30 0.419662 
2013 06 29 04 02 31 0.426280 
2013 06 29 04 02 32 0.432919 
2013 06 29 04 02 33 0.439537 
2013 06 29 04 02 34 0.446174 
2013 06 29 04 02 35 0.452802 
2013 06 29 04 02 36 0.459509 
2013 06 29 04 02 37 0.466108 
2013 06 29 04 02 38 0.472758 
2013 06 29 04 02 39 0.479352 
2013 06 29 04 02 40 0.486029 
2013 06 29 04 02 41 0.492635 
2013 06 29 04 02 42 0.499273 
2013 06 29 04 02 43 0.505904 
2013 06 29 04 02 44 0.512474 
2013 06 29 04 02 45 0.519104 
2013 06 29 04 02 46 0.525795 
2013 06 29 04 02 47 0.532417 
2013 06 29 04 02 48 0.539051 
2013 06 29 04 02 49 0.545684 
2013 06 29 04 02 50 0.552296 
2013 06 29 04 02 51 0.558926 
2013 06 29 04 02 52 0.565570 
2013 06 29 04 02 53 0.572177 
2013 06 29 04 02 54 0.578822 
2013 06 29 04 02 55 0.585443 
2013 06 29 04 02 56 0.592078 
2013 06 29 04 02 57 0.850220 
2013 06 29 04 02 58 0.856827 
2013 06 29 04 02 59 0.863483 
2013 06 29 04 03 00 0.870091 
2013 06 29 04 03 01 0.876718 
2013 06 29 04 03 02 0.883348 
2013 06 29 04 03 03 0.889981 
2013 06 29 04 03 04 0.896650 
2013 06 29 04 03 05 0.903291 
2013 06 29 04 03 06 0.909911 
2013 06 29 04 03 07 0.916662 
2013 06 29 04 03 08 0.923163 
2013 06 29 04 03 09 0.930040 
2013 06 29 04 03 10 0.936408 
2013 06 29 04 03 11 0.943027 
2013 06 29 04 03 12 0.949657 
2013 06 29 04 03 13 0.956289 
2013 06 29 04 03 14 0.962925 
2013 06 29 04 03 15 0.969553 
2013 06 29 04 03 16 0.976174 
2013 06 29 04 03 17 0.982805 
2013 06 29 04 03 18 0.989439 
2013 06 29 04 03 19 0.996075 
2013 06 29 04 03 21 0.002695 
2013 06 29 04 03 22 0.009336 
2013 06 29 04 03 23 0.015959 
2013 06 29 04 03 24 0.022593 
2013 06 29 04 03 25 0.029218 
2013 06 29 04 03 26 0.035852 
2013 06 29 04 03 27 0.042490 
2013 06 29 04 03 28 0.049119 
2013 06 29 04 03 29 0.055749 
2013 06 29 04 03 30 0.062378 
2013 06 29 04 03 31 0.069008 
2013 06 29 04 03 32 0.075643 
2013 06 29 04 03 33 0.082278 
2013 06 29 04 03 34 0.088902 
2013 06 29 04 03 35 0.095533 
2013 06 29 04 03 36 0.102162 
2013 06 29 04 03 37 0.108798 
2013 06 29 04 03 38 0.115420 
2013 06 29 04 03 39 0.122049 
2013 06 29 04 03 40 0.380535 
2013 06 29 04 03 41 0.387123 
2013 06 29 04 03 42 0.393744 
2013 06 29 04 03 43 0.400379 
2013 06 29 04 03 44 0.407004 
2013 06 29 04 03 45 0.413636 
2013 06 29 04 03 46 0.420267 
2013 06 29 04 03 47 0.426973 
2013 06 29 04 03 48 0.433519 
2013 06 29 04 03 49 0.440178 
2013 06 29 04 03 50 0.446775 
2013 06 29 04 03 51 0.453433 
2013 06 29 04 03 52 0.460033 
2013 06 29 04 03 53 0.466667 
2013 06 29 04 03 54 0.473296 
2013 06 29 04 03 55 0.479924 
2013 06 29 04 03 56 0.486629 
2013 06 29 04 03 57 0.493264 
2013 06 29 04 03 58 0.499880 
2013 06 29 04 03 59 0.506501 
2013 06 29 04 04 00 0.764634 
2013 06 29 04 04 01 0.771261 
2013 06 29 04 04 02 0.777866 
2013 06 29 04 04 03 0.784497 
2013 06 29 04 04 04 0.791127 
2013 06 29 04 04 05 0.797755 
2013 06 29 04 04 06 0.804392 
2013 06 29 04 04 07 0.811026 
2013 06 29 04 04 08 0.817657 
2013 06 29 04 04 09 0.824283 
2013 06 29 04 04 10 0.830915 
2013 06 29 04 04 11 0.837544 
2013 06 29 04 04 12 0.844178 
2013 06 29 04 04 13 0.850805 
2013 06 29 04 04 14 0.857438 
2013 06 29 04 04 15 0.864067 
2013 06 29 04 04 16 0.870694 
2013 06 29 04 04 17 0.877324 
2013 06 29 04 04 18 0.883960 
2013 06 29 04 04 20 0.142405 
2013 06 29 04 04 21 0.149017 
2013 06 29 04 04 22 0.155667 
2013 06 29 04 04 23 0.162277 
2013 06 29 04 04 24 0.168910 
2013 06 29 04 04 25 0.175539 
2013 06 29 04 04 26 0.182167 
2013 06 29 04 04 27 0.188838 
2013 06 29 04 04 28 0.195480 
2013 06 29 04 04 29 0.202100 
2013 06 29 04 04 30 0.460210 
2013 06 29 04 04 31 0.466841 
2013 06 29 04 04 32 0.473475 
2013 06 29 04 04 33 0.480098 
2013 06 29 04 04 34 0.486789 
2013 06 29 04 04 35 0.493362 
2013 06 29 04 04 36 0.499991 
2013 06 29 04 04 37 0.506621 
2013 06 29 04 04 38 0.513250 
2013 06 29 04 04 39 0.519882 
2013 06 29 04 04 40 0.778308 
2013 06 29 04 04 41 0.784945 
2013 06 29 04 04 42 0.791562 
2013 06 29 04 04 43 0.798206 
2013 06 29 04 04 44 0.804833 
2013 06 29 04 04 46 0.062978 
2013 06 29 04 04 47 0.069619 
2013 06 29 04 04 48 0.076246 
2013 06 29 04 04 49 0.082872 
2013 06 29 04 04 50 0.341341 
2013 06 29 04 04 51 0.347979 
2013 06 29 04 04 52 0.354614 
2013 06 29 04 04 53 0.361221 
2013 06 29 04 04 54 0.367880 
2013 06 29 04 04 55 0.374486 
2013 06 29 04 04 56 0.381123 
2013 06 29 04 04 57 0.387707 
2013 06 29 04 04 58 0.394340 
2013 06 29 04 04 59 0.400974 
2013 06 29 04 05 00 0.407603 
2013 06 29 04 05 01 0.414230 
2013 06 29 04 05 02 0.420865 
2013 06 29 04 05 03 0.427504 
2013 06 29 04 05 04 0.434128 
2013 06 29 04 05 05 0.692275 
2013 06 29 04 05 06 0.698918 
2013 06 29 04 05 07 0.705537 
2013 06 29 04 05 08 0.712167 
2013 06 29 04 05 09 0.718800 
2013 06 29 04 05 10 0.977269 
2013 06 29 04 05 11 0.983913 
2013 06 29 04 05 12 0.990518 
2013 06 29 04 05 13 0.997171 
2013 06 29 04 05 15 0.003781 
2013 06 29 04 05 16 0.010416 
2013 06 29 04 05 17 0.017016 
2013 06 29 04 05 18 0.023649 
2013 06 29 04 05 19 0.030275 
2013 06 29 04 05 20 0.036901 
2013 06 29 04 05 21 0.043536 
2013 06 29 04 05 22 0.050176 
2013 06 29 04 05 23 0.056795 
2013 06 29 04 05 24 0.063430 
2013 06 29 04 05 25 0.070053 
2013 06 29 04 05 26 0.076682 
2013 06 29 04 05 27 0.083368 
2013 06 29 04 05 28 0.089999 
2013 06 29 04 05 29 0.096641 
2013 06 29 04 05 30 0.103262 
2013 06 29 04 05 31 0.109885 
2013 06 29 04 05 32 0.116492 
2013 06 29 04 05 33 0.123150 
2013 06 29 04 05 34 0.129790 
2013 06 29 04 05 35 0.136388 
2013 06 29 04 05 36 0.143044 
2013 06 29 04 05 37 0.149619 
2013 06 29 04 05 38 0.156251 
2013 06 29 04 05 39 0.162884 
2013 06 29 04 05 40 0.169509 
2013 06 29 04 05 41 0.176144 
2013 06 29 04 05 42 0.434284 
2013 06 29 04 05 43 0.440917 
2013 06 29 04 05 44 0.447550 
2013 06 29 04 05 45 0.454177 
2013 06 29 04 05 46 0.460807 
2013 06 29 04 05 47 0.467445 
2013 06 29 04 05 48 0.474073 
2013 06 29 04 05 49 0.480711 
2013 06 29 04 05 50 0.487333 
2013 06 29 04 05 51 0.493966 
2013 06 29 04 05 52 0.500605 
2013 06 29 04 05 53 0.507228 
2013 06 29 04 05 54 0.513858 
2013 06 29 04 05 55 0.520487 
2013 06 29 04 05 56 0.527116 
2013 06 29 04 05 57 0.533743 
2013 06 29 04 05 58 0.540371 
2013 06 29 04 05 59 0.547005 
2013 06 29 04 06 00 0.553663 
2013 06 29 04 06 01 0.560263 
2013 06 29 04 06 02 0.566895 
2013 06 29 04 06 03 0.573529 
2013 06 29 04 06 04 0.580157 
2013 06 29 04 06 05 0.586787 
2013 06 29 04 06 06 0.593416 
2013 06 29 04 06 07 0.600053 
2013 06 29 04 06 08 0.606685 
2013 06 29 04 06 09 0.613314 
2013 06 29 04 06 10 0.619947 
2013 06 29 04 06 11 0.626582 
2013 06 29 04 06 12 0.633198 
2013 06 29 04 06 13 0.639843 
2013 06 29 04 06 14 0.646460 
2013 06 29 04 06 15 0.653112 
2013 06 29 04 06 16 0.659729 
2013 06 29 04 06 17 0.666356 
2013 06 29 04 06 18 0.672985 
2013 06 29 04 06 19 0.679616 
2013 06 29 04 06 20 0.686252 
2013 06 29 04 06 21 0.692878 
2013 06 29 04 06 22 0.699509 
2013 06 29 04 06 23 0.706139 
2013 06 29 04 06 24 0.712771 
2013 06 29 04 06 25 0.719405 
2013 06 29 04 06 26 0.726047 
2013 06 29 04 06 27 0.732655 
2013 06 29 04 06 28 0.739303 
2013 06 29 04 06 29 0.745920 
2013 06 29 04 06 30 0.752549 
2013 06 29 04 06 31 0.759179 
2013 06 29 04 06 32 0.765810 
2013 06 29 04 06 33 0.772441 
2013 06 29 04 06 34 0.779072 
2013 06 29 04 06 35 0.785702 
2013 06 29 04 06 36 0.792334 
2013 06 29 04 06 37 0.798990 
2013 06 29 04 06 38 0.805600 
2013 06 29 04 06 39 0.812245 
2013 06 29 04 06 40 0.818862 
2013 06 29 04 06 41 0.825493 
2013 06 29 04 06 42 0.832117 
2013 06 29 04 06 43 0.838768 
2013 06 29 04 06 44 0.845384 
2013 06 29 04 06 45 0.852030 
2013 06 29 04 06 46 0.858642 
2013 06 29 04 06 47 0.865270 
2013 06 29 04 06 48 0.871904 
2013 06 29 04 06 49 0.878530 
2013 06 29 04 06 50 0.885164 
2013 06 29 04 06 51 0.891793 
2013 06 29 04 06 52 0.898424 
2013 06 29 04 06 53 0.905061 
2013 06 29 04 06 54 0.911683 
2013 06 29 04 06 55 0.918307 
2013 06 29 04 06 56 0.924946 
2013 06 29 04 06 57 0.931576 
2013 06 29 04 06 58 0.938205 
2013 06 29 04 06 59 0.944834 
2013 06 29 04 07 00 0.951467 
2013 06 29 04 07 01 0.958096 
2013 06 29 04 07 02 0.964727 
2013 06 29 04 07 03 0.971369 
2013 06 29 04 07 04 0.977990 
2013 06 29 04 07 05 0.984618 
2013 06 29 04 07 06 0.991242 
2013 06 29 04 07 07 0.997877 
2013 06 29 04 07 09 0.004505 
2013 06 29 04 07 10 0.011139 
2013 06 29 04 07 11 0.017768 
2013 06 29 04 07 12 0.024396 
2013 06 29 04 07 13 0.031033 
2013 06 29 04 07 14 0.037660 
2013 06 29 04 07 15 0.044288 
2013 06 29 04 07 16 0.050923 
2013 06 29 04 07 17 0.057557 
2013 06 29 04 07 18 0.064184 
2013 06 29 04 07 19 0.070830 
2013 06 29 04 07 20 0.077446 
2013 06 29 04 07 21 0.084078 
2013 06 29 04 07 22 0.342551 
2013 06 29 04 07 23 0.349184 
2013 06 29 04 07 24 0.355790 
2013 06 29 04 07 25 0.362444 
2013 06 29 04 07 26 0.369068 
2013 06 29 04 07 27 0.375656 
2013 06 29 04 07 28 0.382286 
2013 06 29 04 07 29 0.388912 
2013 06 29 04 07 30 0.395551 
2013 06 29 04 07 31 0.402171 
2013 06 29 04 07 32 0.408804 
2013 06 29 04 07 33 0.415441 
2013 06 29 04 07 34 0.422058 
2013 06 29 04 07 35 0.428709 
2013 06 29 04 07 36 0.435325 
2013 06 29 04 07 37 0.441998 
2013 06 29 04 07 38 0.448641 
2013 06 29 04 07 39 0.455227 
2013 06 29 04 07 40 0.461848 
2013 06 29 04 07 41 0.468483 
2013 06 29 04 07 42 0.475111 
2013 06 29 04 07 43 0.481740 
2013 06 29 04 07 44 0.488374 
2013 06 29 04 07 45 0.495004 
2013 06 29 04 07 46 0.501665 
2013 06 29 04 07 47 0.508311 
2013 06 29 04 07 48 0.514955 
2013 06 29 04 07 49 0.521549 
2013 06 29 04 07 50 0.528189 
2013 06 29 04 07 51 0.534826 
2013 06 29 04 07 52 0.541470 
2013 06 29 04 07 53 0.548114 
2013 06 29 04 07 54 0.554707 
2013 06 29 04 07 55 0.561351 
2013 06 29 04 07 56 0.567990 
2013 06 29 04 07 57 0.574568 
2013 06 29 04 07 58 0.581199 
2013 06 29 04 07 59 0.587831 
2013 06 29 04 08 00 0.594452 
2013 06 29 04 08 01 0.601084 
2013 06 29 04 08 02 0.607723 
2013 06 29 04 08 03 0.614377 
2013 06 29 04 08 04 0.620977 
2013 06 29 04 08 05 0.627619 
2013 06 29 04 08 06 0.634235 
2013 06 29 04 08 07 0.640932 
2013 06 29 04 08 08 0.647558 
2013 06 29 04 08 09 0.654206 
2013 06 29 04 08 10 0.660801 
2013 06 29 04 08 11 0.667393 
2013 06 29 04 08 12 0.674010 
2013 06 29 04 08 13 0.680643 
2013 06 29 04 08 14 0.687295 
2013 06 29 04 08 15 0.693915 
2013 06 29 04 08 16 0.700538 
2013 06 29 04 08 17 0.707226 
2013 06 29 04 08 18 0.713876 
2013 06 29 04 08 19 0.720485 
2013 06 29 04 08 20 0.727155 
2013 06 29 04 08 21 0.985218 
2013 06 29 04 08 23 0.243708 
2013 06 29 04 08 24 0.250340 
2013 06 29 04 08 25 0.256967 
2013 06 29 04 08 26 0.263593 
2013 06 29 04 08 27 0.270164 
2013 06 29 04 08 28 0.276860 
2013 06 29 04 08 29 0.283485 
2013 06 29 04 08 30 0.290126 
2013 06 29 04 08 31 0.296718 
2013 06 29 04 08 32 0.303361 
2013 06 29 04 08 33 0.309998 
2013 06 29 04 08 34 0.316663 
2013 06 29 04 08 35 0.323239 
2013 06 29 04 08 36 0.329875 
2013 06 29 04 08 37 0.336477 
2013 06 29 04 08 38 0.343105 
2013 06 29 04 08 39 0.349733 
2013 06 29 04 08 40 0.356369 
2013 06 29 04 08 41 0.362995 
2013 06 29 04 08 42 0.369630 
2013 06 29 04 08 43 0.376248 
2013 06 29 04 08 44 0.382883 
2013 06 29 04 08 45 0.389533 
2013 06 29 04 08 46 0.396152 
2013 06 29 04 08 47 0.402855 
2013 06 29 04 08 48 0.409453 
2013 06 29 04 08 49 0.416093 
2013 06 29 04 08 50 0.422713 
2013 06 29 04 08 51 0.429332 
2013 06 29 04 08 52 0.435989 
2013 06 29 04 08 53 0.442591 
2013 06 29 04 08 54 0.449230 
2013 06 29 04 08 55 0.455871 
2013 06 29 04 08 56 0.462505 
2013 06 29 04 08 57 0.469077 
2013 06 29 04 08 58 0.475740 
2013 06 29 04 08 59 0.482339 
2013 06 29 04 09 00 0.488965 
2013 06 29 04 09 01 0.495603 
2013 06 29 04 09 02 0.502256 
2013 06 29 04 09 03 0.760398 
2013 06 29 04 09 04 0.767011 
2013 06 29 04 09 05 0.773667 
2013 06 29 04 09 06 0.780269 
2013 06 29 04 09 07 0.786905 
2013 06 29 04 09 08 0.793539 
2013 06 29 04 09 09 0.800167 
2013 06 29 04 09 10 0.806800 
2013 06 29 04 09 11 0.813431 
2013 06 29 04 09 12 0.820058 
2013 06 29 04 09 13 0.826688 
2013 06 29 04 09 14 0.833318 
2013 06 29 04 09 15 0.839948 
2013 06 29 04 09 16 0.846600 
2013 06 29 04 09 17 0.853209 
2013 06 29 04 09 18 0.859838 
2013 06 29 04 09 19 0.866473 
2013 06 29 04 09 20 0.873103 
2013 06 29 04 09 21 0.879733 
2013 06 29 04 09 22 0.886366 
2013 06 29 04 09 24 0.144821 
2013 06 29 04 09 25 0.151465 
2013 06 29 04 09 26 0.158102 
2013 06 29 04 09 27 0.164698 
2013 06 29 04 09 28 0.171301 
2013 06 29 04 09 29 0.177963 
2013 06 29 04 09 30 0.184572 
2013 06 29 04 09 31 0.191194 
2013 06 29 04 09 32 0.197824 
2013 06 29 04 09 33 0.204486 
2013 06 29 04 09 34 0.211085 
2013 06 29 04 09 35 0.218091 
2013 06 29 04 09 36 0.224347 
2013 06 29 04 09 37 0.231064 
2013 06 29 04 09 38 0.237607 
2013 06 29 04 09 39 0.244293 
2013 06 29 04 09 40 0.250921 
2013 06 29 04 09 41 0.257566 
2013 06 29 04 09 42 0.264170 
2013 06 29 04 09 43 0.522285 
2013 06 29 04 09 44 0.528915 
2013 06 29 04 09 45 0.535567 
2013 06 29 04 09 46 0.542176 
2013 06 29 04 09 47 0.548829 
2013 06 29 04 09 48 0.555435 
2013 06 29 04 09 49 0.562064 
2013 06 29 04 09 50 0.568698 
2013 06 29 04 09 51 0.575332 
2013 06 29 04 09 52 0.833763 
2013 06 29 04 09 53 0.840387 
2013 06 29 04 09 54 0.847014 
2013 06 29 04 09 55 0.853657 
2013 06 29 04 09 56 0.860336 
2013 06 29 04 09 57 0.866932 
2013 06 29 04 09 58 0.873605 
2013 06 29 04 09 59 0.880198 
2013 06 29 04 10 00 0.886829 
2013 06 29 04 10 01 0.893496 
2013 06 29 04 10 02 0.900110 
2013 06 29 04 10 04 0.158211 
2013 06 29 04 10 05 0.164849 
2013 06 29 04 10 06 0.171472 
2013 06 29 04 10 07 0.178099 
2013 06 29 04 10 08 0.184735 
2013 06 29 04 10 09 0.191364 
2013 06 29 04 10 10 0.197991 
2013 06 29 04 10 11 0.204623 
2013 06 29 04 10 12 0.211253 
2013 06 29 04 10 13 0.217882 
2013 06 29 04 10 14 0.224512 
2013 06 29 04 10 15 0.231151 
2013 06 29 04 10 16 0.237774 
2013 06 29 04 10 17 0.244407 
2013 06 29 04 10 18 0.251039 
2013 06 29 04 10 19 0.257665 
2013 06 29 04 10 20 0.264298 
2013 06 29 04 10 21 0.270932 
2013 06 29 04 10 22 0.277558 
2013 06 29 04 10 23 0.284194 
2013 06 29 04 10 24 0.542674 
2013 06 29 04 10 25 0.549293 
2013 06 29 04 10 26 0.555934 
2013 06 29 04 10 27 0.562497 
2013 06 29 04 10 28 0.569141 
2013 06 29 04 10 29 0.575768 
2013 06 29 04 10 30 0.582403 
2013 06 29 04 10 31 0.589021 
2013 06 29 04 10 32 0.595657 
2013 06 29 04 10 33 0.602285 
2013 06 29 04 10 34 0.608912 
2013 06 29 04 10 35 0.615558 
2013 06 29 04 10 36 0.622185 
2013 06 29 04 10 37 0.628867 
2013 06 29 04 10 38 0.635497 
2013 06 29 04 10 39 0.642092 
2013 06 29 04 10 40 0.648773 
2013 06 29 04 10 41 0.655384 
2013 06 29 04 10 42 0.662014 
2013 06 29 04 10 43 0.668650 
2013 06 29 04 10 44 0.675276 
2013 06 29 04 10 45 0.681902 
2013 06 29 04 10 46 0.688547 
2013 06 29 04 10 47 0.695107 
2013 06 29 04 10 48 0.701748 
2013 06 29 04 10 49 0.708378 
2013 06 29 04 10 50 0.715041 
2013 06 29 04 10 51 0.721635 
2013 06 29 04 10 52 0.728288 
2013 06 29 04 10 53 0.986422 
2013 06 29 04 10 54 0.993046 
2013 06 29 04 10 55 0.999676 
2013 06 29 04 10 57 0.006314 
2013 06 29 04 10 58 0.012948 
2013 06 29 04 10 59 0.019574 
2013 06 29 04 11 00 0.026200 
2013 06 29 04 11 01 0.032835 
2013 06 29 04 11 02 0.039460 
2013 06 29 04 11 03 0.046098 
2013 06 29 04 11 04 0.052724 
2013 06 29 04 11 05 0.311198 
2013 06 29 04 11 06 0.317804 
2013 06 29 04 11 07 0.324409 
2013 06 29 04 11 08 0.331052 
2013 06 29 04 11 09 0.337664 
2013 06 29 04 11 10 0.344326 
2013 06 29 04 11 11 0.350929 
2013 06 29 04 11 12 0.357579 
2013 06 29 04 11 13 0.364215 
2013 06 29 04 11 14 0.622343 
2013 06 29 04 11 15 0.628969 
2013 06 29 04 11 16 0.635600 
2013 06 29 04 11 17 0.642234 
2013 06 29 04 11 18 0.648868 
