2 0  
3 1  
4 3  
5 0  
6 2  
7 1  
8 3  
9 0  
10 2  
11 1  
12 3  
13 0  
14 2  
15 1  
16 3  
17 0  
18 2  
19 1  
20 3  
21 0  
22 2  
23 1  
24 3  
25 0  
26 1  
27 2  
28 3  
29 0  
30 1  
31 3  
32 2  
33 0  
34 1  
35 3  
36 0  
37 2  
38 1  
39 3  
40 0  
41 2  
42 1  
43 3  
44 0  
45 1  
46 2  
47 3  
48 0  
49 1  
50 3  
51 2  
52 0  
53 1  
54 3  
55 2  
56 0  
57 1  
58 3  
59 2  
60 0  
61 1  
62 3  
63 2  
64 0  
65 1  
66 3  
67 2  
68 0  
69 1  
70 3  
71 2  
72 0  
73 1  
74 3  
75 2  
76 0  
77 1  
78 3  
79 2  
80 0  
81 1  
82 3  
83 2  
84 0  
85 1  
86 3  
87 2  
88 0  
89 1  
90 3  
91 2  
92 0  
93 1  
94 3  
95 2  
96 0  
97 1  
98 3  
99 2  
100 0  
101 1  
102 3  
103 2  
104 0  
105 1  
106 3  
107 2  
108 0  
109 1  
110 3  
111 2  
112 0  
113 1  
114 3  
115 2  
116 0  
117 1  
118 3  
119 2  
120 0  
121 1  
122 3  
123 2  
124 0  
125 1  
126 3  
127 2  
128 0  
129 1  
130 3  
131 2  
132 0  
133 1  
134 3  
135 2  
136 0  
137 1  
138 3  
139 2  
140 0  
141 1  
142 3  
143 2  
144 0  
145 1  
146 3  
147 2  
148 0  
149 3  
150 1  
151 2  
152 0  
153 3  
154 2  
155 1  
156 0  
157 3  
158 2  
159 1  
160 0  
161 3  
162 2  
163 1  
164 0  
165 3  
166 2  
167 1  
168 0  
169 3  
170 2  
171 1  
172 0  
173 3  
174 2  
175 1  
176 0  
177 3  
178 2  
179 0  
180 1  
181 3  
182 2  
183 0  
184 1  
185 3  
186 2  
187 0  
188 1  
189 3  
190 2  
191 0  
192 1  
193 3  
194 2  
195 0  
196 1  
197 3  
198 0  
199 2  
200 1  
201 3  
202 0  
203 2  
204 1  
205 3  
206 0  
207 2  
208 1  
209 3  
210 0  
211 2  
212 1  
213 0  
214 3  
215 2  
216 1  
217 0  
218 3  
219 2  
220 1  
221 0  
222 3  
223 2  
224 1  
225 0  
226 3  
227 2  
228 1  
229 0  
230 3  
231 2  
232 1  
233 0  
234 3  
235 2  
236 1  
237 0  
238 3  
239 2  
240 1  
241 0  
242 3  
243 2  
244 1  
245 0  
246 3  
247 2  
248 1  
249 0  
250 3  
251 2  
252 1  
253 0  
254 3  
255 1  
256 2  
257 0  
258 3  
259 1  
260 0  
261 2  
262 3  
263 1  
264 0  
265 2  
266 3  
267 1  
268 0  
269 2  
270 3  
271 1  
272 0  
273 2  
274 3  
275 1  
276 0  
277 2  
278 3  
279 1  
280 0  
281 2  
282 3  
283 1  
284 0  
285 2  
286 3  
287 1  
288 0  
289 2  
290 3  
291 1  
292 0  
293 2  
294 3  
295 1  
296 0  
297 2  
298 3  
299 1  
300 0  
301 2  
302 3  
303 1  
304 0  
305 2  
306 3  
307 1  
308 0  
309 2  
310 3  
311 1  
312 0  
313 2  
314 3  
315 1  
316 0  
317 2  
318 3  
319 1  
320 0  
321 2  
322 3  
323 1  
324 0  
325 2  
326 3  
327 1  
328 0  
329 2  
330 3  
331 0  
332 1  
333 2  
334 3  
335 0  
336 1  
337 2  
338 3  
339 0  
340 2  
341 1  
342 3  
343 0  
344 2  
345 3  
346 1  
347 0  
348 2  
349 3  
350 0  
351 1  
352 2  
353 3  
354 0  
355 1  
356 2  
357 3  
358 0  
359 1  
360 2  
361 3  
362 0  
363 1  
364 2  
365 3  
366 0  
367 1  
368 2  
369 3  
370 0  
371 1  
372 2  
373 3  
374 0  
375 1  
376 2  
377 3  
378 0  
379 1  
380 2  
381 3  
382 0  
383 1  
384 2  
385 3  
386 0  
387 1  
388 2  
389 3  
390 0  
391 1  
392 2  
393 3  
394 0  
395 1  
396 2  
397 3  
398 0  
399 1  
400 2  
401 3  
402 0  
403 1  
404 2  
405 3  
406 0  
407 1  
408 2  
409 3  
410 0  
411 1  
412 2  
413 3  
414 0  
415 1  
416 2  
417 3  
418 0  
419 1  
420 2  
421 3  
422 0  
423 1  
424 2  
425 3  
426 0  
427 1  
428 2  
429 3  
430 0  
431 1  
432 2  
433 3  
434 0  
435 1  
436 2  
437 3  
438 0  
439 1  
440 2  
441 3  
442 1  
443 0  
444 2  
445 3  
446 1  
447 0  
448 2  
449 3  
450 1  
451 0  
452 2  
453 3  
454 1  
455 0  
456 2  
457 3  
458 1  
459 0  
460 2  
461 3  
462 1  
463 0  
464 2  
465 3  
466 1  
467 0  
468 3  
469 2  
470 1  
471 0  
472 3  
473 2  
474 1  
475 0  
476 3  
477 2  
478 1  
479 0  
480 3  
481 2  
482 1  
483 0  
484 3  
485 2  
486 1  
487 0  
488 3  
489 2  
490 1  
491 0  
492 3  
493 2  
494 1  
495 0  
496 3  
497 2  
498 1  
499 0  
500 3  
501 2  
502 1  
503 0  
504 3  
505 2  
506 0  
507 1  
508 3  
509 2  
510 0  
511 1  
512 3  
513 2  
514 0  
515 1  
516 3  
517 2  
518 0  
519 1  
520 3  
521 2  
522 0  
523 1  
524 3  
525 2  
526 0  
527 1  
528 3  
529 2  
530 0  
531 3  
532 1  
533 2  
534 0  
535 3  
536 1  
537 2  
538 0  
539 3  
540 1  
541 2  
542 0  
543 3  
544 1  
545 2  
546 0  
547 3  
548 1  
549 2  
550 0  
551 3  
552 1  
553 2  
554 0  
555 3  
556 1  
557 2  
558 0  
559 3  
560 1  
561 2  
562 0  
563 3  
564 1  
565 2  
566 0  
567 3  
568 1  
569 2  
570 0  
571 3  
572 1  
573 2  
574 0  
575 3  
576 1  
577 2  
578 0  
579 3  
580 1  
581 2  
582 0  
583 3  
584 1  
585 2  
586 0  
587 3  
588 1  
589 2  
590 0  
591 3  
592 1  
593 2  
594 0  
595 3  
596 1  
597 2  
598 0  
599 3  
600 1  
601 2  
602 0  
603 3  
604 1  
605 2  
606 0  
607 3  
608 1  
609 2  
610 0  
611 3  
612 1  
613 2  
614 0  
615 3  
616 1  
617 2  
618 0  
619 3  
620 1  
621 2  
622 0  
623 3  
624 1  
625 2  
626 0  
627 3  
628 1  
629 2  
630 0  
631 3  
632 1  
633 2  
634 0  
635 3  
636 1  
637 2  
638 0  
639 3  
640 1  
641 2  
642 0  
643 3  
644 1  
645 2  
646 0  
647 3  
648 1  
649 2  
650 0  
651 3  
652 1  
653 2  
654 0  
655 3  
656 1  
657 2  
658 0  
659 3  
660 1  
661 2  
662 0  
663 3  
664 1  
665 2  
666 0  
667 3  
668 1  
669 0  
670 2  
671 3  
672 1  
673 0  
674 3  
675 2  
676 1  
677 0  
678 3  
679 2  
680 1  
681 0  
682 3  
683 2  
684 1  
685 0  
686 3  
687 2  
688 1  
689 0  
690 3  
691 2  
692 1  
693 3  
694 0  
695 2  
696 3  
697 1  
698 0  
699 2  
700 3  
701 0  
702 1  
703 2  
704 3  
705 0  
706 1  
707 2  
708 3  
709 0  
710 1  
711 2  
712 3  
713 0  
714 1  
715 2  
716 3  
717 0  
718 1  
719 2  
720 3  
721 0  
722 1  
723 2  
724 3  
725 0  
726 1  
727 2  
728 3  
729 0  
730 1  
731 2  
732 3  
733 0  
734 1  
735 2  
736 3  
737 0  
738 1  
739 2  
740 3  
741 0  
742 1  
743 2  
744 3  
745 0  
746 1  
747 2  
748 3  
749 0  
750 1  
751 2  
752 3  
753 0  
754 1  
755 2  
756 3  
757 0  
758 1  
759 2  
760 3  
761 0  
762 1  
763 2  
764 3  
765 0  
766 1  
767 2  
768 3  
769 0  
770 1  
771 2  
772 3  
773 0  
774 1  
775 2  
776 3  
777 0  
778 1  
779 2  
780 3  
781 0  
782 1  
783 2  
784 3  
785 0  
786 1  
787 2  
788 3  
789 0  
790 1  
791 2  
792 3  
793 0  
794 1  
795 2  
796 3  
797 0  
798 1  
799 2  
800 3  
801 0  
802 1  
803 2  
804 3  
805 0  
806 1  
807 2  
808 3  
809 0  
810 1  
811 2  
812 3  
813 0  
814 1  
815 2  
816 3  
817 0  
818 1  
819 2  
820 3  
821 0  
822 1  
823 2  
824 3  
825 0  
826 1  
827 2  
828 3  
829 0  
830 1  
831 2  
832 3  
833 0  
834 1  
835 2  
836 3  
837 0  
838 1  
839 2  
840 3  
841 0  
842 1  
843 2  
844 3  
845 0  
846 1  
847 2  
848 3  
849 0  
850 1  
851 2  
852 3  
853 0  
854 1  
855 2  
856 3  
857 0  
858 1  
859 2  
860 3  
861 0  
862 1  
863 2  
864 3  
865 0  
866 1  
867 2  
868 3  
869 0  
870 1  
871 2  
872 3  
873 0  
874 1  
875 2  
876 3  
877 0  
878 1  
879 2  
880 3  
881 0  
882 1  
883 3  
884 2  
885 0  
886 1  
887 3  
888 0  
889 2  
890 1  
891 3  
892 0  
893 1  
894 2  
895 3  
896 0  
897 1  
898 2  
899 3  
900 0  
901 1  
902 2  
903 3  
904 0  
905 1  
906 2  
907 3  
908 0  
909 1  
910 2  
911 3  
912 0  
913 1  
914 2  
915 3  
916 0  
917 1  
918 2  
919 3  
920 0  
921 1  
922 2  
923 3  
924 0  
925 1  
926 2  
927 3  
928 0  
929 1  
930 2  
931 3  
932 0  
933 1  
934 2  
935 3  
936 0  
937 1  
938 2  
939 3  
940 0  
941 1  
942 2  
943 3  
944 0  
945 1  
946 2  
947 3  
948 0  
949 1  
950 2  
951 3  
952 0  
953 1  
954 2  
955 3  
956 0  
957 1  
958 3  
959 2  
960 0  
961 1  
962 3  
963 2  
964 0  
965 1  
966 3  
967 2  
968 0  
969 1  
970 3  
971 2  
972 0  
973 1  
974 3  
975 2  
976 0  
977 3  
978 1  
979 2  
980 0  
981 3  
982 1  
983 2  
984 0  
985 3  
986 1  
987 2  
988 0  
989 3  
990 1  
991 2  
992 0  
993 3  
994 1  
995 2  
996 0  
997 3  
998 1  
999 2  
1000 0  
1001 3  
1002 1  
1003 2  
1004 0  
1005 3  
1006 1  
1007 2  
1008 0  
1009 3  
1010 1  
1011 2  
1012 0  
1013 3  
1014 1  
1015 0  
1016 2  
1017 3  
1018 1  
1019 0  
1020 2  
1021 3  
1022 1  
1023 0  
1024 2  
1025 3  
1026 1  
1027 0  
1028 2  
1029 3  
1030 1  
1031 0  
1032 2  
1033 3  
1034 1  
1035 0  
1036 2  
1037 3  
1038 0  
1039 1  
1040 3  
1041 2  
1042 0  
1043 1  
1044 3  
1045 0  
1046 2  
1047 3  
1048 1  
1049 0  
1050 3  
1051 2  
1052 0  
1053 1  
1054 3  
1055 2  
1056 0  
1057 1  
1058 3  
1059 0  
1060 2  
1061 3  
1062 1  
1063 0  
1064 2  
1065 3  
1066 0  
1067 1  
1068 2  
1069 3  
1070 0  
1071 1  
1072 2  
1073 3  
1074 0  
1075 1  
1076 2  
1077 3  
1078 0  
1079 1  
1080 2  
1081 3  
1082 0  
1083 1  
1084 2  
1085 3  
1086 0  
1087 1  
1088 2  
1089 3  
1090 0  
1091 1  
1092 2  
1093 3  
1094 0  
1095 1  
1096 2  
1097 3  
1098 0  
1099 1  
1100 2  
1101 3  
1102 0  
1103 1  
1104 2  
1105 3  
1106 0  
1107 1  
1108 2  
1109 3  
1110 0  
1111 1  
1112 2  
1113 3  
1114 0  
1115 1  
1116 2  
1117 3  
1118 0  
1119 1  
1120 2  
1121 3  
1122 0  
1123 1  
1124 2  
1125 3  
1126 0  
1127 1  
1128 2  
1129 3  
1130 0  
1131 1  
1132 2  
1133 3  
1134 0  
1135 1  
1136 2  
1137 3  
1138 0  
1139 1  
1140 2  
1141 3  
1142 0  
1143 1  
1144 2  
1145 3  
1146 0  
1147 1  
1148 2  
1149 3  
1150 0  
1151 1  
1152 2  
1153 3  
1154 0  
1155 1  
1156 2  
1157 3  
1158 0  
1159 1  
1160 2  
1161 3  
1162 0  
1163 1  
1164 2  
1165 3  
1166 0  
1167 1  
1168 2  
1169 3  
1170 0  
1171 1  
1172 2  
1173 0  
1174 3  
1175 1  
1176 2  
1177 0  
1178 3  
1179 1  
1180 2  
1181 0  
1182 3  
1183 1  
1184 2  
1185 0  
1186 3  
1187 1  
1188 2  
1189 0  
1190 3  
1191 1  
1192 2  
1193 0  
1194 3  
1195 1  
1196 2  
1197 0  
1198 3  
1199 1  
1200 2  
1201 0  
1202 3  
1203 1  
1204 0  
1205 2  
1206 3  
1207 1  
1208 0  
1209 3  
1210 2  
1211 1  
1212 0  
1213 3  
1214 2  
1215 1  
1216 0  
1217 3  
1218 2  
1219 1  
1220 0  
1221 3  
1222 2  
1223 1  
1224 0  
1225 3  
1226 2  
1227 1  
1228 0  
1229 3  
1230 2  
1231 1  
1232 0  
1233 3  
1234 2  
1235 1  
1236 0  
1237 3  
1238 2  
1239 1  
1240 0  
1241 3  
1242 2  
1243 1  
1244 0  
1245 3  
1246 2  
1247 1  
1248 0  
1249 3  
1250 2  
1251 1  
1252 0  
1253 3  
1254 2  
1255 1  
1256 0  
1257 3  
1258 2  
1259 1  
1260 0  
1261 3  
1262 2  
1263 1  
1264 0  
1265 3  
1266 2  
1267 1  
1268 0  
1269 3  
1270 2  
1271 1  
1272 0  
1273 3  
1274 2  
1275 1  
1276 3  
1277 0  
1278 2  
1279 1  
1280 3  
1281 0  
1282 2  
1283 1  
1284 3  
1285 0  
1286 2  
1287 1  
1288 3  
1289 0  
1290 2  
1291 1  
1292 3  
1293 0  
1294 2  
1295 1  
1296 3  
1297 0  
1298 2  
1299 1  
1300 3  
1301 0  
1302 2  
1303 1  
1304 3  
1305 0  
1306 2  
1307 1  
1308 3  
1309 0  
1310 2  
1311 1  
1312 3  
1313 0  
1314 2  
1315 1  
1316 3  
1317 0  
1318 2  
1319 1  
1320 3  
1321 0  
1322 2  
1323 1  
1324 3  
1325 0  
1326 2  
1327 1  
1328 3  
1329 0  
1330 2  
1331 1  
1332 3  
1333 0  
1334 2  
1335 1  
1336 3  
1337 0  
1338 2  
1339 1  
1340 3  
1341 0  
1342 2  
1343 1  
1344 3  
1345 0  
1346 2  
1347 1  
1348 3  
1349 0  
1350 2  
1351 1  
1352 3  
1353 0  
1354 2  
1355 1  
1356 3  
1357 0  
1358 2  
1359 1  
1360 3  
1361 0  
1362 2  
1363 1  
1364 3  
1365 0  
1366 1  
1367 2  
1368 3  
1369 0  
1370 1  
1371 3  
1372 0  
1373 2  
1374 1  
1375 3  
1376 0  
1377 1  
1378 2  
1379 3  
1380 0  
1381 1  
1382 2  
1383 3  
1384 0  
1385 1  
1386 2  
1387 3  
1388 0  
1389 1  
1390 2  
1391 3  
1392 0  
1393 1  
1394 2  
1395 3  
1396 0  
1397 1  
1398 2  
1399 3  
1400 0  
1401 1  
1402 2  
1403 3  
1404 0  
1405 1  
1406 2  
1407 3  
1408 0  
1409 1  
1410 2  
1411 3  
1412 0  
1413 1  
1414 2  
1415 3  
1416 0  
1417 1  
1418 2  
1419 3  
1420 0  
1421 1  
1422 2  
1423 3  
1424 0  
1425 1  
1426 2  
1427 3  
1428 0  
1429 1  
1430 2  
1431 3  
1432 0  
1433 1  
1434 2  
1435 3  
1436 0  
1437 1  
1438 2  
1439 3  
1440 0  
1441 1  
1442 2  
1443 3  
1444 0  
1445 2  
1446 1  
1447 3  
1448 0  
1449 2  
1450 3  
1451 1  
1452 0  
1453 2  
1454 3  
1455 0  
1456 1  
1457 2  
1458 3  
1459 0  
1460 1  
1461 2  
1462 3  
1463 0  
1464 1  
1465 2  
1466 3  
1467 0  
1468 1  
1469 2  
1470 3  
1471 0  
1472 1  
1473 2  
1474 3  
1475 0  
1476 1  
1477 2  
1478 3  
1479 0  
1480 1  
1481 2  
1482 3  
1483 0  
1484 1  
1485 2  
1486 3  
1487 0  
1488 1  
1489 2  
1490 3  
1491 0  
1492 1  
1493 2  
1494 3  
1495 0  
1496 1  
1497 2  
1498 3  
1499 0  
1500 1  
1501 2  
1502 3  
1503 0  
1504 1  
1505 2  
1506 3  
1507 0  
1508 1  
1509 2  
1510 3  
1511 0  
1512 1  
1513 2  
1514 3  
1515 0  
1516 1  
1517 2  
1518 3  
1519 0  
1520 1  
1521 2  
1522 3  
1523 0  
1524 1  
1525 2  
1526 3  
1527 0  
1528 1  
1529 2  
1530 3  
1531 0  
1532 1  
1533 2  
1534 3  
1535 0  
1536 1  
1537 3  
1538 2  
1539 0  
1540 1  
1541 3  
1542 2  
1543 0  
1544 1  
1545 3  
1546 2  
1547 0  
1548 1  
1549 3  
1550 2  
1551 0  
1552 1  
1553 3  
1554 2  
1555 0  
1556 1  
1557 3  
1558 2  
1559 0  
1560 1  
1561 3  
1562 2  
1563 0  
1564 1  
1565 3  
1566 2  
1567 0  
1568 1  
1569 3  
1570 2  
1571 0  
1572 1  
1573 3  
1574 2  
1575 0  
1576 1  
1577 3  
1578 2  
1579 0  
1580 1  
1581 3  
1582 2  
1583 0  
1584 1  
1585 3  
1586 2  
1587 0  
1588 1  
1589 3  
1590 2  
1591 0  
1592 1  
1593 3  
1594 2  
1595 0  
1596 1  
1597 3  
1598 2  
1599 0  
1600 3  
1601 1  
1602 0  
1603 2  
1604 3  
1605 1  
1606 0  
1607 3  
1608 2  
1609 1  
1610 0  
1611 3  
1612 1  
1613 2  
1614 0  
1615 3  
1616 1  
1617 0  
1618 2  
1619 3  
1620 1  
1621 0  
1622 2  
1623 3  
1624 0  
1625 1  
1626 2  
1627 3  
1628 0  
1629 1  
1630 2  
1631 3  
1632 0  
1633 1  
1634 2  
1635 3  
1636 0  
1637 1  
1638 2  
1639 3  
1640 0  
1641 2  
1642 1  
1643 3  
1644 0  
1645 2  
1646 3  
1647 1  
1648 0  
1649 2  
1650 3  
1651 0  
1652 1  
1653 2  
1654 3  
1655 0  
1656 2  
1657 1  
1658 3  
1659 0  
1660 2  
1661 3  
1662 1  
1663 0  
1664 2  
1665 3  
1666 1  
1667 0  
1668 2  
1669 3  
1670 1  
1671 0  
1672 2  
1673 3  
1674 1  
1675 0  
1676 2  
1677 3  
1678 1  
1679 0  
1680 2  
1681 3  
1682 1  
1683 0  
1684 2  
1685 3  
1686 1  
1687 0  
1688 2  
1689 3  
1690 1  
1691 0  
1692 2  
1693 3  
1694 1  
1695 0  
1696 2  
1697 3  
1698 1  
1699 0  
1700 2  
1701 3  
1702 1  
1703 0  
1704 2  
1705 3  
1706 1  
1707 0  
1708 2  
1709 3  
1710 1  
1711 0  
1712 2  
1713 3  
1714 1  
1715 0  
1716 2  
1717 3  
1718 1  
1719 0  
1720 2  
1721 3  
1722 1  
1723 0  
1724 2  
1725 3  
1726 1  
1727 0  
1728 2  
1729 3  
1730 1  
1731 0  
1732 2  
1733 3  
1734 1  
1735 0  
1736 2  
1737 3  
1738 1  
1739 0  
1740 2  
1741 3  
1742 1  
1743 0  
1744 2  
1745 3  
1746 1  
1747 0  
1748 3  
1749 2  
1750 1  
1751 0  
1752 3  
1753 2  
1754 1  
1755 0  
1756 3  
1757 2  
1758 1  
1759 0  
1760 3  
1761 1  
1762 2  
1763 0  
1764 3  
1765 1  
1766 2  
1767 0  
1768 3  
1769 1  
1770 2  
1771 0  
1772 3  
1773 1  
1774 2  
1775 0  
1776 3  
1777 1  
1778 2  
1779 0  
1780 3  
1781 1  
1782 2  
1783 0  
1784 3  
1785 1  
1786 2  
1787 0  
1788 3  
1789 1  
1790 2  
1791 0  
1792 3  
1793 1  
1794 2  
1795 0  
1796 3  
1797 1  
1798 2  
1799 0  
1800 3  
1801 1  
1802 2  
1803 0  
1804 3  
1805 1  
1806 2  
1807 0  
1808 3  
1809 1  
1810 2  
1811 0  
1812 3  
1813 1  
1814 2  
1815 0  
1816 3  
1817 1  
1818 2  
1819 0  
1820 3  
1821 1  
1822 2  
1823 0  
1824 3  
1825 1  
1826 2  
1827 0  
1828 3  
1829 1  
1830 2  
1831 0  
1832 3  
1833 1  
1834 2  
1835 0  
1836 3  
1837 1  
1838 2  
1839 0  
1840 3  
1841 1  
1842 2  
1843 0  
1844 3  
1845 2  
1846 1  
1847 0  
1848 3  
1849 2  
1850 1  
1851 0  
1852 3  
1853 2  
1854 1  
1855 0  
1856 3  
1857 2  
1858 1  
1859 0  
1860 3  
1861 2  
1862 1  
1863 0  
1864 3  
1865 2  
1866 1  
1867 0  
1868 3  
1869 2  
1870 1  
1871 0  
1872 3  
1873 2  
1874 0  
1875 1  
1876 3  
1877 2  
1878 0  
1879 3  
1880 1  
1881 2  
1882 0  
1883 3  
1884 1  
1885 2  
1886 0  
1887 3  
1888 1  
1889 2  
1890 0  
1891 3  
1892 1  
1893 2  
1894 0  
1895 3  
1896 1  
1897 2  
1898 0  
1899 3  
1900 1  
1901 2  
1902 0  
1903 3  
1904 1  
1905 2  
1906 0  
1907 3  
1908 1  
1909 2  
1910 0  
1911 3  
1912 1  
1913 2  
1914 0  
1915 3  
1916 1  
1917 2  
1918 0  
1919 3  
1920 1  
1921 2  
1922 0  
1923 3  
1924 1  
1925 0  
1926 2  
1927 3  
1928 1  
1929 0  
1930 2  
1931 3  
1932 1  
1933 0  
1934 2  
1935 3  
1936 1  
1937 0  
1938 2  
1939 3  
1940 1  
1941 0  
1942 3  
1943 2  
1944 1  
1945 0  
1946 3  
1947 2  
1948 1  
1949 0  
1950 3  
1951 2  
1952 1  
1953 0  
1954 3  
1955 2  
1956 0  
1957 1  
1958 3  
1959 2  
1960 0  
1961 1  
1962 3  
1963 2  
1964 0  
1965 1  
1966 3  
1967 0  
1968 2  
1969 1  
1970 3  
1971 0  
1972 2  
1973 1  
1974 3  
1975 0  
1976 2  
1977 1  
1978 3  
1979 0  
1980 2  
1981 1  
1982 3  
1983 0  
1984 2  
1985 1  
1986 3  
1987 0  
1988 2  
1989 1  
1990 3  
1991 0  
1992 2  
1993 1  
1994 3  
1995 0  
1996 2  
1997 1  
1998 3  
1999 0  
2000 2  
2001 1  
2002 3  
2003 0  
2004 2  
2005 1  
2006 3  
2007 0  
2008 2  
2009 1  
2010 3  
2011 0  
2012 2  
2013 1  
2014 3  
2015 0  
2016 2  
2017 3  
2018 1  
2019 0  
2020 2  
2021 3  
2022 1  
2023 0  
2024 2  
2025 3  
2026 1  
2027 0  
2028 2  
2029 3  
2030 0  
2031 1  
2032 2  
2033 3  
2034 0  
2035 2  
2036 1  
2037 3  
2038 0  
2039 2  
2040 3  
2041 1  
2042 0  
2043 2  
2044 3  
2045 0  
2046 1  
2047 2  
2048 3  
2049 0  
2050 2  
2051 1  
2052 3  
2053 0  
2054 2  
2055 3  
2056 1  
2057 0  
2058 2  
2059 3  
2060 1  
2061 0  
2062 2  
2063 3  
2064 1  
2065 0  
2066 2  
2067 3  
2068 1  
2069 0  
2070 2  
2071 3  
2072 1  
2073 0  
2074 2  
2075 3  
2076 1  
2077 0  
2078 2  
2079 3  
2080 1  
2081 0  
2082 2  
2083 3  
2084 1  
2085 0  
2086 2  
2087 3  
2088 1  
2089 0  
2090 2  
2091 3  
2092 1  
2093 0  
2094 2  
2095 3  
2096 1  
2097 0  
2098 2  
2099 3  
2100 1  
2101 0  
2102 2  
2103 3  
2104 1  
2105 0  
2106 2  
2107 3  
2108 1  
2109 0  
2110 3  
2111 2  
2112 1  
2113 0  
2114 3  
2115 1  
2116 2  
2117 0  
2118 3  
2119 1  
2120 0  
2121 2  
2122 3  
2123 1  
2124 0  
2125 3  
2126 2  
2127 1  
2128 0  
2129 3  
2130 2  
2131 1  
2132 0  
2133 3  
2134 2  
2135 1  
2136 0  
2137 3  
2138 2  
2139 1  
2140 0  
2141 3  
2142 2  
2143 1  
2144 0  
2145 3  
2146 2  
2147 1  
2148 0  
2149 3  
2150 2  
2151 1  
2152 0  
2153 3  
2154 2  
2155 1  
2156 0  
2157 3  
2158 2  
2159 1  
2160 0  
2161 3  
2162 2  
2163 1  
2164 0  
2165 3  
2166 2  
2167 1  
2168 0  
2169 3  
2170 2  
2171 1  
2172 0  
2173 3  
2174 2  
2175 1  
2176 0  
2177 3  
2178 2  
2179 1  
2180 0  
2181 3  
2182 2  
2183 1  
2184 0  
2185 3  
2186 2  
2187 1  
2188 0  
2189 3  
2190 2  
2191 1  
2192 0  
2193 3  
2194 2  
2195 1  
2196 0  
2197 3  
2198 2  
2199 1  
2200 0  
2201 3  
2202 2  
2203 1  
2204 0  
2205 3  
2206 2  
2207 1  
2208 3  
2209 0  
2210 2  
2211 1  
2212 3  
2213 0  
2214 2  
2215 1  
2216 3  
2217 0  
2218 2  
2219 1  
2220 3  
2221 0  
2222 2  
2223 1  
2224 3  
2225 0  
2226 2  
2227 1  
2228 3  
2229 0  
2230 2  
2231 1  
2232 3  
2233 0  
2234 2  
2235 1  
2236 3  
2237 0  
2238 2  
2239 3  
2240 1  
2241 0  
2242 2  
2243 3  
2244 1  
2245 0  
2246 2  
2247 3  
2248 0  
2249 1  
2250 2  
2251 3  
2252 0  
2253 1  
2254 2  
2255 3  
2256 0  
2257 1  
2258 2  
2259 3  
2260 0  
2261 1  
2262 3  
2263 2  
2264 0  
2265 3  
2266 1  
2267 2  
2268 0  
2269 3  
2270 1  
2271 2  
2272 0  
2273 3  
2274 1  
2275 2  
2276 0  
2277 3  
2278 1  
2279 2  
2280 0  
2281 3  
2282 1  
2283 2  
2284 0  
2285 3  
2286 1  
2287 2  
2288 0  
2289 3  
2290 1  
2291 2  
2292 0  
2293 3  
2294 1  
2295 2  
2296 0  
2297 3  
2298 1  
2299 2  
2300 0  
2301 3  
2302 1  
2303 2  
2304 0  
2305 3  
2306 1  
2307 2  
2308 0  
2309 3  
2310 1  
2311 0  
2312 2  
2313 3  
2314 1  
2315 0  
2316 3  
2317 2  
2318 1  
2319 0  
2320 3  
2321 2  
2322 1  
2323 0  
2324 3  
2325 2  
2326 1  
2327 0  
2328 3  
2329 2  
2330 1  
2331 0  
2332 3  
2333 2  
2334 1  
2335 0  
2336 3  
2337 2  
2338 1  
2339 0  
2340 3  
2341 2  
2342 1  
2343 0  
2344 3  
2345 2  
2346 1  
2347 0  
2348 3  
2349 2  
2350 1  
2351 0  
2352 3  
2353 2  
2354 1  
2355 0  
2356 3  
2357 2  
2358 1  
2359 0  
2360 3  
2361 2  
2362 1  
2363 0  
2364 3  
2365 2  
2366 1  
2367 0  
2368 3  
2369 2  
2370 1  
2371 0  
2372 3  
2373 2  
2374 1  
2375 0  
2376 3  
2377 2  
2378 1  
2379 0  
2380 3  
2381 2  
2382 1  
2383 0  
2384 3  
2385 2  
2386 1  
2387 0  
2388 3  
2389 2  
2390 1  
2391 0  
2392 3  
2393 2  
2394 1  
2395 0  
2396 3  
2397 2  
2398 1  
2399 0  
2400 3  
2401 2  
2402 1  
2403 0  
2404 3  
2405 2  
2406 1  
2407 0  
2408 3  
2409 2  
2410 1  
2411 0  
2412 3  
2413 2  
2414 1  
2415 0  
2416 3  
2417 2  
2418 1  
2419 0  
2420 3  
2421 2  
2422 1  
2423 0  
2424 3  
2425 2  
2426 1  
2427 0  
2428 3  
2429 2  
2430 1  
2431 0  
2432 3  
2433 2  
2434 1  
2435 0  
2436 3  
2437 2  
2438 1  
2439 0  
2440 3  
2441 2  
2442 1  
2443 0  
2444 3  
2445 2  
2446 1  
2447 0  
2448 3  
2449 2  
2450 1  
2451 0  
2452 3  
2453 2  
2454 1  
2455 0  
2456 3  
2457 2  
2458 1  
2459 0  
2460 3  
2461 1  
2462 2  
2463 0  
2464 3  
2465 1  
2466 2  
2467 0  
2468 3  
2469 1  
2470 2  
2471 0  
2472 3  
2473 1  
2474 2  
2475 0  
2476 3  
2477 1  
2478 2  
2479 0  
2480 3  
2481 1  
2482 2  
2483 0  
2484 3  
2485 1  
2486 2  
2487 0  
2488 3  
2489 1  
2490 2  
2491 0  
2492 3  
2493 1  
2494 2  
2495 0  
2496 3  
2497 1  
2498 2  
2499 0  
2500 3  
2501 1  
2502 2  
2503 0  
2504 3  
2505 1  
2506 2  
2507 0  
2508 3  
2509 1  
2510 2  
2511 0  
2512 3  
2513 1  
2514 2  
2515 0  
2516 3  
2517 1  
2518 2  
2519 0  
2520 3  
2521 1  
2522 2  
2523 0  
2524 3  
2525 1  
2526 2  
2527 0  
2528 3  
2529 1  
2530 2  
2531 0  
2532 3  
2533 1  
2534 2  
2535 0  
2536 3  
2537 1  
2538 2  
2539 0  
2540 3  
2541 1  
2542 2  
2543 0  
2544 3  
2545 1  
2546 2  
2547 0  
2548 3  
2549 1  
2550 2  
2551 0  
2552 3  
2553 1  
2554 2  
2555 0  
2556 3  
2557 1  
2558 2  
2559 0  
2560 3  
2561 1  
2562 2  
2563 0  
2564 3  
2565 1  
2566 2  
2567 0  
2568 3  
2569 1  
2570 2  
2571 0  
2572 3  
2573 1  
2574 2  
2575 0  
2576 3  
2577 1  
2578 2  
2579 0  
2580 3  
2581 1  
2582 2  
2583 0  
2584 3  
2585 1  
2586 2  
2587 0  
2588 3  
2589 1  
2590 2  
2591 0  
2592 3  
2593 1  
2594 2  
2595 0  
2596 3  
2597 1  
2598 2  
2599 0  
2600 3  
2601 1  
2602 2  
2603 0  
2604 3  
2605 1  
2606 2  
2607 0  
2608 3  
2609 1  
2610 2  
2611 0  
2612 3  
2613 1  
2614 2  
2615 0  
2616 3  
2617 1  
2618 2  
2619 0  
2620 3  
2621 1  
2622 2  
2623 0  
2624 3  
2625 1  
2626 2  
2627 0  
2628 3  
2629 1  
2630 2  
2631 0  
2632 3  
2633 1  
2634 2  
2635 0  
2636 3  
2637 1  
2638 2  
2639 0  
2640 3  
2641 1  
2642 2  
2643 0  
2644 3  
2645 1  
2646 2  
2647 0  
2648 3  
2649 1  
2650 0  
2651 2  
2652 3  
2653 1  
2654 0  
2655 3  
2656 2  
2657 1  
2658 0  
2659 3  
2660 2  
2661 1  
2662 0  
2663 3  
2664 1  
2665 2  
2666 0  
2667 3  
2668 1  
2669 0  
2670 2  
2671 3  
2672 1  
2673 0  
2674 3  
2675 2  
2676 1  
2677 0  
2678 3  
2679 2  
2680 1  
2681 0  
2682 3  
2683 2  
2684 1  
2685 0  
2686 3  
2687 2  
2688 1  
2689 0  
2690 3  
2691 2  
2692 1  
2693 0  
2694 3  
2695 2  
2696 1  
2697 0  
2698 3  
2699 2  
2700 1  
2701 0  
2702 3  
2703 2  
2704 1  
2705 0  
2706 3  
2707 2  
2708 1  
2709 0  
2710 3  
2711 2  
2712 1  
2713 0  
2714 3  
2715 2  
2716 1  
2717 0  
2718 3  
2719 2  
2720 1  
2721 0  
2722 3  
2723 2  
2724 1  
2725 0  
2726 3  
2727 2  
2728 1  
2729 0  
2730 3  
2731 2  
2732 1  
2733 0  
2734 3  
2735 2  
2735 1  
2736 0  
2736 3  
2737 2  
2737 1  
2738 0  
2739 3  
2740 2  
2740 0  
2740 1  
2741 3  
2742 2  
2742 0  
2742 3  
2742 1  
2742 2  
2742 0  
2742 3  
2742 1  
2742 2  
2742 0  
2742 3  
2742 1  
2742 2  
2742 0  
2742 3  
2742 1  
2742 2  
2742 0  
2742 3  
2742 1  
2742 2  
2742 0  
2742 3  
2742 1  
2742 2  
2742 0  
2742 3  
2742 1  
2742 2  
2742 0  
2742 3  
2742 1  
2742 2  
2742 0  
2742 3  
2742 1  
2742 2  
2742 0  
2742 3  
2742 1  
2742 2  
2742 0  
2742 3  
2742 1  
2742 2  
2742 0  
2742 3  
2742 1  
2742 2  
2742 0  
2742 3  
2742 1  
2742 2  
2742 0  
2742 3  
2742 1  
2742 2  
2742 0  
2742 3  
2742 1  
2742 2  
2742 0  
2742 3  
2742 1  
2742 2  
2742 0  
2742 3  
2742 1  
2742 2  
2742 0  
2742 3  
2742 1  
2742 2  
2742 0  
2742 3  
2742 1  
2742 0  
2742 2  
2742 3  
2742 1  
2742 0  
2742 3  
2742 2  
2742 1  
2742 0  
2742 3  
2742 2  
2742 1  
2742 0  
2742 3  
2742 1  
2742 2  
2742 0  
2742 3  
2742 1  
2742 0  
2742 2  
2742 3  
2742 1  
2742 0  
2742 3  
2742 2  
2742 1  
2742 0  
2742 3  
2742 1  
2742 2  
2742 0  
2742 3  
2742 1  
2742 0  
2742 2  
2742 3  
2742 1  
2742 0  
2742 3  
2742 2  
2742 1  
2742 0  
2742 3  
2742 2  
2742 1  
2742 0  
2742 3  
2742 2  
2742 1  
2742 0  
2742 3  
2742 2  
2742 1  
2742 0  
2742 3  
2742 2  
2742 1  
2742 0  
2742 3  
2742 2  
2742 1  
2742 0  
2742 3  
2742 2  
2742 1  
2742 0  
2742 3  
2742 2  
2742 1  
2742 0  
2742 3  
2742 2  
2742 1  
2742 0  
2742 3  
2742 2  
2742 1  
2742 0  
2742 3  
2742 2  
2742 1  
2742 0  
2742 3  
2742 2  
2742 1  
2742 0  
2742 3  
2742 2  
2742 1  
2742 0  
2742 3  
2742 2  
2742 1  
2742 0  
2742 3  
2742 2  
2742 1  
2742 0  
2742 3  
2742 2  
2742 1  
2742 0  
2742 3  
2742 2  
2742 1  
2742 0  
2742 3  
2742 2  
2742 1  
2742 0  
2742 3  
2742 2  
2742 1  
2742 0  
2742 3  
2742 2  
2742 1  
2742 0  
2742 2  
2742 3  
2742 1  
2742 0  
2742 2  
2742 3  
2742 1  
2742 0  
2742 2  
2742 3  
2742 1  
2742 0  
2742 2  
2742 3  
2742 1  
2742 0  
2742 2  
2742 3  
2742 1  
2742 0  
2742 2  
2742 3  
2742 1  
2742 0  
2742 2  
2742 3  
2742 1  
2742 0  
2742 2  
2742 3  
2742 1  
2742 0  
2742 2  
2742 3  
2742 1  
2742 0  
2742 2  
2742 3  
2742 0  
2742 1  
2742 2  
2742 3  
2742 0  
2742 1  
2742 2  
2742 3  
2742 0  
2742 2  
2742 1  
2742 3  
2742 0  
2742 2  
2742 1  
2742 3  
2742 0  
2742 2  
2742 1  
2742 3  
2742 0  
2742 2  
2742 3  
2742 1  
2742 0  
2742 2  
2742 3  
2742 0  
2742 1  
2742 2  
2742 3  
2742 0  
2742 1  
2742 2  
2742 3  
2742 0  
2742 1  
2742 2  
2742 3  
2742 0  
2742 1  
2742 2  
2742 3  
2742 0  
2742 1  
2742 2  
2742 3  
2742 0  
2742 1  
2742 2  
2742 3  
2742 0  
2742 1  
2742 2  
2742 3  
2742 0  
2742 1  
2742 2  
2742 3  
2742 0  
2742 1  
2742 2  
2742 3  
2742 0  
2742 1  
2742 3  
2742 2  
2742 0  
2742 1  
2742 3  
2742 0  
2742 2  
2742 1  
2742 3  
2742 0  
2742 2  
2742 1  
2742 3  
2742 0  
2742 2  
2742 1  
2742 3  
2742 0  
2742 2  
2742 1  
2742 3  
2742 0  
2742 1  
2742 2  
2742 3  
2742 0  
2742 1  
2742 3  
2742 2  
2742 0  
2742 1  
2742 3  
2742 0  
2742 2  
2742 1  
2742 3  
2742 0  
2742 2  
2742 1  
2742 3  
2742 0  
2742 2  
2742 1  
2742 3  
2742 0  
2742 2  
2742 1  
2742 3  
2742 0  
2742 2  
2742 1  
2742 3  
2742 0  
2742 2  
2742 1  
2742 3  
2742 0  
2742 2  
2742 1  
2742 3  
2742 0  
2742 2  
2742 1  
2742 3  
2742 0  
2742 2  
2742 1  
2742 3  
2742 0  
2742 2  
2742 1  
2742 3  
2742 0  
2742 2  
2742 1  
2742 3  
2742 0  
2742 2  
2742 1  
2742 3  
2742 0  
2742 2  
2742 1  
2742 3  
2742 0  
2742 2  
2742 1  
2742 3  
2742 0  
2742 2  
2742 1  
2742 3  
2742 0  
2742 2  
2742 1  
2742 3  
2742 0  
2742 2  
2742 1  
2742 3  
2742 0  
2742 2  
2742 1  
2742 3  
2742 0  
2742 2  
2742 1  
2742 3  
2742 0  
2742 2  
2742 1  
2742 3  
2742 0  
2742 2  
2742 1  
2742 3  
2742 0  
2742 2  
2742 1  
2742 3  
2742 0  
2742 2  
2742 1  
2742 3  
2742 0  
2742 2  
2742 1  
2742 3  
2742 0  
2742 2  
2742 1  
2742 3  
2742 0  
2742 2  
2742 1  
2742 3  
2742 0  
2742 2  
2742 1  
2742 3  
2742 0  
2742 2  
2742 3  
2742 1  
2742 0  
2742 2  
2742 3  
2742 1  
2742 0  
2742 2  
2742 3  
2742 0  
2742 1  
2742 2  
2742 3  
2742 0  
2742 1  
2742 2  
2742 3  
2742 0  
2742 1  
2742 2  
2742 3  
2742 0  
2742 1  
2742 2  
2742 3  
2742 0  
2742 1  
2742 2  
2742 3  
2742 0  
2742 1  
2742 2  
2742 3  
2742 0  
2742 1  
2742 2  
2742 3  
2742 0  
2742 1  
2742 3  
2742 2  
2742 0  
2742 1  
2742 3  
2742 0  
2742 2  
2742 1  
2742 3  
2742 0  
2742 1  
2742 2  
2742 3  
2742 0  
2742 1  
2742 3  
2742 2  
2742 0  
2742 1  
2742 3  
2742 2  
2742 0  
2742 1  
2742 3  
2742 2  
2742 0  
2742 1  
2742 3  
2742 2  
2742 0  
2742 1  
2742 3  
2742 2  
2742 0  
2742 1  
2742 3  
2742 2  
2742 0  
2742 1  
2742 3  
2742 2  
2742 0  
2742 1  
2742 3  
2742 2  
2742 0  
2742 1  
2742 3  
2742 2  
2742 0  
2742 1  
2742 3  
2742 2  
2742 0  
2742 1  
2742 3  
2742 2  
2742 0  
2742 1  
2742 3  
2742 2  
2742 0  
2742 1  
2742 3  
2742 2  
2742 0  
2742 1  
2742 3  
2742 2  
2742 0  
2742 1  
2742 3  
2742 2  
2742 0  
2742 1  
2742 3  
2742 2  
2742 0  
2742 1  
2742 3  
2742 2  
2742 0  
2742 1  
2742 3  
2742 2  
2742 0  
2742 1  
2742 3  
2742 2  
2742 0  
2742 1  
2742 3  
2742 2  
2742 0  
2742 1  
2742 3  
2742 2  
2742 0  
2742 1  
2742 3  
2742 2  
2742 0  
2742 1  
2742 3  
2742 2  
2742 0  
2742 1  
2742 3  
2742 2  
2742 0  
2742 1  
2742 3  
2742 2  
2742 0  
2742 1  
2742 3  
2742 2  
2742 0  
2742 1  
2742 3  
2742 2  
2742 0  
2742 1  
2742 3  
2742 2  
2742 0  
2742 1  
2742 3  
2742 2  
2742 0  
2742 1  
2742 3  
2742 2  
2742 0  
2742 1  
2742 3  
2742 2  
2742 0  
2742 1  
2742 3  
2742 2  
2742 0  
2742 1  
2742 3  
2742 2  
2742 0  
2742 1  
2742 3  
2742 2  
2742 0  
2742 3  
2742 1  
2742 2  
2742 0  
2742 3  
2742 1  
2742 2  
2742 0  
2742 3  
2742 1  
2742 2  
2742 0  
2742 3  
2742 1  
2742 0  
2742 2  
2742 3  
2742 0  
2742 1  
2742 3  
2742 2  
2742 0  
2742 3  
2742 1  
2742 0  
2742 2  
2742 3  
2742 0  
2742 1  
2742 3  
2742 2  
2742 0  
2742 3  
2742 1  
2742 0  
2742 2  
2742 3  
2742 0  
2742 1  
2742 3  
2742 2  
2742 0  
2742 3  
2742 1  
2742 0  
2742 2  
2742 3  
2742 0  
2742 1  
2742 2  
2742 3  
2742 0  
2742 1  
2742 2  
2742 3  
2742 0  
2742 1  
2742 2  
2742 3  
2742 0  
2742 1  
2742 2  
2742 3  
2742 0  
2742 1  
2742 2  
2742 3  
2742 0  
2742 1  
2742 2  
2742 3  
2742 0  
2742 1  
2742 2  
2742 3  
2742 0  
2742 1  
2742 2  
2742 3  
2742 0  
2742 1  
2742 2  
2742 3  
2742 0  
2742 1  
2742 2  
2742 3  
2742 0  
2742 1  
2742 2  
2742 3  
2742 0  
2742 1  
2742 2  
2742 3  
2742 0  
2742 1  
2742 2  
2742 3  
2742 0  
2742 1  
2742 2  
2742 3  
2742 0  
2742 1  
2742 2  
2742 3  
2742 0  
2742 1  
2742 2  
2742 3  
2742 0  
2742 1  
2742 2  
2742 3  
2742 0  
2742 1  
2742 2  
2742 3  
2742 0  
2742 1  
2742 2  
2742 3  
2742 0  
2742 1  
2742 2  
2742 3  
2742 0  
2742 1  
2742 2  
2742 3  
2742 0  
2742 1  
2742 2  
2742 3  
2742 0  
2742 1  
2742 2  
2742 3  
2742 0  
2742 1  
2742 2  
2742 3  
2742 0  
2742 1  
2742 2  
2742 3  
2742 0  
2742 1  
2742 2  
2742 3  
2742 0  
2742 1  
2742 2  
2742 3  
2742 0  
2742 1  
2742 2  
2742 3  
2742 0  
2742 1  
2742 2  
2742 3  
2742 0  
2742 1  
2742 2  
2742 3  
2742 0  
2742 1  
2742 2  
2742 3  
2742 0  
2742 1  
2742 2  
2742 3  
2742 0  
2742 1  
2742 2  
2742 3  
2742 0  
2742 1  
2742 2  
2742 3  
2742 0  
2742 1  
2742 2  
2742 3  
2742 0  
2742 1  
2742 2  
2742 3  
2742 0  
2742 1  
2742 2  
2742 3  
2742 0  
2742 1  
2742 2  
2742 3  
2742 0  
2742 1  
2742 2  
2742 3  
2742 0  
2742 1  
2742 3  
2742 2  
2742 0  
2742 1  
2742 3  
2742 2  
2742 0  
2742 1  
2742 3  
2742 2  
2742 0  
2742 1  
2742 3  
2742 2  
2742 0  
2742 1  
2742 3  
2742 2  
2742 0  
2742 3  
2742 1  
2742 2  
2742 0  
2742 3  
2742 1  
2742 2  
2742 0  
2742 3  
2742 2  
2742 1  
2742 3  
2742 0  
2742 2  
2742 3  
2742 1  
2742 0  
2742 2  
2742 3  
2742 1  
2742 0  
2742 2  
2742 3  
2742 1  
2742 0  
2742 2  
2742 3  
2742 0  
2742 1  
2742 2  
2742 3  
2742 0  
2742 2  
2742 1  
2742 3  
2742 0  
2742 2  
2742 1  
2742 3  
2742 0  
2742 2  
2742 1  
2742 3  
2742 0  
2742 2  
2742 1  
2742 3  
2742 0  
2742 2  
2742 1  
2742 3  
2742 0  
2742 2  
2742 1  
2742 3  
2742 0  
2742 2  
2742 1  
2742 3  
2742 0  
2742 2  
2742 1  
2742 3  
2742 0  
2742 2  
2742 1  
2742 3  
2742 0  
2742 2  
2742 1  
2742 3  
2742 0  
2742 2  
2742 1  
2742 3  
2742 0  
2742 2  
2742 1  
2742 3  
2742 0  
2742 2  
2742 1  
2742 3  
2742 0  
2742 2  
2742 1  
2742 3  
2742 0  
2742 2  
2742 1  
2742 3  
2742 0  
2742 2  
2742 1  
2742 3  
2742 0  
2742 2  
2742 1  
2742 3  
2742 0  
2742 2  
2742 1  
2742 3  
2742 0  
2742 2  
2742 1  
2742 3  
2742 0  
2742 2  
2742 1  
2742 3  
2742 0  
2742 2  
2742 1  
2742 3  
2742 0  
2742 2  
2742 1  
2742 3  
2742 0  
2742 2  
2742 1  
2742 3  
2742 0  
2742 2  
2742 1  
2742 3  
2742 0  
2742 2  
2742 1  
2742 3  
2742 0  
2742 2  
2742 1  
2742 3  
2742 0  
2742 2  
2742 1  
2742 3  
2742 0  
2742 2  
2742 1  
2742 3  
2742 0  
2742 2  
2742 1  
2742 3  
2742 0  
2742 2  
2742 1  
2742 3  
2742 0  
2742 2  
2742 1  
2742 3  
2742 0  
2742 2  
2742 1  
2742 3  
2742 0  
2742 2  
2742 1  
2742 3  
2742 0  
2742 2  
2742 1  
2742 3  
2742 0  
2742 1  
2742 2  
2742 3  
2742 0  
2742 1  
2742 3  
2742 2  
2742 0  
2742 1  
2742 3  
2742 0  
2742 2  
2742 1  
2742 3  
2742 0  
2742 2  
2742 1  
2742 3  
2742 0  
2742 2  
2742 1  
2742 3  
2742 0  
2742 2  
2742 1  
2742 3  
2742 0  
2742 2  
2742 1  
2742 3  
2742 0  
2742 2  
2742 1  
2742 3  
2742 0  
2742 2  
2742 3  
2742 1  
2742 0  
2742 2  
2742 3  
2742 0  
2742 1  
2742 2  
2742 3  
2742 0  
2742 1  
2742 2  
2742 3  
