2013 07 02 07 08 00 0.739328
2013 07 02 07 08 01 0.745984
2013 07 02 07 08 02 0.752384
2013 07 02 07 08 03 0.759040
2013 07 02 07 08 04 0.765696
2013 07 02 07 08 05 0.772096
2013 07 02 07 08 06 0.778752
2013 07 02 07 08 07 0.785408
2013 07 02 07 08 08 0.791808
2013 07 02 07 08 09 0.798464
2013 07 02 07 08 10 0.805120
2013 07 02 07 08 11 0.811520
2013 07 02 07 08 12 0.818176
2013 07 02 07 08 13 0.824832
2013 07 02 07 08 14 0.831232
2013 07 02 07 08 15 0.837888
2013 07 02 07 08 16 0.844544
2013 07 02 07 08 17 0.850944
2013 07 02 07 08 18 0.857600
2013 07 02 07 08 19 0.864256
2013 07 02 07 08 20 0.870656
2013 07 02 07 08 21 0.877312
2013 07 02 07 08 22 0.883968
2013 07 02 07 08 23 0.890368
2013 07 02 07 08 24 0.897024
2013 07 02 07 08 25 0.903680
2013 07 02 07 08 26 0.910336
2013 07 02 07 08 27 0.916736
2013 07 02 07 08 28 0.923392
2013 07 02 07 08 30 0.181760
2013 07 02 07 08 31 0.188416
2013 07 02 07 08 32 0.194816
2013 07 02 07 08 33 0.201472
2013 07 02 07 08 34 0.208128
2013 07 02 07 08 35 0.214528
2013 07 02 07 08 36 0.221184
2013 07 02 07 08 37 0.227840
2013 07 02 07 08 38 0.234240
2013 07 02 07 08 39 0.240896
2013 07 02 07 08 40 0.247552
2013 07 02 07 08 41 0.254208
2013 07 02 07 08 42 0.008704
2013 07 02 07 08 43 0.015360
2013 07 02 07 08 44 0.022016
2013 07 02 07 08 45 0.028416
2013 07 02 07 08 46 0.035072
2013 07 02 07 08 46 0.790272
2013 07 02 07 08 47 0.796928
2013 07 02 07 08 48 0.803328
2013 07 02 07 08 49 0.809984
2013 07 02 07 08 50 0.816384
2013 07 02 07 08 51 0.823040
2013 07 02 07 08 52 0.829696
2013 07 02 07 08 53 0.836352
2013 07 02 07 08 54 0.842752
2013 07 02 07 08 55 0.849408
2013 07 02 07 08 57 0.107520
2013 07 02 07 08 58 0.113920
2013 07 02 07 08 59 0.120576
2013 07 02 07 09 00 0.127232
2013 07 02 07 09 01 0.133632
2013 07 02 07 09 02 0.140288
2013 07 02 07 09 03 0.146944
2013 07 02 07 09 04 0.153344
2013 07 02 07 09 05 0.160000
2013 07 02 07 09 05 0.915200
2013 07 02 07 09 06 0.921600
2013 07 02 07 09 07 0.928256
2013 07 02 07 09 08 0.934912
2013 07 02 07 09 09 0.689664
2013 07 02 07 09 10 0.696064
2013 07 02 07 09 11 0.702720
2013 07 02 07 09 12 0.709376
2013 07 02 07 09 13 0.715776
2013 07 02 07 09 14 0.722432
2013 07 02 07 09 15 0.729088
2013 07 02 07 09 16 0.735744
2013 07 02 07 09 17 0.742144
2013 07 02 07 09 18 0.748800
2013 07 02 07 09 19 0.755456
2013 07 02 07 09 20 0.761856
2013 07 02 07 09 21 0.768512
2013 07 02 07 09 22 0.775168
2013 07 02 07 09 24 0.033536
2013 07 02 07 09 25 0.040192
2013 07 02 07 09 26 0.046592
2013 07 02 07 09 27 0.053248
2013 07 02 07 09 28 0.059904
2013 07 02 07 09 29 0.066304
2013 07 02 07 09 30 0.072960
2013 07 02 07 09 31 0.079360
2013 07 02 07 09 32 0.086016
2013 07 02 07 09 33 0.092672
2013 07 02 07 09 34 0.099072
2013 07 02 07 09 35 0.105728
2013 07 02 07 09 36 0.112384
2013 07 02 07 09 37 0.118784
2013 07 02 07 09 38 0.125440
2013 07 02 07 09 39 0.132096
2013 07 02 07 09 40 0.138752
2013 07 02 07 09 41 0.145152
2013 07 02 07 09 42 0.151808
2013 07 02 07 09 43 0.158464
2013 07 02 07 09 44 0.164864
2013 07 02 07 09 45 0.171520
2013 07 02 07 09 46 0.178176
2013 07 02 07 09 47 0.184576
2013 07 02 07 09 48 0.191232
2013 07 02 07 09 49 0.197632
2013 07 02 07 09 50 0.204288
2013 07 02 07 09 50 0.959232
2013 07 02 07 09 51 0.965632
2013 07 02 07 09 52 0.972288
2013 07 02 07 09 53 0.978944
2013 07 02 07 09 54 0.985344
2013 07 02 07 09 55 0.992000
2013 07 02 07 09 56 0.998656
2013 07 02 07 09 58 0.005120
2013 07 02 07 09 59 0.011776
2013 07 02 07 10 00 0.018432
2013 07 02 07 10 01 0.024832
2013 07 02 07 10 02 0.031488
2013 07 02 07 10 03 0.038144
2013 07 02 07 10 04 0.044544
2013 07 02 07 10 05 0.051200
2013 07 02 07 10 06 0.057856
2013 07 02 07 10 07 0.064256
2013 07 02 07 10 08 0.070912
2013 07 02 07 10 09 0.077568
2013 07 02 07 10 10 0.083968
2013 07 02 07 10 11 0.090624
2013 07 02 07 10 12 0.097280
2013 07 02 07 10 13 0.103680
2013 07 02 07 10 14 0.110336
2013 07 02 07 10 15 0.116992
2013 07 02 07 10 16 0.123392
2013 07 02 07 10 16 0.878592
2013 07 02 07 10 17 0.884992
2013 07 02 07 10 18 0.891648
2013 07 02 07 10 19 0.898304
2013 07 02 07 10 20 0.904960
2013 07 02 07 10 21 0.911360
2013 07 02 07 10 22 0.918016
2013 07 02 07 10 24 0.176128
2013 07 02 07 10 25 0.182528
2013 07 02 07 10 26 0.189184
2013 07 02 07 10 27 0.195840
2013 07 02 07 10 28 0.202496
2013 07 02 07 10 29 0.208896
2013 07 02 07 10 30 0.215552
2013 07 02 07 10 31 0.222208
2013 07 02 07 10 32 0.228608
2013 07 02 07 10 33 0.235264
2013 07 02 07 10 34 0.241920
2013 07 02 07 10 35 0.248320
2013 07 02 07 10 36 0.254976
2013 07 02 07 10 37 0.261632
2013 07 02 07 10 38 0.268032
2013 07 02 07 10 39 0.274688
2013 07 02 07 10 40 0.281344
2013 07 02 07 10 41 0.287744
2013 07 02 07 10 42 0.294400
2013 07 02 07 10 43 0.301056
2013 07 02 07 10 44 0.307456
2013 07 02 07 10 45 0.314112
2013 07 02 07 10 46 0.320768
2013 07 02 07 10 47 0.327168
2013 07 02 07 10 48 0.333824
2013 07 02 07 10 49 0.340480
2013 07 02 07 10 50 0.346880
2013 07 02 07 10 51 0.353536
2013 07 02 07 10 52 0.360192
2013 07 02 07 10 53 0.366848
2013 07 02 07 10 54 0.373248
2013 07 02 07 10 55 0.379904
2013 07 02 07 10 56 0.386560
2013 07 02 07 10 57 0.392960
2013 07 02 07 10 58 0.399616
2013 07 02 07 10 59 0.406272
2013 07 02 07 11 00 0.412672
2013 07 02 07 11 01 0.419328
2013 07 02 07 11 02 0.425984
2013 07 02 07 11 03 0.432384
2013 07 02 07 11 04 0.439040
2013 07 02 07 11 05 0.445696
2013 07 02 07 11 06 0.452096
2013 07 02 07 11 07 0.207360
2013 07 02 07 11 08 0.213760
2013 07 02 07 11 09 0.220416
2013 07 02 07 11 10 0.227072
2013 07 02 07 11 11 0.233472
2013 07 02 07 11 12 0.240128
2013 07 02 07 11 13 0.246784
2013 07 02 07 11 14 0.001536
2013 07 02 07 11 15 0.007936
2013 07 02 07 11 16 0.014592
2013 07 02 07 11 17 0.021248
2013 07 02 07 11 18 0.027904
2013 07 02 07 11 19 0.034304
2013 07 02 07 11 20 0.040960
2013 07 02 07 11 21 0.047616
2013 07 02 07 11 22 0.054016
2013 07 02 07 11 23 0.060672
2013 07 02 07 11 24 0.067328
2013 07 02 07 11 25 0.073728
2013 07 02 07 11 26 0.080384
2013 07 02 07 11 27 0.087040
2013 07 02 07 11 28 0.093440
2013 07 02 07 11 29 0.100096
2013 07 02 07 11 30 0.106752
2013 07 02 07 11 31 0.113152
2013 07 02 07 11 32 0.119808
2013 07 02 07 11 33 0.126464
2013 07 02 07 11 34 0.132864
2013 07 02 07 11 35 0.139520
2013 07 02 07 11 36 0.146176
2013 07 02 07 11 37 0.152576
2013 07 02 07 11 38 0.159232
2013 07 02 07 11 39 0.165888
2013 07 02 07 11 40 0.172544
2013 07 02 07 11 41 0.178944
2013 07 02 07 11 42 0.185600
2013 07 02 07 11 43 0.192256
2013 07 02 07 11 44 0.198656
2013 07 02 07 11 45 0.205312
2013 07 02 07 11 46 0.211968
2013 07 02 07 11 47 0.218368
2013 07 02 07 11 48 0.225024
2013 07 02 07 11 49 0.231680
2013 07 02 07 11 50 0.238080
2013 07 02 07 11 51 0.244736
2013 07 02 07 11 52 0.251392
2013 07 02 07 11 53 0.257792
2013 07 02 07 11 54 0.264448
2013 07 02 07 11 55 0.271104
2013 07 02 07 11 56 0.277504
2013 07 02 07 11 57 0.284160
2013 07 02 07 11 58 0.290816
2013 07 02 07 11 59 0.297216
2013 07 02 07 12 00 0.303872
2013 07 02 07 12 01 0.310528
2013 07 02 07 12 02 0.316928
2013 07 02 07 12 03 0.323584
2013 07 02 07 12 04 0.330240
2013 07 02 07 12 05 0.336640
2013 07 02 07 12 06 0.595200
2013 07 02 07 08 00 0.236032
2013 07 02 07 08 01 0.494336
2013 07 02 07 08 02 0.500992
2013 07 02 07 08 03 0.507648
2013 07 02 07 08 04 0.514048
2013 07 02 07 08 05 0.520704
2013 07 02 07 08 06 0.527360
2013 07 02 07 08 07 0.533760
2013 07 02 07 08 08 0.540416
2013 07 02 07 08 09 0.546816
2013 07 02 07 08 10 0.553472
2013 07 02 07 08 11 0.560128
2013 07 02 07 08 12 0.566784
2013 07 02 07 08 13 0.573184
2013 07 02 07 08 14 0.579840
2013 07 02 07 08 15 0.586496
2013 07 02 07 08 16 0.592896
2013 07 02 07 08 17 0.599552
2013 07 02 07 08 18 0.606208
2013 07 02 07 08 19 0.612864
2013 07 02 07 08 20 0.619264
2013 07 02 07 08 21 0.625920
2013 07 02 07 08 22 0.632320
2013 07 02 07 08 23 0.638976
2013 07 02 07 08 24 0.645632
2013 07 02 07 08 25 0.652288
2013 07 02 07 08 26 0.658688
2013 07 02 07 08 27 0.665344
2013 07 02 07 08 28 0.671744
2013 07 02 07 08 29 0.678400
2013 07 02 07 08 30 0.685056
2013 07 02 07 08 31 0.691456
2013 07 02 07 08 32 0.698112
2013 07 02 07 08 33 0.704768
2013 07 02 07 08 34 0.459520
2013 07 02 07 08 35 0.466176
2013 07 02 07 08 36 0.472576
2013 07 02 07 08 37 0.479232
2013 07 02 07 08 38 0.485888
2013 07 02 07 08 39 0.492288
2013 07 02 07 08 40 0.498944
2013 07 02 07 08 41 0.505600
2013 07 02 07 08 42 0.512000
2013 07 02 07 08 43 0.518656
2013 07 02 07 08 44 0.525312
2013 07 02 07 08 45 0.531712
2013 07 02 07 08 46 0.538368
2013 07 02 07 08 47 0.545024
2013 07 02 07 08 48 0.551424
2013 07 02 07 08 49 0.558080
2013 07 02 07 08 50 0.564736
2013 07 02 07 08 51 0.571392
2013 07 02 07 08 52 0.577792
2013 07 02 07 08 53 0.332800
2013 07 02 07 08 54 0.339456
2013 07 02 07 08 55 0.346112
2013 07 02 07 08 56 0.352512
2013 07 02 07 08 57 0.610816
2013 07 02 07 08 58 0.869120
2013 07 02 07 08 59 0.875776
2013 07 02 07 09 00 0.882176
2013 07 02 07 09 01 0.888832
2013 07 02 07 09 02 0.895488
2013 07 02 07 09 03 0.901888
2013 07 02 07 09 04 0.908544
2013 07 02 07 09 06 0.166656
2013 07 02 07 09 07 0.173056
2013 07 02 07 09 08 0.179712
2013 07 02 07 09 09 0.186368
2013 07 02 07 09 10 0.192768
2013 07 02 07 09 11 0.199424
2013 07 02 07 09 12 0.206080
2013 07 02 07 09 13 0.212736
2013 07 02 07 09 14 0.219136
2013 07 02 07 09 15 0.225792
2013 07 02 07 09 16 0.232448
2013 07 02 07 09 17 0.238848
2013 07 02 07 09 18 0.245504
2013 07 02 07 09 19 0.252160
2013 07 02 07 09 20 0.258560
2013 07 02 07 09 21 0.265216
2013 07 02 07 09 22 0.271872
2013 07 02 07 09 23 0.278272
2013 07 02 07 09 24 0.284928
2013 07 02 07 09 25 0.291584
2013 07 02 07 09 26 0.297984
2013 07 02 07 09 27 0.304640
2013 07 02 07 09 28 0.311296
2013 07 02 07 09 29 0.317696
2013 07 02 07 09 30 0.324352
2013 07 02 07 09 31 0.331008
2013 07 02 07 09 32 0.337408
2013 07 02 07 09 33 0.344064
2013 07 02 07 09 34 0.350720
2013 07 02 07 09 35 0.357120
2013 07 02 07 09 36 0.363776
2013 07 02 07 09 37 0.370432
2013 07 02 07 09 38 0.377088
2013 07 02 07 09 39 0.383488
2013 07 02 07 09 40 0.390144
2013 07 02 07 09 41 0.396800
2013 07 02 07 09 42 0.403200
2013 07 02 07 09 43 0.661760
2013 07 02 07 09 44 0.668160
2013 07 02 07 09 45 0.674816
2013 07 02 07 09 46 0.932864
2013 07 02 07 09 47 0.939520
2013 07 02 07 09 48 0.945920
2013 07 02 07 09 49 0.952576
2013 07 02 07 09 51 0.210944
2013 07 02 07 09 52 0.217600
2013 07 02 07 09 53 0.224000
2013 07 02 07 09 54 0.230656
2013 07 02 07 09 55 0.237312
2013 07 02 07 09 56 0.243712
2013 07 02 07 09 57 0.250368
2013 07 02 07 09 58 0.257024
2013 07 02 07 09 59 0.263680
2013 07 02 07 10 00 0.270080
2013 07 02 07 10 01 0.276736
2013 07 02 07 10 02 0.283392
2013 07 02 07 10 03 0.289792
2013 07 02 07 10 04 0.296448
2013 07 02 07 10 05 0.303104
2013 07 02 07 10 06 0.309504
2013 07 02 07 10 07 0.316160
2013 07 02 07 10 08 0.322816
2013 07 02 07 10 09 0.329216
2013 07 02 07 10 10 0.335872
2013 07 02 07 10 11 0.342272
2013 07 02 07 10 12 0.348928
2013 07 02 07 10 13 0.355584
2013 07 02 07 10 14 0.362240
2013 07 02 07 10 15 0.368640
2013 07 02 07 10 16 0.375296
2013 07 02 07 10 17 0.381952
2013 07 02 07 10 18 0.388608
2013 07 02 07 10 19 0.143104
2013 07 02 07 10 20 0.149760
2013 07 02 07 10 21 0.156416
2013 07 02 07 10 22 0.162816
2013 07 02 07 10 23 0.421376
2013 07 02 07 10 24 0.428032
2013 07 02 07 10 25 0.434432
2013 07 02 07 10 26 0.441088
2013 07 02 07 10 27 0.447744
2013 07 02 07 10 28 0.705536
2013 07 02 07 10 29 0.712192
2013 07 02 07 10 30 0.718848
2013 07 02 07 10 31 0.725504
2013 07 02 07 10 32 0.731904
2013 07 02 07 10 33 0.738560
2013 07 02 07 10 34 0.745216
2013 07 02 07 10 35 0.751616
2013 07 02 07 10 36 0.758272
2013 07 02 07 10 37 0.764928
2013 07 02 07 10 38 0.771328
2013 07 02 07 10 39 0.777984
2013 07 02 07 10 40 0.784640
2013 07 02 07 10 41 0.791040
2013 07 02 07 10 42 0.797696
2013 07 02 07 10 43 0.804352
2013 07 02 07 10 44 0.810752
2013 07 02 07 10 45 0.817408
2013 07 02 07 10 46 0.824064
2013 07 02 07 10 47 0.830464
2013 07 02 07 10 48 0.837120
2013 07 02 07 10 49 0.843776
2013 07 02 07 10 50 0.850432
2013 07 02 07 10 51 0.856832
2013 07 02 07 10 52 0.863488
2013 07 02 07 10 53 0.870144
2013 07 02 07 10 54 0.876544
2013 07 02 07 10 55 0.883200
2013 07 02 07 10 56 0.889856
2013 07 02 07 10 57 0.896256
2013 07 02 07 10 58 0.902912
2013 07 02 07 10 59 0.909568
2013 07 02 07 11 00 0.915968
2013 07 02 07 11 01 0.922624
2013 07 02 07 11 02 0.929280
2013 07 02 07 11 03 0.935680
2013 07 02 07 11 04 0.942336
2013 07 02 07 11 05 0.948992
2013 07 02 07 11 06 0.955392
2013 07 02 07 11 07 0.962048
2013 07 02 07 11 08 0.968704
2013 07 02 07 11 09 0.975104
2013 07 02 07 11 10 0.981760
2013 07 02 07 11 11 0.988416
2013 07 02 07 11 12 0.994816
2013 07 02 07 11 14 0.253184
2013 07 02 07 11 15 0.511232
2013 07 02 07 11 16 0.517888
2013 07 02 07 11 17 0.524544
2013 07 02 07 11 18 0.531200
2013 07 02 07 11 19 0.537600
2013 07 02 07 11 20 0.544256
2013 07 02 07 11 21 0.550912
2013 07 02 07 11 22 0.557312
2013 07 02 07 11 23 0.563968
2013 07 02 07 11 24 0.570624
2013 07 02 07 11 25 0.577024
2013 07 02 07 11 26 0.583680
2013 07 02 07 11 27 0.590336
2013 07 02 07 11 28 0.345344
2013 07 02 07 11 29 0.352000
2013 07 02 07 11 30 0.358400
2013 07 02 07 11 31 0.365056
2013 07 02 07 11 32 0.371712
2013 07 02 07 11 33 0.378112
2013 07 02 07 11 34 0.384768
2013 07 02 07 11 35 0.391424
2013 07 02 07 11 36 0.397824
2013 07 02 07 11 37 0.404480
2013 07 02 07 11 38 0.411136
2013 07 02 07 11 39 0.417792
2013 07 02 07 11 40 0.424192
2013 07 02 07 11 41 0.430848
2013 07 02 07 11 42 0.437504
2013 07 02 07 11 43 0.443904
2013 07 02 07 11 44 0.450560
2013 07 02 07 11 45 0.457216
2013 07 02 07 11 46 0.463616
2013 07 02 07 11 47 0.470272
2013 07 02 07 11 48 0.728320
2013 07 02 07 11 49 0.734976
2013 07 02 07 11 50 0.741376
2013 07 02 07 11 51 0.748032
2013 07 02 07 11 52 0.754688
2013 07 02 07 11 53 0.761088
2013 07 02 07 11 54 0.767744
2013 07 02 07 11 55 0.774400
2013 07 02 07 11 56 0.780800
2013 07 02 07 11 57 0.787456
2013 07 02 07 11 58 0.794112
2013 07 02 07 11 59 0.800512
2013 07 02 07 12 00 0.807168
2013 07 02 07 12 02 0.065536
2013 07 02 07 12 03 0.072192
2013 07 02 07 12 04 0.078848
2013 07 02 07 12 05 0.085248
2013 07 02 07 12 06 0.091904
2013 07 02 07 12 07 0.098560
2013 07 02 07 08 00 0.991232
2013 07 02 07 08 01 0.997632
2013 07 02 07 08 03 0.004352
2013 07 02 07 08 04 0.010752
2013 07 02 07 08 05 0.017408
2013 07 02 07 08 06 0.024064
2013 07 02 07 08 07 0.030464
2013 07 02 07 08 08 0.037120
2013 07 02 07 08 09 0.043776
2013 07 02 07 08 10 0.050176
2013 07 02 07 08 11 0.056832
2013 07 02 07 08 12 0.063488
2013 07 02 07 08 13 0.069888
2013 07 02 07 08 14 0.076544
2013 07 02 07 08 15 0.083200
2013 07 02 07 08 16 0.089600
2013 07 02 07 08 17 0.096256
2013 07 02 07 08 18 0.102912
2013 07 02 07 08 19 0.109568
2013 07 02 07 08 20 0.115968
2013 07 02 07 08 21 0.122624
2013 07 02 07 08 22 0.129280
2013 07 02 07 08 23 0.135680
2013 07 02 07 08 24 0.142336
2013 07 02 07 08 25 0.148992
2013 07 02 07 08 26 0.155392
2013 07 02 07 08 27 0.162048
2013 07 02 07 08 28 0.168704
2013 07 02 07 08 29 0.426752
2013 07 02 07 08 30 0.433152
2013 07 02 07 08 31 0.439808
2013 07 02 07 08 32 0.446464
2013 07 02 07 08 33 0.452864
2013 07 02 07 08 34 0.711424
2013 07 02 07 08 35 0.717824
2013 07 02 07 08 36 0.724480
2013 07 02 07 08 37 0.731136
2013 07 02 07 08 38 0.737536
2013 07 02 07 08 39 0.744192
2013 07 02 07 08 40 0.750848
2013 07 02 07 08 41 0.757248
2013 07 02 07 08 42 0.763904
2013 07 02 07 08 43 0.770560
2013 07 02 07 08 44 0.776960
2013 07 02 07 08 45 0.783616
2013 07 02 07 08 47 0.041728
2013 07 02 07 08 48 0.048384
2013 07 02 07 08 49 0.306688
2013 07 02 07 08 50 0.313088
2013 07 02 07 08 51 0.319744
2013 07 02 07 08 52 0.326400
2013 07 02 07 08 53 0.584448
2013 07 02 07 08 54 0.591104
2013 07 02 07 08 55 0.597504
2013 07 02 07 08 56 0.604160
2013 07 02 07 08 57 0.359168
2013 07 02 07 08 58 0.365824
2013 07 02 07 08 59 0.372480
2013 07 02 07 09 00 0.378880
2013 07 02 07 09 01 0.385536
2013 07 02 07 09 02 0.392192
2013 07 02 07 09 03 0.398848
2013 07 02 07 09 04 0.405248
2013 07 02 07 09 05 0.411904
2013 07 02 07 09 06 0.418304
2013 07 02 07 09 07 0.424960
2013 07 02 07 09 08 0.431616
2013 07 02 07 09 09 0.438016
2013 07 02 07 09 10 0.444672
2013 07 02 07 09 11 0.451328
2013 07 02 07 09 12 0.457728
2013 07 02 07 09 13 0.464384
2013 07 02 07 09 14 0.471040
2013 07 02 07 09 15 0.477440
2013 07 02 07 09 16 0.484096
2013 07 02 07 09 17 0.490752
2013 07 02 07 09 18 0.497408
2013 07 02 07 09 19 0.503808
2013 07 02 07 09 20 0.510464
2013 07 02 07 09 21 0.517120
2013 07 02 07 09 22 0.523520
2013 07 02 07 09 23 0.530176
2013 07 02 07 09 24 0.536832
2013 07 02 07 09 25 0.543232
2013 07 02 07 09 26 0.549888
2013 07 02 07 09 27 0.556544
2013 07 02 07 09 28 0.562944
2013 07 02 07 09 29 0.569600
2013 07 02 07 09 30 0.576256
2013 07 02 07 09 31 0.582656
2013 07 02 07 09 32 0.589312
2013 07 02 07 09 33 0.595968
2013 07 02 07 09 34 0.602368
2013 07 02 07 09 35 0.609024
2013 07 02 07 09 36 0.615680
2013 07 02 07 09 37 0.622080
2013 07 02 07 09 38 0.628736
2013 07 02 07 09 39 0.635392
2013 07 02 07 09 40 0.642048
2013 07 02 07 09 41 0.648448
2013 07 02 07 09 42 0.655104
2013 07 02 07 09 43 0.409856
2013 07 02 07 09 44 0.416512
2013 07 02 07 09 45 0.422912
2013 07 02 07 09 46 0.429568
2013 07 02 07 09 47 0.436224
2013 07 02 07 09 48 0.442624
2013 07 02 07 09 49 0.449280
2013 07 02 07 09 50 0.455936
2013 07 02 07 09 51 0.462336
2013 07 02 07 09 52 0.468992
2013 07 02 07 09 53 0.475648
2013 07 02 07 09 54 0.482048
2013 07 02 07 09 55 0.488704
2013 07 02 07 09 56 0.495360
2013 07 02 07 09 57 0.501760
2013 07 02 07 09 58 0.508416
2013 07 02 07 09 59 0.515072
2013 07 02 07 10 00 0.521728
2013 07 02 07 10 01 0.528128
2013 07 02 07 10 02 0.534784
2013 07 02 07 10 03 0.541440
2013 07 02 07 10 04 0.547840
2013 07 02 07 10 05 0.554496
2013 07 02 07 10 06 0.561152
2013 07 02 07 10 07 0.567552
2013 07 02 07 10 08 0.574208
2013 07 02 07 10 09 0.580864
2013 07 02 07 10 10 0.839168
2013 07 02 07 10 11 0.845568
2013 07 02 07 10 12 0.852224
2013 07 02 07 10 13 0.858880
2013 07 02 07 10 14 0.865536
2013 07 02 07 10 15 0.871936
2013 07 02 07 10 17 0.130048
2013 07 02 07 10 18 0.136704
2013 07 02 07 10 19 0.395008
2013 07 02 07 10 20 0.401664
2013 07 02 07 10 21 0.408320
2013 07 02 07 10 22 0.414720
2013 07 02 07 10 23 0.169472
2013 07 02 07 10 23 0.924672
2013 07 02 07 10 24 0.931072
2013 07 02 07 10 25 0.937728
2013 07 02 07 10 26 0.944384
2013 07 02 07 10 27 0.951040
2013 07 02 07 10 28 0.957440
2013 07 02 07 10 29 0.964096
2013 07 02 07 10 30 0.970496
2013 07 02 07 10 31 0.977152
2013 07 02 07 10 32 0.983808
2013 07 02 07 10 33 0.990208
2013 07 02 07 10 34 0.996864
2013 07 02 07 10 36 0.003584
2013 07 02 07 10 37 0.009984
2013 07 02 07 10 38 0.016640
2013 07 02 07 10 39 0.023296
2013 07 02 07 10 40 0.029696
2013 07 02 07 10 41 0.036352
2013 07 02 07 10 42 0.043008
2013 07 02 07 10 43 0.049408
2013 07 02 07 10 44 0.056064
2013 07 02 07 10 45 0.062720
2013 07 02 07 10 46 0.069376
2013 07 02 07 10 47 0.075776
2013 07 02 07 10 48 0.082432
2013 07 02 07 10 49 0.088832
2013 07 02 07 10 50 0.095488
2013 07 02 07 10 51 0.102144
2013 07 02 07 10 52 0.108800
2013 07 02 07 10 53 0.115200
2013 07 02 07 10 54 0.121856
2013 07 02 07 10 55 0.128256
2013 07 02 07 10 56 0.134912
2013 07 02 07 10 57 0.141568
2013 07 02 07 10 58 0.148224
2013 07 02 07 10 59 0.154624
2013 07 02 07 11 00 0.161280
2013 07 02 07 11 01 0.167936
2013 07 02 07 11 02 0.174336
2013 07 02 07 11 03 0.180992
2013 07 02 07 11 04 0.187648
2013 07 02 07 11 05 0.194048
2013 07 02 07 11 06 0.200704
2013 07 02 07 11 07 0.458752
2013 07 02 07 11 08 0.465408
2013 07 02 07 11 09 0.471808
2013 07 02 07 11 10 0.478464
2013 07 02 07 11 11 0.485120
2013 07 02 07 11 12 0.491520
2013 07 02 07 11 13 0.498176
2013 07 02 07 11 14 0.504832
2013 07 02 07 11 15 0.259840
2013 07 02 07 11 16 0.266496
2013 07 02 07 11 17 0.272896
2013 07 02 07 11 18 0.279552
2013 07 02 07 11 19 0.286208
2013 07 02 07 11 20 0.292864
2013 07 02 07 11 21 0.299264
2013 07 02 07 11 22 0.305920
2013 07 02 07 11 23 0.312576
2013 07 02 07 11 24 0.318976
2013 07 02 07 11 25 0.325632
2013 07 02 07 11 26 0.332288
2013 07 02 07 11 27 0.338688
2013 07 02 07 11 28 0.596736
2013 07 02 07 11 29 0.603392
2013 07 02 07 11 30 0.610048
2013 07 02 07 11 31 0.616448
2013 07 02 07 11 32 0.623104
2013 07 02 07 11 33 0.629760
2013 07 02 07 11 34 0.636160
2013 07 02 07 11 35 0.642816
2013 07 02 07 11 36 0.649472
2013 07 02 07 11 37 0.655872
2013 07 02 07 11 38 0.662528
2013 07 02 07 11 39 0.669184
2013 07 02 07 11 40 0.675584
2013 07 02 07 11 41 0.682240
2013 07 02 07 11 42 0.688896
2013 07 02 07 11 43 0.695552
2013 07 02 07 11 44 0.701952
2013 07 02 07 11 45 0.708608
2013 07 02 07 11 46 0.966912
2013 07 02 07 11 47 0.973568
2013 07 02 07 11 48 0.980224
2013 07 02 07 11 49 0.986624
2013 07 02 07 11 50 0.993280
2013 07 02 07 11 51 0.999680
2013 07 02 07 11 53 0.006400
2013 07 02 07 11 54 0.013056
2013 07 02 07 11 55 0.019456
2013 07 02 07 11 56 0.026112
2013 07 02 07 11 57 0.032768
2013 07 02 07 11 58 0.039168
2013 07 02 07 11 59 0.045824
2013 07 02 07 12 00 0.052480
2013 07 02 07 12 01 0.059136
2013 07 02 07 12 01 0.813824
2013 07 02 07 12 02 0.820224
2013 07 02 07 12 03 0.826880
2013 07 02 07 12 04 0.833536
2013 07 02 07 12 05 0.839936
2013 07 02 07 12 06 0.846592
2013 07 02 07 08 00 0.487936
2013 07 02 07 08 01 0.242688
2013 07 02 07 08 02 0.249088
2013 07 02 07 08 03 0.255744
2013 07 02 07 08 04 0.262400
2013 07 02 07 08 05 0.268800
2013 07 02 07 08 06 0.275456
2013 07 02 07 08 07 0.282112
2013 07 02 07 08 08 0.288512
2013 07 02 07 08 09 0.295168
2013 07 02 07 08 10 0.301824
2013 07 02 07 08 11 0.308224
2013 07 02 07 08 12 0.314880
2013 07 02 07 08 13 0.321536
2013 07 02 07 08 14 0.327936
2013 07 02 07 08 15 0.334592
2013 07 02 07 08 16 0.341248
2013 07 02 07 08 17 0.347648
2013 07 02 07 08 18 0.354304
2013 07 02 07 08 19 0.360960
2013 07 02 07 08 20 0.367360
2013 07 02 07 08 21 0.374016
2013 07 02 07 08 22 0.380672
2013 07 02 07 08 23 0.387328
2013 07 02 07 08 24 0.393728
2013 07 02 07 08 25 0.400384
2013 07 02 07 08 26 0.407040
2013 07 02 07 08 27 0.413440
2013 07 02 07 08 28 0.420096
2013 07 02 07 08 29 0.175104
2013 07 02 07 08 29 0.930048
2013 07 02 07 08 30 0.936448
2013 07 02 07 08 31 0.943104
2013 07 02 07 08 32 0.949760
2013 07 02 07 08 33 0.956160
2013 07 02 07 08 34 0.962816
2013 07 02 07 08 35 0.969472
2013 07 02 07 08 36 0.975872
2013 07 02 07 08 37 0.982528
2013 07 02 07 08 38 0.989184
2013 07 02 07 08 39 0.995584
2013 07 02 07 08 41 0.002304
2013 07 02 07 08 42 0.260608
2013 07 02 07 08 43 0.267264
2013 07 02 07 08 44 0.273664
2013 07 02 07 08 45 0.280320
2013 07 02 07 08 46 0.286976
2013 07 02 07 08 47 0.293632
2013 07 02 07 08 48 0.300032
2013 07 02 07 08 49 0.054784
2013 07 02 07 08 50 0.061440
2013 07 02 07 08 51 0.068096
2013 07 02 07 08 52 0.074496
2013 07 02 07 08 53 0.081152
2013 07 02 07 08 54 0.087808
2013 07 02 07 08 55 0.094208
2013 07 02 07 08 56 0.100864
2013 07 02 07 08 56 0.855808
2013 07 02 07 08 57 0.862464
2013 07 02 07 08 58 0.617216
2013 07 02 07 08 59 0.623872
2013 07 02 07 09 00 0.630528
2013 07 02 07 09 01 0.636928
2013 07 02 07 09 02 0.643584
2013 07 02 07 09 03 0.650240
2013 07 02 07 09 04 0.656640
2013 07 02 07 09 05 0.663296
2013 07 02 07 09 06 0.669952
2013 07 02 07 09 07 0.676352
2013 07 02 07 09 08 0.683008
2013 07 02 07 09 09 0.941312
2013 07 02 07 09 10 0.947968
2013 07 02 07 09 11 0.954624
2013 07 02 07 09 12 0.961024
2013 07 02 07 09 13 0.967680
2013 07 02 07 09 14 0.974336
2013 07 02 07 09 15 0.980736
2013 07 02 07 09 16 0.987392
2013 07 02 07 09 17 0.994048
2013 07 02 07 09 19 0.000512
2013 07 02 07 09 20 0.007168
2013 07 02 07 09 21 0.013824
2013 07 02 07 09 22 0.020224
2013 07 02 07 09 23 0.026880
2013 07 02 07 09 23 0.781568
2013 07 02 07 09 24 0.788224
2013 07 02 07 09 25 0.794880
2013 07 02 07 09 26 0.801280
2013 07 02 07 09 27 0.807936
2013 07 02 07 09 28 0.814592
2013 07 02 07 09 29 0.820992
2013 07 02 07 09 30 0.827648
2013 07 02 07 09 31 0.834304
2013 07 02 07 09 32 0.840704
2013 07 02 07 09 33 0.847360
2013 07 02 07 09 34 0.854016
2013 07 02 07 09 35 0.860416
2013 07 02 07 09 36 0.867072
2013 07 02 07 09 37 0.873728
2013 07 02 07 09 38 0.880384
2013 07 02 07 09 39 0.886784
2013 07 02 07 09 40 0.893440
2013 07 02 07 09 41 0.900096
2013 07 02 07 09 42 0.906496
2013 07 02 07 09 43 0.913152
2013 07 02 07 09 44 0.919808
2013 07 02 07 09 45 0.926208
2013 07 02 07 09 46 0.681472
2013 07 02 07 09 47 0.687872
2013 07 02 07 09 48 0.694528
2013 07 02 07 09 49 0.700928
2013 07 02 07 09 50 0.707584
2013 07 02 07 09 51 0.714240
2013 07 02 07 09 52 0.720896
2013 07 02 07 09 53 0.727296
2013 07 02 07 09 54 0.733952
2013 07 02 07 09 55 0.740608
2013 07 02 07 09 56 0.747008
2013 07 02 07 09 57 0.753664
2013 07 02 07 09 58 0.760320
2013 07 02 07 09 59 0.766720
2013 07 02 07 10 00 0.773376
2013 07 02 07 10 01 0.780032
2013 07 02 07 10 02 0.786688
2013 07 02 07 10 03 0.793088
2013 07 02 07 10 04 0.799744
2013 07 02 07 10 05 0.806400
2013 07 02 07 10 06 0.812800
2013 07 02 07 10 07 0.819456
2013 07 02 07 10 08 0.825856
2013 07 02 07 10 09 0.832512
2013 07 02 07 10 10 0.587264
2013 07 02 07 10 11 0.593920
2013 07 02 07 10 12 0.600576
2013 07 02 07 10 13 0.606976
2013 07 02 07 10 14 0.613632
2013 07 02 07 10 15 0.620288
2013 07 02 07 10 16 0.626688
2013 07 02 07 10 17 0.633344
2013 07 02 07 10 18 0.640000
2013 07 02 07 10 19 0.646400
2013 07 02 07 10 20 0.653056
2013 07 02 07 10 21 0.659712
2013 07 02 07 10 22 0.666368
2013 07 02 07 10 23 0.672768
2013 07 02 07 10 24 0.679424
2013 07 02 07 10 25 0.685824
2013 07 02 07 10 26 0.692480
2013 07 02 07 10 27 0.699136
2013 07 02 07 10 28 0.454144
2013 07 02 07 10 29 0.460800
2013 07 02 07 10 30 0.467456
2013 07 02 07 10 31 0.473856
2013 07 02 07 10 32 0.480512
2013 07 02 07 10 33 0.486912
2013 07 02 07 10 34 0.493568
2013 07 02 07 10 35 0.500224
2013 07 02 07 10 36 0.506880
2013 07 02 07 10 37 0.513280
2013 07 02 07 10 38 0.519936
2013 07 02 07 10 39 0.526592
2013 07 02 07 10 40 0.532992
2013 07 02 07 10 41 0.539648
2013 07 02 07 10 42 0.546304
2013 07 02 07 10 43 0.552704
2013 07 02 07 10 44 0.559360
2013 07 02 07 10 45 0.566016
2013 07 02 07 10 46 0.572416
2013 07 02 07 10 47 0.579072
2013 07 02 07 10 48 0.585728
2013 07 02 07 10 49 0.592128
2013 07 02 07 10 50 0.598784
2013 07 02 07 10 51 0.605440
2013 07 02 07 10 52 0.611840
2013 07 02 07 10 53 0.618496
2013 07 02 07 10 54 0.625152
2013 07 02 07 10 55 0.631552
2013 07 02 07 10 56 0.638208
2013 07 02 07 10 57 0.644864
2013 07 02 07 10 58 0.651520
2013 07 02 07 10 59 0.657920
2013 07 02 07 11 00 0.664576
2013 07 02 07 11 01 0.671232
2013 07 02 07 11 02 0.677632
2013 07 02 07 11 03 0.684288
2013 07 02 07 11 04 0.690944
2013 07 02 07 11 05 0.697344
2013 07 02 07 11 06 0.704000
2013 07 02 07 11 07 0.710656
2013 07 02 07 11 08 0.717056
2013 07 02 07 11 09 0.723712
2013 07 02 07 11 10 0.730368
2013 07 02 07 11 11 0.736768
2013 07 02 07 11 12 0.743424
2013 07 02 07 11 13 0.750080
2013 07 02 07 11 14 0.756480
2013 07 02 07 11 15 0.763136
2013 07 02 07 11 16 0.769792
2013 07 02 07 11 17 0.776192
2013 07 02 07 11 18 0.782848
2013 07 02 07 11 19 0.789504
2013 07 02 07 11 20 0.796160
2013 07 02 07 11 21 0.802560
2013 07 02 07 11 22 0.809216
2013 07 02 07 11 23 0.815872
2013 07 02 07 11 24 0.822272
2013 07 02 07 11 25 0.828928
2013 07 02 07 11 26 0.835584
2013 07 02 07 11 27 0.841984
2013 07 02 07 11 28 0.848640
2013 07 02 07 11 29 0.855296
2013 07 02 07 11 30 0.861696
2013 07 02 07 11 31 0.868352
2013 07 02 07 11 32 0.875008
2013 07 02 07 11 33 0.881408
2013 07 02 07 11 34 0.888064
2013 07 02 07 11 35 0.894720
2013 07 02 07 11 36 0.901120
2013 07 02 07 11 37 0.907776
2013 07 02 07 11 38 0.914432
2013 07 02 07 11 39 0.920832
2013 07 02 07 11 40 0.927488
2013 07 02 07 11 41 0.934144
2013 07 02 07 11 42 0.940800
2013 07 02 07 11 43 0.947200
2013 07 02 07 11 44 0.953856
2013 07 02 07 11 45 0.960512
2013 07 02 07 11 46 0.715264
2013 07 02 07 11 47 0.721664
2013 07 02 07 11 48 0.476672
2013 07 02 07 11 49 0.483328
2013 07 02 07 11 50 0.489984
2013 07 02 07 11 51 0.496640
2013 07 02 07 11 52 0.503040
2013 07 02 07 11 53 0.509696
2013 07 02 07 11 54 0.516352
2013 07 02 07 11 55 0.522752
2013 07 02 07 11 56 0.529408
2013 07 02 07 11 57 0.536064
2013 07 02 07 11 58 0.542464
2013 07 02 07 11 59 0.549120
2013 07 02 07 12 00 0.555776
2013 07 02 07 12 01 0.562176
2013 07 02 07 12 02 0.568832
2013 07 02 07 12 03 0.575488
2013 07 02 07 12 04 0.582144
2013 07 02 07 12 05 0.588544
2013 07 02 07 12 06 0.343296
2013 07 02 07 12 07 0.349952
