2013 07 02 06 54 41 0.016128
2013 07 02 06 54 42 0.022784
2013 07 02 06 54 43 0.029440
2013 07 02 06 54 44 0.287744
2013 07 02 06 54 45 0.294400
2013 07 02 06 54 46 0.300800
2013 07 02 06 54 47 0.558848
2013 07 02 06 54 48 0.565504
2013 07 02 06 54 49 0.572160
2013 07 02 06 54 50 0.830464
2013 07 02 06 54 51 0.837120
2013 07 02 06 54 52 0.843520
2013 07 02 06 54 53 0.850176
2013 07 02 06 54 54 0.856832
2013 07 02 06 54 55 0.863232
2013 07 02 06 54 56 0.869888
2013 07 02 06 54 57 0.876544
2013 07 02 06 54 58 0.883200
2013 07 02 06 54 59 0.889600
2013 07 02 06 55 00 0.896256
2013 07 02 06 55 01 0.902912
2013 07 02 06 55 02 0.909312
2013 07 02 06 55 03 0.915968
2013 07 02 06 55 04 0.922624
2013 07 02 06 55 05 0.929024
2013 07 02 06 55 06 0.935680
2013 07 02 06 55 08 0.193792
2013 07 02 06 55 09 0.200192
2013 07 02 06 55 10 0.206848
2013 07 02 06 55 11 0.213504
2013 07 02 06 55 12 0.219904
2013 07 02 06 55 13 0.226560
2013 07 02 06 55 14 0.233216
2013 07 02 06 55 15 0.239616
2013 07 02 06 55 16 0.246272
2013 07 02 06 55 17 0.252928
2013 07 02 06 55 18 0.259328
2013 07 02 06 55 19 0.265984
2013 07 02 06 55 20 0.272640
2013 07 02 06 55 21 0.279040
2013 07 02 06 55 22 0.285696
2013 07 02 06 55 23 0.544256
2013 07 02 06 55 24 0.550656
2013 07 02 06 55 25 0.557312
2013 07 02 06 55 26 0.563968
2013 07 02 06 55 27 0.570368
2013 07 02 06 55 28 0.577024
2013 07 02 06 55 29 0.583424
2013 07 02 06 55 30 0.590080
2013 07 02 06 55 31 0.596736
2013 07 02 06 55 32 0.603136
2013 07 02 06 55 33 0.609792
2013 07 02 06 55 34 0.616448
2013 07 02 06 55 35 0.622848
2013 07 02 06 55 36 0.629504
2013 07 02 06 55 37 0.636160
2013 07 02 06 55 38 0.642816
2013 07 02 06 55 39 0.649472
2013 07 02 06 55 40 0.655872
2013 07 02 06 55 41 0.662528
2013 07 02 06 55 42 0.669184
2013 07 02 06 55 43 0.675584
2013 07 02 06 55 44 0.682240
2013 07 02 06 55 45 0.688896
2013 07 02 06 55 46 0.695296
2013 07 02 06 55 47 0.701952
2013 07 02 06 55 48 0.708352
2013 07 02 06 55 49 0.715008
2013 07 02 06 55 50 0.721664
2013 07 02 06 55 51 0.728064
2013 07 02 06 55 52 0.734720
2013 07 02 06 55 53 0.741376
2013 07 02 06 55 54 0.747776
2013 07 02 06 55 55 0.754432
2013 07 02 06 55 56 0.761088
2013 07 02 06 55 57 0.767744
2013 07 02 06 55 58 0.774144
2013 07 02 06 55 59 0.780800
2013 07 02 06 56 00 0.787456
2013 07 02 06 56 01 0.794112
2013 07 02 06 56 02 0.800512
2013 07 02 06 56 03 0.807168
2013 07 02 06 56 04 0.813568
2013 07 02 06 56 05 0.820224
2013 07 02 06 56 06 0.826880
2013 07 02 06 56 08 0.084736
2013 07 02 06 56 09 0.091392
2013 07 02 06 56 10 0.098048
2013 07 02 06 56 11 0.104704
2013 07 02 06 56 12 0.111104
2013 07 02 06 56 13 0.117760
2013 07 02 06 56 14 0.124416
2013 07 02 06 56 15 0.130816
2013 07 02 06 56 16 0.137472
2013 07 02 06 56 17 0.144128
2013 07 02 06 56 18 0.150528
2013 07 02 06 56 19 0.157184
2013 07 02 06 56 20 0.163840
2013 07 02 06 56 21 0.170240
2013 07 02 06 56 22 0.176896
2013 07 02 06 56 23 0.183552
2013 07 02 06 56 24 0.189952
2013 07 02 06 56 25 0.196608
2013 07 02 06 56 26 0.203264
2013 07 02 06 56 27 0.209664
2013 07 02 06 56 28 0.216320
2013 07 02 06 56 29 0.222976
2013 07 02 06 56 30 0.229376
2013 07 02 06 56 31 0.236032
2013 07 02 06 56 32 0.242688
2013 07 02 06 56 33 0.249344
2013 07 02 06 56 34 0.255744
2013 07 02 06 56 35 0.262400
2013 07 02 06 56 36 0.269056
2013 07 02 06 56 37 0.275456
2013 07 02 06 56 38 0.282112
2013 07 02 06 56 39 0.288768
2013 07 02 06 56 40 0.295168
2013 07 02 06 56 41 0.301824
2013 07 02 06 56 42 0.308480
2013 07 02 06 56 43 0.314880
2013 07 02 06 56 44 0.321536
2013 07 02 06 56 45 0.328192
2013 07 02 06 56 46 0.334592
2013 07 02 06 56 47 0.341248
2013 07 02 06 56 48 0.347904
2013 07 02 06 56 49 0.354304
2013 07 02 06 56 50 0.109568
2013 07 02 06 56 51 0.115968
2013 07 02 06 56 52 0.122624
2013 07 02 06 56 53 0.129280
2013 07 02 06 56 54 0.135680
2013 07 02 06 56 55 0.142336
2013 07 02 06 56 56 0.148992
2013 07 02 06 56 57 0.155392
2013 07 02 06 56 58 0.162048
2013 07 02 06 56 59 0.168704
2013 07 02 06 57 00 0.175360
2013 07 02 06 57 01 0.181760
2013 07 02 06 57 02 0.188416
2013 07 02 06 57 03 0.195072
2013 07 02 06 57 04 0.201472
2013 07 02 06 57 05 0.208128
2013 07 02 06 57 06 0.214784
2013 07 02 06 57 07 0.221184
2013 07 02 06 57 08 0.227840
2013 07 02 06 57 09 0.234496
2013 07 02 06 57 10 0.240896
2013 07 02 06 57 11 0.247552
2013 07 02 06 57 12 0.254208
2013 07 02 06 57 13 0.260608
2013 07 02 06 57 14 0.267264
2013 07 02 06 57 15 0.273920
2013 07 02 06 57 16 0.280320
2013 07 02 06 57 17 0.286976
2013 07 02 06 57 18 0.293632
2013 07 02 06 57 19 0.300288
2013 07 02 06 57 20 0.306688
2013 07 02 06 57 21 0.313344
2013 07 02 06 57 22 0.320000
2013 07 02 06 57 23 0.326400
2013 07 02 06 57 24 0.333056
2013 07 02 06 57 25 0.087808
2013 07 02 06 57 26 0.094464
2013 07 02 06 57 27 0.100864
2013 07 02 06 57 28 0.107520
2013 07 02 06 57 29 0.114176
2013 07 02 06 57 30 0.120576
2013 07 02 06 57 31 0.379136
2013 07 02 06 57 32 0.385536
2013 07 02 06 57 33 0.392192
2013 07 02 06 57 34 0.398848
2013 07 02 06 57 35 0.405248
2013 07 02 06 57 36 0.160000
2013 07 02 06 57 37 0.166656
2013 07 02 06 57 38 0.173312
2013 07 02 06 57 39 0.179712
2013 07 02 06 57 40 0.186368
2013 07 02 06 57 41 0.193024
2013 07 02 06 57 42 0.199424
2013 07 02 06 57 43 0.206080
2013 07 02 06 57 44 0.212736
2013 07 02 06 57 45 0.219392
2013 07 02 06 57 46 0.225792
2013 07 02 06 57 47 0.232448
2013 07 02 06 57 48 0.239104
2013 07 02 06 57 49 0.245504
2013 07 02 06 57 50 0.252160
2013 07 02 06 57 51 0.258816
2013 07 02 06 57 52 0.265216
2013 07 02 06 57 53 0.271872
2013 07 02 06 57 54 0.278528
2013 07 02 06 57 55 0.284928
2013 07 02 06 57 56 0.291584
2013 07 02 06 57 57 0.298240
2013 07 02 06 57 58 0.304640
2013 07 02 06 57 59 0.311296
2013 07 02 06 58 00 0.317952
2013 07 02 06 58 01 0.324352
2013 07 02 06 58 02 0.331008
2013 07 02 06 58 03 0.337664
2013 07 02 06 58 04 0.344064
2013 07 02 06 58 05 0.602624
2013 07 02 06 58 06 0.609280
2013 07 02 06 58 07 0.615680
2013 07 02 06 58 08 0.622336
2013 07 02 06 58 09 0.628736
2013 07 02 06 58 10 0.635392
2013 07 02 06 58 11 0.642048
2013 07 02 06 58 12 0.396800
2013 07 02 06 58 13 0.403456
2013 07 02 06 58 14 0.409856
2013 07 02 06 58 15 0.416512
2013 07 02 06 58 16 0.423168
2013 07 02 06 58 17 0.429568
2013 07 02 06 58 18 0.436224
2013 07 02 06 58 19 0.442880
2013 07 02 06 58 20 0.449280
2013 07 02 06 58 21 0.455936
2013 07 02 06 58 22 0.462592
2013 07 02 06 58 23 0.468992
2013 07 02 06 58 24 0.475648
2013 07 02 06 58 25 0.482304
2013 07 02 06 58 26 0.488704
2013 07 02 06 58 27 0.495360
2013 07 02 06 58 28 0.502016
2013 07 02 06 58 29 0.508416
2013 07 02 06 58 30 0.515072
2013 07 02 06 58 31 0.521728
2013 07 02 06 58 32 0.528128
2013 07 02 06 58 33 0.283392
2013 07 02 06 58 34 0.289792
2013 07 02 06 58 35 0.296448
2013 07 02 06 58 36 0.303104
2013 07 02 06 58 37 0.309760
2013 07 02 06 58 38 0.316160
2013 07 02 06 58 39 0.322816
2013 07 02 06 58 40 0.329472
2013 07 02 06 58 41 0.084224
2013 07 02 06 58 42 0.090624
2013 07 02 06 58 43 0.097280
2013 07 02 06 58 44 0.103936
2013 07 02 06 58 45 0.110336
2013 07 02 06 58 46 0.116992
2013 07 02 06 58 47 0.123648
2013 07 02 06 58 48 0.130048
2013 07 02 06 58 49 0.136704
2013 07 02 06 58 50 0.143360
2013 07 02 06 58 51 0.149760
2013 07 02 06 58 52 0.156416
2013 07 02 06 58 53 0.163072
2013 07 02 06 58 54 0.169472
2013 07 02 06 58 55 0.176128
2013 07 02 06 58 56 0.182784
2013 07 02 06 58 57 0.189184
2013 07 02 06 58 58 0.195840
2013 07 02 06 58 59 0.202496
2013 07 02 06 59 00 0.460800
2013 07 02 06 59 01 0.467456
2013 07 02 06 59 02 0.474112
2013 07 02 06 59 03 0.480512
2013 07 02 06 59 04 0.487168
2013 07 02 06 59 05 0.493824
2013 07 02 06 59 06 0.500224
2013 07 02 06 59 07 0.506880
2013 07 02 06 59 08 0.513536
2013 07 02 06 59 09 0.519936
2013 07 02 06 59 10 0.526592
2013 07 02 06 59 11 0.533248
2013 07 02 06 59 12 0.539648
2013 07 02 06 59 13 0.546304
2013 07 02 06 59 14 0.552960
2013 07 02 06 59 15 0.559360
2013 07 02 06 59 16 0.566016
2013 07 02 06 59 17 0.572672
2013 07 02 06 59 18 0.579328
2013 07 02 06 59 19 0.585728
2013 07 02 06 59 20 0.592384
2013 07 02 06 59 21 0.599040
2013 07 02 06 59 22 0.605440
2013 07 02 06 59 23 0.612096
2013 07 02 06 59 24 0.618752
2013 07 02 06 59 25 0.625152
2013 07 02 06 59 26 0.631808
2013 07 02 06 59 27 0.638464
2013 07 02 06 59 28 0.644864
2013 07 02 06 59 29 0.651520
2013 07 02 06 59 30 0.657920
2013 07 02 06 59 31 0.664576
2013 07 02 06 59 32 0.671232
2013 07 02 06 59 33 0.677888
2013 07 02 06 59 34 0.684288
2013 07 02 06 59 35 0.690944
2013 07 02 06 59 36 0.697600
2013 07 02 06 59 37 0.704000
2013 07 02 06 59 38 0.710656
2013 07 02 06 59 39 0.717312
2013 07 02 06 59 40 0.723712
2013 07 02 06 59 41 0.730368
2013 07 02 06 59 42 0.737024
2013 07 02 06 59 43 0.743424
2013 07 02 06 59 44 0.750080
2013 07 02 06 59 45 0.756736
2013 07 02 06 59 46 0.763392
2013 07 02 06 59 47 0.769792
2013 07 02 06 59 48 0.776448
2013 07 02 06 59 49 0.782848
2013 07 02 06 59 50 0.789504
2013 07 02 06 59 51 0.796160
2013 07 02 06 59 52 0.802560
2013 07 02 06 59 53 0.809216
2013 07 02 06 59 54 0.815872
2013 07 02 06 59 55 0.822272
2013 07 02 06 59 56 0.828928
2013 07 02 06 59 57 0.835584
2013 07 02 06 59 59 0.093696
2013 07 02 07 00 00 0.100096
2013 07 02 07 00 00 0.855296
2013 07 02 07 00 01 0.861952
2013 07 02 07 00 02 0.616704
2013 07 02 07 00 03 0.371712
2013 07 02 07 00 04 0.378368
2013 07 02 07 00 05 0.385024
2013 07 02 07 00 06 0.391424
2013 07 02 07 00 07 0.398080
2013 07 02 07 00 08 0.404480
2013 07 02 07 00 09 0.411136
2013 07 02 07 00 10 0.417792
2013 07 02 07 00 11 0.424192
2013 07 02 07 00 12 0.430848
2013 07 02 07 00 13 0.437504
2013 07 02 07 00 14 0.444160
2013 07 02 07 00 15 0.450560
2013 07 02 07 00 16 0.457216
2013 07 02 07 00 17 0.463616
2013 07 02 07 00 18 0.470272
2013 07 02 07 00 19 0.476928
2013 07 02 07 00 20 0.483584
2013 07 02 07 00 21 0.489984
2013 07 02 07 00 22 0.496640
2013 07 02 07 00 23 0.503296
2013 07 02 07 00 24 0.509952
2013 07 02 07 00 25 0.516352
2013 07 02 07 00 26 0.523008
2013 07 02 07 00 27 0.529408
2013 07 02 07 00 28 0.536064
2013 07 02 07 00 29 0.542720
2013 07 02 07 00 30 0.549120
2013 07 02 07 00 31 0.555776
2013 07 02 07 00 32 0.562432
2013 07 02 07 00 33 0.568832
2013 07 02 07 00 34 0.575488
2013 07 02 07 00 35 0.582144
2013 07 02 07 00 36 0.588544
2013 07 02 07 00 37 0.595200
2013 07 02 07 00 38 0.601856
2013 07 02 07 00 39 0.356608
2013 07 02 07 00 40 0.363264
2013 07 02 07 00 41 0.369664
2013 07 02 07 00 42 0.376320
2013 07 02 07 00 43 0.382976
2013 07 02 07 00 44 0.389376
2013 07 02 07 00 45 0.396032
2013 07 02 07 00 46 0.402688
2013 07 02 07 00 47 0.409088
2013 07 02 07 00 48 0.415744
2013 07 02 07 00 49 0.422400
2013 07 02 07 00 50 0.428800
2013 07 02 07 00 51 0.435456
2013 07 02 07 00 52 0.442112
2013 07 02 07 00 53 0.700416
2013 07 02 07 00 54 0.707072
2013 07 02 07 00 55 0.713472
2013 07 02 07 00 56 0.971520
2013 07 02 07 00 57 0.978176
2013 07 02 07 00 58 0.984832
2013 07 02 07 00 59 0.991232
2013 07 02 07 01 00 0.997888
2013 07 02 07 01 02 0.004608
2013 07 02 07 01 03 0.011008
2013 07 02 07 01 04 0.017664
2013 07 02 07 01 05 0.024320
2013 07 02 07 01 06 0.030720
2013 07 02 07 01 07 0.037376
2013 07 02 07 01 08 0.044032
2013 07 02 07 01 09 0.050432
2013 07 02 07 01 10 0.057088
2013 07 02 07 01 11 0.063744
2013 07 02 07 01 12 0.070144
2013 07 02 07 01 13 0.076800
2013 07 02 07 01 14 0.083456
2013 07 02 07 01 15 0.089856
2013 07 02 07 01 16 0.096512
2013 07 02 07 01 17 0.103168
2013 07 02 07 01 18 0.109568
2013 07 02 07 01 19 0.368128
2013 07 02 07 01 20 0.374784
2013 07 02 07 01 21 0.381184
2013 07 02 07 01 22 0.639232
2013 07 02 07 01 23 0.645888
2013 07 02 07 01 24 0.904192
2013 07 02 07 01 26 0.162304
2013 07 02 07 01 27 0.168960
2013 07 02 07 01 28 0.175360
2013 07 02 07 01 29 0.182016
2013 07 02 07 01 30 0.188672
2013 07 02 07 01 31 0.195072
2013 07 02 07 01 32 0.201728
2013 07 02 07 01 33 0.208384
2013 07 02 07 01 34 0.214784
2013 07 02 07 01 35 0.221440
2013 07 02 07 01 36 0.228096
2013 07 02 07 01 37 0.234496
2013 07 02 07 01 38 0.241152
2013 07 02 07 01 39 0.247808
2013 07 02 07 01 40 0.254208
2013 07 02 07 01 41 0.009472
2013 07 02 07 01 42 0.016128
2013 07 02 07 01 43 0.022528
2013 07 02 07 01 44 0.029184
2013 07 02 07 01 45 0.035840
2013 07 02 07 01 46 0.042240
2013 07 02 07 01 47 0.048896
2013 07 02 07 01 48 0.055296
2013 07 02 07 01 49 0.061952
2013 07 02 07 01 50 0.068608
2013 07 02 07 01 51 0.075008
2013 07 02 07 01 52 0.081664
2013 07 02 07 01 53 0.088320
2013 07 02 07 01 54 0.094720
2013 07 02 07 01 55 0.101376
2013 07 02 07 01 56 0.108032
2013 07 02 07 01 57 0.114688
2013 07 02 07 01 58 0.121088
2013 07 02 07 01 59 0.127744
2013 07 02 07 02 00 0.134400
2013 07 02 07 02 01 0.141056
2013 07 02 07 02 02 0.147456
2013 07 02 07 02 03 0.154112
2013 07 02 07 02 04 0.160512
2013 07 02 07 02 05 0.167168
2013 07 02 07 02 06 0.173824
2013 07 02 07 02 07 0.180480
2013 07 02 07 02 08 0.186880
2013 07 02 07 02 09 0.193536
2013 07 02 07 02 10 0.199936
2013 07 02 07 02 11 0.206592
2013 07 02 07 02 12 0.213248
2013 07 02 07 02 13 0.219648
2013 07 02 07 02 14 0.226304
2013 07 02 07 02 15 0.232960
2013 07 02 07 02 16 0.239360
2013 07 02 07 02 17 0.246016
2013 07 02 07 02 18 0.252672
2013 07 02 07 02 19 0.259328
2013 07 02 07 02 20 0.265728
2013 07 02 07 02 21 0.272384
2013 07 02 07 02 22 0.279040
2013 07 02 07 02 23 0.285440
2013 07 02 07 02 24 0.292096
2013 07 02 07 02 25 0.046848
2013 07 02 07 02 26 0.053504
2013 07 02 07 02 27 0.059904
2013 07 02 07 02 28 0.066560
2013 07 02 07 02 29 0.073216
2013 07 02 07 02 30 0.079616
2013 07 02 07 02 31 0.086272
2013 07 02 07 02 32 0.092928
2013 07 02 07 02 33 0.099328
2013 07 02 07 02 34 0.105984
2013 07 02 07 02 35 0.112640
2013 07 02 07 02 36 0.119296
2013 07 02 07 02 37 0.125696
2013 07 02 07 02 38 0.132352
2013 07 02 07 02 39 0.139008
2013 07 02 07 02 40 0.145408
2013 07 02 07 02 41 0.152064
2013 07 02 07 02 42 0.158720
2013 07 02 07 02 43 0.165120
2013 07 02 07 02 44 0.171776
2013 07 02 07 02 45 0.178432
2013 07 02 07 02 46 0.184832
2013 07 02 07 02 47 0.191488
2013 07 02 07 02 48 0.198144
2013 07 02 07 02 49 0.204544
2013 07 02 07 02 50 0.211200
2013 07 02 07 02 51 0.217856
2013 07 02 07 02 52 0.476160
2013 07 02 07 02 53 0.482816
2013 07 02 07 02 54 0.740864
2013 07 02 07 02 55 0.747264
2013 07 02 07 02 56 0.753920
2013 07 02 07 02 57 0.760576
2013 07 02 07 02 58 0.766976
2013 07 02 07 02 59 0.773632
2013 07 02 07 03 00 0.780288
2013 07 02 07 03 01 0.786688
2013 07 02 07 03 02 0.793344
2013 07 02 07 03 03 0.800000
2013 07 02 07 03 04 0.806656
2013 07 02 07 03 05 0.813056
2013 07 02 07 03 06 0.819712
2013 07 02 07 03 07 0.826368
2013 07 02 07 03 08 0.832768
2013 07 02 07 03 09 0.839424
2013 07 02 07 03 10 0.846080
2013 07 02 07 03 11 0.852480
2013 07 02 07 03 12 0.859136
2013 07 02 07 03 13 0.865792
2013 07 02 07 03 14 0.872192
2013 07 02 07 03 16 0.130560
2013 07 02 07 03 17 0.137216
2013 07 02 07 03 18 0.143872
2013 07 02 07 03 19 0.150528
2013 07 02 07 03 20 0.156928
2013 07 02 07 03 21 0.163584
2013 07 02 07 03 22 0.170240
2013 07 02 07 03 23 0.176640
2013 07 02 07 03 24 0.183296
2013 07 02 07 03 25 0.189952
2013 07 02 07 03 26 0.196352
2013 07 02 07 03 27 0.203008
2013 07 02 07 03 28 0.209408
2013 07 02 07 03 29 0.216064
2013 07 02 07 03 30 0.222720
2013 07 02 07 03 31 0.229120
2013 07 02 07 03 32 0.235776
2013 07 02 07 03 33 0.242432
2013 07 02 07 03 34 0.249088
2013 07 02 07 03 35 0.255488
2013 07 02 07 03 36 0.262144
2013 07 02 07 03 37 0.268800
2013 07 02 07 03 38 0.275200
2013 07 02 07 03 39 0.281856
2013 07 02 07 03 40 0.288512
2013 07 02 07 03 41 0.294912
2013 07 02 07 03 42 0.301568
2013 07 02 07 03 43 0.308224
2013 07 02 07 03 44 0.314624
2013 07 02 07 03 45 0.321280
2013 07 02 07 03 46 0.327936
2013 07 02 07 03 47 0.334592
2013 07 02 07 03 48 0.340992
2013 07 02 07 03 49 0.347648
2013 07 02 07 03 50 0.354048
2013 07 02 07 03 51 0.360704
2013 07 02 07 03 52 0.367360
2013 07 02 07 03 53 0.373760
2013 07 02 07 03 54 0.380416
2013 07 02 07 03 55 0.387072
2013 07 02 07 03 56 0.393472
2013 07 02 07 03 57 0.400128
2013 07 02 07 03 58 0.406784
2013 07 02 07 03 59 0.413440
2013 07 02 07 04 00 0.419840
2013 07 02 07 04 01 0.426496
2013 07 02 07 04 02 0.433152
2013 07 02 07 04 03 0.439808
2013 07 02 07 04 04 0.446208
2013 07 02 07 04 05 0.452864
2013 07 02 07 04 06 0.459264
2013 07 02 07 04 07 0.465920
2013 07 02 07 04 08 0.472576
2013 07 02 07 04 09 0.478976
2013 07 02 07 04 10 0.485632
2013 07 02 07 04 11 0.492288
2013 07 02 07 04 12 0.498688
2013 07 02 07 04 13 0.505344
2013 07 02 07 04 14 0.512000
2013 07 02 07 04 15 0.518400
2013 07 02 07 04 16 0.525056
2013 07 02 07 04 17 0.531712
2013 07 02 07 04 18 0.538368
2013 07 02 07 04 19 0.544768
2013 07 02 07 04 20 0.551424
2013 07 02 07 04 21 0.558080
2013 07 02 07 04 22 0.816128
2013 07 02 07 04 23 0.822528
2013 07 02 07 04 24 0.829184
2013 07 02 07 04 25 0.835840
2013 07 02 07 04 26 0.842240
2013 07 02 07 04 27 0.848896
2013 07 02 07 04 28 0.855552
2013 07 02 07 04 29 0.861952
2013 07 02 07 04 30 0.617216
2013 07 02 07 04 31 0.623616
2013 07 02 07 04 32 0.630272
2013 07 02 07 04 33 0.385024
2013 07 02 07 04 34 0.391680
2013 07 02 07 04 35 0.398080
2013 07 02 07 04 36 0.404736
2013 07 02 07 04 37 0.411392
2013 07 02 07 04 38 0.418048
2013 07 02 07 04 39 0.424448
2013 07 02 07 04 40 0.431104
2013 07 02 07 04 41 0.437760
2013 07 02 07 04 42 0.444160
2013 07 02 07 04 43 0.450816
2013 07 02 07 04 44 0.457472
2013 07 02 07 04 45 0.463872
2013 07 02 07 04 46 0.470528
2013 07 02 07 04 47 0.477184
2013 07 02 07 04 48 0.483584
2013 07 02 07 04 49 0.490240
2013 07 02 07 04 50 0.496896
2013 07 02 07 04 51 0.503296
2013 07 02 07 04 52 0.509952
2013 07 02 07 04 53 0.516608
2013 07 02 07 04 54 0.271616
2013 07 02 07 04 55 0.278272
2013 07 02 07 04 56 0.284672
2013 07 02 07 04 57 0.291328
2013 07 02 07 04 58 0.297984
2013 07 02 07 04 59 0.304640
2013 07 02 07 05 00 0.311040
2013 07 02 07 05 01 0.317696
2013 07 02 07 05 02 0.324352
2013 07 02 07 05 03 0.330752
2013 07 02 07 05 04 0.337408
2013 07 02 07 05 05 0.344064
2013 07 02 07 05 06 0.350464
2013 07 02 07 05 07 0.357120
2013 07 02 07 05 08 0.363520
2013 07 02 07 05 09 0.370176
2013 07 02 07 05 10 0.377088
2013 07 02 07 05 11 0.383232
2013 07 02 07 05 12 0.389888
2013 07 02 07 05 13 0.647936
2013 07 02 07 05 14 0.654592
2013 07 02 07 05 15 0.661248
2013 07 02 07 05 16 0.667648
2013 07 02 07 05 17 0.674304
2013 07 02 07 05 18 0.680960
2013 07 02 07 05 19 0.687360
2013 07 02 07 05 20 0.694016
2013 07 02 07 05 21 0.700672
2013 07 02 07 05 22 0.707072
2013 07 02 07 05 23 0.713728
2013 07 02 07 05 24 0.720384
2013 07 02 07 05 25 0.726784
2013 07 02 07 05 26 0.733440
2013 07 02 07 05 27 0.740096
2013 07 02 07 05 28 0.746496
2013 07 02 07 05 29 0.753152
2013 07 02 07 05 30 0.759808
2013 07 02 07 05 31 0.766464
2013 07 02 07 05 32 0.772864
2013 07 02 07 05 33 0.779520
2013 07 02 07 05 34 0.786176
2013 07 02 07 05 36 0.044544
2013 07 02 07 05 37 0.050944
2013 07 02 07 05 38 0.057600
2013 07 02 07 05 39 0.064256
2013 07 02 07 05 40 0.070656
2013 07 02 07 05 41 0.077312
2013 07 02 07 05 42 0.083968
2013 07 02 07 05 43 0.090624
2013 07 02 07 05 44 0.097024
2013 07 02 07 05 45 0.355072
2013 07 02 07 05 46 0.361728
2013 07 02 07 05 47 0.368128
2013 07 02 07 05 48 0.374784
2013 07 02 07 05 49 0.381440
2013 07 02 07 05 50 0.387840
2013 07 02 07 05 51 0.394496
2013 07 02 07 05 52 0.401152
2013 07 02 07 05 53 0.156160
2013 07 02 07 05 54 0.162816
2013 07 02 07 05 55 0.169216
2013 07 02 07 05 56 0.175872
2013 07 02 07 05 57 0.182528
2013 07 02 07 05 58 0.189184
2013 07 02 07 05 59 0.195584
2013 07 02 07 06 00 0.202240
2013 07 02 07 06 01 0.208896
2013 07 02 07 06 02 0.466944
2013 07 02 07 06 03 0.473344
2013 07 02 07 06 04 0.480000
2013 07 02 07 06 05 0.486656
2013 07 02 07 06 06 0.493056
2013 07 02 07 06 07 0.499712
2013 07 02 07 06 08 0.506368
2013 07 02 07 06 09 0.512768
2013 07 02 07 06 10 0.519424
2013 07 02 07 06 11 0.526080
2013 07 02 07 06 12 0.532480
2013 07 02 07 06 13 0.791040
2013 07 02 07 06 15 0.048896
2013 07 02 07 06 16 0.055552
2013 07 02 07 06 17 0.062208
2013 07 02 07 06 18 0.068864
2013 07 02 07 06 19 0.075264
2013 07 02 07 06 20 0.081920
2013 07 02 07 06 21 0.088576
2013 07 02 07 06 22 0.094976
2013 07 02 07 06 23 0.101632
2013 07 02 07 06 24 0.108288
2013 07 02 07 06 25 0.114688
2013 07 02 07 06 26 0.121344
2013 07 02 07 06 27 0.128000
2013 07 02 07 06 28 0.134400
2013 07 02 07 06 29 0.141056
2013 07 02 07 06 30 0.147712
2013 07 02 07 06 31 0.154112
2013 07 02 07 06 32 0.160768
2013 07 02 07 06 33 0.167680
2013 07 02 07 06 34 0.173824
2013 07 02 07 06 35 0.180480
2013 07 02 07 06 36 0.187136
2013 07 02 07 06 37 0.193536
2013 07 02 07 06 38 0.200192
2013 07 02 07 06 39 0.206848
2013 07 02 07 06 40 0.213248
2013 07 02 06 54 40 0.513024
2013 07 02 06 54 41 0.519424
2013 07 02 06 54 42 0.526080
2013 07 02 06 54 43 0.532736
2013 07 02 06 54 44 0.539136
2013 07 02 06 54 45 0.545792
2013 07 02 06 54 46 0.552448
2013 07 02 06 54 47 0.307456
2013 07 02 06 54 48 0.314112
2013 07 02 06 54 49 0.320512
2013 07 02 06 54 50 0.327168
2013 07 02 06 54 51 0.333824
2013 07 02 06 54 52 0.340224
2013 07 02 06 54 53 0.346880
2013 07 02 06 54 54 0.353536
2013 07 02 06 54 55 0.359936
2013 07 02 06 54 56 0.366592
2013 07 02 06 54 57 0.373248
2013 07 02 06 54 58 0.379904
2013 07 02 06 54 59 0.386304
2013 07 02 06 55 00 0.392960
2013 07 02 06 55 01 0.399616
2013 07 02 06 55 02 0.406016
2013 07 02 06 55 03 0.412672
2013 07 02 06 55 04 0.419328
2013 07 02 06 55 05 0.425728
2013 07 02 06 55 06 0.432384
2013 07 02 06 55 07 0.439040
2013 07 02 06 55 08 0.445440
2013 07 02 06 55 09 0.452096
2013 07 02 06 55 10 0.458752
2013 07 02 06 55 11 0.465152
2013 07 02 06 55 12 0.471808
2013 07 02 06 55 13 0.478464
2013 07 02 06 55 14 0.484864
2013 07 02 06 55 15 0.491520
2013 07 02 06 55 16 0.498176
2013 07 02 06 55 17 0.504576
2013 07 02 06 55 18 0.511232
2013 07 02 06 55 19 0.517888
2013 07 02 06 55 20 0.524288
2013 07 02 06 55 21 0.530944
2013 07 02 06 55 22 0.537600
2013 07 02 06 55 23 0.292352
2013 07 02 06 55 24 0.299008
2013 07 02 06 55 25 0.305408
2013 07 02 06 55 26 0.312064
2013 07 02 06 55 27 0.318720
2013 07 02 06 55 28 0.325120
2013 07 02 06 55 29 0.331776
2013 07 02 06 55 30 0.338432
2013 07 02 06 55 31 0.344832
2013 07 02 06 55 32 0.351488
2013 07 02 06 55 33 0.358144
2013 07 02 06 55 34 0.364544
2013 07 02 06 55 35 0.371200
2013 07 02 06 55 36 0.377856
2013 07 02 06 55 37 0.132864
2013 07 02 06 55 38 0.139520
2013 07 02 06 55 39 0.146176
2013 07 02 06 55 40 0.152576
2013 07 02 06 55 41 0.159232
2013 07 02 06 55 42 0.165632
2013 07 02 06 55 43 0.172288
2013 07 02 06 55 44 0.178944
2013 07 02 06 55 45 0.185600
2013 07 02 06 55 46 0.192000
2013 07 02 06 55 47 0.198656
2013 07 02 06 55 48 0.205056
2013 07 02 06 55 49 0.211712
2013 07 02 06 55 50 0.218368
2013 07 02 06 55 51 0.224768
2013 07 02 06 55 52 0.231424
2013 07 02 06 55 53 0.238080
2013 07 02 06 55 54 0.244480
2013 07 02 06 55 55 0.251136
2013 07 02 06 55 56 0.257792
2013 07 02 06 55 57 0.264192
2013 07 02 06 55 58 0.270848
2013 07 02 06 55 59 0.277504
2013 07 02 06 56 00 0.284160
2013 07 02 06 56 01 0.290816
2013 07 02 06 56 02 0.548608
2013 07 02 06 56 03 0.555264
2013 07 02 06 56 04 0.561920
2013 07 02 06 56 05 0.568320
2013 07 02 06 56 06 0.574976
2013 07 02 06 56 07 0.581632
2013 07 02 06 56 08 0.588032
2013 07 02 06 56 09 0.594688
2013 07 02 06 56 10 0.601344
2013 07 02 06 56 11 0.608000
2013 07 02 06 56 12 0.614400
2013 07 02 06 56 13 0.621056
2013 07 02 06 56 14 0.627712
2013 07 02 06 56 15 0.634112
2013 07 02 06 56 16 0.640768
2013 07 02 06 56 17 0.647424
2013 07 02 06 56 18 0.653824
2013 07 02 06 56 19 0.660480
2013 07 02 06 56 20 0.667136
2013 07 02 06 56 21 0.422144
2013 07 02 06 56 22 0.428800
2013 07 02 06 56 23 0.435456
2013 07 02 06 56 24 0.441856
2013 07 02 06 56 25 0.448512
2013 07 02 06 56 26 0.454912
2013 07 02 06 56 27 0.461568
2013 07 02 06 56 28 0.468224
2013 07 02 06 56 29 0.474624
2013 07 02 06 56 30 0.481280
2013 07 02 06 56 31 0.487936
2013 07 02 06 56 32 0.745984
2013 07 02 06 56 33 0.752384
2013 07 02 06 56 34 0.759040
2013 07 02 06 56 35 0.765696
2013 07 02 06 56 36 0.772096
2013 07 02 06 56 37 0.778752
2013 07 02 06 56 38 0.785408
2013 07 02 06 56 39 0.792064
2013 07 02 06 56 40 0.798464
2013 07 02 06 56 41 0.805120
2013 07 02 06 56 42 0.811776
2013 07 02 06 56 43 0.818176
2013 07 02 06 56 44 0.824832
2013 07 02 06 56 45 0.831488
2013 07 02 06 56 46 0.837888
2013 07 02 06 56 47 0.844544
2013 07 02 06 56 48 0.851200
2013 07 02 06 56 49 0.857600
2013 07 02 06 56 50 0.864256
2013 07 02 06 56 51 0.870912
2013 07 02 06 56 52 0.877312
2013 07 02 06 56 53 0.883968
2013 07 02 06 56 54 0.890624
2013 07 02 06 56 55 0.897024
2013 07 02 06 56 56 0.903680
2013 07 02 06 56 57 0.910336
2013 07 02 06 56 58 0.916736
2013 07 02 06 56 59 0.923392
2013 07 02 06 57 00 0.930048
2013 07 02 06 57 01 0.936704
2013 07 02 06 57 02 0.943104
2013 07 02 06 57 03 0.949760
2013 07 02 06 57 04 0.956416
2013 07 02 06 57 05 0.962816
2013 07 02 06 57 06 0.969472
2013 07 02 06 57 07 0.976128
2013 07 02 06 57 08 0.982528
2013 07 02 06 57 09 0.989184
2013 07 02 06 57 10 0.995840
2013 07 02 06 57 12 0.002304
2013 07 02 06 57 13 0.008960
2013 07 02 06 57 14 0.015360
2013 07 02 06 57 15 0.022016
2013 07 02 06 57 16 0.028672
2013 07 02 06 57 17 0.035072
2013 07 02 06 57 18 0.041728
2013 07 02 06 57 19 0.048384
2013 07 02 06 57 20 0.055040
2013 07 02 06 57 21 0.061440
2013 07 02 06 57 22 0.068096
2013 07 02 06 57 23 0.074752
2013 07 02 06 57 24 0.081152
2013 07 02 06 57 25 0.339712
2013 07 02 06 57 26 0.346112
2013 07 02 06 57 27 0.352768
2013 07 02 06 57 28 0.359424
2013 07 02 06 57 29 0.365824
2013 07 02 06 57 30 0.372480
2013 07 02 06 57 31 0.127232
2013 07 02 06 57 32 0.133888
2013 07 02 06 57 33 0.140288
2013 07 02 06 57 34 0.146944
2013 07 02 06 57 34 0.902144
2013 07 02 06 57 35 0.908544
2013 07 02 06 57 36 0.915200
2013 07 02 06 57 37 0.921856
2013 07 02 06 57 38 0.928256
2013 07 02 06 57 39 0.934912
2013 07 02 06 57 40 0.941568
2013 07 02 06 57 41 0.948224
2013 07 02 06 57 42 0.954624
2013 07 02 06 57 43 0.961280
2013 07 02 06 57 44 0.967936
2013 07 02 06 57 45 0.974336
2013 07 02 06 57 46 0.980992
2013 07 02 06 57 47 0.987392
2013 07 02 06 57 48 0.994048
2013 07 02 06 57 50 0.000512
2013 07 02 06 57 51 0.007168
2013 07 02 06 57 52 0.013824
2013 07 02 06 57 53 0.020480
2013 07 02 06 57 54 0.026880
2013 07 02 06 57 55 0.033536
2013 07 02 06 57 56 0.040192
2013 07 02 06 57 57 0.046592
2013 07 02 06 57 58 0.053248
2013 07 02 06 57 59 0.059904
2013 07 02 06 58 00 0.066560
2013 07 02 06 58 01 0.072960
2013 07 02 06 58 02 0.079616
2013 07 02 06 58 03 0.086272
2013 07 02 06 58 04 0.092672
2013 07 02 06 58 05 0.099328
2013 07 02 06 58 06 0.105984
2013 07 02 06 58 07 0.112384
2013 07 02 06 58 08 0.119040
2013 07 02 06 58 09 0.125696
2013 07 02 06 58 10 0.132096
2013 07 02 06 58 11 0.138752
2013 07 02 06 58 12 0.145152
2013 07 02 06 58 13 0.151808
2013 07 02 06 58 14 0.158464
2013 07 02 06 58 15 0.165120
2013 07 02 06 58 16 0.171520
2013 07 02 06 58 17 0.178176
2013 07 02 06 58 18 0.184832
2013 07 02 06 58 19 0.191488
2013 07 02 06 58 20 0.197888
2013 07 02 06 58 21 0.204544
2013 07 02 06 58 22 0.211200
2013 07 02 06 58 23 0.217600
2013 07 02 06 58 24 0.224256
2013 07 02 06 58 25 0.230912
2013 07 02 06 58 26 0.237312
2013 07 02 06 58 27 0.243968
2013 07 02 06 58 28 0.250368
2013 07 02 06 58 29 0.257024
2013 07 02 06 58 30 0.263680
2013 07 02 06 58 31 0.270080
2013 07 02 06 58 32 0.276736
2013 07 02 06 58 33 0.534784
2013 07 02 06 58 34 0.541440
2013 07 02 06 58 35 0.799744
2013 07 02 06 58 36 0.806400
2013 07 02 06 58 37 0.813056
2013 07 02 06 58 38 0.819456
2013 07 02 06 58 39 0.826112
2013 07 02 06 58 40 0.832768
2013 07 02 06 58 41 0.839168
2013 07 02 06 58 42 0.845824
2013 07 02 06 58 43 0.852480
2013 07 02 06 58 44 0.858880
2013 07 02 06 58 45 0.865536
2013 07 02 06 58 46 0.872192
2013 07 02 06 58 47 0.878592
2013 07 02 06 58 48 0.885248
2013 07 02 06 58 49 0.891904
2013 07 02 06 58 50 0.898304
2013 07 02 06 58 51 0.904960
2013 07 02 06 58 52 0.911616
2013 07 02 06 58 53 0.918016
2013 07 02 06 58 54 0.924672
2013 07 02 06 58 55 0.931328
2013 07 02 06 58 56 0.937728
2013 07 02 06 58 57 0.944384
2013 07 02 06 58 58 0.951040
2013 07 02 06 58 59 0.957696
2013 07 02 06 59 00 0.964096
2013 07 02 06 59 01 0.970752
2013 07 02 06 59 02 0.977408
2013 07 02 06 59 03 0.983808
2013 07 02 06 59 04 0.990464
2013 07 02 06 59 05 0.997120
2013 07 02 06 59 07 0.003584
2013 07 02 06 59 08 0.010240
2013 07 02 06 59 09 0.016640
2013 07 02 06 59 10 0.274688
2013 07 02 06 59 11 0.281344
2013 07 02 06 59 12 0.288000
2013 07 02 06 59 13 0.294400
2013 07 02 06 59 14 0.301056
2013 07 02 06 59 15 0.307712
2013 07 02 06 59 16 0.314112
2013 07 02 06 59 17 0.320768
2013 07 02 06 59 18 0.327424
2013 07 02 06 59 19 0.333824
2013 07 02 06 59 20 0.340480
2013 07 02 06 59 21 0.347136
2013 07 02 06 59 22 0.353792
2013 07 02 06 59 23 0.360192
2013 07 02 06 59 24 0.115456
2013 07 02 06 59 25 0.121856
2013 07 02 06 59 26 0.128512
2013 07 02 06 59 27 0.135168
2013 07 02 06 59 28 0.141568
2013 07 02 06 59 29 0.148224
2013 07 02 06 59 30 0.154880
2013 07 02 06 59 30 0.909568
2013 07 02 06 59 31 0.916224
2013 07 02 06 59 32 0.922624
2013 07 02 06 59 33 0.929280
2013 07 02 06 59 34 0.935936
2013 07 02 06 59 35 0.942336
2013 07 02 06 59 36 0.948992
2013 07 02 06 59 37 0.955648
2013 07 02 06 59 38 0.962048
2013 07 02 06 59 39 0.968704
2013 07 02 06 59 40 0.975360
2013 07 02 06 59 41 0.981760
2013 07 02 06 59 42 0.988416
2013 07 02 06 59 43 0.995072
2013 07 02 06 59 45 0.001536
2013 07 02 06 59 46 0.008192
2013 07 02 06 59 47 0.014848
2013 07 02 06 59 48 0.021248
2013 07 02 06 59 49 0.027904
2013 07 02 06 59 50 0.034560
2013 07 02 06 59 51 0.040960
2013 07 02 06 59 52 0.047616
2013 07 02 06 59 53 0.054272
2013 07 02 06 59 54 0.060672
2013 07 02 06 59 55 0.067328
2013 07 02 06 59 56 0.073984
2013 07 02 06 59 57 0.080384
2013 07 02 06 59 58 0.338944
2013 07 02 06 59 59 0.345344
2013 07 02 07 00 00 0.603392
2013 07 02 07 00 01 0.610048
2013 07 02 07 00 02 0.868608
2013 07 02 07 00 04 0.126464
2013 07 02 07 00 05 0.133120
2013 07 02 07 00 06 0.139520
2013 07 02 07 00 07 0.146176
2013 07 02 07 00 08 0.152832
2013 07 02 07 00 09 0.159232
2013 07 02 07 00 10 0.165888
2013 07 02 07 00 11 0.172544
2013 07 02 07 00 12 0.179200
2013 07 02 07 00 13 0.185600
2013 07 02 07 00 14 0.192256
2013 07 02 07 00 15 0.198912
2013 07 02 07 00 16 0.205312
2013 07 02 07 00 17 0.211968
2013 07 02 07 00 18 0.218624
2013 07 02 07 00 19 0.225024
2013 07 02 07 00 20 0.231680
2013 07 02 07 00 21 0.238336
2013 07 02 07 00 22 0.244736
2013 07 02 07 00 23 0.251392
2013 07 02 07 00 24 0.258048
2013 07 02 07 00 25 0.264448
2013 07 02 07 00 26 0.271104
2013 07 02 07 00 27 0.277760
2013 07 02 07 00 28 0.284160
2013 07 02 07 00 29 0.290816
2013 07 02 07 00 30 0.297472
2013 07 02 07 00 31 0.303872
2013 07 02 07 00 32 0.310528
2013 07 02 07 00 33 0.317184
2013 07 02 07 00 34 0.323840
2013 07 02 07 00 35 0.330240
2013 07 02 07 00 36 0.336896
2013 07 02 07 00 37 0.343552
2013 07 02 07 00 38 0.349952
2013 07 02 07 00 39 0.608512
2013 07 02 07 00 40 0.614912
2013 07 02 07 00 41 0.621568
2013 07 02 07 00 42 0.628224
2013 07 02 07 00 43 0.634624
2013 07 02 07 00 44 0.892672
2013 07 02 07 00 45 0.899328
2013 07 02 07 00 46 0.905984
2013 07 02 07 00 47 0.912384
2013 07 02 07 00 48 0.919040
2013 07 02 07 00 49 0.925696
2013 07 02 07 00 50 0.932096
2013 07 02 07 00 51 0.938752
2013 07 02 07 00 52 0.945408
2013 07 02 07 00 53 0.951808
2013 07 02 07 00 54 0.958464
2013 07 02 07 00 55 0.965120
2013 07 02 07 00 56 0.720128
2013 07 02 07 00 57 0.726784
2013 07 02 07 00 58 0.733440
2013 07 02 07 00 59 0.739840
2013 07 02 07 01 00 0.746496
2013 07 02 07 01 01 0.753152
2013 07 02 07 01 02 0.759552
2013 07 02 07 01 03 0.766208
2013 07 02 07 01 04 0.772864
2013 07 02 07 01 05 0.779264
2013 07 02 07 01 06 0.785920
2013 07 02 07 01 07 0.792576
2013 07 02 07 01 08 0.798976
2013 07 02 07 01 09 0.805632
2013 07 02 07 01 10 0.812032
2013 07 02 07 01 11 0.818688
2013 07 02 07 01 12 0.825344
2013 07 02 07 01 13 0.832000
2013 07 02 07 01 14 0.838400
2013 07 02 07 01 15 0.845056
2013 07 02 07 01 16 0.851712
2013 07 02 07 01 17 0.858112
2013 07 02 07 01 18 0.864768
2013 07 02 07 01 19 0.871424
2013 07 02 07 01 20 0.877824
2013 07 02 07 01 21 0.884480
2013 07 02 07 01 22 0.891136
2013 07 02 07 01 23 0.897792
2013 07 02 07 01 24 0.652288
2013 07 02 07 01 25 0.658944
2013 07 02 07 01 26 0.665600
2013 07 02 07 01 27 0.672256
2013 07 02 07 01 28 0.678656
2013 07 02 07 01 29 0.685312
2013 07 02 07 01 30 0.691968
2013 07 02 07 01 31 0.950272
2013 07 02 07 01 32 0.956672
2013 07 02 07 01 33 0.963328
2013 07 02 07 01 34 0.969984
2013 07 02 07 01 35 0.976384
2013 07 02 07 01 36 0.983040
2013 07 02 07 01 37 0.989696
2013 07 02 07 01 38 0.996352
2013 07 02 07 01 40 0.002816
2013 07 02 07 01 41 0.260864
2013 07 02 07 01 42 0.519424
2013 07 02 07 01 43 0.525824
2013 07 02 07 01 44 0.532480
2013 07 02 07 01 45 0.539136
2013 07 02 07 01 46 0.545536
2013 07 02 07 01 47 0.552192
2013 07 02 07 01 48 0.558592
2013 07 02 07 01 49 0.565248
2013 07 02 07 01 50 0.571904
2013 07 02 07 01 51 0.578304
2013 07 02 07 01 52 0.584960
2013 07 02 07 01 53 0.591616
2013 07 02 07 01 54 0.598016
2013 07 02 07 01 55 0.604672
2013 07 02 07 01 56 0.611328
2013 07 02 07 01 57 0.617728
2013 07 02 07 01 58 0.624384
2013 07 02 07 01 59 0.631040
2013 07 02 07 02 00 0.637696
2013 07 02 07 02 01 0.644352
2013 07 02 07 02 02 0.650752
2013 07 02 07 02 03 0.657408
2013 07 02 07 02 04 0.663808
2013 07 02 07 02 05 0.670464
2013 07 02 07 02 06 0.677120
2013 07 02 07 02 07 0.683776
2013 07 02 07 02 08 0.690176
2013 07 02 07 02 09 0.696832
2013 07 02 07 02 10 0.703232
2013 07 02 07 02 11 0.709888
2013 07 02 07 02 12 0.716544
2013 07 02 07 02 13 0.722944
2013 07 02 07 02 14 0.729600
2013 07 02 07 02 15 0.736256
2013 07 02 07 02 16 0.742656
2013 07 02 07 02 17 0.749312
2013 07 02 07 02 18 0.755968
2013 07 02 07 02 19 0.762624
2013 07 02 07 02 20 0.769024
2013 07 02 07 02 21 0.775680
2013 07 02 07 02 22 0.782336
2013 07 02 07 02 23 0.788736
2013 07 02 07 02 24 0.795392
2013 07 02 07 02 25 0.802048
2013 07 02 07 02 26 0.808448
2013 07 02 07 02 27 0.815104
2013 07 02 07 02 28 0.821760
2013 07 02 07 02 29 0.828160
2013 07 02 07 02 30 0.834816
2013 07 02 07 02 31 0.841472
2013 07 02 07 02 32 0.847872
2013 07 02 07 02 33 0.854528
2013 07 02 07 02 34 0.861184
2013 07 02 07 02 35 0.867584
2013 07 02 07 02 36 0.874240
2013 07 02 07 02 37 0.880896
2013 07 02 07 02 38 0.887552
2013 07 02 07 02 39 0.893952
2013 07 02 07 02 40 0.900608
2013 07 02 07 02 41 0.907264
2013 07 02 07 02 42 0.913664
2013 07 02 07 02 43 0.920320
2013 07 02 07 02 44 0.926976
2013 07 02 07 02 45 0.933376
2013 07 02 07 02 46 0.940032
2013 07 02 07 02 47 0.946432
2013 07 02 07 02 48 0.953088
2013 07 02 07 02 49 0.959744
2013 07 02 07 02 50 0.966400
2013 07 02 07 02 51 0.972800
2013 07 02 07 02 52 0.979456
2013 07 02 07 02 53 0.985856
2013 07 02 07 02 54 0.992512
2013 07 02 07 02 55 0.999168
2013 07 02 07 02 57 0.005632
2013 07 02 07 02 58 0.012288
2013 07 02 07 02 59 0.018944
2013 07 02 07 03 00 0.025600
2013 07 02 07 03 01 0.283648
2013 07 02 07 03 02 0.541952
2013 07 02 07 03 03 0.548608
2013 07 02 07 03 04 0.555008
2013 07 02 07 03 05 0.561664
2013 07 02 07 03 06 0.568320
2013 07 02 07 03 07 0.574720
2013 07 02 07 03 08 0.581376
2013 07 02 07 03 09 0.587776
2013 07 02 07 03 10 0.594432
2013 07 02 07 03 11 0.601088
2013 07 02 07 03 12 0.607744
2013 07 02 07 03 13 0.614144
2013 07 02 07 03 14 0.620800
2013 07 02 07 03 15 0.627200
2013 07 02 07 03 16 0.633856
2013 07 02 07 03 17 0.640512
2013 07 02 07 03 18 0.647936
2013 07 02 07 03 19 0.653568
2013 07 02 07 03 20 0.660224
2013 07 02 07 03 21 0.666880
2013 07 02 07 03 22 0.673280
2013 07 02 07 03 23 0.679936
2013 07 02 07 03 24 0.686592
2013 07 02 07 03 25 0.693248
2013 07 02 07 03 26 0.699648
2013 07 02 07 03 27 0.706304
2013 07 02 07 03 28 0.712704
2013 07 02 07 03 29 0.719360
2013 07 02 07 03 30 0.726016
2013 07 02 07 03 31 0.732416
2013 07 02 07 03 32 0.739072
2013 07 02 07 03 33 0.997120
2013 07 02 07 03 35 0.003840
2013 07 02 07 03 36 0.010240
2013 07 02 07 03 37 0.016896
2013 07 02 07 03 38 0.023552
2013 07 02 07 03 39 0.029952
2013 07 02 07 03 40 0.036608
2013 07 02 07 03 41 0.043264
2013 07 02 07 03 42 0.049920
2013 07 02 07 03 43 0.056320
2013 07 02 07 03 44 0.062976
2013 07 02 07 03 45 0.069376
2013 07 02 07 03 46 0.076032
2013 07 02 07 03 47 0.082688
2013 07 02 07 03 48 0.089088
2013 07 02 07 03 49 0.095744
2013 07 02 07 03 50 0.102400
2013 07 02 07 03 51 0.109056
2013 07 02 07 03 52 0.115456
2013 07 02 07 03 53 0.122112
2013 07 02 07 03 54 0.128768
2013 07 02 07 03 55 0.135168
2013 07 02 07 03 56 0.141824
2013 07 02 07 03 57 0.148480
2013 07 02 07 03 58 0.154880
2013 07 02 07 03 59 0.161536
2013 07 02 07 04 00 0.168192
2013 07 02 07 04 00 0.923136
2013 07 02 07 04 01 0.929792
2013 07 02 07 04 02 0.936448
2013 07 02 07 04 03 0.942848
2013 07 02 07 04 04 0.949504
2013 07 02 07 04 05 0.956160
2013 07 02 07 04 06 0.962816
2013 07 02 07 04 07 0.969216
2013 07 02 07 04 08 0.975872
2013 07 02 07 04 09 0.982272
2013 07 02 07 04 10 0.988928
2013 07 02 07 04 11 0.995584
2013 07 02 07 04 13 0.002048
2013 07 02 07 04 14 0.008704
2013 07 02 07 04 15 0.015104
2013 07 02 07 04 16 0.021760
2013 07 02 07 04 17 0.028416
2013 07 02 07 04 18 0.035072
2013 07 02 07 04 19 0.041472
2013 07 02 07 04 19 0.796416
2013 07 02 07 04 20 0.802816
2013 07 02 07 04 22 0.061184
2013 07 02 07 04 23 0.067840
2013 07 02 07 04 24 0.074496
2013 07 02 07 04 25 0.080896
2013 07 02 07 04 26 0.087552
2013 07 02 07 04 27 0.094208
2013 07 02 07 04 28 0.100608
2013 07 02 07 04 29 0.107264
2013 07 02 07 04 30 0.113920
2013 07 02 07 04 31 0.371968
2013 07 02 07 04 32 0.378368
2013 07 02 07 04 33 0.636928
2013 07 02 07 04 34 0.643328
2013 07 02 07 04 35 0.649984
2013 07 02 07 04 36 0.656640
2013 07 02 07 04 37 0.663040
2013 07 02 07 04 38 0.669696
2013 07 02 07 04 39 0.676352
2013 07 02 07 04 40 0.683008
2013 07 02 07 04 41 0.689408
2013 07 02 07 04 42 0.696064
2013 07 02 07 04 43 0.702720
2013 07 02 07 04 44 0.709120
2013 07 02 07 04 45 0.715776
2013 07 02 07 04 46 0.722432
2013 07 02 07 04 47 0.728832
2013 07 02 07 04 48 0.735488
2013 07 02 07 04 49 0.741888
2013 07 02 07 04 50 0.748544
2013 07 02 07 04 51 0.755200
2013 07 02 07 04 52 0.761600
2013 07 02 07 04 53 0.768256
2013 07 02 07 04 54 0.774912
2013 07 02 07 04 55 0.529664
2013 07 02 07 04 56 0.536320
2013 07 02 07 04 57 0.542720
2013 07 02 07 04 58 0.549376
2013 07 02 07 04 59 0.556032
2013 07 02 07 05 00 0.562432
2013 07 02 07 05 01 0.569088
2013 07 02 07 05 02 0.575744
2013 07 02 07 05 03 0.582144
2013 07 02 07 05 04 0.588800
2013 07 02 07 05 05 0.595456
2013 07 02 07 05 06 0.602112
2013 07 02 07 05 07 0.608512
2013 07 02 07 05 08 0.615168
2013 07 02 07 05 09 0.621824
2013 07 02 07 05 10 0.628224
2013 07 02 07 05 11 0.634880
2013 07 02 07 05 12 0.641536
2013 07 02 07 05 13 0.396544
2013 07 02 07 05 14 0.402944
2013 07 02 07 05 15 0.409600
2013 07 02 07 05 16 0.416256
2013 07 02 07 05 17 0.422912
2013 07 02 07 05 18 0.429568
2013 07 02 07 05 19 0.435968
2013 07 02 07 05 20 0.190720
2013 07 02 07 05 21 0.197376
2013 07 02 07 05 22 0.203776
2013 07 02 07 05 23 0.210432
2013 07 02 07 05 24 0.217088
2013 07 02 07 05 25 0.223488
2013 07 02 07 05 26 0.230144
2013 07 02 07 05 27 0.236800
2013 07 02 07 05 28 0.243200
2013 07 02 07 05 29 0.249856
2013 07 02 07 05 30 0.256512
2013 07 02 07 05 31 0.011520
2013 07 02 07 05 32 0.018176
2013 07 02 07 05 33 0.024832
2013 07 02 07 05 34 0.031232
2013 07 02 07 05 35 0.037888
2013 07 02 07 05 35 0.792576
2013 07 02 07 05 36 0.799232
2013 07 02 07 05 37 0.805888
2013 07 02 07 05 38 0.812288
2013 07 02 07 05 39 0.818944
2013 07 02 07 05 40 0.825600
2013 07 02 07 05 41 0.832000
2013 07 02 07 05 42 0.838656
2013 07 02 07 05 43 0.845312
2013 07 02 07 05 44 0.851712
2013 07 02 07 05 45 0.858368
2013 07 02 07 05 46 0.865024
2013 07 02 07 05 47 0.871424
2013 07 02 07 05 48 0.878080
2013 07 02 07 05 50 0.136448
2013 07 02 07 05 51 0.143104
2013 07 02 07 05 52 0.149504
2013 07 02 07 05 53 0.407552
2013 07 02 07 05 54 0.414208
2013 07 02 07 05 55 0.420864
2013 07 02 07 05 56 0.427520
2013 07 02 07 05 57 0.433920
2013 07 02 07 05 58 0.440576
2013 07 02 07 05 59 0.447232
2013 07 02 07 06 00 0.453632
2013 07 02 07 06 01 0.460288
2013 07 02 07 06 02 0.215296
2013 07 02 07 06 03 0.221952
2013 07 02 07 06 04 0.228608
2013 07 02 07 06 05 0.235008
2013 07 02 07 06 06 0.241664
2013 07 02 07 06 07 0.248320
2013 07 02 07 06 08 0.254720
2013 07 02 07 06 09 0.261376
2013 07 02 07 06 10 0.268032
2013 07 02 07 06 11 0.274432
2013 07 02 07 06 12 0.281088
2013 07 02 07 06 13 0.287744
2013 07 02 07 06 14 0.294144
2013 07 02 07 06 15 0.300800
2013 07 02 07 06 16 0.307456
2013 07 02 07 06 17 0.313856
2013 07 02 07 06 18 0.320512
2013 07 02 07 06 19 0.327168
2013 07 02 07 06 20 0.333824
2013 07 02 07 06 21 0.340224
2013 07 02 07 06 22 0.346880
2013 07 02 07 06 23 0.353536
2013 07 02 07 06 24 0.359936
2013 07 02 07 06 25 0.366592
2013 07 02 07 06 26 0.373248
2013 07 02 07 06 27 0.379648
2013 07 02 07 06 28 0.386304
2013 07 02 07 06 29 0.392704
2013 07 02 07 06 30 0.399360
2013 07 02 07 06 31 0.406016
2013 07 02 07 06 32 0.664064
2013 07 02 07 06 33 0.670720
2013 07 02 07 06 34 0.677120
2013 07 02 07 06 35 0.683776
2013 07 02 07 06 36 0.690432
2013 07 02 07 06 37 0.696832
2013 07 02 07 06 38 0.703488
2013 07 02 07 06 39 0.710144
2013 07 02 06 54 40 0.764672
2013 07 02 06 54 41 0.771328
2013 07 02 06 54 42 0.777984
2013 07 02 06 54 43 0.784384
2013 07 02 06 54 44 0.791040
2013 07 02 06 54 45 0.797696
2013 07 02 06 54 46 0.804096
2013 07 02 06 54 47 0.810752
2013 07 02 06 54 48 0.817408
2013 07 02 06 54 49 0.823808
2013 07 02 06 54 50 0.578560
2013 07 02 06 54 51 0.585216
2013 07 02 06 54 52 0.591872
2013 07 02 06 54 53 0.598272
2013 07 02 06 54 54 0.604928
2013 07 02 06 54 55 0.611584
2013 07 02 06 54 56 0.617984
2013 07 02 06 54 57 0.624640
2013 07 02 06 54 58 0.631296
2013 07 02 06 54 59 0.637696
2013 07 02 06 55 00 0.644352
2013 07 02 06 55 01 0.651008
2013 07 02 06 55 02 0.657664
2013 07 02 06 55 03 0.664064
2013 07 02 06 55 04 0.670720
2013 07 02 06 55 05 0.677376
2013 07 02 06 55 06 0.683776
2013 07 02 06 55 07 0.690432
2013 07 02 06 55 08 0.697088
2013 07 02 06 55 09 0.703488
2013 07 02 06 55 10 0.710144
2013 07 02 06 55 11 0.716800
2013 07 02 06 55 12 0.975104
2013 07 02 06 55 13 0.981760
2013 07 02 06 55 14 0.988160
2013 07 02 06 55 15 0.994816
2013 07 02 06 55 17 0.001280
2013 07 02 06 55 18 0.007936
2013 07 02 06 55 19 0.014592
2013 07 02 06 55 20 0.021248
2013 07 02 06 55 21 0.027648
2013 07 02 06 55 22 0.034304
2013 07 02 06 55 23 0.040960
2013 07 02 06 55 24 0.047360
2013 07 02 06 55 25 0.054016
2013 07 02 06 55 26 0.060672
2013 07 02 06 55 27 0.067072
2013 07 02 06 55 28 0.073728
2013 07 02 06 55 29 0.080128
2013 07 02 06 55 30 0.086784
2013 07 02 06 55 31 0.093440
2013 07 02 06 55 32 0.099840
2013 07 02 06 55 33 0.106496
2013 07 02 06 55 34 0.113152
2013 07 02 06 55 35 0.119808
2013 07 02 06 55 36 0.126208
2013 07 02 06 55 37 0.384256
2013 07 02 06 55 38 0.390912
2013 07 02 06 55 39 0.397568
2013 07 02 06 55 40 0.403968
2013 07 02 06 55 41 0.410624
2013 07 02 06 55 42 0.417280
2013 07 02 06 55 43 0.423680
2013 07 02 06 55 44 0.430336
2013 07 02 06 55 45 0.436992
2013 07 02 06 55 46 0.443392
2013 07 02 06 55 47 0.450048
2013 07 02 06 55 48 0.456704
2013 07 02 06 55 49 0.463360
2013 07 02 06 55 50 0.469760
2013 07 02 06 55 51 0.476416
2013 07 02 06 55 52 0.483072
2013 07 02 06 55 53 0.489472
2013 07 02 06 55 54 0.496128
2013 07 02 06 55 55 0.502784
2013 07 02 06 55 56 0.509184
2013 07 02 06 55 57 0.515840
2013 07 02 06 55 58 0.522496
2013 07 02 06 55 59 0.528896
2013 07 02 06 56 01 0.038912
2013 07 02 06 56 02 0.045312
2013 07 02 06 56 03 0.051968
2013 07 02 06 56 04 0.058624
2013 07 02 06 56 05 0.065280
2013 07 02 06 56 06 0.071680
2013 07 02 06 56 07 0.078336
2013 07 02 06 56 07 0.833280
2013 07 02 06 56 08 0.839936
2013 07 02 06 56 09 0.846592
2013 07 02 06 56 10 0.852992
2013 07 02 06 56 11 0.859648
2013 07 02 06 56 12 0.866304
2013 07 02 06 56 13 0.872704
2013 07 02 06 56 14 0.879360
2013 07 02 06 56 15 0.886016
2013 07 02 06 56 16 0.892416
2013 07 02 06 56 17 0.899072
2013 07 02 06 56 18 0.905728
2013 07 02 06 56 19 0.912384
2013 07 02 06 56 20 0.918784
2013 07 02 06 56 21 0.925440
2013 07 02 06 56 22 0.932096
2013 07 02 06 56 23 0.938496
2013 07 02 06 56 24 0.945152
2013 07 02 06 56 25 0.951808
2013 07 02 06 56 26 0.958208
2013 07 02 06 56 27 0.964864
2013 07 02 06 56 28 0.971520
2013 07 02 06 56 29 0.977920
2013 07 02 06 56 30 0.984576
2013 07 02 06 56 31 0.991232
2013 07 02 06 56 32 0.997632
2013 07 02 06 56 34 0.004352
2013 07 02 06 56 35 0.010752
2013 07 02 06 56 36 0.017408
2013 07 02 06 56 37 0.024064
2013 07 02 06 56 38 0.030720
2013 07 02 06 56 39 0.037120
2013 07 02 06 56 40 0.043776
2013 07 02 06 56 41 0.050432
2013 07 02 06 56 42 0.056832
2013 07 02 06 56 43 0.063488
2013 07 02 06 56 44 0.070144
2013 07 02 06 56 45 0.076800
2013 07 02 06 56 46 0.083200
2013 07 02 06 56 47 0.089856
2013 07 02 06 56 48 0.096256
2013 07 02 06 56 49 0.102912
2013 07 02 06 56 50 0.360960
2013 07 02 06 56 51 0.367616
2013 07 02 06 56 52 0.374016
2013 07 02 06 56 53 0.380672
2013 07 02 06 56 54 0.387328
2013 07 02 06 56 55 0.393728
2013 07 02 06 56 56 0.400384
2013 07 02 06 56 57 0.407040
2013 07 02 06 56 58 0.413696
2013 07 02 06 56 59 0.420096
2013 07 02 06 57 00 0.426752
2013 07 02 06 57 01 0.433408
2013 07 02 06 57 02 0.439808
2013 07 02 06 57 03 0.446464
2013 07 02 06 57 04 0.453120
2013 07 02 06 57 05 0.459520
2013 07 02 06 57 06 0.466176
2013 07 02 06 57 07 0.472832
2013 07 02 06 57 08 0.479232
2013 07 02 06 57 09 0.485888
2013 07 02 06 57 10 0.492544
2013 07 02 06 57 11 0.498944
2013 07 02 06 57 12 0.505600
2013 07 02 06 57 13 0.512256
2013 07 02 06 57 14 0.518656
2013 07 02 06 57 15 0.525312
2013 07 02 06 57 16 0.531968
2013 07 02 06 57 17 0.538368
2013 07 02 06 57 18 0.545024
2013 07 02 06 57 19 0.551680
2013 07 02 06 57 20 0.558080
2013 07 02 06 57 21 0.564736
2013 07 02 06 57 22 0.571392
2013 07 02 06 57 23 0.578048
2013 07 02 06 57 24 0.584448
2013 07 02 06 57 25 0.591104
2013 07 02 06 57 26 0.597760
2013 07 02 06 57 27 0.604160
2013 07 02 06 57 28 0.610816
2013 07 02 06 57 29 0.617472
2013 07 02 06 57 30 0.623872
2013 07 02 06 57 31 0.630528
2013 07 02 06 57 32 0.888832
2013 07 02 06 57 33 0.895488
2013 07 02 06 57 35 0.153600
2013 07 02 06 57 36 0.411904
2013 07 02 06 57 37 0.418560
2013 07 02 06 57 38 0.425216
2013 07 02 06 57 39 0.431616
2013 07 02 06 57 40 0.438272
2013 07 02 06 57 41 0.444928
2013 07 02 06 57 42 0.451328
2013 07 02 06 57 43 0.457984
2013 07 02 06 57 44 0.464640
2013 07 02 06 57 45 0.471040
2013 07 02 06 57 46 0.477696
2013 07 02 06 57 47 0.484352
2013 07 02 06 57 48 0.490752
2013 07 02 06 57 49 0.497408
2013 07 02 06 57 50 0.503808
2013 07 02 06 57 51 0.510464
2013 07 02 06 57 52 0.517120
2013 07 02 06 57 53 0.523776
2013 07 02 06 57 54 0.530176
2013 07 02 06 57 55 0.536832
2013 07 02 06 57 56 0.543488
2013 07 02 06 57 57 0.549888
2013 07 02 06 57 58 0.556544
2013 07 02 06 57 59 0.563200
2013 07 02 06 58 00 0.569856
2013 07 02 06 58 01 0.576256
2013 07 02 06 58 02 0.582912
2013 07 02 06 58 03 0.589568
2013 07 02 06 58 04 0.595968
2013 07 02 06 58 05 0.350720
2013 07 02 06 58 06 0.357376
2013 07 02 06 58 07 0.363776
2013 07 02 06 58 08 0.370432
2013 07 02 06 58 09 0.377088
2013 07 02 06 58 10 0.383488
2013 07 02 06 58 11 0.390144
2013 07 02 06 58 12 0.648448
2013 07 02 06 58 13 0.655104
2013 07 02 06 58 14 0.661760
2013 07 02 06 58 15 0.668160
2013 07 02 06 58 16 0.674816
2013 07 02 06 58 17 0.681472
2013 07 02 06 58 18 0.688128
2013 07 02 06 58 19 0.694528
2013 07 02 06 58 20 0.701184
2013 07 02 06 58 21 0.707840
2013 07 02 06 58 22 0.714240
2013 07 02 06 58 23 0.720896
2013 07 02 06 58 24 0.727552
2013 07 02 06 58 25 0.733952
2013 07 02 06 58 26 0.740608
2013 07 02 06 58 27 0.747264
2013 07 02 06 58 28 0.753664
2013 07 02 06 58 29 0.760320
2013 07 02 06 58 30 0.766976
2013 07 02 06 58 31 0.773376
2013 07 02 06 58 33 0.031488
2013 07 02 06 58 34 0.038144
2013 07 02 06 58 35 0.044800
2013 07 02 06 58 36 0.051200
2013 07 02 06 58 37 0.057856
2013 07 02 06 58 38 0.064512
2013 07 02 06 58 39 0.070912
2013 07 02 06 58 40 0.077568
2013 07 02 06 58 41 0.335872
2013 07 02 06 58 42 0.342528
2013 07 02 06 58 43 0.349184
2013 07 02 06 58 44 0.355584
2013 07 02 06 58 45 0.362240
2013 07 02 06 58 46 0.368896
2013 07 02 06 58 47 0.375296
2013 07 02 06 58 48 0.381952
2013 07 02 06 58 49 0.388608
2013 07 02 06 58 50 0.395008
2013 07 02 06 58 51 0.401664
2013 07 02 06 58 52 0.408320
2013 07 02 06 58 53 0.414720
2013 07 02 06 58 54 0.421376
2013 07 02 06 58 55 0.428032
2013 07 02 06 58 56 0.434432
2013 07 02 06 58 57 0.441088
2013 07 02 06 58 58 0.447744
2013 07 02 06 58 59 0.705792
2013 07 02 06 59 00 0.712448
2013 07 02 06 59 01 0.718848
2013 07 02 06 59 02 0.725504
2013 07 02 06 59 03 0.732160
2013 07 02 06 59 04 0.738560
2013 07 02 06 59 05 0.745216
2013 07 02 06 59 06 0.751872
2013 07 02 06 59 07 0.758272
2013 07 02 06 59 08 0.764928
2013 07 02 06 59 09 0.771584
2013 07 02 06 59 10 0.777984
2013 07 02 06 59 11 0.784640
2013 07 02 06 59 12 0.791296
2013 07 02 06 59 13 0.797696
2013 07 02 06 59 14 0.804352
2013 07 02 06 59 15 0.811008
2013 07 02 06 59 16 0.817408
2013 07 02 06 59 17 0.824064
2013 07 02 06 59 18 0.830720
2013 07 02 06 59 19 0.837120
2013 07 02 06 59 20 0.843776
2013 07 02 06 59 21 0.850432
2013 07 02 06 59 22 0.856832
2013 07 02 06 59 23 0.863488
2013 07 02 06 59 24 0.870144
2013 07 02 06 59 25 0.876800
2013 07 02 06 59 26 0.883200
2013 07 02 06 59 27 0.889856
2013 07 02 06 59 28 0.896512
2013 07 02 06 59 29 0.902912
2013 07 02 06 59 31 0.161280
2013 07 02 06 59 32 0.419328
2013 07 02 06 59 33 0.425984
2013 07 02 06 59 34 0.432640
2013 07 02 06 59 35 0.439040
2013 07 02 06 59 36 0.445696
2013 07 02 06 59 37 0.452352
2013 07 02 06 59 38 0.458752
2013 07 02 06 59 39 0.465408
2013 07 02 06 59 40 0.472064
2013 07 02 06 59 41 0.478464
2013 07 02 06 59 42 0.485120
2013 07 02 06 59 43 0.491776
2013 07 02 06 59 44 0.498176
2013 07 02 06 59 45 0.504832
2013 07 02 06 59 46 0.511488
2013 07 02 06 59 47 0.518144
2013 07 02 06 59 48 0.524544
2013 07 02 06 59 49 0.531200
2013 07 02 06 59 50 0.537856
2013 07 02 06 59 51 0.544256
2013 07 02 06 59 52 0.550912
2013 07 02 06 59 53 0.557568
2013 07 02 06 59 54 0.563968
2013 07 02 06 59 55 0.570624
2013 07 02 06 59 56 0.577280
2013 07 02 06 59 57 0.583680
2013 07 02 06 59 58 0.590336
2013 07 02 06 59 59 0.848640
2013 07 02 07 00 01 0.106752
2013 07 02 07 00 02 0.365312
2013 07 02 07 00 03 0.623104
2013 07 02 07 00 04 0.629760
2013 07 02 07 00 05 0.636416
2013 07 02 07 00 06 0.642816
2013 07 02 07 00 07 0.649472
2013 07 02 07 00 08 0.656128
2013 07 02 07 00 09 0.662528
2013 07 02 07 00 10 0.669184
2013 07 02 07 00 11 0.675840
2013 07 02 07 00 12 0.682240
2013 07 02 07 00 13 0.688896
2013 07 02 07 00 14 0.695552
2013 07 02 07 00 15 0.702208
2013 07 02 07 00 16 0.708608
2013 07 02 07 00 17 0.715264
2013 07 02 07 00 18 0.721920
2013 07 02 07 00 19 0.728320
2013 07 02 07 00 20 0.734976
2013 07 02 07 00 21 0.741632
2013 07 02 07 00 22 0.748032
2013 07 02 07 00 23 0.754688
2013 07 02 07 00 24 0.761344
2013 07 02 07 00 25 0.767744
2013 07 02 07 00 26 0.774400
2013 07 02 07 00 27 0.781056
2013 07 02 07 00 28 0.787456
2013 07 02 07 00 29 0.794112
2013 07 02 07 00 30 0.800768
2013 07 02 07 00 31 0.807168
2013 07 02 07 00 32 0.813824
2013 07 02 07 00 33 0.820480
2013 07 02 07 00 34 0.826880
2013 07 02 07 00 35 0.833536
2013 07 02 07 00 36 0.840192
2013 07 02 07 00 37 0.846848
2013 07 02 07 00 38 0.853248
2013 07 02 07 00 39 0.859904
2013 07 02 07 00 40 0.866560
2013 07 02 07 00 41 0.872960
2013 07 02 07 00 43 0.131328
2013 07 02 07 00 44 0.137984
2013 07 02 07 00 45 0.144640
2013 07 02 07 00 46 0.151040
2013 07 02 07 00 47 0.157696
2013 07 02 07 00 48 0.164352
2013 07 02 07 00 49 0.170752
2013 07 02 07 00 50 0.177408
2013 07 02 07 00 51 0.184064
2013 07 02 07 00 52 0.190464
2013 07 02 07 00 53 0.197120
2013 07 02 07 00 54 0.203776
2013 07 02 07 00 55 0.210176
2013 07 02 07 00 56 0.216832
2013 07 02 07 00 57 0.223488
2013 07 02 07 00 58 0.230144
2013 07 02 07 00 59 0.236544
2013 07 02 07 01 00 0.243200
2013 07 02 07 01 01 0.249856
2013 07 02 07 01 02 0.256256
2013 07 02 07 01 03 0.262912
2013 07 02 07 01 04 0.269568
2013 07 02 07 01 05 0.275968
2013 07 02 07 01 06 0.282624
2013 07 02 07 01 07 0.289280
2013 07 02 07 01 08 0.295680
2013 07 02 07 01 09 0.302336
2013 07 02 07 01 10 0.308736
2013 07 02 07 01 11 0.315392
2013 07 02 07 01 12 0.322048
2013 07 02 07 01 13 0.328704
2013 07 02 07 01 14 0.335104
2013 07 02 07 01 15 0.341760
2013 07 02 07 01 16 0.599808
2013 07 02 07 01 17 0.606464
2013 07 02 07 01 18 0.612864
2013 07 02 07 01 19 0.619520
2013 07 02 07 01 20 0.626176
2013 07 02 07 01 21 0.632576
2013 07 02 07 01 22 0.387840
2013 07 02 07 01 23 0.394496
2013 07 02 07 01 24 0.400896
2013 07 02 07 01 25 0.407552
2013 07 02 07 01 26 0.414208
2013 07 02 07 01 27 0.420608
2013 07 02 07 01 28 0.427264
2013 07 02 07 01 29 0.433664
2013 07 02 07 01 30 0.440320
2013 07 02 07 01 31 0.446976
2013 07 02 07 01 32 0.453376
2013 07 02 07 01 33 0.460032
2013 07 02 07 01 34 0.466688
2013 07 02 07 01 35 0.724736
2013 07 02 07 01 36 0.731392
2013 07 02 07 01 37 0.737792
2013 07 02 07 01 38 0.744448
2013 07 02 07 01 39 0.751104
2013 07 02 07 01 40 0.757504
2013 07 02 07 01 41 0.764160
2013 07 02 07 01 42 0.770816
2013 07 02 07 01 43 0.777216
2013 07 02 07 01 44 0.783872
2013 07 02 07 01 45 0.790528
2013 07 02 07 01 46 0.796928
2013 07 02 07 01 47 0.803584
2013 07 02 07 01 48 0.810240
2013 07 02 07 01 49 0.816640
2013 07 02 07 01 50 0.823296
2013 07 02 07 01 51 0.829952
2013 07 02 07 01 52 0.836608
2013 07 02 07 01 53 0.843008
2013 07 02 07 01 54 0.849664
2013 07 02 07 01 55 0.856320
2013 07 02 07 01 56 0.862720
2013 07 02 07 01 57 0.869376
2013 07 02 07 01 58 0.876032
2013 07 02 07 01 59 0.882432
2013 07 02 07 02 00 0.889088
2013 07 02 07 02 01 0.895744
2013 07 02 07 02 02 0.902144
2013 07 02 07 02 03 0.908800
2013 07 02 07 02 04 0.915456
2013 07 02 07 02 05 0.921856
2013 07 02 07 02 06 0.928512
2013 07 02 07 02 07 0.935168
2013 07 02 07 02 08 0.941568
2013 07 02 07 02 09 0.948224
2013 07 02 07 02 10 0.954880
2013 07 02 07 02 11 0.961280
2013 07 02 07 02 12 0.967936
2013 07 02 07 02 13 0.974592
2013 07 02 07 02 14 0.980992
2013 07 02 07 02 15 0.987648
2013 07 02 07 02 16 0.994304
2013 07 02 07 02 18 0.000768
2013 07 02 07 02 19 0.007424
2013 07 02 07 02 20 0.014080
2013 07 02 07 02 21 0.020480
2013 07 02 07 02 22 0.027136
2013 07 02 07 02 23 0.033792
2013 07 02 07 02 24 0.040192
2013 07 02 07 02 25 0.298752
2013 07 02 07 02 26 0.305152
2013 07 02 07 02 27 0.311808
2013 07 02 07 02 28 0.318464
2013 07 02 07 02 29 0.324864
2013 07 02 07 02 30 0.331520
2013 07 02 07 02 31 0.338176
2013 07 02 07 02 32 0.344576
2013 07 02 07 02 33 0.351232
2013 07 02 07 02 34 0.357888
2013 07 02 07 02 35 0.364288
2013 07 02 07 02 36 0.370944
2013 07 02 07 02 37 0.377600
2013 07 02 07 02 38 0.384256
2013 07 02 07 02 39 0.390656
2013 07 02 07 02 40 0.397312
2013 07 02 07 02 41 0.403968
2013 07 02 07 02 42 0.410368
2013 07 02 07 02 43 0.417024
2013 07 02 07 02 44 0.423680
2013 07 02 07 02 45 0.430080
2013 07 02 07 02 46 0.436736
2013 07 02 07 02 47 0.443392
2013 07 02 07 02 48 0.449792
2013 07 02 07 02 49 0.456448
2013 07 02 07 02 50 0.463104
2013 07 02 07 02 51 0.469504
2013 07 02 07 02 52 0.224256
2013 07 02 07 02 53 0.230912
2013 07 02 07 02 54 0.237568
2013 07 02 07 02 55 0.243968
2013 07 02 07 02 56 0.250624
2013 07 02 07 02 57 0.257280
2013 07 02 07 02 58 0.263936
2013 07 02 07 02 59 0.270336
2013 07 02 07 03 00 0.276992
2013 07 02 07 03 01 0.032000
2013 07 02 07 03 02 0.038656
2013 07 02 07 03 03 0.045312
2013 07 02 07 03 04 0.051712
2013 07 02 07 03 05 0.058368
2013 07 02 07 03 06 0.065024
2013 07 02 07 03 07 0.071424
2013 07 02 07 03 08 0.078080
2013 07 02 07 03 09 0.084480
2013 07 02 07 03 10 0.091136
2013 07 02 07 03 11 0.097792
2013 07 02 07 03 12 0.104448
2013 07 02 07 03 13 0.110848
2013 07 02 07 03 14 0.368896
2013 07 02 07 03 15 0.375552
2013 07 02 07 03 16 0.382208
2013 07 02 07 03 17 0.388608
2013 07 02 07 03 18 0.395264
2013 07 02 07 03 19 0.401920
2013 07 02 07 03 20 0.408320
2013 07 02 07 03 21 0.414976
2013 07 02 07 03 22 0.421632
2013 07 02 07 03 23 0.428288
2013 07 02 07 03 24 0.434688
2013 07 02 07 03 25 0.441344
2013 07 02 07 03 26 0.448000
2013 07 02 07 03 27 0.454400
2013 07 02 07 03 28 0.461056
2013 07 02 07 03 29 0.467712
2013 07 02 07 03 30 0.474112
2013 07 02 07 03 31 0.480768
2013 07 02 07 03 32 0.487424
2013 07 02 07 03 33 0.493824
2013 07 02 07 03 34 0.500480
2013 07 02 07 03 35 0.507136
2013 07 02 07 03 36 0.513536
2013 07 02 07 03 37 0.520192
2013 07 02 07 03 38 0.526848
2013 07 02 07 03 39 0.533248
2013 07 02 07 03 40 0.791808
2013 07 02 07 03 41 0.798208
2013 07 02 07 03 42 0.804864
2013 07 02 07 03 43 0.811520
2013 07 02 07 03 44 0.817920
2013 07 02 07 03 45 0.824576
2013 07 02 07 03 46 0.831232
2013 07 02 07 03 47 0.837632
2013 07 02 07 03 48 0.844288
2013 07 02 07 03 49 0.850944
2013 07 02 07 03 50 0.857344
2013 07 02 07 03 51 0.864000
2013 07 02 07 03 52 0.870656
2013 07 02 07 03 53 0.877056
2013 07 02 07 03 54 0.883712
2013 07 02 07 03 55 0.890368
2013 07 02 07 03 56 0.896768
2013 07 02 07 03 57 0.903424
2013 07 02 07 03 58 0.910080
2013 07 02 07 03 59 0.916736
2013 07 02 07 04 01 0.174592
2013 07 02 07 04 02 0.181248
2013 07 02 07 04 03 0.187904
2013 07 02 07 04 04 0.194304
2013 07 02 07 04 05 0.200960
2013 07 02 07 04 06 0.207616
2013 07 02 07 04 07 0.214016
2013 07 02 07 04 08 0.220672
2013 07 02 07 04 09 0.227328
2013 07 02 07 04 10 0.233984
2013 07 02 07 04 11 0.240384
2013 07 02 07 04 12 0.247040
2013 07 02 07 04 13 0.253440
2013 07 02 07 04 14 0.260096
2013 07 02 07 04 15 0.266752
2013 07 02 07 04 16 0.273408
2013 07 02 07 04 17 0.279808
2013 07 02 07 04 18 0.286464
2013 07 02 07 04 19 0.293120
2013 07 02 07 04 20 0.299520
2013 07 02 07 04 21 0.306176
2013 07 02 07 04 22 0.312832
2013 07 02 07 04 23 0.319232
2013 07 02 07 04 24 0.325888
2013 07 02 07 04 25 0.332544
2013 07 02 07 04 26 0.338944
2013 07 02 07 04 27 0.345600
2013 07 02 07 04 28 0.603904
2013 07 02 07 04 29 0.610560
2013 07 02 07 04 30 0.868608
2013 07 02 07 04 31 0.875264
2013 07 02 07 04 32 0.881664
2013 07 02 07 04 33 0.888320
2013 07 02 07 04 34 0.894976
2013 07 02 07 04 35 0.901376
2013 07 02 07 04 36 0.908032
2013 07 02 07 04 37 0.914688
2013 07 02 07 04 38 0.921344
2013 07 02 07 04 39 0.927744
2013 07 02 07 04 40 0.934400
2013 07 02 07 04 41 0.940800
2013 07 02 07 04 42 0.947456
2013 07 02 07 04 43 0.954112
2013 07 02 07 04 44 0.960768
2013 07 02 07 04 45 0.967168
2013 07 02 07 04 46 0.973824
2013 07 02 07 04 47 0.980480
2013 07 02 07 04 48 0.986880
2013 07 02 07 04 49 0.993536
2013 07 02 07 04 51 0.000000
2013 07 02 07 04 52 0.006656
2013 07 02 07 04 53 0.264960
2013 07 02 07 04 54 0.523008
2013 07 02 07 04 55 0.781568
2013 07 02 07 04 56 0.787968
2013 07 02 07 04 57 0.794624
2013 07 02 07 04 58 0.801280
2013 07 02 07 04 59 0.807936
2013 07 02 07 05 00 0.814336
2013 07 02 07 05 01 0.820992
2013 07 02 07 05 02 0.827648
2013 07 02 07 05 03 0.834048
2013 07 02 07 05 04 0.840704
2013 07 02 07 05 05 0.847360
2013 07 02 07 05 06 0.853760
2013 07 02 07 05 07 0.860416
2013 07 02 07 05 08 0.866816
2013 07 02 07 05 09 0.873472
2013 07 02 07 05 10 0.880128
2013 07 02 07 05 11 0.886528
2013 07 02 07 05 12 0.893184
2013 07 02 07 05 13 0.899840
2013 07 02 07 05 14 0.906240
2013 07 02 07 05 16 0.164352
2013 07 02 07 05 17 0.171008
2013 07 02 07 05 18 0.177664
2013 07 02 07 05 19 0.184064
2013 07 02 07 05 20 0.442624
2013 07 02 07 05 21 0.449280
2013 07 02 07 05 22 0.455680
2013 07 02 07 05 23 0.462336
2013 07 02 07 05 24 0.468992
2013 07 02 07 05 25 0.475392
2013 07 02 07 05 26 0.482048
2013 07 02 07 05 27 0.488704
2013 07 02 07 05 28 0.495104
2013 07 02 07 05 29 0.501760
2013 07 02 07 05 30 0.508160
2013 07 02 07 05 31 0.514816
2013 07 02 07 05 32 0.521472
2013 07 02 07 05 33 0.527872
2013 07 02 07 05 34 0.534528
2013 07 02 07 05 35 0.541184
2013 07 02 07 05 36 0.547584
2013 07 02 07 05 37 0.554240
2013 07 02 07 05 38 0.560896
2013 07 02 07 05 39 0.567552
2013 07 02 07 05 40 0.573952
2013 07 02 07 05 41 0.580608
2013 07 02 07 05 42 0.587264
2013 07 02 07 05 43 0.593664
2013 07 02 07 05 44 0.600320
2013 07 02 07 05 45 0.606976
2013 07 02 07 05 46 0.613376
2013 07 02 07 05 47 0.620032
2013 07 02 07 05 48 0.626688
2013 07 02 07 05 49 0.633088
2013 07 02 07 05 50 0.639744
2013 07 02 07 05 51 0.646400
2013 07 02 07 05 52 0.652800
2013 07 02 07 05 53 0.659456
2013 07 02 07 05 54 0.666112
2013 07 02 07 05 55 0.672512
2013 07 02 07 05 56 0.679168
2013 07 02 07 05 57 0.685824
2013 07 02 07 05 58 0.692480
2013 07 02 07 05 59 0.698880
2013 07 02 07 06 00 0.705536
2013 07 02 07 06 01 0.712192
2013 07 02 07 06 02 0.718592
2013 07 02 07 06 03 0.725248
2013 07 02 07 06 04 0.731904
2013 07 02 07 06 05 0.738304
2013 07 02 07 06 06 0.744960
2013 07 02 07 06 07 0.751616
2013 07 02 07 06 08 0.758016
2013 07 02 07 06 09 0.764672
2013 07 02 07 06 10 0.771328
2013 07 02 07 06 11 0.777728
2013 07 02 07 06 12 0.784384
2013 07 02 07 06 13 0.539136
2013 07 02 07 06 14 0.545792
2013 07 02 07 06 15 0.552192
2013 07 02 07 06 16 0.558848
2013 07 02 07 06 17 0.565504
2013 07 02 07 06 18 0.572160
2013 07 02 07 06 19 0.578560
2013 07 02 07 06 20 0.585216
2013 07 02 07 06 21 0.591872
2013 07 02 07 06 22 0.598272
2013 07 02 07 06 23 0.604928
2013 07 02 07 06 24 0.611584
2013 07 02 07 06 25 0.617984
2013 07 02 07 06 26 0.624640
2013 07 02 07 06 27 0.631296
2013 07 02 07 06 28 0.637696
2013 07 02 07 06 29 0.644352
2013 07 02 07 06 30 0.651008
2013 07 02 07 06 31 0.657408
2013 07 02 07 06 32 0.412672
2013 07 02 07 06 33 0.419072
2013 07 02 07 06 34 0.425728
2013 07 02 07 06 35 0.432384
2013 07 02 07 06 36 0.438784
2013 07 02 07 06 37 0.445440
2013 07 02 07 06 38 0.452096
2013 07 02 07 06 39 0.458752
2013 07 02 06 54 41 0.268032
2013 07 02 06 54 42 0.274688
2013 07 02 06 54 43 0.281088
2013 07 02 06 54 44 0.035840
2013 07 02 06 54 45 0.042496
2013 07 02 06 54 46 0.049152
2013 07 02 06 54 47 0.055552
2013 07 02 06 54 48 0.062208
2013 07 02 06 54 49 0.068864
2013 07 02 06 54 50 0.075264
2013 07 02 06 54 51 0.081920
2013 07 02 06 54 52 0.088576
2013 07 02 06 54 53 0.094976
2013 07 02 06 54 54 0.101632
2013 07 02 06 54 55 0.108288
2013 07 02 06 54 56 0.114688
2013 07 02 06 54 57 0.121344
2013 07 02 06 54 58 0.128000
2013 07 02 06 54 59 0.134656
2013 07 02 06 55 00 0.141056
2013 07 02 06 55 01 0.147712
2013 07 02 06 55 02 0.154368
2013 07 02 06 55 03 0.160768
2013 07 02 06 55 04 0.167424
2013 07 02 06 55 05 0.174080
2013 07 02 06 55 06 0.180480
2013 07 02 06 55 07 0.187136
2013 07 02 06 55 07 0.942080
2013 07 02 06 55 08 0.948736
2013 07 02 06 55 09 0.955392
2013 07 02 06 55 10 0.962048
2013 07 02 06 55 11 0.968448
2013 07 02 06 55 12 0.723200
2013 07 02 06 55 13 0.729856
2013 07 02 06 55 14 0.736512
2013 07 02 06 55 15 0.742912
2013 07 02 06 55 16 0.749568
2013 07 02 06 55 17 0.756224
2013 07 02 06 55 18 0.762624
2013 07 02 06 55 19 0.769280
2013 07 02 06 55 20 0.775936
2013 07 02 06 55 21 0.782336
2013 07 02 06 55 22 0.788992
2013 07 02 06 55 23 0.795648
2013 07 02 06 55 24 0.802048
2013 07 02 06 55 25 0.808704
2013 07 02 06 55 26 0.815360
2013 07 02 06 55 27 0.822016
2013 07 02 06 55 28 0.828416
2013 07 02 06 55 29 0.835072
2013 07 02 06 55 30 0.841728
2013 07 02 06 55 31 0.848128
2013 07 02 06 55 32 0.854784
2013 07 02 06 55 33 0.861440
2013 07 02 06 55 34 0.867840
2013 07 02 06 55 35 0.874496
2013 07 02 06 55 36 0.881152
2013 07 02 06 55 37 0.887552
2013 07 02 06 55 38 0.894208
2013 07 02 06 55 39 0.900864
2013 07 02 06 55 40 0.907264
2013 07 02 06 55 41 0.913920
2013 07 02 06 55 42 0.920576
2013 07 02 06 55 43 0.926976
2013 07 02 06 55 44 0.933632
2013 07 02 06 55 45 0.940288
2013 07 02 06 55 46 0.946688
2013 07 02 06 55 47 0.953344
2013 07 02 06 55 48 0.960000
2013 07 02 06 55 49 0.966656
2013 07 02 06 55 50 0.973056
2013 07 02 06 55 51 0.979712
2013 07 02 06 55 52 0.986368
2013 07 02 06 55 53 0.992768
2013 07 02 06 55 54 0.999424
2013 07 02 06 55 56 0.005888
2013 07 02 06 55 57 0.012544
2013 07 02 06 55 58 0.019200
2013 07 02 06 55 59 0.025600
2013 07 02 06 56 00 0.032256
2013 07 02 06 56 00 0.535552
2013 07 02 06 56 01 0.542208
2013 07 02 06 56 02 0.297216
2013 07 02 06 56 03 0.303872
2013 07 02 06 56 04 0.310272
2013 07 02 06 56 05 0.316928
2013 07 02 06 56 06 0.323584
2013 07 02 06 56 07 0.329984
2013 07 02 06 56 08 0.336640
2013 07 02 06 56 09 0.343296
2013 07 02 06 56 10 0.349696
2013 07 02 06 56 11 0.356352
2013 07 02 06 56 12 0.363008
2013 07 02 06 56 13 0.369408
2013 07 02 06 56 14 0.376064
2013 07 02 06 56 15 0.382720
2013 07 02 06 56 16 0.389120
2013 07 02 06 56 17 0.395776
2013 07 02 06 56 18 0.402432
2013 07 02 06 56 19 0.409088
2013 07 02 06 56 20 0.415488
2013 07 02 06 56 21 0.673536
2013 07 02 06 56 22 0.680192
2013 07 02 06 56 23 0.686848
2013 07 02 06 56 24 0.693248
2013 07 02 06 56 25 0.699904
2013 07 02 06 56 26 0.706560
2013 07 02 06 56 27 0.712960
2013 07 02 06 56 28 0.719616
2013 07 02 06 56 29 0.726272
2013 07 02 06 56 30 0.732672
2013 07 02 06 56 31 0.739328
2013 07 02 06 56 32 0.494336
2013 07 02 06 56 33 0.500992
2013 07 02 06 56 34 0.507648
2013 07 02 06 56 35 0.514048
2013 07 02 06 56 36 0.520704
2013 07 02 06 56 37 0.527360
2013 07 02 06 56 38 0.534016
2013 07 02 06 56 39 0.540416
2013 07 02 06 56 40 0.547072
2013 07 02 06 56 41 0.553728
2013 07 02 06 56 42 0.560128
2013 07 02 06 56 43 0.566784
2013 07 02 06 56 44 0.573440
2013 07 02 06 56 45 0.579840
2013 07 02 06 56 46 0.586496
2013 07 02 06 56 47 0.593152
2013 07 02 06 56 48 0.599552
2013 07 02 06 56 49 0.606208
2013 07 02 06 56 50 0.612864
2013 07 02 06 56 51 0.619264
2013 07 02 06 56 52 0.625920
2013 07 02 06 56 53 0.632576
2013 07 02 06 56 54 0.638976
2013 07 02 06 56 55 0.645632
2013 07 02 06 56 56 0.652288
2013 07 02 06 56 57 0.658944
2013 07 02 06 56 58 0.665344
2013 07 02 06 56 59 0.672000
2013 07 02 06 57 00 0.678656
2013 07 02 06 57 01 0.685056
2013 07 02 06 57 02 0.691712
2013 07 02 06 57 03 0.698368
2013 07 02 06 57 04 0.704768
2013 07 02 06 57 05 0.711424
2013 07 02 06 57 06 0.718080
2013 07 02 06 57 07 0.724480
2013 07 02 06 57 08 0.731136
2013 07 02 06 57 09 0.737792
2013 07 02 06 57 10 0.744192
2013 07 02 06 57 11 0.750848
2013 07 02 06 57 12 0.757504
2013 07 02 06 57 13 0.763904
2013 07 02 06 57 14 0.770560
2013 07 02 06 57 15 0.777216
2013 07 02 06 57 16 0.783616
2013 07 02 06 57 17 0.790272
2013 07 02 06 57 18 0.796928
2013 07 02 06 57 19 0.803584
2013 07 02 06 57 20 0.809984
2013 07 02 06 57 21 0.816640
2013 07 02 06 57 22 0.823296
2013 07 02 06 57 23 0.829696
2013 07 02 06 57 24 0.836352
2013 07 02 06 57 25 0.843008
2013 07 02 06 57 26 0.849408
2013 07 02 06 57 27 0.856064
2013 07 02 06 57 28 0.862720
2013 07 02 06 57 29 0.869120
2013 07 02 06 57 30 0.875776
2013 07 02 06 57 31 0.882176
2013 07 02 06 57 32 0.637184
2013 07 02 06 57 33 0.643584
2013 07 02 06 57 34 0.650240
2013 07 02 06 57 35 0.656896
2013 07 02 06 57 36 0.663296
2013 07 02 06 57 37 0.669952
2013 07 02 06 57 38 0.676608
2013 07 02 06 57 39 0.683008
2013 07 02 06 57 40 0.689664
2013 07 02 06 57 41 0.696320
2013 07 02 06 57 42 0.702720
2013 07 02 06 57 43 0.709376
2013 07 02 06 57 44 0.716032
2013 07 02 06 57 45 0.722688
2013 07 02 06 57 46 0.729088
2013 07 02 06 57 47 0.735744
2013 07 02 06 57 48 0.742144
2013 07 02 06 57 49 0.748800
2013 07 02 06 57 50 0.755456
2013 07 02 06 57 51 0.762112
2013 07 02 06 57 52 0.768512
2013 07 02 06 57 53 0.775168
2013 07 02 06 57 54 0.781824
2013 07 02 06 57 55 0.788224
2013 07 02 06 57 56 0.794880
2013 07 02 06 57 57 0.801536
2013 07 02 06 57 58 0.807936
2013 07 02 06 57 59 0.814592
2013 07 02 06 58 00 0.821248
2013 07 02 06 58 01 0.827648
2013 07 02 06 58 02 0.834304
2013 07 02 06 58 03 0.840960
2013 07 02 06 58 04 0.847360
2013 07 02 06 58 05 0.854016
2013 07 02 06 58 06 0.860672
2013 07 02 06 58 07 0.867072
2013 07 02 06 58 08 0.873728
2013 07 02 06 58 09 0.880384
2013 07 02 06 58 10 0.886784
2013 07 02 06 58 11 0.893440
2013 07 02 06 58 12 0.900096
2013 07 02 06 58 13 0.906752
2013 07 02 06 58 14 0.913152
2013 07 02 06 58 15 0.919808
2013 07 02 06 58 16 0.926464
2013 07 02 06 58 17 0.932864
2013 07 02 06 58 18 0.939520
2013 07 02 06 58 19 0.946176
2013 07 02 06 58 20 0.952576
2013 07 02 06 58 21 0.959232
2013 07 02 06 58 22 0.965888
2013 07 02 06 58 23 0.972288
2013 07 02 06 58 24 0.978944
2013 07 02 06 58 25 0.985600
2013 07 02 06 58 26 0.992000
2013 07 02 06 58 27 0.998656
2013 07 02 06 58 29 0.005120
2013 07 02 06 58 30 0.011776
2013 07 02 06 58 31 0.018432
2013 07 02 06 58 32 0.025088
2013 07 02 06 58 32 0.780032
2013 07 02 06 58 33 0.786688
2013 07 02 06 58 34 0.793088
2013 07 02 06 58 35 0.547840
2013 07 02 06 58 36 0.554496
2013 07 02 06 58 37 0.561152
2013 07 02 06 58 38 0.567808
2013 07 02 06 58 39 0.574208
2013 07 02 06 58 40 0.580864
2013 07 02 06 58 41 0.587520
2013 07 02 06 58 42 0.593920
2013 07 02 06 58 43 0.600576
2013 07 02 06 58 44 0.607232
2013 07 02 06 58 45 0.613632
2013 07 02 06 58 46 0.620288
2013 07 02 06 58 47 0.626944
2013 07 02 06 58 48 0.633344
2013 07 02 06 58 49 0.640000
2013 07 02 06 58 50 0.646656
2013 07 02 06 58 51 0.653056
2013 07 02 06 58 52 0.659712
2013 07 02 06 58 53 0.666368
2013 07 02 06 58 54 0.672768
2013 07 02 06 58 55 0.679424
2013 07 02 06 58 56 0.686080
2013 07 02 06 58 57 0.692480
2013 07 02 06 58 58 0.699136
2013 07 02 06 58 59 0.454400
2013 07 02 06 59 00 0.209152
2013 07 02 06 59 01 0.215552
2013 07 02 06 59 02 0.222208
2013 07 02 06 59 03 0.228864
2013 07 02 06 59 04 0.235264
2013 07 02 06 59 05 0.241920
2013 07 02 06 59 06 0.248576
2013 07 02 06 59 07 0.254976
2013 07 02 06 59 08 0.261632
2013 07 02 06 59 09 0.268288
2013 07 02 06 59 10 0.023296
2013 07 02 06 59 11 0.029952
2013 07 02 06 59 12 0.036352
2013 07 02 06 59 13 0.043008
2013 07 02 06 59 14 0.049664
2013 07 02 06 59 15 0.056064
2013 07 02 06 59 16 0.062720
2013 07 02 06 59 17 0.069376
2013 07 02 06 59 18 0.076032
2013 07 02 06 59 19 0.082432
2013 07 02 06 59 20 0.089088
2013 07 02 06 59 21 0.095744
2013 07 02 06 59 22 0.102144
2013 07 02 06 59 23 0.108800
2013 07 02 06 59 24 0.366848
2013 07 02 06 59 25 0.373504
2013 07 02 06 59 26 0.379904
2013 07 02 06 59 27 0.386560
2013 07 02 06 59 28 0.393216
2013 07 02 06 59 29 0.399616
2013 07 02 06 59 30 0.406272
2013 07 02 06 59 31 0.412928
2013 07 02 06 59 32 0.167936
2013 07 02 06 59 33 0.174336
2013 07 02 06 59 34 0.180992
2013 07 02 06 59 35 0.187648
2013 07 02 06 59 36 0.194304
2013 07 02 06 59 37 0.200704
2013 07 02 06 59 38 0.207360
2013 07 02 06 59 39 0.214016
2013 07 02 06 59 40 0.220672
2013 07 02 06 59 41 0.227072
2013 07 02 06 59 42 0.233728
2013 07 02 06 59 43 0.240384
2013 07 02 06 59 44 0.246784
2013 07 02 06 59 45 0.253440
2013 07 02 06 59 46 0.260096
2013 07 02 06 59 47 0.266496
2013 07 02 06 59 48 0.273152
2013 07 02 06 59 49 0.279552
2013 07 02 06 59 50 0.286208
2013 07 02 06 59 51 0.292864
2013 07 02 06 59 52 0.299520
2013 07 02 06 59 53 0.305920
2013 07 02 06 59 54 0.312576
2013 07 02 06 59 55 0.318976
2013 07 02 06 59 56 0.325632
2013 07 02 06 59 57 0.332288
2013 07 02 06 59 58 0.087040
2013 07 02 06 59 58 0.842240
2013 07 02 06 59 59 0.596992
2013 07 02 07 00 00 0.352000
2013 07 02 07 00 01 0.358656
2013 07 02 07 00 02 0.113408
2013 07 02 07 00 03 0.119808
2013 07 02 07 00 03 0.875008
2013 07 02 07 00 04 0.881664
2013 07 02 07 00 05 0.888064
2013 07 02 07 00 06 0.894720
2013 07 02 07 00 07 0.901376
2013 07 02 07 00 08 0.907776
2013 07 02 07 00 09 0.914432
2013 07 02 07 00 10 0.921088
2013 07 02 07 00 11 0.927744
2013 07 02 07 00 12 0.934144
2013 07 02 07 00 13 0.940800
2013 07 02 07 00 14 0.947200
2013 07 02 07 00 15 0.953856
2013 07 02 07 00 16 0.960512
2013 07 02 07 00 17 0.967168
2013 07 02 07 00 18 0.973568
2013 07 02 07 00 19 0.980224
2013 07 02 07 00 20 0.986880
2013 07 02 07 00 21 0.993280
2013 07 02 07 00 23 0.000000
2013 07 02 07 00 24 0.006656
2013 07 02 07 00 25 0.013056
2013 07 02 07 00 26 0.019712
2013 07 02 07 00 27 0.026368
2013 07 02 07 00 28 0.032768
2013 07 02 07 00 29 0.039424
2013 07 02 07 00 30 0.045824
2013 07 02 07 00 31 0.052480
2013 07 02 07 00 32 0.059136
2013 07 02 07 00 33 0.065536
2013 07 02 07 00 34 0.072192
2013 07 02 07 00 35 0.078848
2013 07 02 07 00 36 0.085248
2013 07 02 07 00 37 0.091904
2013 07 02 07 00 38 0.098560
2013 07 02 07 00 39 0.105216
2013 07 02 07 00 40 0.111616
2013 07 02 07 00 41 0.118272
2013 07 02 07 00 42 0.124928
2013 07 02 07 00 42 0.879616
2013 07 02 07 00 43 0.886272
2013 07 02 07 00 44 0.641280
2013 07 02 07 00 45 0.647936
2013 07 02 07 00 46 0.654592
2013 07 02 07 00 47 0.660992
2013 07 02 07 00 48 0.667648
2013 07 02 07 00 49 0.674048
2013 07 02 07 00 50 0.680704
2013 07 02 07 00 51 0.687360
2013 07 02 07 00 52 0.693760
2013 07 02 07 00 53 0.448512
2013 07 02 07 00 54 0.455168
2013 07 02 07 00 55 0.461824
2013 07 02 07 00 56 0.468224
2013 07 02 07 00 57 0.474880
2013 07 02 07 00 58 0.481536
2013 07 02 07 00 59 0.488192
2013 07 02 07 01 00 0.494592
2013 07 02 07 01 01 0.501248
2013 07 02 07 01 02 0.507904
2013 07 02 07 01 03 0.514304
2013 07 02 07 01 04 0.520960
2013 07 02 07 01 05 0.527616
2013 07 02 07 01 06 0.534016
2013 07 02 07 01 07 0.540672
2013 07 02 07 01 08 0.547328
2013 07 02 07 01 09 0.553728
2013 07 02 07 01 10 0.560384
2013 07 02 07 01 11 0.567040
2013 07 02 07 01 12 0.573440
2013 07 02 07 01 13 0.580096
2013 07 02 07 01 14 0.586752
2013 07 02 07 01 15 0.593152
2013 07 02 07 01 16 0.348416
2013 07 02 07 01 17 0.354816
2013 07 02 07 01 18 0.361472
2013 07 02 07 01 19 0.116224
2013 07 02 07 01 20 0.122880
2013 07 02 07 01 21 0.129536
2013 07 02 07 01 22 0.135936
2013 07 02 07 01 23 0.142592
2013 07 02 07 01 24 0.149248
2013 07 02 07 01 25 0.155648
2013 07 02 07 01 25 0.910848
2013 07 02 07 01 26 0.917504
2013 07 02 07 01 27 0.923904
2013 07 02 07 01 28 0.930560
2013 07 02 07 01 29 0.936960
2013 07 02 07 01 30 0.943616
2013 07 02 07 01 31 0.698368
2013 07 02 07 01 32 0.705024
2013 07 02 07 01 33 0.711680
2013 07 02 07 01 34 0.718080
2013 07 02 07 01 35 0.473344
2013 07 02 07 01 36 0.479744
2013 07 02 07 01 37 0.486400
2013 07 02 07 01 38 0.493056
2013 07 02 07 01 39 0.499712
2013 07 02 07 01 40 0.506112
2013 07 02 07 01 41 0.512768
2013 07 02 07 01 42 0.267520
2013 07 02 07 01 43 0.273920
2013 07 02 07 01 44 0.280576
2013 07 02 07 01 45 0.287232
2013 07 02 07 01 46 0.293632
2013 07 02 07 01 47 0.300288
2013 07 02 07 01 48 0.306944
2013 07 02 07 01 49 0.313600
2013 07 02 07 01 50 0.320000
2013 07 02 07 01 51 0.326656
2013 07 02 07 01 52 0.333312
2013 07 02 07 01 53 0.339712
2013 07 02 07 01 54 0.346368
2013 07 02 07 01 55 0.353024
2013 07 02 07 01 56 0.359424
2013 07 02 07 01 57 0.366080
2013 07 02 07 01 58 0.372736
2013 07 02 07 01 59 0.379136
2013 07 02 07 02 00 0.385792
2013 07 02 07 02 01 0.392448
2013 07 02 07 02 02 0.398848
2013 07 02 07 02 03 0.405504
2013 07 02 07 02 04 0.412160
2013 07 02 07 02 05 0.418560
2013 07 02 07 02 06 0.425216
2013 07 02 07 02 07 0.431872
2013 07 02 07 02 08 0.438272
2013 07 02 07 02 09 0.444928
2013 07 02 07 02 10 0.451584
2013 07 02 07 02 11 0.457984
2013 07 02 07 02 12 0.464640
2013 07 02 07 02 13 0.471296
2013 07 02 07 02 14 0.477952
2013 07 02 07 02 15 0.484352
2013 07 02 07 02 16 0.491008
2013 07 02 07 02 17 0.497664
2013 07 02 07 02 18 0.504064
2013 07 02 07 02 19 0.510720
2013 07 02 07 02 20 0.517376
2013 07 02 07 02 21 0.523776
2013 07 02 07 02 22 0.530432
2013 07 02 07 02 23 0.537088
2013 07 02 07 02 24 0.543488
2013 07 02 07 02 25 0.550144
2013 07 02 07 02 26 0.556800
2013 07 02 07 02 27 0.563200
2013 07 02 07 02 28 0.569856
2013 07 02 07 02 29 0.576512
2013 07 02 07 02 30 0.582912
2013 07 02 07 02 31 0.589568
2013 07 02 07 02 32 0.596224
2013 07 02 07 02 33 0.602624
2013 07 02 07 02 34 0.609280
2013 07 02 07 02 35 0.615936
2013 07 02 07 02 36 0.622336
2013 07 02 07 02 37 0.628992
2013 07 02 07 02 38 0.635648
2013 07 02 07 02 39 0.642304
2013 07 02 07 02 40 0.648704
2013 07 02 07 02 41 0.655360
2013 07 02 07 02 42 0.662016
2013 07 02 07 02 43 0.668416
2013 07 02 07 02 44 0.675072
2013 07 02 07 02 45 0.681728
2013 07 02 07 02 46 0.688128
2013 07 02 07 02 47 0.694784
2013 07 02 07 02 48 0.701440
2013 07 02 07 02 49 0.707840
2013 07 02 07 02 50 0.714496
2013 07 02 07 02 51 0.721152
2013 07 02 07 02 52 0.727552
2013 07 02 07 02 53 0.734208
2013 07 02 07 02 54 0.489216
2013 07 02 07 02 55 0.495872
2013 07 02 07 02 56 0.502528
2013 07 02 07 02 57 0.508928
2013 07 02 07 02 58 0.515584
2013 07 02 07 02 59 0.522240
2013 07 02 07 03 00 0.528896
2013 07 02 07 03 01 0.535296
2013 07 02 07 03 02 0.290048
2013 07 02 07 03 03 0.296704
2013 07 02 07 03 04 0.303360
2013 07 02 07 03 05 0.309760
2013 07 02 07 03 06 0.316416
2013 07 02 07 03 07 0.323072
2013 07 02 07 03 08 0.329472
2013 07 02 07 03 09 0.336128
2013 07 02 07 03 10 0.342784
2013 07 02 07 03 11 0.349184
2013 07 02 07 03 12 0.355840
2013 07 02 07 03 13 0.362496
2013 07 02 07 03 14 0.117504
2013 07 02 07 03 15 0.124160
2013 07 02 07 03 15 0.878848
2013 07 02 07 03 16 0.885504
2013 07 02 07 03 17 0.891904
2013 07 02 07 03 18 0.898560
2013 07 02 07 03 19 0.905216
2013 07 02 07 03 20 0.911616
2013 07 02 07 03 21 0.918272
2013 07 02 07 03 22 0.924928
2013 07 02 07 03 23 0.931328
2013 07 02 07 03 24 0.937984
2013 07 02 07 03 25 0.944640
2013 07 02 07 03 26 0.951040
2013 07 02 07 03 27 0.957696
2013 07 02 07 03 28 0.964352
2013 07 02 07 03 29 0.970752
2013 07 02 07 03 30 0.977408
2013 07 02 07 03 31 0.984064
2013 07 02 07 03 32 0.990720
2013 07 02 07 03 33 0.745728
2013 07 02 07 03 34 0.752128
2013 07 02 07 03 35 0.758784
2013 07 02 07 03 36 0.765440
2013 07 02 07 03 37 0.771840
2013 07 02 07 03 38 0.778496
2013 07 02 07 03 39 0.785152
2013 07 02 07 03 40 0.539904
2013 07 02 07 03 41 0.546560
2013 07 02 07 03 42 0.552960
2013 07 02 07 03 43 0.559616
2013 07 02 07 03 44 0.566272
2013 07 02 07 03 45 0.572672
2013 07 02 07 03 46 0.579328
2013 07 02 07 03 47 0.585984
2013 07 02 07 03 48 0.592640
2013 07 02 07 03 49 0.599040
2013 07 02 07 03 50 0.605696
2013 07 02 07 03 51 0.612096
2013 07 02 07 03 52 0.618752
2013 07 02 07 03 53 0.625408
2013 07 02 07 03 54 0.632064
2013 07 02 07 03 55 0.638464
2013 07 02 07 03 56 0.645120
2013 07 02 07 03 57 0.651776
2013 07 02 07 03 58 0.658176
2013 07 02 07 03 59 0.664832
2013 07 02 07 04 00 0.671488
2013 07 02 07 04 01 0.677888
2013 07 02 07 04 02 0.684544
2013 07 02 07 04 03 0.691200
2013 07 02 07 04 04 0.697600
2013 07 02 07 04 05 0.704256
2013 07 02 07 04 06 0.710912
2013 07 02 07 04 07 0.717568
2013 07 02 07 04 08 0.723968
2013 07 02 07 04 09 0.730624
2013 07 02 07 04 10 0.737024
2013 07 02 07 04 11 0.743680
2013 07 02 07 04 12 0.750336
2013 07 02 07 04 13 0.756736
2013 07 02 07 04 14 0.763392
2013 07 02 07 04 15 0.770048
2013 07 02 07 04 16 0.776704
2013 07 02 07 04 17 0.783104
2013 07 02 07 04 18 0.789760
2013 07 02 07 04 20 0.048128
2013 07 02 07 04 21 0.054784
2013 07 02 07 04 21 0.809472
2013 07 02 07 04 22 0.564480
2013 07 02 07 04 23 0.571136
2013 07 02 07 04 24 0.577792
2013 07 02 07 04 25 0.584192
2013 07 02 07 04 26 0.590848
2013 07 02 07 04 27 0.597504
2013 07 02 07 04 28 0.352256
2013 07 02 07 04 29 0.358656
2013 07 02 07 04 30 0.365312
2013 07 02 07 04 31 0.120320
2013 07 02 07 04 32 0.126976
2013 07 02 07 04 33 0.133632
2013 07 02 07 04 34 0.140032
2013 07 02 07 04 35 0.146688
2013 07 02 07 04 36 0.153344
2013 07 02 07 04 37 0.159744
2013 07 02 07 04 38 0.166400
2013 07 02 07 04 39 0.173056
2013 07 02 07 04 40 0.179712
2013 07 02 07 04 41 0.186112
2013 07 02 07 04 42 0.192768
2013 07 02 07 04 43 0.199424
2013 07 02 07 04 44 0.205824
2013 07 02 07 04 45 0.212480
2013 07 02 07 04 46 0.219136
2013 07 02 07 04 47 0.225536
2013 07 02 07 04 48 0.232192
2013 07 02 07 04 49 0.238848
2013 07 02 07 04 50 0.245248
2013 07 02 07 04 51 0.251904
2013 07 02 07 04 52 0.258560
2013 07 02 07 04 53 0.013312
2013 07 02 07 04 54 0.019712
2013 07 02 07 04 55 0.026368
2013 07 02 07 04 56 0.033024
2013 07 02 07 04 57 0.039424
2013 07 02 07 04 58 0.046080
2013 07 02 07 04 59 0.052736
2013 07 02 07 05 00 0.059136
2013 07 02 07 05 01 0.065792
2013 07 02 07 05 02 0.072448
2013 07 02 07 05 03 0.079104
2013 07 02 07 05 04 0.085504
2013 07 02 07 05 05 0.092160
2013 07 02 07 05 06 0.098816
2013 07 02 07 05 07 0.105216
2013 07 02 07 05 08 0.111872
2013 07 02 07 05 09 0.118528
2013 07 02 07 05 10 0.124928
2013 07 02 07 05 11 0.131584
2013 07 02 07 05 12 0.138240
2013 07 02 07 05 13 0.144640
2013 07 02 07 05 14 0.151296
2013 07 02 07 05 15 0.157952
2013 07 02 07 05 15 0.912896
2013 07 02 07 05 16 0.919552
2013 07 02 07 05 17 0.926208
2013 07 02 07 05 18 0.932608
2013 07 02 07 05 19 0.939264
2013 07 02 07 05 20 0.945920
2013 07 02 07 05 21 0.952320
2013 07 02 07 05 22 0.958976
2013 07 02 07 05 23 0.965632
2013 07 02 07 05 24 0.972032
2013 07 02 07 05 25 0.978688
2013 07 02 07 05 26 0.985344
2013 07 02 07 05 27 0.992000
2013 07 02 07 05 28 0.998400
2013 07 02 07 05 30 0.004864
2013 07 02 07 05 31 0.263168
2013 07 02 07 05 32 0.269568
2013 07 02 07 05 33 0.276224
2013 07 02 07 05 34 0.282880
2013 07 02 07 05 35 0.289280
2013 07 02 07 05 36 0.295936
2013 07 02 07 05 37 0.302592
2013 07 02 07 05 38 0.308992
2013 07 02 07 05 39 0.315648
2013 07 02 07 05 40 0.322304
2013 07 02 07 05 41 0.328704
2013 07 02 07 05 42 0.335360
2013 07 02 07 05 43 0.342016
2013 07 02 07 05 44 0.348416
2013 07 02 07 05 45 0.103680
2013 07 02 07 05 46 0.110336
2013 07 02 07 05 47 0.116736
2013 07 02 07 05 48 0.123392
2013 07 02 07 05 49 0.129792
2013 07 02 07 05 49 0.884736
2013 07 02 07 05 50 0.891136
2013 07 02 07 05 51 0.897792
2013 07 02 07 05 52 0.904448
2013 07 02 07 05 53 0.910848
2013 07 02 07 05 54 0.917504
2013 07 02 07 05 55 0.924160
2013 07 02 07 05 56 0.930560
2013 07 02 07 05 57 0.937216
2013 07 02 07 05 58 0.943872
2013 07 02 07 05 59 0.950528
2013 07 02 07 06 00 0.956928
2013 07 02 07 06 01 0.963584
2013 07 02 07 06 02 0.970240
2013 07 02 07 06 03 0.976640
2013 07 02 07 06 04 0.983296
2013 07 02 07 06 05 0.989952
2013 07 02 07 06 06 0.996352
2013 07 02 07 06 08 0.003072
2013 07 02 07 06 09 0.009472
2013 07 02 07 06 10 0.016128
2013 07 02 07 06 11 0.022784
2013 07 02 07 06 12 0.029184
2013 07 02 07 06 13 0.035840
2013 07 02 07 06 14 0.042496
2013 07 02 07 06 14 0.797440
2013 07 02 07 06 15 0.804096
2013 07 02 07 06 16 0.810752
2013 07 02 07 06 17 0.817152
2013 07 02 07 06 18 0.823808
2013 07 02 07 06 19 0.830464
2013 07 02 07 06 20 0.837120
2013 07 02 07 06 21 0.843520
2013 07 02 07 06 22 0.850176
2013 07 02 07 06 23 0.856832
2013 07 02 07 06 24 0.863232
2013 07 02 07 06 25 0.869888
2013 07 02 07 06 26 0.876544
2013 07 02 07 06 27 0.882944
2013 07 02 07 06 28 0.889600
2013 07 02 07 06 29 0.896000
2013 07 02 07 06 30 0.902656
2013 07 02 07 06 31 0.909312
2013 07 02 07 06 32 0.915712
2013 07 02 07 06 33 0.922368
2013 07 02 07 06 34 0.929024
2013 07 02 07 06 35 0.935680
2013 07 02 07 06 36 0.942080
2013 07 02 07 06 37 0.948736
2013 07 02 07 06 38 0.955392
2013 07 02 07 06 39 0.961792
