2013 07 02 04 16 27 0.259072
2013 07 02 04 16 28 0.265728
2013 07 02 04 16 29 0.272384
2013 07 02 04 16 30 0.279040
2013 07 02 04 16 31 0.285440
2013 07 02 04 16 32 0.292096
2013 07 02 04 16 33 0.298752
2013 07 02 04 16 34 0.305408
2013 07 02 04 16 35 0.311808
2013 07 02 04 16 36 0.318464
2013 07 02 04 16 37 0.325120
2013 07 02 04 16 38 0.331776
2013 07 02 04 16 39 0.338176
2013 07 02 04 16 40 0.344832
2013 07 02 04 16 41 0.351488
2013 07 02 04 16 42 0.357888
2013 07 02 04 16 43 0.364544
2013 07 02 04 16 44 0.371200
2013 07 02 04 16 45 0.377600
2013 07 02 04 16 46 0.384256
2013 07 02 04 16 47 0.390912
2013 07 02 04 16 48 0.397312
2013 07 02 04 16 49 0.403968
2013 07 02 04 16 50 0.410624
2013 07 02 04 16 51 0.417024
2013 07 02 04 16 52 0.423680
2013 07 02 04 16 53 0.430080
2013 07 02 04 16 54 0.436736
2013 07 02 04 16 55 0.443392
2013 07 02 04 16 56 0.450048
2013 07 02 04 16 57 0.456448
2013 07 02 04 16 58 0.463104
2013 07 02 04 16 59 0.469760
2013 07 02 04 17 00 0.476416
2013 07 02 04 17 01 0.482816
2013 07 02 04 17 02 0.237568
2013 07 02 04 17 03 0.244224
2013 07 02 04 17 04 0.250624
2013 07 02 04 17 05 0.257280
2013 07 02 04 17 06 0.263936
2013 07 02 04 17 07 0.270592
2013 07 02 04 17 08 0.276992
2013 07 02 04 17 09 0.283648
2013 07 02 04 17 10 0.290304
2013 07 02 04 17 11 0.296704
2013 07 02 04 17 12 0.303360
2013 07 02 04 17 13 0.310016
2013 07 02 04 17 14 0.316416
2013 07 02 04 17 15 0.323072
2013 07 02 04 17 16 0.329728
2013 07 02 04 17 17 0.336128
2013 07 02 04 17 18 0.342784
2013 07 02 04 17 19 0.097792
2013 07 02 04 17 20 0.104448
2013 07 02 04 17 21 0.111104
2013 07 02 04 17 22 0.117504
2013 07 02 04 17 23 0.124160
2013 07 02 04 17 24 0.130816
2013 07 02 04 17 25 0.137984
2013 07 02 04 17 26 0.143872
2013 07 02 04 17 27 0.150528
2013 07 02 04 17 28 0.157184
2013 07 02 04 17 29 0.163584
2013 07 02 04 17 30 0.170240
2013 07 02 04 17 31 0.176896
2013 07 02 04 17 32 0.183296
2013 07 02 04 17 33 0.189952
2013 07 02 04 17 34 0.196608
2013 07 02 04 17 35 0.203008
2013 07 02 04 17 36 0.209664
2013 07 02 04 17 37 0.216320
2013 07 02 04 17 38 0.222976
2013 07 02 04 17 39 0.229376
2013 07 02 04 17 40 0.236032
2013 07 02 04 17 41 0.242688
2013 07 02 04 17 42 0.249088
2013 07 02 04 17 43 0.255744
2013 07 02 04 17 44 0.262400
2013 07 02 04 17 45 0.268800
2013 07 02 04 17 46 0.275456
2013 07 02 04 17 47 0.282112
2013 07 02 04 17 48 0.288512
2013 07 02 04 17 49 0.295168
2013 07 02 04 17 50 0.301824
2013 07 02 04 17 51 0.308224
2013 07 02 04 17 52 0.314880
2013 07 02 04 17 53 0.321536
2013 07 02 04 17 54 0.327936
2013 07 02 04 17 55 0.334592
2013 07 02 04 17 56 0.341248
2013 07 02 04 17 57 0.347648
2013 07 02 04 17 58 0.354304
2013 07 02 04 17 59 0.360960
2013 07 02 04 18 00 0.367616
2013 07 02 04 18 01 0.374016
2013 07 02 04 18 02 0.380672
2013 07 02 04 18 03 0.387328
2013 07 02 04 18 04 0.393728
2013 07 02 04 18 05 0.400384
2013 07 02 04 18 06 0.407040
2013 07 02 04 18 07 0.413440
2013 07 02 04 18 08 0.168192
2013 07 02 04 18 09 0.174848
2013 07 02 04 18 10 0.181504
2013 07 02 04 18 11 0.187904
2013 07 02 04 18 12 0.194560
2013 07 02 04 18 13 0.201216
2013 07 02 04 18 14 0.207616
2013 07 02 04 18 15 0.214272
2013 07 02 04 18 16 0.220928
2013 07 02 04 18 17 0.227328
2013 07 02 04 18 18 0.233984
2013 07 02 04 18 19 0.240640
2013 07 02 04 18 20 0.247296
2013 07 02 04 18 21 0.253696
2013 07 02 04 18 22 0.260352
2013 07 02 04 18 23 0.267008
2013 07 02 04 18 24 0.273408
2013 07 02 04 18 25 0.280064
2013 07 02 04 18 26 0.286720
2013 07 02 04 18 27 0.293120
2013 07 02 04 18 28 0.551680
2013 07 02 04 18 29 0.558080
2013 07 02 04 18 30 0.564736
2013 07 02 04 18 31 0.571392
2013 07 02 04 18 32 0.577792
2013 07 02 04 18 33 0.584448
2013 07 02 04 18 34 0.591104
2013 07 02 04 18 35 0.597504
2013 07 02 04 18 36 0.604160
2013 07 02 04 18 37 0.610816
2013 07 02 04 18 38 0.617472
2013 07 02 04 18 39 0.623872
2013 07 02 04 18 40 0.630528
2013 07 02 04 18 41 0.637184
2013 07 02 04 18 42 0.643584
2013 07 02 04 18 43 0.650240
2013 07 02 04 18 44 0.656896
2013 07 02 04 18 45 0.663296
2013 07 02 04 18 46 0.669952
2013 07 02 04 18 47 0.676608
2013 07 02 04 18 48 0.683008
2013 07 02 04 18 49 0.689664
2013 07 02 04 18 50 0.696320
2013 07 02 04 18 51 0.702720
2013 07 02 04 18 52 0.709376
2013 07 02 04 18 53 0.716032
2013 07 02 04 18 54 0.722432
2013 07 02 04 18 55 0.729088
2013 07 02 04 18 56 0.735744
2013 07 02 04 18 57 0.742144
2013 07 02 04 18 58 0.748800
2013 07 02 04 18 59 0.755456
2013 07 02 04 19 00 0.762112
2013 07 02 04 19 01 0.768512
2013 07 02 04 19 02 0.775168
2013 07 02 04 19 03 0.781824
2013 07 02 04 19 04 0.788224
2013 07 02 04 19 05 0.794880
2013 07 02 04 19 06 0.801536
2013 07 02 04 19 07 0.807936
2013 07 02 04 19 08 0.814592
2013 07 02 04 19 09 0.569344
2013 07 02 04 19 10 0.576000
2013 07 02 04 19 11 0.331008
2013 07 02 04 19 12 0.337664
2013 07 02 04 19 13 0.344320
2013 07 02 04 19 14 0.350720
2013 07 02 04 19 15 0.357376
2013 07 02 04 19 16 0.363776
2013 07 02 04 19 17 0.370432
2013 07 02 04 19 18 0.377088
2013 07 02 04 19 19 0.383744
2013 07 02 04 19 20 0.390144
2013 07 02 04 19 21 0.396800
2013 07 02 04 19 22 0.403456
2013 07 02 04 19 23 0.409856
2013 07 02 04 19 24 0.416512
2013 07 02 04 19 25 0.423168
2013 07 02 04 19 26 0.429824
2013 07 02 04 19 27 0.436224
2013 07 02 04 19 28 0.442880
2013 07 02 04 19 29 0.449280
2013 07 02 04 19 30 0.455936
2013 07 02 04 19 31 0.462592
2013 07 02 04 19 32 0.720640
2013 07 02 04 19 33 0.727040
2013 07 02 04 19 34 0.733696
2013 07 02 04 19 35 0.740352
2013 07 02 04 19 36 0.747008
2013 07 02 04 19 37 0.753408
2013 07 02 04 19 38 0.760064
2013 07 02 04 19 39 0.766720
2013 07 02 04 19 40 0.773120
2013 07 02 04 19 41 0.528384
2013 07 02 04 19 42 0.534784
2013 07 02 04 19 43 0.541440
2013 07 02 04 19 44 0.548096
2013 07 02 04 19 45 0.554496
2013 07 02 04 19 46 0.561152
2013 07 02 04 19 47 0.567808
2013 07 02 04 19 48 0.574208
2013 07 02 04 19 49 0.580864
2013 07 02 04 19 50 0.587520
2013 07 02 04 19 51 0.593920
2013 07 02 04 19 52 0.600576
2013 07 02 04 19 53 0.607232
2013 07 02 04 19 54 0.613632
2013 07 02 04 19 55 0.620288
2013 07 02 04 19 56 0.626944
2013 07 02 04 19 57 0.633344
2013 07 02 04 19 58 0.640000
2013 07 02 04 19 59 0.646656
2013 07 02 04 20 00 0.653312
2013 07 02 04 20 01 0.659968
2013 07 02 04 20 02 0.666368
2013 07 02 04 20 03 0.673024
2013 07 02 04 20 04 0.679424
2013 07 02 04 20 05 0.686080
2013 07 02 04 20 06 0.692736
2013 07 02 04 20 07 0.699136
2013 07 02 04 20 08 0.705792
2013 07 02 04 20 09 0.712448
2013 07 02 04 20 10 0.718848
2013 07 02 04 20 11 0.725504
2013 07 02 04 20 12 0.732160
2013 07 02 04 20 13 0.486912
2013 07 02 04 20 14 0.493568
2013 07 02 04 20 15 0.499968
2013 07 02 04 20 16 0.506624
2013 07 02 04 20 17 0.513280
2013 07 02 04 20 18 0.519680
2013 07 02 04 20 19 0.526336
2013 07 02 04 20 20 0.532992
2013 07 02 04 20 21 0.539392
2013 07 02 04 20 22 0.546048
2013 07 02 04 20 23 0.552704
2013 07 02 04 20 24 0.559104
2013 07 02 04 20 25 0.565760
2013 07 02 04 20 26 0.572416
2013 07 02 04 20 27 0.578816
2013 07 02 04 20 28 0.585472
2013 07 02 04 20 29 0.592128
2013 07 02 04 20 30 0.598528
2013 07 02 04 20 31 0.605184
2013 07 02 04 20 32 0.611840
2013 07 02 04 20 33 0.618240
2013 07 02 04 20 34 0.624896
2013 07 02 04 20 35 0.883456
2013 07 02 04 20 36 0.889856
2013 07 02 04 20 37 0.896512
2013 07 02 04 20 38 0.902912
2013 07 02 04 20 39 0.909568
2013 07 02 04 20 40 0.916224
2013 07 02 04 20 41 0.922624
2013 07 02 04 20 42 0.929280
2013 07 02 04 20 43 0.935936
2013 07 02 04 20 44 0.942336
2013 07 02 04 20 45 0.948992
2013 07 02 04 20 46 0.955648
2013 07 02 04 20 47 0.962304
2013 07 02 04 20 48 0.968704
2013 07 02 04 20 49 0.975360
2013 07 02 04 20 50 0.982016
2013 07 02 04 20 51 0.988416
2013 07 02 04 20 52 0.995072
2013 07 02 04 20 54 0.001792
2013 07 02 04 20 55 0.008192
2013 07 02 04 20 56 0.014848
2013 07 02 04 20 57 0.021504
2013 07 02 04 20 58 0.027904
2013 07 02 04 20 58 0.782848
2013 07 02 04 20 59 0.789248
2013 07 02 04 21 00 0.795904
2013 07 02 04 21 01 0.550912
2013 07 02 04 21 02 0.557568
2013 07 02 04 21 03 0.564224
2013 07 02 04 21 04 0.318976
2013 07 02 04 21 05 0.325376
2013 07 02 04 21 06 0.080640
2013 07 02 04 21 07 0.087040
2013 07 02 04 21 08 0.093696
2013 07 02 04 21 09 0.100352
2013 07 02 04 21 10 0.107008
2013 07 02 04 21 11 0.113408
2013 07 02 04 21 12 0.120064
2013 07 02 04 21 13 0.126720
2013 07 02 04 21 14 0.133120
2013 07 02 04 21 15 0.139776
2013 07 02 04 21 16 0.146432
2013 07 02 04 21 17 0.152832
2013 07 02 04 21 18 0.159488
2013 07 02 04 21 19 0.165888
2013 07 02 04 21 20 0.172544
2013 07 02 04 21 21 0.179200
2013 07 02 04 21 22 0.185856
2013 07 02 04 21 23 0.192256
2013 07 02 04 21 24 0.198912
2013 07 02 04 21 25 0.205568
2013 07 02 04 21 26 0.463616
2013 07 02 04 21 27 0.470016
2013 07 02 04 21 28 0.476672
2013 07 02 04 21 29 0.483328
2013 07 02 04 21 30 0.489728
2013 07 02 04 21 31 0.496384
2013 07 02 04 21 32 0.503040
2013 07 02 04 21 33 0.509696
2013 07 02 04 21 34 0.516096
2013 07 02 04 21 35 0.522752
2013 07 02 04 21 36 0.529408
2013 07 02 04 21 37 0.535808
2013 07 02 04 21 38 0.542464
2013 07 02 04 21 39 0.549120
2013 07 02 04 21 40 0.555520
2013 07 02 04 21 41 0.562176
2013 07 02 04 21 42 0.568832
2013 07 02 04 21 43 0.575232
2013 07 02 04 21 44 0.581888
2013 07 02 04 21 45 0.588544
2013 07 02 04 21 46 0.594944
2013 07 02 04 21 47 0.601600
2013 07 02 04 21 48 0.608256
2013 07 02 04 21 49 0.614656
2013 07 02 04 21 50 0.621312
2013 07 02 04 21 51 0.627968
2013 07 02 04 21 52 0.634368
2013 07 02 04 21 53 0.641024
2013 07 02 04 21 54 0.647680
2013 07 02 04 21 55 0.654336
2013 07 02 04 21 56 0.660736
2013 07 02 04 21 57 0.667392
2013 07 02 04 21 58 0.674048
2013 07 02 04 21 59 0.680448
2013 07 02 04 22 00 0.687104
2013 07 02 04 22 01 0.693760
2013 07 02 04 22 02 0.700160
2013 07 02 04 22 03 0.706816
2013 07 02 04 22 04 0.462080
2013 07 02 04 22 05 0.468480
2013 07 02 04 22 06 0.475136
2013 07 02 04 22 07 0.481536
2013 07 02 04 22 08 0.488192
2013 07 02 04 22 09 0.494848
2013 07 02 04 22 10 0.501248
2013 07 02 04 22 11 0.507904
2013 07 02 04 22 12 0.514560
2013 07 02 04 22 13 0.520960
2013 07 02 04 22 14 0.527616
2013 07 02 04 22 15 0.534272
2013 07 02 04 22 16 0.540672
2013 07 02 04 22 17 0.547328
2013 07 02 04 22 18 0.553984
2013 07 02 04 22 19 0.560640
2013 07 02 04 22 20 0.567040
2013 07 02 04 22 21 0.573696
2013 07 02 04 22 22 0.580352
2013 07 02 04 22 23 0.838400
2013 07 02 04 22 24 0.844800
2013 07 02 04 22 25 0.851456
2013 07 02 04 22 26 0.858112
2013 07 02 04 22 27 0.864512
2013 07 02 04 22 28 0.871168
2013 07 02 04 22 29 0.877824
2013 07 02 04 22 30 0.884224
2013 07 02 04 22 31 0.890880
2013 07 02 04 22 32 0.897536
2013 07 02 04 22 33 0.903936
2013 07 02 04 22 34 0.910592
2013 07 02 04 22 35 0.917248
2013 07 02 04 22 36 0.923648
2013 07 02 04 22 37 0.930304
2013 07 02 04 22 38 0.936960
2013 07 02 04 22 39 0.943616
2013 07 02 04 22 40 0.950016
2013 07 02 04 22 41 0.956672
2013 07 02 04 22 42 0.963328
2013 07 02 04 22 43 0.969728
2013 07 02 04 22 44 0.976384
2013 07 02 04 22 45 0.983040
2013 07 02 04 22 46 0.738048
2013 07 02 04 22 47 0.744704
2013 07 02 04 22 48 0.751360
2013 07 02 04 22 49 0.757760
2013 07 02 04 22 50 0.764416
2013 07 02 04 22 51 0.771072
2013 07 02 04 22 52 0.777472
2013 07 02 04 22 53 0.784128
2013 07 02 04 22 54 0.790784
2013 07 02 04 22 55 0.797184
2013 07 02 04 22 56 0.803840
2013 07 02 04 22 57 0.810496
2013 07 02 04 22 58 0.816896
2013 07 02 04 22 59 0.823552
2013 07 02 04 23 00 0.829952
2013 07 02 04 23 01 0.836608
2013 07 02 04 23 02 0.843264
2013 07 02 04 23 03 0.849664
2013 07 02 04 23 04 0.856320
2013 07 02 04 23 05 0.862976
2013 07 02 04 23 06 0.869632
2013 07 02 04 23 07 0.876032
2013 07 02 04 23 08 0.882688
2013 07 02 04 23 09 0.889344
2013 07 02 04 23 10 0.896000
2013 07 02 04 23 11 0.902400
2013 07 02 04 23 12 0.909056
2013 07 02 04 23 13 0.915712
2013 07 02 04 23 14 0.922112
2013 07 02 04 23 15 0.928768
2013 07 02 04 23 16 0.935424
2013 07 02 04 23 17 0.941824
2013 07 02 04 23 18 0.948480
2013 07 02 04 23 19 0.954880
2013 07 02 04 23 20 0.961536
2013 07 02 04 23 21 0.968192
2013 07 02 04 23 22 0.974592
2013 07 02 04 23 23 0.981248
2013 07 02 04 23 24 0.987904
2013 07 02 04 23 25 0.994560
2013 07 02 04 23 27 0.001024
2013 07 02 04 23 28 0.007680
2013 07 02 04 23 29 0.014080
2013 07 02 04 23 30 0.020736
2013 07 02 04 23 31 0.027392
2013 07 02 04 23 32 0.033792
2013 07 02 04 23 33 0.040448
2013 07 02 04 23 34 0.047104
2013 07 02 04 23 35 0.053504
2013 07 02 04 23 36 0.060160
2013 07 02 04 23 37 0.066816
2013 07 02 04 23 38 0.073216
2013 07 02 04 23 39 0.079872
2013 07 02 04 23 40 0.086528
2013 07 02 04 23 41 0.344576
2013 07 02 04 23 42 0.351232
2013 07 02 04 23 43 0.357632
2013 07 02 04 23 44 0.364288
2013 07 02 04 23 45 0.370944
2013 07 02 04 23 46 0.377344
2013 07 02 04 23 47 0.384000
2013 07 02 04 23 48 0.390656
2013 07 02 04 23 49 0.397056
2013 07 02 04 23 50 0.403712
2013 07 02 04 23 51 0.410368
2013 07 02 04 23 52 0.416768
2013 07 02 04 23 53 0.423424
2013 07 02 04 23 54 0.430080
2013 07 02 04 23 55 0.436736
2013 07 02 04 23 56 0.443136
2013 07 02 04 23 57 0.198400
2013 07 02 04 23 58 0.204800
2013 07 02 04 23 59 0.211456
2013 07 02 04 24 00 0.217856
2013 07 02 04 24 01 0.224512
2013 07 02 04 24 02 0.231168
2013 07 02 04 24 03 0.237568
2013 07 02 04 24 04 0.244224
2013 07 02 04 24 05 0.250880
2013 07 02 04 24 06 0.257536
2013 07 02 04 24 07 0.263936
2013 07 02 04 24 08 0.270592
2013 07 02 04 24 09 0.277248
2013 07 02 04 24 10 0.283904
2013 07 02 04 24 11 0.290304
2013 07 02 04 24 12 0.297216
2013 07 02 04 24 13 0.303616
2013 07 02 04 24 14 0.310016
2013 07 02 04 24 15 0.316672
2013 07 02 04 24 16 0.323328
2013 07 02 04 24 17 0.329728
2013 07 02 04 24 18 0.336384
2013 07 02 04 24 19 0.342784
2013 07 02 04 24 20 0.349440
2013 07 02 04 24 21 0.356096
2013 07 02 04 24 22 0.362496
2013 07 02 04 24 23 0.369152
2013 07 02 04 24 24 0.375808
2013 07 02 04 24 25 0.382464
2013 07 02 04 24 26 0.388864
2013 07 02 04 24 27 0.395520
2013 07 02 04 24 28 0.402176
2013 07 02 04 24 29 0.408832
2013 07 02 04 24 30 0.415232
2013 07 02 04 24 31 0.421888
2013 07 02 04 24 32 0.428544
2013 07 02 04 24 33 0.434944
2013 07 02 04 24 34 0.441600
2013 07 02 04 24 35 0.448256
2013 07 02 04 24 36 0.454656
2013 07 02 04 24 37 0.461312
2013 07 02 04 24 38 0.467712
2013 07 02 04 24 39 0.474368
2013 07 02 04 24 40 0.481024
2013 07 02 04 24 41 0.487424
2013 07 02 04 24 42 0.494080
2013 07 02 04 24 43 0.500736
2013 07 02 04 24 44 0.507136
2013 07 02 04 24 45 0.513792
2013 07 02 04 24 46 0.520448
2013 07 02 04 24 47 0.527104
2013 07 02 04 24 48 0.533504
2013 07 02 04 24 49 0.540160
2013 07 02 04 24 50 0.546816
2013 07 02 04 24 51 0.553216
2013 07 02 04 24 52 0.559872
2013 07 02 04 24 53 0.566528
2013 07 02 04 24 54 0.572928
2013 07 02 04 24 55 0.579584
2013 07 02 04 24 56 0.586240
2013 07 02 04 24 57 0.592896
2013 07 02 04 24 58 0.599296
2013 07 02 04 24 59 0.605952
2013 07 02 04 25 00 0.612352
2013 07 02 04 25 01 0.367360
2013 07 02 04 25 02 0.373760
2013 07 02 04 25 03 0.380416
2013 07 02 04 25 04 0.387072
2013 07 02 04 25 05 0.393472
2013 07 02 04 25 06 0.400128
2013 07 02 04 25 07 0.155136
2013 07 02 04 25 08 0.161792
2013 07 02 04 25 09 0.168448
2013 07 02 04 25 10 0.174848
2013 07 02 04 25 11 0.181504
2013 07 02 04 25 12 0.188160
2013 07 02 04 25 13 0.194816
2013 07 02 04 25 14 0.201216
2013 07 02 04 25 15 0.207872
2013 07 02 04 25 16 0.214528
2013 07 02 04 25 17 0.220928
2013 07 02 04 25 18 0.227584
2013 07 02 04 25 19 0.233984
2013 07 02 04 25 20 0.240640
2013 07 02 04 25 21 0.247296
2013 07 02 04 25 22 0.253696
2013 07 02 04 25 23 0.008704
2013 07 02 04 25 24 0.015104
2013 07 02 04 25 25 0.021760
2013 07 02 04 25 26 0.028416
2013 07 02 04 25 27 0.034816
2013 07 02 04 25 28 0.041472
2013 07 02 04 25 29 0.048128
2013 07 02 04 25 30 0.054528
2013 07 02 04 25 31 0.061184
2013 07 02 04 25 32 0.067840
2013 07 02 04 25 33 0.074240
2013 07 02 04 25 34 0.080896
2013 07 02 04 25 35 0.087552
2013 07 02 04 25 36 0.093952
2013 07 02 04 25 37 0.100608
2013 07 02 04 25 38 0.107264
2013 07 02 04 25 39 0.113920
2013 07 02 04 25 40 0.120320
2013 07 02 04 25 41 0.126976
2013 07 02 04 25 42 0.133632
2013 07 02 04 25 43 0.140032
2013 07 02 04 25 44 0.146688
2013 07 02 04 25 45 0.153344
2013 07 02 04 25 46 0.159744
2013 07 02 04 25 47 0.166400
2013 07 02 04 25 48 0.173056
2013 07 02 04 25 49 0.179456
2013 07 02 04 25 50 0.186112
2013 07 02 04 25 51 0.192768
2013 07 02 04 25 52 0.199168
2013 07 02 04 25 53 0.205824
2013 07 02 04 25 54 0.212480
2013 07 02 04 25 55 0.218880
2013 07 02 04 25 56 0.225536
2013 07 02 04 25 57 0.232192
2013 07 02 04 25 58 0.238592
2013 07 02 04 25 59 0.245248
2013 07 02 04 26 00 0.251904
2013 07 02 04 26 01 0.258304
2013 07 02 04 26 02 0.264960
2013 07 02 04 26 03 0.271616
2013 07 02 04 26 04 0.278272
2013 07 02 04 26 05 0.033280
2013 07 02 04 26 06 0.039680
2013 07 02 04 26 07 0.046336
2013 07 02 04 26 08 0.052992
2013 07 02 04 26 09 0.059648
2013 07 02 04 26 10 0.066048
2013 07 02 04 26 11 0.072704
2013 07 02 04 26 12 0.079360
2013 07 02 04 26 13 0.085760
2013 07 02 04 26 14 0.092416
2013 07 02 04 26 14 0.847104
2013 07 02 04 26 15 0.853760
2013 07 02 04 26 16 0.860416
2013 07 02 04 26 17 0.866816
2013 07 02 04 26 18 0.873472
2013 07 02 04 26 19 0.880128
2013 07 02 04 26 20 0.886528
2013 07 02 04 26 21 0.893184
2013 07 02 04 26 22 0.899840
2013 07 02 04 26 23 0.906240
2013 07 02 04 26 24 0.912896
2013 07 02 04 26 25 0.919552
2013 07 02 04 26 26 0.925952
2013 07 02 04 26 27 0.932608
2013 07 02 04 26 28 0.939264
2013 07 02 04 26 29 0.945920
2013 07 02 04 26 30 0.952320
2013 07 02 04 26 31 0.958976
2013 07 02 04 26 32 0.965632
2013 07 02 04 26 33 0.972032
2013 07 02 04 26 34 0.978688
2013 07 02 04 26 35 0.985344
2013 07 02 04 26 36 0.991744
2013 07 02 04 26 37 0.998400
2013 07 02 04 26 39 0.004864
2013 07 02 04 26 40 0.011520
2013 07 02 04 26 41 0.269824
2013 07 02 04 26 42 0.276480
2013 07 02 04 26 43 0.283136
2013 07 02 04 26 44 0.289536
2013 07 02 04 26 45 0.296192
2013 07 02 04 26 46 0.302848
2013 07 02 04 26 47 0.309504
2013 07 02 04 26 48 0.315904
2013 07 02 04 26 49 0.322560
2013 07 02 04 26 50 0.580608
2013 07 02 04 26 51 0.587264
2013 07 02 04 26 52 0.593664
2013 07 02 04 26 53 0.600320
2013 07 02 04 26 54 0.606976
2013 07 02 04 26 55 0.613376
2013 07 02 04 26 56 0.620032
2013 07 02 04 26 57 0.626688
2013 07 02 04 26 58 0.884992
2013 07 02 04 26 59 0.891648
2013 07 02 04 27 00 0.898048
2013 07 02 04 27 01 0.904704
2013 07 02 04 27 02 0.911360
2013 07 02 04 27 03 0.918016
2013 07 02 04 27 04 0.924416
2013 07 02 04 27 05 0.931072
2013 07 02 04 27 06 0.937728
2013 07 02 04 27 07 0.944128
2013 07 02 04 27 08 0.950784
2013 07 02 04 27 09 0.957184
2013 07 02 04 27 10 0.963840
2013 07 02 04 27 11 0.970496
2013 07 02 04 27 12 0.976896
2013 07 02 04 27 13 0.983552
2013 07 02 04 27 14 0.990208
2013 07 02 04 27 15 0.996608
2013 07 02 04 27 17 0.003328
2013 07 02 04 27 18 0.009984
2013 07 02 04 27 19 0.016384
2013 07 02 04 27 20 0.023040
2013 07 02 04 27 21 0.029696
2013 07 02 04 27 22 0.036352
2013 07 02 04 27 23 0.042752
2013 07 02 04 27 24 0.049408
2013 07 02 04 27 25 0.056064
2013 07 02 04 27 26 0.062464
2013 07 02 04 27 26 0.817408
2013 07 02 04 27 27 0.823808
2013 07 02 04 27 28 0.830464
2013 07 02 04 27 29 0.836864
2013 07 02 04 27 30 0.843520
2013 07 02 04 27 31 0.850176
2013 07 02 04 27 32 0.856576
2013 07 02 04 27 33 0.863232
2013 07 02 04 27 34 0.869888
2013 07 02 04 27 35 0.876544
2013 07 02 04 27 36 0.882944
2013 07 02 04 27 37 0.889600
2013 07 02 04 27 38 0.896256
2013 07 02 04 27 39 0.902656
2013 07 02 04 27 40 0.657920
2013 07 02 04 27 41 0.664320
2013 07 02 04 27 42 0.670976
2013 07 02 04 27 43 0.677632
2013 07 02 04 27 44 0.684288
2013 07 02 04 27 45 0.690688
2013 07 02 04 27 46 0.697344
2013 07 02 04 27 47 0.704000
2013 07 02 04 27 48 0.710400
2013 07 02 04 27 49 0.717056
2013 07 02 04 27 50 0.723456
2013 07 02 04 27 51 0.730112
2013 07 02 04 27 52 0.736768
2013 07 02 04 27 53 0.743168
2013 07 02 04 27 54 0.749824
2013 07 02 04 27 55 0.756480
2013 07 02 04 27 56 0.762880
2013 07 02 04 27 57 0.769536
2013 07 02 04 27 58 0.524288
2013 07 02 04 27 59 0.530944
2013 07 02 04 28 00 0.537600
2013 07 02 04 28 01 0.544000
2013 07 02 04 28 02 0.550656
2013 07 02 04 28 03 0.557312
2013 07 02 04 28 04 0.563712
2013 07 02 04 28 05 0.570368
2013 07 02 04 28 06 0.577024
2013 07 02 04 28 07 0.583424
2013 07 02 04 28 08 0.590080
2013 07 02 04 28 09 0.596736
2013 07 02 04 28 10 0.603136
2013 07 02 04 28 11 0.609792
2013 07 02 04 28 12 0.616448
2013 07 02 04 28 13 0.622848
2013 07 02 04 28 14 0.629504
2013 07 02 04 28 15 0.636160
2013 07 02 04 28 16 0.642816
2013 07 02 04 28 17 0.649216
2013 07 02 04 28 18 0.655872
2013 07 02 04 28 19 0.662528
2013 07 02 04 28 20 0.668928
2013 07 02 04 28 21 0.675584
2013 07 02 04 28 22 0.682240
2013 07 02 04 28 23 0.940544
2013 07 02 04 28 24 0.947200
2013 07 02 04 28 25 0.953600
2013 07 02 04 28 26 0.960256
2013 07 02 04 28 27 0.966912
2013 07 02 04 28 28 0.973312
2013 07 02 04 28 29 0.979968
2013 07 02 04 28 30 0.986624
2013 07 02 04 28 31 0.993024
2013 07 02 04 28 32 0.999680
2013 07 02 04 28 33 0.754432
2013 07 02 04 28 34 0.761088
2013 07 02 04 28 35 0.767488
2013 07 02 04 28 36 0.774144
2013 07 02 04 28 37 0.780800
2013 07 02 04 28 38 0.787456
2013 07 02 04 28 39 0.793856
2013 07 02 04 28 40 0.549120
2013 07 02 04 28 41 0.555520
2013 07 02 04 28 42 0.562176
2013 07 02 04 28 43 0.568832
2013 07 02 04 28 44 0.575232
2013 07 02 04 28 45 0.581888
2013 07 02 04 28 46 0.588544
2013 07 02 04 28 47 0.594944
2013 07 02 04 28 48 0.601600
2013 07 02 04 28 49 0.608256
2013 07 02 04 28 50 0.614656
2013 07 02 04 28 51 0.369408
2013 07 02 04 28 52 0.376064
2013 07 02 04 28 53 0.382720
2013 07 02 04 28 54 0.389120
2013 07 02 04 28 55 0.395776
2013 07 02 04 28 56 0.402432
2013 07 02 04 28 57 0.409088
2013 07 02 04 28 58 0.415488
2013 07 02 04 28 59 0.422144
2013 07 02 04 29 00 0.428800
2013 07 02 04 29 01 0.435200
2013 07 02 04 29 02 0.441856
2013 07 02 04 29 03 0.448512
2013 07 02 04 29 04 0.454912
2013 07 02 04 29 05 0.461568
2013 07 02 04 29 06 0.468224
2013 07 02 04 29 07 0.474624
2013 07 02 04 29 08 0.481280
2013 07 02 04 29 09 0.487936
2013 07 02 04 29 10 0.494336
2013 07 02 04 29 11 0.500992
2013 07 02 04 29 12 0.507648
2013 07 02 04 29 13 0.514048
2013 07 02 04 29 14 0.520704
2013 07 02 04 29 15 0.527360
2013 07 02 04 29 16 0.533760
2013 07 02 04 29 17 0.540416
2013 07 02 04 29 18 0.547072
2013 07 02 04 29 19 0.553728
2013 07 02 04 29 20 0.560128
2013 07 02 04 29 21 0.566784
2013 07 02 04 29 22 0.573440
2013 07 02 04 29 23 0.579840
2013 07 02 04 29 24 0.335104
2013 07 02 04 29 25 0.341504
2013 07 02 04 29 26 0.348160
2013 07 02 04 29 27 0.354816
2013 07 02 04 29 28 0.361216
2013 07 02 04 29 29 0.367872
2013 07 02 04 29 30 0.374528
2013 07 02 04 29 31 0.380928
2013 07 02 04 29 32 0.387584
2013 07 02 04 29 33 0.394240
2013 07 02 04 29 34 0.400640
2013 07 02 04 29 35 0.407296
2013 07 02 04 29 36 0.413952
2013 07 02 04 29 37 0.420352
2013 07 02 04 29 38 0.427008
2013 07 02 04 29 39 0.433664
2013 07 02 04 29 40 0.440320
2013 07 02 04 29 41 0.446720
2013 07 02 04 29 42 0.201472
2013 07 02 04 29 43 0.208128
2013 07 02 04 29 44 0.214784
2013 07 02 04 29 45 0.221184
2013 07 02 04 29 46 0.227840
2013 07 02 04 29 47 0.234496
2013 07 02 04 29 48 0.240896
2013 07 02 04 29 49 0.247552
2013 07 02 04 29 50 0.254208
2013 07 02 04 29 51 0.260608
2013 07 02 04 29 52 0.267264
2013 07 02 04 29 53 0.273920
2013 07 02 04 29 54 0.280320
2013 07 02 04 29 55 0.286976
2013 07 02 04 29 56 0.293632
2013 07 02 04 29 57 0.300032
2013 07 02 04 29 58 0.306688
2013 07 02 04 29 59 0.313344
2013 07 02 04 30 00 0.319744
2013 07 02 04 30 01 0.326400
2013 07 02 04 30 02 0.333056
2013 07 02 04 30 03 0.339712
2013 07 02 04 30 04 0.346112
2013 07 02 04 30 05 0.352768
2013 07 02 04 30 06 0.359424
2013 07 02 04 30 07 0.365824
2013 07 02 04 30 08 0.372480
2013 07 02 04 30 09 0.379136
2013 07 02 04 30 10 0.385536
2013 07 02 04 30 11 0.392192
2013 07 02 04 30 12 0.398848
2013 07 02 04 30 13 0.405248
2013 07 02 04 30 14 0.160512
2013 07 02 04 30 15 0.166912
2013 07 02 04 30 16 0.173568
2013 07 02 04 30 17 0.180224
2013 07 02 04 30 18 0.186624
2013 07 02 04 30 19 0.193280
2013 07 02 04 30 20 0.199936
2013 07 02 04 30 20 0.954624
2013 07 02 04 30 21 0.961280
2013 07 02 04 30 22 0.967680
2013 07 02 04 30 24 0.226304
2013 07 02 04 30 25 0.232704
2013 07 02 04 30 26 0.239360
2013 07 02 04 30 27 0.246016
2013 07 02 04 30 28 0.252416
2013 07 02 04 30 29 0.259072
2013 07 02 04 30 30 0.265472
2013 07 02 04 30 31 0.272128
2013 07 02 04 30 32 0.278784
2013 07 02 04 30 33 0.285440
2013 07 02 04 30 34 0.291840
2013 07 02 04 30 35 0.298496
2013 07 02 04 30 36 0.053248
2013 07 02 04 30 37 0.059904
2013 07 02 04 30 38 0.066304
2013 07 02 04 30 39 0.072960
2013 07 02 04 30 40 0.079616
2013 07 02 04 30 41 0.086016
2013 07 02 04 30 42 0.092672
2013 07 02 04 30 43 0.099328
2013 07 02 04 30 44 0.105728
2013 07 02 04 30 45 0.112384
2013 07 02 04 30 46 0.119040
2013 07 02 04 30 47 0.125696
2013 07 02 04 30 48 0.132096
2013 07 02 04 30 49 0.138752
2013 07 02 04 30 50 0.145408
2013 07 02 04 30 51 0.151808
2013 07 02 04 30 52 0.158464
2013 07 02 04 30 53 0.165120
2013 07 02 04 30 54 0.171520
2013 07 02 04 30 55 0.178176
2013 07 02 04 30 55 0.933120
2013 07 02 04 30 56 0.939776
2013 07 02 04 30 57 0.946432
2013 07 02 04 30 58 0.953088
2013 07 02 04 30 59 0.959488
2013 07 02 04 31 00 0.966144
2013 07 02 04 31 01 0.972800
2013 07 02 04 31 02 0.979200
2013 07 02 04 31 03 0.985856
2013 07 02 04 31 04 0.992512
2013 07 02 04 31 05 0.998912
2013 07 02 04 31 07 0.005632
2013 07 02 04 31 08 0.012288
2013 07 02 04 31 09 0.018688
2013 07 02 04 31 10 0.025344
2013 07 02 04 31 11 0.031744
2013 07 02 04 31 11 0.786688
2013 07 02 04 31 12 0.793088
2013 07 02 04 31 13 0.799744
2013 07 02 04 31 14 0.806400
2013 07 02 04 31 15 0.813056
2013 07 02 04 31 16 0.819456
2013 07 02 04 31 17 0.826112
2013 07 02 04 31 18 0.832768
2013 07 02 04 31 19 0.839168
2013 07 02 04 31 20 0.845824
2013 07 02 04 31 21 0.852480
2013 07 02 04 31 22 0.858880
2013 07 02 04 31 23 0.865536
2013 07 02 04 31 24 0.872192
2013 07 02 04 31 25 0.878592
2013 07 02 04 31 26 0.885248
2013 07 02 04 31 27 0.891904
2013 07 02 04 31 28 0.898304
2013 07 02 04 31 29 0.904960
2013 07 02 04 31 30 0.911616
2013 07 02 04 31 31 0.918016
2013 07 02 04 31 32 0.924672
2013 07 02 04 31 33 0.931328
2013 07 02 04 31 34 0.937728
2013 07 02 04 31 35 0.944384
2013 07 02 04 31 36 0.951040
2013 07 02 04 31 37 0.957696
2013 07 02 04 31 38 0.964096
2013 07 02 04 31 39 0.970752
2013 07 02 04 31 40 0.977408
2013 07 02 04 31 41 0.983808
2013 07 02 04 31 42 0.990464
2013 07 02 04 31 43 0.997120
2013 07 02 04 31 45 0.003584
2013 07 02 04 31 46 0.010240
2013 07 02 04 31 47 0.016640
2013 07 02 04 31 48 0.023296
2013 07 02 04 31 49 0.029952
2013 07 02 04 31 50 0.036352
2013 07 02 04 31 51 0.043008
2013 07 02 04 31 52 0.049664
2013 07 02 04 31 53 0.056064
2013 07 02 04 31 54 0.062720
2013 07 02 04 31 55 0.069376
2013 07 02 04 31 56 0.076032
2013 07 02 04 31 57 0.082432
2013 07 02 04 31 58 0.089088
2013 07 02 04 31 59 0.095744
2013 07 02 04 32 00 0.102144
2013 07 02 04 32 01 0.108800
2013 07 02 04 32 02 0.115456
2013 07 02 04 32 02 0.870400
2013 07 02 04 32 03 0.877056
2013 07 02 04 32 04 0.883712
2013 07 02 04 32 05 0.890112
2013 07 02 04 32 06 0.644864
2013 07 02 04 32 07 0.651520
2013 07 02 04 32 08 0.658176
2013 07 02 04 32 09 0.664576
2013 07 02 04 32 10 0.671232
2013 07 02 04 32 11 0.677888
2013 07 02 04 32 12 0.684288
2013 07 02 04 32 13 0.690944
2013 07 02 04 32 14 0.697600
2013 07 02 04 32 15 0.704000
2013 07 02 04 32 16 0.710656
2013 07 02 04 32 17 0.717312
2013 07 02 04 32 18 0.723712
2013 07 02 04 32 19 0.730368
2013 07 02 04 32 20 0.737024
2013 07 02 04 32 21 0.743680
2013 07 02 04 32 22 0.750080
2013 07 02 04 32 23 0.756736
2013 07 02 04 32 25 0.015104
2013 07 02 04 32 26 0.021760
2013 07 02 04 32 27 0.028160
2013 07 02 04 32 28 0.034816
2013 07 02 04 32 29 0.041472
2013 07 02 04 32 30 0.047872
2013 07 02 04 32 31 0.054528
2013 07 02 04 32 32 0.061184
2013 07 02 04 32 32 0.815872
2013 07 02 04 32 33 0.822528
2013 07 02 04 32 34 0.828928
2013 07 02 04 32 35 0.835584
2013 07 02 04 32 36 0.842240
2013 07 02 04 32 37 0.848640
2013 07 02 04 32 38 0.855296
2013 07 02 04 32 39 0.861952
2013 07 02 04 32 40 0.868352
2013 07 02 04 32 41 0.875008
2013 07 02 04 32 42 0.881664
2013 07 02 04 32 43 0.888064
2013 07 02 04 32 44 0.894720
2013 07 02 04 32 45 0.901376
2013 07 02 04 32 46 0.908032
2013 07 02 04 32 47 0.914432
2013 07 02 04 32 48 0.921088
2013 07 02 04 32 49 0.927744
2013 07 02 04 32 50 0.934144
2013 07 02 04 32 51 0.940800
2013 07 02 04 32 52 0.947456
2013 07 02 04 32 53 0.953856
2013 07 02 04 32 54 0.960512
2013 07 02 04 32 55 0.967168
2013 07 02 04 32 56 0.973568
2013 07 02 04 32 57 0.980224
2013 07 02 04 32 58 0.986880
2013 07 02 04 32 59 0.993280
2013 07 02 04 33 01 0.000000
2013 07 02 04 33 02 0.006656
2013 07 02 04 33 03 0.013056
2013 07 02 04 33 04 0.019712
2013 07 02 04 33 05 0.026368
2013 07 02 04 33 06 0.032768
2013 07 02 04 33 07 0.039424
2013 07 02 04 33 08 0.046080
2013 07 02 04 33 09 0.052480
2013 07 02 04 33 10 0.059136
2013 07 02 04 33 11 0.065792
2013 07 02 04 33 12 0.072192
2013 07 02 04 33 13 0.078848
2013 07 02 04 33 14 0.085504
2013 07 02 04 33 15 0.091904
2013 07 02 04 33 16 0.098560
2013 07 02 04 33 17 0.105216
2013 07 02 04 33 18 0.111616
2013 07 02 04 33 19 0.118272
2013 07 02 04 33 20 0.124928
2013 07 02 04 33 21 0.131328
2013 07 02 04 33 22 0.137984
2013 07 02 04 33 23 0.144640
2013 07 02 04 33 24 0.151040
2013 07 02 04 33 25 0.157696
2013 07 02 04 33 26 0.164352
2013 07 02 04 33 27 0.171008
2013 07 02 04 33 28 0.177408
2013 07 02 04 33 29 0.184064
2013 07 02 04 33 30 0.190720
2013 07 02 04 33 31 0.197120
2013 07 02 04 33 32 0.203776
2013 07 02 04 33 33 0.210432
2013 07 02 04 33 34 0.216832
2013 07 02 04 33 35 0.223488
2013 07 02 04 33 36 0.230144
2013 07 02 04 33 37 0.236544
2013 07 02 04 33 38 0.243200
2013 07 02 04 33 39 0.249856
2013 07 02 04 33 40 0.256256
2013 07 02 04 33 41 0.262912
2013 07 02 04 33 42 0.269568
2013 07 02 04 33 43 0.275968
2013 07 02 04 33 44 0.282624
2013 07 02 04 33 45 0.289280
2013 07 02 04 33 46 0.295680
2013 07 02 04 33 47 0.302336
2013 07 02 04 33 48 0.308992
2013 07 02 04 33 49 0.315648
2013 07 02 04 33 50 0.322048
2013 07 02 04 33 51 0.328704
2013 07 02 04 33 52 0.587008
2013 07 02 04 33 53 0.593664
2013 07 02 04 33 54 0.348416
2013 07 02 04 33 55 0.355072
2013 07 02 04 33 56 0.361472
2013 07 02 04 33 57 0.368128
2013 07 02 04 33 58 0.374784
2013 07 02 04 33 59 0.381184
2013 07 02 04 34 00 0.387840
2013 07 02 04 34 01 0.142848
2013 07 02 04 34 02 0.149504
2013 07 02 04 34 03 0.156160
2013 07 02 04 34 04 0.162560
2013 07 02 04 34 05 0.169216
2013 07 02 04 34 06 0.175872
2013 07 02 04 34 07 0.182272
2013 07 02 04 34 08 0.188928
2013 07 02 04 34 09 0.195584
2013 07 02 04 34 10 0.202240
2013 07 02 04 34 11 0.208640
2013 07 02 04 34 12 0.215296
2013 07 02 04 34 13 0.221952
2013 07 02 04 34 14 0.228352
2013 07 02 04 34 15 0.235008
2013 07 02 04 34 15 0.989696
2013 07 02 04 34 16 0.996352
2013 07 02 04 34 18 0.002816
2013 07 02 04 34 19 0.009472
2013 07 02 04 34 20 0.016128
2013 07 02 04 34 21 0.274432
2013 07 02 04 34 22 0.281088
2013 07 02 04 34 23 0.287488
2013 07 02 04 34 24 0.294144
2013 07 02 04 34 25 0.300800
2013 07 02 04 34 26 0.307200
2013 07 02 04 34 27 0.313856
2013 07 02 04 34 28 0.320512
2013 07 02 04 34 29 0.327168
2013 07 02 04 34 30 0.333568
2013 07 02 04 34 31 0.340224
2013 07 02 04 34 32 0.346880
2013 07 02 04 34 33 0.604672
2013 07 02 04 34 34 0.611328
2013 07 02 04 34 35 0.617984
2013 07 02 04 34 36 0.624640
2013 07 02 04 34 37 0.631040
2013 07 02 04 34 38 0.637696
2013 07 02 04 34 39 0.644352
2013 07 02 04 34 40 0.650752
2013 07 02 04 34 41 0.657408
2013 07 02 04 34 42 0.664064
2013 07 02 04 34 43 0.670464
2013 07 02 04 34 44 0.677120
2013 07 02 04 34 45 0.432128
2013 07 02 04 34 46 0.438784
2013 07 02 04 34 47 0.445440
2013 07 02 04 34 48 0.451840
2013 07 02 04 34 49 0.458496
2013 07 02 04 34 50 0.465152
2013 07 02 04 34 51 0.471552
2013 07 02 04 34 52 0.478208
2013 07 02 04 34 53 0.484864
2013 07 02 04 34 54 0.491520
2013 07 02 04 34 55 0.497920
2013 07 02 04 34 56 0.504576
2013 07 02 04 34 57 0.511232
2013 07 02 04 34 58 0.517632
2013 07 02 04 34 59 0.524288
2013 07 02 04 35 00 0.530688
2013 07 02 04 35 01 0.537344
2013 07 02 04 35 02 0.544000
2013 07 02 04 35 03 0.550400
2013 07 02 04 35 04 0.557056
2013 07 02 04 35 05 0.563712
2013 07 02 04 35 06 0.570112
2013 07 02 04 35 07 0.828416
2013 07 02 04 35 08 0.834816
2013 07 02 04 35 09 0.841472
2013 07 02 04 35 10 0.848128
2013 07 02 04 35 11 0.854528
2013 07 02 04 35 12 0.861184
2013 07 02 04 35 13 0.867840
2013 07 02 04 35 14 0.874240
2013 07 02 04 35 15 0.880896
2013 07 02 04 35 16 0.887552
2013 07 02 04 35 17 0.893952
2013 07 02 04 35 18 0.900608
2013 07 02 04 35 19 0.907264
2013 07 02 04 35 20 0.913920
2013 07 02 04 35 21 0.920320
2013 07 02 04 35 22 0.926976
2013 07 02 04 35 23 0.933632
2013 07 02 04 35 24 0.940032
2013 07 02 04 35 25 0.946688
2013 07 02 04 35 26 0.953344
2013 07 02 04 35 27 0.959744
2013 07 02 04 35 28 0.966400
2013 07 02 04 35 29 0.973056
2013 07 02 04 35 30 0.979456
2013 07 02 04 35 31 0.986112
2013 07 02 04 35 32 0.992768
2013 07 02 04 35 33 0.999168
2013 07 02 04 35 35 0.005888
2013 07 02 04 35 36 0.012288
2013 07 02 04 35 36 0.767488
2013 07 02 04 35 37 0.774144
2013 07 02 04 35 38 0.780544
2013 07 02 04 35 39 0.787200
2013 07 02 04 35 40 0.793856
2013 07 02 04 35 41 0.800256
2013 07 02 04 35 42 0.806912
2013 07 02 04 35 43 0.813568
2013 07 02 04 35 44 0.819968
2013 07 02 04 35 45 0.826624
2013 07 02 04 35 46 0.833280
2013 07 02 04 35 47 0.839680
2013 07 02 04 35 48 0.846336
2013 07 02 04 35 49 0.852992
2013 07 02 04 35 50 0.859648
2013 07 02 04 35 51 0.866048
2013 07 02 04 35 52 0.872704
2013 07 02 04 35 53 0.879360
2013 07 02 04 35 54 0.885760
2013 07 02 04 35 55 0.892416
2013 07 02 04 35 56 0.899072
2013 07 02 04 35 57 0.905472
2013 07 02 04 35 58 0.912128
2013 07 02 04 35 59 0.918784
2013 07 02 04 36 00 0.925184
2013 07 02 04 36 01 0.931840
2013 07 02 04 36 02 0.938496
2013 07 02 04 36 03 0.944896
2013 07 02 04 36 04 0.951552
2013 07 02 04 36 05 0.958208
2013 07 02 04 36 06 0.964608
2013 07 02 04 36 07 0.971264
2013 07 02 04 36 08 0.977920
2013 07 02 04 36 09 0.984576
2013 07 02 04 36 10 0.990976
2013 07 02 04 36 11 0.997632
2013 07 02 04 36 13 0.004096
2013 07 02 04 36 14 0.010752
2013 07 02 04 36 15 0.017408
2013 07 02 04 36 16 0.023808
2013 07 02 04 36 17 0.030464
2013 07 02 04 36 18 0.037120
2013 07 02 04 36 19 0.043520
2013 07 02 04 36 20 0.050176
2013 07 02 04 36 21 0.056832
2013 07 02 04 36 22 0.063488
2013 07 02 04 36 22 0.818176
2013 07 02 04 36 23 0.824576
2013 07 02 04 36 25 0.083200
2013 07 02 04 36 26 0.089600
2013 07 02 04 36 27 0.096256
2013 07 02 04 36 28 0.102912
2013 07 02 04 36 29 0.109312
2013 07 02 04 36 30 0.115968
2013 07 02 04 36 31 0.122368
2013 07 02 04 36 32 0.129024
2013 07 02 04 36 33 0.135680
2013 07 02 04 36 34 0.142336
2013 07 02 04 36 35 0.148736
2013 07 02 04 36 36 0.155392
2013 07 02 04 36 37 0.162048
2013 07 02 04 36 38 0.168448
2013 07 02 04 36 39 0.175104
2013 07 02 04 36 40 0.181760
2013 07 02 04 36 41 0.188416
2013 07 02 04 36 42 0.194816
2013 07 02 04 36 43 0.201472
2013 07 02 04 36 44 0.208128
2013 07 02 04 36 45 0.214528
2013 07 02 04 36 46 0.221184
2013 07 02 04 36 47 0.227840
2013 07 02 04 36 48 0.234240
2013 07 02 04 36 49 0.240896
2013 07 02 04 36 50 0.247296
2013 07 02 04 36 51 0.253952
2013 07 02 04 36 52 0.260608
2013 07 02 04 36 53 0.267008
2013 07 02 04 36 54 0.273664
2013 07 02 04 36 55 0.028416
2013 07 02 04 36 56 0.035072
2013 07 02 04 36 57 0.041728
2013 07 02 04 36 58 0.048128
2013 07 02 04 36 59 0.054784
2013 07 02 04 37 00 0.061440
2013 07 02 04 37 01 0.067840
2013 07 02 04 37 02 0.074496
2013 07 02 04 37 03 0.081152
2013 07 02 04 37 04 0.087552
2013 07 02 04 37 05 0.094208
2013 07 02 04 37 06 0.100864
2013 07 02 04 37 07 0.107264
2013 07 02 04 37 08 0.113920
2013 07 02 04 37 09 0.120576
2013 07 02 04 37 10 0.127232
2013 07 02 04 37 11 0.133632
2013 07 02 04 37 12 0.140288
2013 07 02 04 37 13 0.146944
2013 07 02 04 37 14 0.153344
2013 07 02 04 37 15 0.160000
2013 07 02 04 37 16 0.166656
2013 07 02 04 37 17 0.173056
2013 07 02 04 37 18 0.179712
2013 07 02 04 37 19 0.186368
2013 07 02 04 37 20 0.192768
2013 07 02 04 37 21 0.199424
2013 07 02 04 37 22 0.206080
2013 07 02 04 37 23 0.212480
2013 07 02 04 37 24 0.219136
2013 07 02 04 37 25 0.225792
2013 07 02 04 37 26 0.232192
2013 07 02 04 37 27 0.238848
2013 07 02 04 37 28 0.245504
2013 07 02 04 37 29 0.251904
2013 07 02 04 37 30 0.258560
2013 07 02 04 37 31 0.265216
2013 07 02 04 37 32 0.523520
2013 07 02 04 37 33 0.530176
2013 07 02 04 37 34 0.536576
2013 07 02 04 37 35 0.543232
2013 07 02 04 37 36 0.549888
2013 07 02 04 37 37 0.556288
2013 07 02 04 37 38 0.562944
2013 07 02 04 37 39 0.569600
2013 07 02 04 37 40 0.576256
2013 07 02 04 37 41 0.582656
2013 07 02 04 37 42 0.589312
2013 07 02 04 37 43 0.595968
2013 07 02 04 37 44 0.602368
2013 07 02 04 37 45 0.609024
2013 07 02 04 37 46 0.615680
2013 07 02 04 37 47 0.622080
2013 07 02 04 37 48 0.628736
2013 07 02 04 37 49 0.635392
2013 07 02 04 37 50 0.641792
2013 07 02 04 37 51 0.648448
2013 07 02 04 37 52 0.655104
2013 07 02 04 37 53 0.661504
2013 07 02 04 37 54 0.668160
2013 07 02 04 37 55 0.422912
2013 07 02 04 37 56 0.429568
2013 07 02 04 37 57 0.435968
2013 07 02 04 37 58 0.442624
2013 07 02 04 37 59 0.449280
2013 07 02 04 38 00 0.455936
2013 07 02 04 38 01 0.462336
2013 07 02 04 38 02 0.468992
2013 07 02 04 38 03 0.475648
2013 07 02 04 38 04 0.482048
2013 07 02 04 38 05 0.488704
2013 07 02 04 38 06 0.495360
2013 07 02 04 38 07 0.501760
2013 07 02 04 38 08 0.508416
2013 07 02 04 38 09 0.515072
2013 07 02 04 38 10 0.270080
2013 07 02 04 38 11 0.276736
2013 07 02 04 38 12 0.283136
2013 07 02 04 38 13 0.289792
2013 07 02 04 38 14 0.296448
2013 07 02 04 38 15 0.302848
2013 07 02 04 38 16 0.057856
2013 07 02 04 38 17 0.064256
2013 07 02 04 38 18 0.070912
2013 07 02 04 38 19 0.077568
2013 07 02 04 38 20 0.083968
2013 07 02 04 38 20 0.839168
2013 07 02 04 38 21 0.593920
2013 07 02 04 38 22 0.600576
2013 07 02 04 38 23 0.606976
2013 07 02 04 38 24 0.613632
2013 07 02 04 38 25 0.620288
2013 07 02 04 38 26 0.626688
2013 07 02 04 38 27 0.633344
2013 07 02 04 38 28 0.640000
2013 07 02 04 38 29 0.646400
2013 07 02 04 38 30 0.653056
2013 07 02 04 38 31 0.659712
2013 07 02 04 38 32 0.666112
2013 07 02 04 38 33 0.672768
2013 07 02 04 38 34 0.679424
2013 07 02 04 38 35 0.685824
2013 07 02 04 38 36 0.692480
2013 07 02 04 38 37 0.699136
2013 07 02 04 38 38 0.705536
2013 07 02 04 38 39 0.712192
2013 07 02 04 38 40 0.718848
2013 07 02 04 38 41 0.725248
2013 07 02 04 38 42 0.731904
2013 07 02 04 38 43 0.738560
2013 07 02 04 38 44 0.745216
2013 07 02 04 38 45 0.751616
2013 07 02 04 38 46 0.758272
2013 07 02 04 38 47 0.513280
2013 07 02 04 38 48 0.519936
2013 07 02 04 38 49 0.526592
2013 07 02 04 38 50 0.532992
2013 07 02 04 38 51 0.539648
2013 07 02 04 38 52 0.546048
2013 07 02 04 38 53 0.552704
2013 07 02 04 38 54 0.559360
2013 07 02 04 38 55 0.566016
2013 07 02 04 38 56 0.572416
2013 07 02 04 38 57 0.579072
2013 07 02 04 38 58 0.585728
2013 07 02 04 38 59 0.592384
2013 07 02 04 39 00 0.598784
2013 07 02 04 39 01 0.605440
2013 07 02 04 39 02 0.611840
2013 07 02 04 39 03 0.618496
2013 07 02 04 39 04 0.876544
2013 07 02 04 39 05 0.883200
2013 07 02 04 39 06 0.889600
2013 07 02 04 39 07 0.896256
2013 07 02 04 39 08 0.902912
2013 07 02 04 39 09 0.909312
2013 07 02 04 39 10 0.915968
2013 07 02 04 39 11 0.922624
2013 07 02 04 39 12 0.929280
2013 07 02 04 39 13 0.935680
2013 07 02 04 39 14 0.942336
2013 07 02 04 39 15 0.948992
2013 07 02 04 39 16 0.955392
2013 07 02 04 39 17 0.710656
2013 07 02 04 39 18 0.465408
2013 07 02 04 39 19 0.471808
2013 07 02 04 39 20 0.478464
2013 07 02 04 39 21 0.485120
2013 07 02 04 39 22 0.491520
2013 07 02 04 39 23 0.498176
2013 07 02 04 39 24 0.504832
2013 07 02 04 39 25 0.259840
2013 07 02 04 39 26 0.266496
2013 07 02 04 39 27 0.273152
2013 07 02 04 39 28 0.279552
2013 07 02 04 39 29 0.286208
2013 07 02 04 39 30 0.292608
2013 07 02 04 39 31 0.299264
2013 07 02 04 39 32 0.305920
2013 07 02 04 39 33 0.312320
2013 07 02 04 39 34 0.318976
2013 07 02 04 39 35 0.325632
2013 07 02 04 39 36 0.332288
2013 07 02 04 39 37 0.338688
2013 07 02 04 39 38 0.345344
2013 07 02 04 39 39 0.352000
2013 07 02 04 39 40 0.358400
2013 07 02 04 39 41 0.365056
2013 07 02 04 39 42 0.371712
2013 07 02 04 39 43 0.378368
2013 07 02 04 39 44 0.384768
2013 07 02 04 39 45 0.391424
2013 07 02 04 39 46 0.398080
2013 07 02 04 39 47 0.404480
2013 07 02 04 39 48 0.159232
2013 07 02 04 39 49 0.165888
2013 07 02 04 39 50 0.172288
2013 07 02 04 39 51 0.178944
2013 07 02 04 39 52 0.185600
2013 07 02 04 39 53 0.192256
2013 07 02 04 39 54 0.198656
2013 07 02 04 39 55 0.205312
2013 07 02 04 39 55 0.960256
2013 07 02 04 39 56 0.966912
2013 07 02 04 39 57 0.973568
2013 07 02 04 39 58 0.979968
2013 07 02 04 39 59 0.986624
2013 07 02 04 40 00 0.993280
2013 07 02 04 40 01 0.999936
2013 07 02 04 40 03 0.006400
2013 07 02 04 40 04 0.013056
2013 07 02 04 40 05 0.019456
2013 07 02 04 40 06 0.026112
2013 07 02 04 40 07 0.032768
2013 07 02 04 40 08 0.039424
2013 07 02 04 40 09 0.045824
2013 07 02 04 40 10 0.052480
2013 07 02 04 40 11 0.058880
2013 07 02 04 40 12 0.065536
2013 07 02 04 40 13 0.072192
2013 07 02 04 40 14 0.078592
2013 07 02 04 40 15 0.085248
2013 07 02 04 40 16 0.091904
2013 07 02 04 40 17 0.098304
2013 07 02 04 40 18 0.356608
2013 07 02 04 40 19 0.363008
2013 07 02 04 40 20 0.369664
2013 07 02 04 40 21 0.376320
2013 07 02 04 40 22 0.382720
2013 07 02 04 40 23 0.389376
2013 07 02 04 40 24 0.396032
2013 07 02 04 40 25 0.402432
2013 07 02 04 40 26 0.409088
2013 07 02 04 40 27 0.415744
2013 07 02 04 40 28 0.422144
2013 07 02 04 40 29 0.428800
2013 07 02 04 40 30 0.435456
2013 07 02 04 40 31 0.441856
2013 07 02 04 40 32 0.448512
2013 07 02 04 40 33 0.455168
2013 07 02 04 40 34 0.461568
2013 07 02 04 40 35 0.468224
2013 07 02 04 40 36 0.474880
2013 07 02 04 40 37 0.481280
2013 07 02 04 40 38 0.487936
2013 07 02 04 40 39 0.494592
2013 07 02 04 40 40 0.501248
2013 07 02 04 40 41 0.507648
2013 07 02 04 40 42 0.514304
2013 07 02 04 40 43 0.520960
2013 07 02 04 40 44 0.527360
2013 07 02 04 40 45 0.534016
2013 07 02 04 40 46 0.540672
2013 07 02 04 40 47 0.547072
2013 07 02 04 40 48 0.553728
2013 07 02 04 40 49 0.560384
2013 07 02 04 40 50 0.566784
2013 07 02 04 40 51 0.573440
2013 07 02 04 40 52 0.580096
2013 07 02 04 40 53 0.586496
2013 07 02 04 40 54 0.593152
2013 07 02 04 40 55 0.599808
2013 07 02 04 40 56 0.606464
2013 07 02 04 40 57 0.612864
2013 07 02 04 40 58 0.619520
2013 07 02 04 40 59 0.625920
2013 07 02 04 41 00 0.632576
2013 07 02 04 41 01 0.639232
2013 07 02 04 41 02 0.897536
2013 07 02 04 41 03 0.904192
2013 07 02 04 41 04 0.910592
2013 07 02 04 41 05 0.917248
2013 07 02 04 41 06 0.923904
2013 07 02 04 41 07 0.930304
2013 07 02 04 41 08 0.936960
2013 07 02 04 41 09 0.943616
2013 07 02 04 41 10 0.950272
2013 07 02 04 41 11 0.956672
2013 07 02 04 41 12 0.963328
2013 07 02 04 41 13 0.969984
2013 07 02 04 41 14 0.976640
2013 07 02 04 41 15 0.983040
2013 07 02 04 41 16 0.989696
2013 07 02 04 41 17 0.996352
2013 07 02 04 41 19 0.002816
2013 07 02 04 41 20 0.009216
2013 07 02 04 41 21 0.015872
2013 07 02 04 41 22 0.022528
2013 07 02 04 41 23 0.028928
2013 07 02 04 41 24 0.035584
2013 07 02 04 41 25 0.042240
2013 07 02 04 41 26 0.048640
2013 07 02 04 41 27 0.055296
2013 07 02 04 41 28 0.061952
2013 07 02 04 41 29 0.068608
2013 07 02 04 41 30 0.075008
2013 07 02 04 41 31 0.081664
2013 07 02 04 41 32 0.088320
2013 07 02 04 41 33 0.094720
2013 07 02 04 41 33 0.849664
2013 07 02 04 41 34 0.856064
2013 07 02 04 41 35 0.862720
2013 07 02 04 41 36 0.869376
2013 07 02 04 41 37 0.624384
2013 07 02 04 41 38 0.631040
2013 07 02 04 41 39 0.637440
2013 07 02 04 41 40 0.644096
2013 07 02 04 41 41 0.650752
2013 07 02 04 41 42 0.657152
2013 07 02 04 41 43 0.663808
2013 07 02 04 41 44 0.670464
2013 07 02 04 41 45 0.676864
2013 07 02 04 41 46 0.683520
2013 07 02 04 41 47 0.690176
2013 07 02 04 41 48 0.696576
2013 07 02 04 41 49 0.703232
2013 07 02 04 41 50 0.709888
2013 07 02 04 41 51 0.716544
2013 07 02 04 41 52 0.722944
2013 07 02 04 41 53 0.729600
2013 07 02 04 41 54 0.736000
2013 07 02 04 41 55 0.742656
2013 07 02 04 41 56 0.749312
2013 07 02 04 41 57 0.755712
2013 07 02 04 41 58 0.762368
2013 07 02 04 41 59 0.769024
2013 07 02 04 42 00 0.775680
2013 07 02 04 42 01 0.782336
2013 07 02 04 42 02 0.788736
2013 07 02 04 42 03 0.795392
2013 07 02 04 42 04 0.802048
2013 07 02 04 42 05 0.808448
2013 07 02 04 42 06 0.815104
2013 07 02 04 42 07 0.821760
2013 07 02 04 42 08 0.828160
2013 07 02 04 42 09 0.834816
2013 07 02 04 42 10 0.841216
2013 07 02 04 42 11 0.847872
2013 07 02 04 42 12 0.854528
2013 07 02 04 42 13 0.860928
2013 07 02 04 42 14 0.867584
2013 07 02 04 42 15 0.874240
2013 07 02 04 42 16 0.880640
2013 07 02 04 42 17 0.887296
2013 07 02 04 42 18 0.893952
2013 07 02 04 42 19 0.900608
2013 07 02 04 42 20 0.907264
2013 07 02 04 42 21 0.913664
2013 07 02 04 42 22 0.920320
2013 07 02 04 42 23 0.926720
2013 07 02 04 42 24 0.933376
2013 07 02 04 42 25 0.940032
2013 07 02 04 42 26 0.694784
2013 07 02 04 42 27 0.701184
2013 07 02 04 42 28 0.707840
2013 07 02 04 42 29 0.714496
2013 07 02 04 42 30 0.720896
2013 07 02 04 42 31 0.727552
2013 07 02 04 42 32 0.985856
2013 07 02 04 42 33 0.992512
2013 07 02 04 42 34 0.999168
2013 07 02 04 42 36 0.005632
2013 07 02 04 42 36 0.760576
2013 07 02 04 42 37 0.766976
2013 07 02 04 42 38 0.773632
2013 07 02 04 42 39 0.780288
2013 07 02 04 42 40 0.786688
2013 07 02 04 42 41 0.793344
2013 07 02 04 42 42 0.800000
2013 07 02 04 42 43 0.806400
2013 07 02 04 42 44 0.813056
2013 07 02 04 42 45 0.819712
2013 07 02 04 42 46 0.826112
2013 07 02 04 42 48 0.084736
2013 07 02 04 42 49 0.091136
2013 07 02 04 42 50 0.097792
2013 07 02 04 42 51 0.104448
2013 07 02 04 42 52 0.110848
2013 07 02 04 42 53 0.117504
2013 07 02 04 42 54 0.124160
2013 07 02 04 42 55 0.130560
2013 07 02 04 42 56 0.137216
2013 07 02 04 42 57 0.143872
2013 07 02 04 42 58 0.401920
2013 07 02 04 42 59 0.408320
2013 07 02 04 43 00 0.414976
2013 07 02 04 43 01 0.421632
2013 07 02 04 43 02 0.428032
2013 07 02 04 43 03 0.434688
2013 07 02 04 43 04 0.189696
2013 07 02 04 43 05 0.196352
2013 07 02 04 43 06 0.203008
2013 07 02 04 43 07 0.209408
2013 07 02 04 43 08 0.216064
2013 07 02 04 43 09 0.222720
2013 07 02 04 43 10 0.229376
2013 07 02 04 43 11 0.235776
2013 07 02 04 43 12 0.242432
2013 07 02 04 43 13 0.249088
2013 07 02 04 43 14 0.255488
2013 07 02 04 43 15 0.262144
2013 07 02 04 43 16 0.268800
2013 07 02 04 43 17 0.275200
2013 07 02 04 43 18 0.281856
2013 07 02 04 43 19 0.288512
2013 07 02 04 43 20 0.294912
2013 07 02 04 43 21 0.301568
2013 07 02 04 43 22 0.308224
2013 07 02 04 43 23 0.314624
2013 07 02 04 43 24 0.321280
2013 07 02 04 43 25 0.327680
2013 07 02 04 43 26 0.334336
2013 07 02 04 43 27 0.340992
2013 07 02 04 43 28 0.347648
2013 07 02 04 43 29 0.354048
2013 07 02 04 43 30 0.360704
2013 07 02 04 43 31 0.367360
2013 07 02 04 43 32 0.374016
2013 07 02 04 43 33 0.380416
2013 07 02 04 43 34 0.387072
2013 07 02 04 43 35 0.393472
2013 07 02 04 43 36 0.400128
2013 07 02 04 43 37 0.406784
2013 07 02 04 43 38 0.413440
2013 07 02 04 43 39 0.419840
2013 07 02 04 43 40 0.426496
2013 07 02 04 43 41 0.432896
2013 07 02 04 43 42 0.439552
2013 07 02 04 43 43 0.446208
2013 07 02 04 43 44 0.452864
2013 07 02 04 43 45 0.710912
2013 07 02 04 43 46 0.717312
2013 07 02 04 43 47 0.723968
2013 07 02 04 43 48 0.730624
2013 07 02 04 43 49 0.737024
2013 07 02 04 43 50 0.743680
2013 07 02 04 43 51 0.750336
2013 07 02 04 43 52 0.756736
2013 07 02 04 43 53 0.763392
2013 07 02 04 43 54 0.770048
2013 07 02 04 43 55 0.776448
2013 07 02 04 43 57 0.034816
2013 07 02 04 43 58 0.041472
2013 07 02 04 43 59 0.048128
2013 07 02 04 44 00 0.054784
2013 07 02 04 44 01 0.061184
2013 07 02 04 44 02 0.067840
2013 07 02 04 44 03 0.074496
2013 07 02 04 44 04 0.080896
2013 07 02 04 44 05 0.087552
2013 07 02 04 44 06 0.094208
2013 07 02 04 44 07 0.100608
2013 07 02 04 44 08 0.107264
2013 07 02 04 44 09 0.113920
2013 07 02 04 44 10 0.120320
2013 07 02 04 44 11 0.126976
2013 07 02 04 44 12 0.133632
2013 07 02 04 44 13 0.140032
2013 07 02 04 44 14 0.146688
2013 07 02 04 44 15 0.153344
2013 07 02 04 44 16 0.159744
2013 07 02 04 44 17 0.166400
2013 07 02 04 44 18 0.173056
2013 07 02 04 44 19 0.179456
2013 07 02 04 44 20 0.186112
2013 07 02 04 44 21 0.192768
2013 07 02 04 44 21 0.947456
2013 07 02 04 44 22 0.954112
2013 07 02 04 44 23 0.960512
2013 07 02 04 44 24 0.967168
2013 07 02 04 44 25 0.973824
2013 07 02 04 44 26 0.980224
2013 07 02 04 44 27 0.986880
2013 07 02 04 44 28 0.993536
2013 07 02 04 44 30 0.000000
2013 07 02 04 44 31 0.006656
2013 07 02 04 44 32 0.013312
2013 07 02 04 44 33 0.019712
2013 07 02 04 44 34 0.026368
2013 07 02 04 44 35 0.033024
2013 07 02 04 44 36 0.039424
2013 07 02 04 44 37 0.046080
2013 07 02 04 44 38 0.052736
2013 07 02 04 44 39 0.059136
2013 07 02 04 44 40 0.065792
2013 07 02 04 44 41 0.072448
2013 07 02 04 44 42 0.078848
2013 07 02 04 44 43 0.085504
2013 07 02 04 44 44 0.092160
2013 07 02 04 44 45 0.098560
2013 07 02 04 44 46 0.105216
2013 07 02 04 44 47 0.111872
2013 07 02 04 44 48 0.118272
2013 07 02 04 44 49 0.124928
2013 07 02 04 44 50 0.131584
2013 07 02 04 44 51 0.138240
2013 07 02 04 44 52 0.144640
2013 07 02 04 44 53 0.403200
2013 07 02 04 44 54 0.409600
2013 07 02 04 44 55 0.416256
2013 07 02 04 44 56 0.422912
2013 07 02 04 44 57 0.429312
2013 07 02 04 44 58 0.435968
2013 07 02 04 44 59 0.442624
2013 07 02 04 45 00 0.449024
2013 07 02 04 45 01 0.455680
2013 07 02 04 45 02 0.462336
2013 07 02 04 45 03 0.468736
2013 07 02 04 45 04 0.475392
2013 07 02 04 45 05 0.482048
2013 07 02 04 45 06 0.488448
2013 07 02 04 45 07 0.243200
2013 07 02 04 45 07 0.998400
2013 07 02 04 45 09 0.004864
2013 07 02 04 45 10 0.011520
2013 07 02 04 45 11 0.018176
2013 07 02 04 45 12 0.024832
2013 07 02 04 45 13 0.031232
2013 07 02 04 45 14 0.037888
2013 07 02 04 45 15 0.044544
2013 07 02 04 45 16 0.050944
2013 07 02 04 45 17 0.057600
2013 07 02 04 45 18 0.064256
2013 07 02 04 45 19 0.070656
2013 07 02 04 45 20 0.077312
2013 07 02 04 45 21 0.083968
2013 07 02 04 45 22 0.090368
2013 07 02 04 45 23 0.097024
2013 07 02 04 45 24 0.103680
2013 07 02 04 45 25 0.110080
2013 07 02 04 45 26 0.116736
2013 07 02 04 45 27 0.123392
2013 07 02 04 45 27 0.878080
2013 07 02 04 45 28 0.884736
2013 07 02 04 45 29 0.891136
2013 07 02 04 45 30 0.897792
2013 07 02 04 45 31 0.904448
2013 07 02 04 45 32 0.910848
2013 07 02 04 45 33 0.917504
2013 07 02 04 45 35 0.175872
2013 07 02 04 45 36 0.182528
2013 07 02 04 45 37 0.189184
2013 07 02 04 45 38 0.195584
2013 07 02 04 45 39 0.202240
2013 07 02 04 45 40 0.208640
2013 07 02 04 45 41 0.215296
2013 07 02 04 45 42 0.221952
2013 07 02 04 45 43 0.228352
2013 07 02 04 45 44 0.235008
2013 07 02 04 45 45 0.241664
2013 07 02 04 45 46 0.248320
2013 07 02 04 45 47 0.254720
2013 07 02 04 45 48 0.261376
2013 07 02 04 45 49 0.268032
2013 07 02 04 45 50 0.274432
2013 07 02 04 45 51 0.281088
2013 07 02 04 45 52 0.287744
2013 07 02 04 45 53 0.294144
2013 07 02 04 45 54 0.300800
2013 07 02 04 45 55 0.307456
2013 07 02 04 45 56 0.313856
2013 07 02 04 45 57 0.320512
2013 07 02 04 45 58 0.327168
2013 07 02 04 45 59 0.333568
2013 07 02 04 46 00 0.340224
2013 07 02 04 46 01 0.346880
2013 07 02 04 46 02 0.353536
2013 07 02 04 46 03 0.359936
2013 07 02 04 46 04 0.366592
2013 07 02 04 46 05 0.373248
2013 07 02 04 46 06 0.379648
2013 07 02 04 46 07 0.386304
2013 07 02 04 46 08 0.392960
2013 07 02 04 46 09 0.399360
2013 07 02 04 46 10 0.406016
2013 07 02 04 46 11 0.412672
2013 07 02 04 46 12 0.419072
2013 07 02 04 46 13 0.425728
2013 07 02 04 46 14 0.432384
2013 07 02 04 46 15 0.438784
2013 07 02 04 46 16 0.445440
2013 07 02 04 46 17 0.452096
2013 07 02 04 46 18 0.458496
2013 07 02 04 46 19 0.465152
2013 07 02 04 46 20 0.471808
2013 07 02 04 46 21 0.226560
2013 07 02 04 46 22 0.233216
2013 07 02 04 46 23 0.239616
2013 07 02 04 46 24 0.246272
2013 07 02 04 46 25 0.252928
2013 07 02 04 46 26 0.259328
2013 07 02 04 46 27 0.265984
2013 07 02 04 46 28 0.272640
2013 07 02 04 46 29 0.279040
2013 07 02 04 46 30 0.285696
2013 07 02 04 46 31 0.544000
2013 07 02 04 46 32 0.550656
2013 07 02 04 46 33 0.557056
2013 07 02 04 46 34 0.563712
2013 07 02 04 46 35 0.570368
2013 07 02 04 46 36 0.577024
2013 07 02 04 46 37 0.583424
2013 07 02 04 46 38 0.590080
2013 07 02 04 46 39 0.596736
2013 07 02 04 46 40 0.603136
2013 07 02 04 46 41 0.609792
2013 07 02 04 46 42 0.616448
2013 07 02 04 46 43 0.623104
2013 07 02 04 46 44 0.629504
2013 07 02 04 46 45 0.636160
2013 07 02 04 46 46 0.642560
2013 07 02 04 46 47 0.649216
2013 07 02 04 46 48 0.655872
2013 07 02 04 46 49 0.662272
2013 07 02 04 46 50 0.668928
2013 07 02 04 46 51 0.675584
2013 07 02 04 46 52 0.682240
2013 07 02 04 46 53 0.688640
2013 07 02 04 46 54 0.695296
2013 07 02 04 46 55 0.701952
2013 07 02 04 46 56 0.708352
2013 07 02 04 46 57 0.715008
2013 07 02 04 46 58 0.721664
2013 07 02 04 46 59 0.728064
2013 07 02 04 47 00 0.734720
2013 07 02 04 47 01 0.741376
2013 07 02 04 47 02 0.747776
2013 07 02 04 47 04 0.005888
2013 07 02 04 47 05 0.012544
2013 07 02 04 47 06 0.018944
2013 07 02 04 47 07 0.025600
2013 07 02 04 47 08 0.032256
2013 07 02 04 47 09 0.038912
2013 07 02 04 47 10 0.045312
2013 07 02 04 47 11 0.051968
2013 07 02 04 47 12 0.058624
2013 07 02 04 47 13 0.065024
2013 07 02 04 47 14 0.071680
2013 07 02 04 47 15 0.078336
2013 07 02 04 47 16 0.084736
2013 07 02 04 47 17 0.091392
2013 07 02 04 47 18 0.098048
2013 07 02 04 47 19 0.104448
2013 07 02 04 47 20 0.111104
2013 07 02 04 47 21 0.117760
2013 07 02 04 47 22 0.124160
2013 07 02 04 47 23 0.130816
2013 07 02 04 47 24 0.137472
2013 07 02 04 47 25 0.143872
2013 07 02 04 47 26 0.150528
2013 07 02 04 47 27 0.157184
2013 07 02 04 47 28 0.163584
2013 07 02 04 47 29 0.170240
2013 07 02 04 47 30 0.176896
2013 07 02 04 47 31 0.183552
2013 07 02 04 47 32 0.189952
2013 07 02 04 47 33 0.196608
2013 07 02 04 47 34 0.203264
2013 07 02 04 47 35 0.209664
2013 07 02 04 47 36 0.216320
2013 07 02 04 47 37 0.222976
2013 07 02 04 47 38 0.229376
2013 07 02 04 47 39 0.236032
2013 07 02 04 47 40 0.242688
2013 07 02 04 47 41 0.249088
2013 07 02 04 47 42 0.255744
2013 07 02 04 47 43 0.262400
2013 07 02 04 47 44 0.268800
2013 07 02 04 47 45 0.275456
2013 07 02 04 47 46 0.282112
2013 07 02 04 47 47 0.288512
2013 07 02 04 47 48 0.295168
2013 07 02 04 47 49 0.301824
2013 07 02 04 47 50 0.308224
2013 07 02 04 47 51 0.314880
2013 07 02 04 47 52 0.321536
2013 07 02 04 47 53 0.328192
2013 07 02 04 47 54 0.083200
2013 07 02 04 47 55 0.089856
2013 07 02 04 47 56 0.096256
2013 07 02 04 47 57 0.102912
2013 07 02 04 47 58 0.109568
2013 07 02 04 47 59 0.115968
2013 07 02 04 48 00 0.122624
2013 07 02 04 48 00 0.877312
2013 07 02 04 48 01 0.883968
2013 07 02 04 48 02 0.890624
2013 07 02 04 48 03 0.897024
2013 07 02 04 48 04 0.903680
2013 07 02 04 48 05 0.910336
2013 07 02 04 48 06 0.916736
2013 07 02 04 48 07 0.923392
2013 07 02 04 48 08 0.930048
2013 07 02 04 48 09 0.936448
2013 07 02 04 48 10 0.943104
2013 07 02 04 48 11 0.949760
2013 07 02 04 48 12 0.956160
2013 07 02 04 48 13 0.962816
2013 07 02 04 48 14 0.969472
2013 07 02 04 48 15 0.975872
2013 07 02 04 48 16 0.982528
2013 07 02 04 48 17 0.989184
2013 07 02 04 48 18 0.995584
2013 07 02 04 48 20 0.002304
2013 07 02 04 48 21 0.008960
2013 07 02 04 48 22 0.015360
2013 07 02 04 48 23 0.022016
2013 07 02 04 48 24 0.028672
2013 07 02 04 48 25 0.035072
2013 07 02 04 48 26 0.041728
2013 07 02 04 48 27 0.048384
2013 07 02 04 48 28 0.054784
2013 07 02 04 48 29 0.061440
2013 07 02 04 48 30 0.068096
2013 07 02 04 48 31 0.074496
2013 07 02 04 48 31 0.829696
2013 07 02 04 48 32 0.836352
2013 07 02 04 48 33 0.842752
2013 07 02 04 48 34 0.849408
2013 07 02 04 48 35 0.856064
2013 07 02 04 48 36 0.862720
2013 07 02 04 48 37 0.869120
2013 07 02 04 48 38 0.875776
2013 07 02 04 48 39 0.882176
2013 07 02 04 48 40 0.888832
2013 07 02 04 48 41 0.643584
2013 07 02 04 48 42 0.650240
2013 07 02 04 48 43 0.656640
2013 07 02 04 48 44 0.663296
2013 07 02 04 48 45 0.418304
2013 07 02 04 48 46 0.424960
2013 07 02 04 48 47 0.431616
2013 07 02 04 48 48 0.438272
2013 07 02 04 48 49 0.193024
2013 07 02 04 48 50 0.199424
2013 07 02 04 48 51 0.206080
2013 07 02 04 48 52 0.212736
2013 07 02 04 48 53 0.219136
2013 07 02 04 48 54 0.225792
2013 07 02 04 48 55 0.232448
2013 07 02 04 48 56 0.238848
2013 07 02 04 48 57 0.245504
2013 07 02 04 48 58 0.252160
2013 07 02 04 48 59 0.258560
2013 07 02 04 49 00 0.265216
2013 07 02 04 49 01 0.271872
2013 07 02 04 49 02 0.278272
2013 07 02 04 49 03 0.284928
2013 07 02 04 49 04 0.291584
2013 07 02 04 49 05 0.297984
2013 07 02 04 49 06 0.304640
2013 07 02 04 49 07 0.311296
2013 07 02 04 49 08 0.569600
2013 07 02 04 49 09 0.576256
2013 07 02 04 49 10 0.582912
2013 07 02 04 49 11 0.589312
2013 07 02 04 49 12 0.595968
2013 07 02 04 49 13 0.602624
2013 07 02 04 49 14 0.609024
2013 07 02 04 49 15 0.615680
2013 07 02 04 49 16 0.622336
2013 07 02 04 49 17 0.628736
2013 07 02 04 49 18 0.635392
2013 07 02 04 49 19 0.642048
2013 07 02 04 49 20 0.648448
2013 07 02 04 49 21 0.655104
2013 07 02 04 49 22 0.661760
2013 07 02 04 49 23 0.668160
2013 07 02 04 49 24 0.674816
2013 07 02 04 49 25 0.681472
2013 07 02 04 49 26 0.687872
2013 07 02 04 49 27 0.694528
2013 07 02 04 49 28 0.701184
2013 07 02 04 49 29 0.707584
2013 07 02 04 49 30 0.714240
2013 07 02 04 49 31 0.720896
2013 07 02 04 49 32 0.727552
2013 07 02 04 49 33 0.733952
2013 07 02 04 49 34 0.740608
2013 07 02 04 49 35 0.747264
2013 07 02 04 49 36 0.753664
2013 07 02 04 49 37 0.760320
2013 07 02 04 49 38 0.515072
2013 07 02 04 49 39 0.521728
2013 07 02 04 49 40 0.528128
2013 07 02 04 49 41 0.534784
2013 07 02 04 49 42 0.541440
2013 07 02 04 49 43 0.547840
2013 07 02 04 49 44 0.554496
2013 07 02 04 49 45 0.561152
2013 07 02 04 49 46 0.567552
2013 07 02 04 49 47 0.574208
2013 07 02 04 49 48 0.580864
2013 07 02 04 49 49 0.587264
2013 07 02 04 49 50 0.593920
2013 07 02 04 49 51 0.600576
2013 07 02 04 49 52 0.607232
2013 07 02 04 49 53 0.613632
2013 07 02 04 49 54 0.620288
2013 07 02 04 49 55 0.626944
2013 07 02 04 49 56 0.633344
2013 07 02 04 49 57 0.640000
2013 07 02 04 49 58 0.646656
2013 07 02 04 49 59 0.653056
2013 07 02 04 50 00 0.659712
2013 07 02 04 50 01 0.666368
2013 07 02 04 50 02 0.672768
2013 07 02 04 50 03 0.679424
2013 07 02 04 50 04 0.686080
2013 07 02 04 50 05 0.692480
2013 07 02 04 50 06 0.699136
2013 07 02 04 50 07 0.705792
2013 07 02 04 50 08 0.712192
2013 07 02 04 50 09 0.718848
2013 07 02 04 50 10 0.725504
2013 07 02 04 50 11 0.731904
2013 07 02 04 50 12 0.738560
2013 07 02 04 50 13 0.745216
2013 07 02 04 50 14 0.751616
2013 07 02 04 50 15 0.758272
2013 07 02 04 50 16 0.764928
2013 07 02 04 50 17 0.771584
2013 07 02 04 50 18 0.777984
2013 07 02 04 50 20 0.036352
2013 07 02 04 50 21 0.043008
2013 07 02 04 50 22 0.049408
2013 07 02 04 50 23 0.056064
2013 07 02 04 50 23 0.811008
2013 07 02 04 50 24 0.817408
2013 07 02 04 50 25 0.824064
2013 07 02 04 50 26 0.830720
2013 07 02 04 50 27 0.837120
2013 07 02 04 50 28 0.843776
2013 07 02 04 50 29 0.850432
2013 07 02 04 50 30 0.856832
2013 07 02 04 50 31 0.863488
2013 07 02 04 50 32 0.870144
2013 07 02 04 50 33 0.876544
2013 07 02 04 50 34 0.883200
2013 07 02 04 50 35 0.889856
2013 07 02 04 50 36 0.896256
2013 07 02 04 50 37 0.902912
2013 07 02 04 50 38 0.909568
2013 07 02 04 50 39 0.915968
2013 07 02 04 50 40 0.922624
2013 07 02 04 50 41 0.929280
2013 07 02 04 50 42 0.935936
2013 07 02 04 50 43 0.942336
2013 07 02 04 50 44 0.948992
2013 07 02 04 50 45 0.955648
2013 07 02 04 50 46 0.962048
2013 07 02 04 50 47 0.968704
2013 07 02 04 50 48 0.975360
2013 07 02 04 50 49 0.981760
2013 07 02 04 50 50 0.988416
2013 07 02 04 50 51 0.995072
2013 07 02 04 50 53 0.001536
2013 07 02 04 50 54 0.008192
2013 07 02 04 50 55 0.014592
2013 07 02 04 50 56 0.021248
2013 07 02 04 50 56 0.776448
2013 07 02 04 50 57 0.783104
2013 07 02 04 50 58 0.789504
2013 07 02 04 50 59 0.544256
2013 07 02 04 51 00 0.299264
2013 07 02 04 51 01 0.305920
2013 07 02 04 51 02 0.312576
2013 07 02 04 51 03 0.318976
2013 07 02 04 51 04 0.325632
2013 07 02 04 51 05 0.332288
2013 07 02 04 51 06 0.338688
2013 07 02 04 51 07 0.345344
2013 07 02 04 51 08 0.352000
2013 07 02 04 51 09 0.358656
2013 07 02 04 51 10 0.365056
2013 07 02 04 51 11 0.371712
2013 07 02 04 51 12 0.378368
2013 07 02 04 51 13 0.384768
2013 07 02 04 51 14 0.391424
2013 07 02 04 51 15 0.398080
2013 07 02 04 51 16 0.404480
2013 07 02 04 51 17 0.662528
2013 07 02 04 51 18 0.669184
2013 07 02 04 51 19 0.675840
2013 07 02 04 51 20 0.682240
2013 07 02 04 51 21 0.688896
2013 07 02 04 51 22 0.695552
2013 07 02 04 51 23 0.701952
2013 07 02 04 51 24 0.708608
2013 07 02 04 51 25 0.715264
2013 07 02 04 51 26 0.721664
2013 07 02 04 51 27 0.728320
2013 07 02 04 51 28 0.734976
2013 07 02 04 51 29 0.741632
2013 07 02 04 51 30 0.748032
2013 07 02 04 51 31 0.754688
2013 07 02 04 51 32 0.761344
2013 07 02 04 51 33 0.767744
2013 07 02 04 51 34 0.774400
2013 07 02 04 51 35 0.781056
2013 07 02 04 51 36 0.787456
2013 07 02 04 51 37 0.794112
2013 07 02 04 51 38 0.800768
2013 07 02 04 51 39 0.807168
2013 07 02 04 51 40 0.813824
2013 07 02 04 51 41 0.820480
2013 07 02 04 51 42 0.826880
2013 07 02 04 51 43 0.582144
2013 07 02 04 51 44 0.336896
2013 07 02 04 51 45 0.343296
2013 07 02 04 51 46 0.349952
2013 07 02 04 51 47 0.104960
2013 07 02 04 51 48 0.111616
2013 07 02 04 51 49 0.118272
2013 07 02 04 51 49 0.872960
2013 07 02 04 51 50 0.879616
2013 07 02 04 51 51 0.886272
2013 07 02 04 51 52 0.892672
2013 07 02 04 51 53 0.899328
2013 07 02 04 51 54 0.905984
2013 07 02 04 51 55 0.912384
2013 07 02 04 51 56 0.919040
2013 07 02 04 51 57 0.925696
2013 07 02 04 51 58 0.932096
2013 07 02 04 51 59 0.938752
2013 07 02 04 52 00 0.945408
2013 07 02 04 52 01 0.700416
2013 07 02 04 52 02 0.707072
2013 07 02 04 52 03 0.713472
2013 07 02 04 52 04 0.720128
2013 07 02 04 52 05 0.726784
2013 07 02 04 52 06 0.733184
2013 07 02 04 52 07 0.739840
2013 07 02 04 52 08 0.746496
2013 07 02 04 52 09 0.752896
2013 07 02 04 52 11 0.011008
2013 07 02 04 52 12 0.017664
2013 07 02 04 52 13 0.024320
2013 07 02 04 52 14 0.030720
2013 07 02 04 52 15 0.037376
2013 07 02 04 52 16 0.044032
2013 07 02 04 52 17 0.050432
2013 07 02 04 52 18 0.057088
2013 07 02 04 52 19 0.063744
2013 07 02 04 52 20 0.070144
2013 07 02 04 52 21 0.076800
2013 07 02 04 52 22 0.335104
2013 07 02 04 52 23 0.341760
2013 07 02 04 52 24 0.348416
2013 07 02 04 52 25 0.354816
2013 07 02 04 52 26 0.361472
2013 07 02 04 52 27 0.619520
2013 07 02 04 52 28 0.626176
2013 07 02 04 52 29 0.632576
2013 07 02 04 52 30 0.639232
2013 07 02 04 52 31 0.645888
2013 07 02 04 52 32 0.652288
2013 07 02 04 52 33 0.658944
2013 07 02 04 52 34 0.665600
2013 07 02 04 52 35 0.672256
2013 07 02 04 52 36 0.427264
2013 07 02 04 52 37 0.433920
2013 07 02 04 52 38 0.440320
2013 07 02 04 52 39 0.446976
2013 07 02 04 52 40 0.453376
2013 07 02 04 52 41 0.460032
2013 07 02 04 52 42 0.466688
2013 07 02 04 52 43 0.473088
2013 07 02 04 52 44 0.479744
2013 07 02 04 52 45 0.486400
2013 07 02 04 52 46 0.493056
2013 07 02 04 52 47 0.499456
2013 07 02 04 52 48 0.506112
2013 07 02 04 52 49 0.512768
2013 07 02 04 52 50 0.519424
2013 07 02 04 52 51 0.525824
2013 07 02 04 52 52 0.532480
2013 07 02 04 52 53 0.539136
2013 07 02 04 52 54 0.545536
2013 07 02 04 52 55 0.552192
2013 07 02 04 52 56 0.558848
2013 07 02 04 52 57 0.565248
2013 07 02 04 52 58 0.571904
2013 07 02 04 52 59 0.578560
2013 07 02 04 53 00 0.584960
2013 07 02 04 53 01 0.591616
2013 07 02 04 53 02 0.598016
2013 07 02 04 53 03 0.604672
2013 07 02 04 53 04 0.611328
2013 07 02 04 53 05 0.617728
2013 07 02 04 53 06 0.624384
2013 07 02 04 53 07 0.631040
2013 07 02 04 53 08 0.637440
2013 07 02 04 53 09 0.644096
2013 07 02 04 53 10 0.650752
2013 07 02 04 53 11 0.657408
2013 07 02 04 53 12 0.663808
2013 07 02 04 53 13 0.670464
2013 07 02 04 53 14 0.677120
2013 07 02 04 53 15 0.683520
2013 07 02 04 53 16 0.690176
2013 07 02 04 53 17 0.696832
2013 07 02 04 53 18 0.703488
2013 07 02 04 53 19 0.709888
2013 07 02 04 53 20 0.716544
2013 07 02 04 53 21 0.722944
2013 07 02 04 53 22 0.729600
2013 07 02 04 53 23 0.736256
2013 07 02 04 53 24 0.742656
2013 07 02 04 53 25 0.749312
2013 07 02 04 53 26 0.755968
2013 07 02 04 53 27 0.762368
2013 07 02 04 53 28 0.769024
2013 07 02 04 53 29 0.775680
2013 07 02 04 53 30 0.782336
2013 07 02 04 53 31 0.788736
2013 07 02 04 53 32 0.795392
2013 07 02 04 53 33 0.802048
2013 07 02 04 53 34 0.808448
2013 07 02 04 53 35 0.815104
2013 07 02 04 53 36 0.821760
2013 07 02 04 53 37 0.828416
2013 07 02 04 53 38 0.834816
2013 07 02 04 53 39 0.841472
2013 07 02 04 53 40 0.847872
2013 07 02 04 53 41 0.854528
2013 07 02 04 53 42 0.861184
2013 07 02 04 53 43 0.867584
2013 07 02 04 53 44 0.874240
2013 07 02 04 53 45 0.880896
2013 07 02 04 53 46 0.887296
2013 07 02 04 53 47 0.893952
2013 07 02 04 53 48 0.900608
2013 07 02 04 53 49 0.907008
2013 07 02 04 53 50 0.913664
2013 07 02 04 53 51 0.668416
2013 07 02 04 53 52 0.675072
2013 07 02 04 53 53 0.681728
2013 07 02 04 53 54 0.688128
2013 07 02 04 53 55 0.694784
2013 07 02 04 53 56 0.701440
2013 07 02 04 53 57 0.707840
2013 07 02 04 53 58 0.714496
2013 07 02 04 53 59 0.721152
2013 07 02 04 54 00 0.727552
2013 07 02 04 54 01 0.734208
2013 07 02 04 54 02 0.740864
2013 07 02 04 54 03 0.747264
2013 07 02 04 54 04 0.753920
2013 07 02 04 54 05 0.760576
2013 07 02 04 54 06 0.767232
2013 07 02 04 54 07 0.773632
2013 07 02 04 54 08 0.528640
2013 07 02 04 54 09 0.535296
2013 07 02 04 54 10 0.541952
2013 07 02 04 54 11 0.800000
2013 07 02 04 54 12 0.806656
2013 07 02 04 54 13 0.561664
2013 07 02 04 54 14 0.568320
2013 07 02 04 54 15 0.323072
2013 07 02 04 54 16 0.329472
2013 07 02 04 54 17 0.084736
2013 07 02 04 54 18 0.091136
2013 07 02 04 54 19 0.097792
2013 07 02 04 54 20 0.104448
2013 07 02 04 54 21 0.110848
2013 07 02 04 54 22 0.117504
2013 07 02 04 54 23 0.124160
2013 07 02 04 54 24 0.130560
2013 07 02 04 54 25 0.137984
2013 07 02 04 54 26 0.395264
2013 07 02 04 54 27 0.401920
2013 07 02 04 54 28 0.408320
2013 07 02 04 54 29 0.414976
2013 07 02 04 54 30 0.421632
2013 07 02 04 54 31 0.428288
2013 07 02 04 54 32 0.434688
2013 07 02 04 54 33 0.441344
2013 07 02 04 54 34 0.448000
2013 07 02 04 54 35 0.454400
2013 07 02 04 54 36 0.461056
2013 07 02 04 54 37 0.467712
2013 07 02 04 54 38 0.474112
2013 07 02 04 54 39 0.480768
2013 07 02 04 54 40 0.487424
2013 07 02 04 54 41 0.493824
2013 07 02 04 54 42 0.500480
2013 07 02 04 54 43 0.507136
2013 07 02 04 54 44 0.513536
2013 07 02 04 54 45 0.520192
2013 07 02 04 54 46 0.526848
2013 07 02 04 54 47 0.533248
2013 07 02 04 54 48 0.539904
2013 07 02 04 54 49 0.546560
2013 07 02 04 54 50 0.552960
2013 07 02 04 54 51 0.559616
2013 07 02 04 54 52 0.566272
2013 07 02 04 54 53 0.572928
2013 07 02 04 54 54 0.579328
2013 07 02 04 54 55 0.585984
2013 07 02 04 54 56 0.592640
2013 07 02 04 54 57 0.599040
2013 07 02 04 54 58 0.605696
2013 07 02 04 54 59 0.612352
2013 07 02 04 55 00 0.618752
2013 07 02 04 55 01 0.625408
2013 07 02 04 55 02 0.632064
2013 07 02 04 55 03 0.387072
2013 07 02 04 55 04 0.393728
2013 07 02 04 55 05 0.400128
2013 07 02 04 55 06 0.406784
2013 07 02 04 55 07 0.413440
2013 07 02 04 55 08 0.419840
2013 07 02 04 55 09 0.677888
2013 07 02 04 55 10 0.684544
2013 07 02 04 55 11 0.691200
2013 07 02 04 55 12 0.697600
2013 07 02 04 55 13 0.704256
2013 07 02 04 55 14 0.710912
2013 07 02 04 55 15 0.717312
2013 07 02 04 55 16 0.723968
2013 07 02 04 55 17 0.730624
2013 07 02 04 55 18 0.737280
2013 07 02 04 55 19 0.743680
2013 07 02 04 55 20 0.750336
2013 07 02 04 55 21 0.756992
2013 07 02 04 55 22 0.763392
2013 07 02 04 55 23 0.770048
2013 07 02 04 55 24 0.776704
2013 07 02 04 55 25 0.783104
2013 07 02 04 55 26 0.789760
2013 07 02 04 55 27 0.796416
2013 07 02 04 55 28 0.802816
2013 07 02 04 55 29 0.809472
2013 07 02 04 55 30 0.816128
2013 07 02 04 55 31 0.822528
2013 07 02 04 55 32 0.829184
2013 07 02 04 55 33 0.835840
2013 07 02 04 55 34 0.842240
2013 07 02 04 55 35 0.848896
2013 07 02 04 55 36 0.855552
2013 07 02 04 55 37 0.861952
2013 07 02 04 55 38 0.868608
2013 07 02 04 55 39 0.875264
2013 07 02 04 55 40 0.881664
2013 07 02 04 55 41 0.888320
2013 07 02 04 55 43 0.146688
2013 07 02 04 55 44 0.153344
2013 07 02 04 55 45 0.159744
2013 07 02 04 55 46 0.166400
2013 07 02 04 55 47 0.173056
2013 07 02 04 55 48 0.179712
2013 07 02 04 55 49 0.186112
2013 07 02 04 55 50 0.192768
2013 07 02 04 55 51 0.199424
2013 07 02 04 55 52 0.205824
2013 07 02 04 55 53 0.212480
2013 07 02 04 55 53 0.967168
2013 07 02 04 55 54 0.973824
2013 07 02 04 55 55 0.980480
2013 07 02 04 55 56 0.986880
2013 07 02 04 55 57 0.742144
2013 07 02 04 55 58 0.748800
2013 07 02 04 55 59 0.755200
2013 07 02 04 56 00 0.761856
2013 07 02 04 56 01 0.768256
2013 07 02 04 56 02 0.774912
2013 07 02 04 56 03 0.781568
2013 07 02 04 56 04 0.787968
2013 07 02 04 56 05 0.794624
2013 07 02 04 56 06 0.801280
2013 07 02 04 56 07 0.807680
2013 07 02 04 56 08 0.814336
2013 07 02 04 56 09 0.820992
2013 07 02 04 56 10 0.827648
2013 07 02 04 56 11 0.834048
2013 07 02 04 56 12 0.840704
2013 07 02 04 56 13 0.847360
2013 07 02 04 56 14 0.853760
2013 07 02 04 56 15 0.860416
2013 07 02 04 56 16 0.867072
2013 07 02 04 56 17 0.873472
2013 07 02 04 56 18 0.880128
2013 07 02 04 56 19 0.886784
2013 07 02 04 56 20 0.893184
2013 07 02 04 56 21 0.899840
2013 07 02 04 56 22 0.906496
2013 07 02 04 56 23 0.661248
2013 07 02 04 56 24 0.667648
2013 07 02 04 56 25 0.674304
2013 07 02 04 56 26 0.680960
2013 07 02 04 56 27 0.687616
2013 07 02 04 56 28 0.694016
2013 07 02 04 56 29 0.700672
2013 07 02 04 56 30 0.707328
2013 07 02 04 56 31 0.713728
2013 07 02 04 56 32 0.720384
2013 07 02 04 56 33 0.727040
2013 07 02 04 56 34 0.482048
2013 07 02 04 56 35 0.488704
2013 07 02 04 56 36 0.495104
2013 07 02 04 56 37 0.501760
2013 07 02 04 56 38 0.508416
2013 07 02 04 56 39 0.515072
