2 0  
3 1  
4 2  
5 3  
6 0  
7 1  
8 2  
9 3  
10 0  
11 1  
12 2  
13 3  
14 0  
15 1  
16 2  
17 3  
18 0  
19 1  
20 2  
21 3  
22 0  
23 1  
24 2  
25 3  
26 0  
27 1  
28 2  
29 3  
30 0  
31 1  
32 2  
33 3  
34 0  
35 1  
36 2  
37 3  
38 0  
39 1  
40 2  
41 3  
42 0  
43 1  
44 2  
45 3  
46 0  
47 1  
48 2  
49 3  
50 0  
51 1  
52 2  
53 3  
54 0  
55 1  
56 2  
57 3  
58 0  
59 1  
60 2  
61 3  
62 0  
63 1  
64 2  
65 3  
66 0  
67 1  
68 2  
69 3  
70 0  
71 1  
72 2  
73 3  
74 0  
75 1  
76 2  
77 3  
78 0  
79 1  
80 2  
81 3  
82 0  
83 1  
84 2  
85 3  
86 0  
87 1  
88 2  
89 3  
90 0  
91 1  
92 2  
93 3  
94 0  
95 1  
96 2  
97 3  
98 0  
99 1  
100 2  
101 3  
102 0  
103 1  
104 2  
105 3  
106 0  
107 1  
108 2  
109 3  
110 0  
111 1  
112 2  
113 3  
114 0  
115 1  
116 2  
117 3  
118 0  
119 1  
120 2  
121 3  
122 0  
123 1  
124 2  
125 3  
126 0  
127 1  
128 2  
129 3  
130 0  
131 1  
132 2  
133 3  
134 0  
135 1  
136 2  
137 3  
138 0  
139 1  
140 2  
141 3  
142 0  
143 1  
144 2  
145 3  
146 0  
147 1  
148 2  
149 3  
150 0  
151 1  
152 2  
153 3  
154 0  
155 1  
156 2  
157 3  
158 0  
159 1  
160 2  
161 3  
162 0  
163 1  
164 2  
165 3  
166 1  
167 0  
168 2  
169 3  
170 1  
171 0  
172 2  
173 3  
174 1  
175 0  
176 2  
177 3  
178 1  
179 0  
180 2  
181 3  
182 1  
183 0  
184 2  
185 3  
186 1  
187 0  
188 2  
189 3  
190 1  
191 0  
192 2  
193 3  
194 1  
195 0  
196 2  
197 3  
198 1  
199 0  
200 2  
201 3  
202 1  
203 0  
204 2  
205 3  
206 1  
207 0  
208 2  
209 3  
210 1  
211 0  
212 2  
213 3  
214 1  
215 0  
216 2  
217 3  
218 1  
219 0  
220 2  
221 3  
222 1  
223 0  
224 2  
225 3  
226 1  
227 0  
228 2  
229 3  
230 1  
231 0  
232 2  
233 3  
234 1  
235 0  
236 2  
237 1  
238 3  
239 0  
240 2  
241 1  
242 3  
243 0  
244 2  
245 1  
246 3  
247 0  
248 2  
249 1  
250 0  
251 3  
252 2  
253 1  
254 0  
255 3  
256 2  
257 1  
258 0  
259 3  
260 2  
261 1  
262 0  
263 3  
264 2  
265 1  
266 0  
267 3  
268 2  
269 1  
270 0  
271 3  
272 2  
273 1  
274 0  
275 3  
276 2  
277 1  
278 0  
279 3  
280 2  
281 1  
282 0  
283 3  
284 2  
285 1  
286 0  
287 3  
288 2  
289 1  
290 0  
291 3  
292 2  
293 1  
294 0  
295 3  
296 2  
297 1  
298 0  
299 3  
300 2  
301 1  
302 0  
303 3  
304 2  
305 1  
306 0  
307 3  
308 2  
309 1  
310 0  
311 3  
312 2  
313 1  
314 0  
315 3  
316 2  
317 1  
318 0  
319 3  
320 2  
321 1  
322 0  
323 3  
324 2  
325 1  
326 0  
327 3  
328 2  
329 1  
330 0  
331 3  
332 2  
333 1  
334 0  
335 3  
336 2  
337 1  
338 0  
339 3  
340 2  
341 1  
342 0  
343 3  
344 2  
345 1  
346 0  
347 3  
348 2  
349 1  
350 0  
351 3  
352 2  
353 1  
354 0  
355 3  
356 2  
357 1  
358 0  
359 3  
360 2  
361 1  
362 0  
363 3  
364 2  
365 1  
366 0  
367 3  
368 2  
369 1  
370 0  
371 3  
372 2  
373 1  
374 0  
375 3  
376 2  
377 1  
378 0  
379 3  
380 2  
381 1  
382 0  
383 3  
384 2  
385 1  
386 0  
387 3  
388 2  
389 1  
390 0  
391 3  
392 2  
393 1  
394 0  
395 3  
396 2  
397 1  
398 0  
399 3  
400 2  
401 1  
402 0  
403 3  
404 2  
405 1  
406 0  
407 3  
408 2  
409 1  
410 0  
411 3  
412 2  
413 1  
414 0  
415 3  
416 2  
417 1  
418 0  
419 3  
420 2  
421 1  
422 0  
423 3  
424 2  
425 1  
426 0  
427 3  
428 2  
429 1  
430 0  
431 3  
432 2  
433 1  
434 0  
435 3  
436 2  
437 1  
438 0  
439 3  
440 2  
441 1  
442 0  
443 3  
444 2  
445 1  
446 0  
447 3  
448 2  
449 1  
450 0  
451 3  
452 2  
453 1  
454 0  
455 3  
456 2  
457 1  
458 0  
459 3  
460 2  
461 1  
462 0  
463 3  
464 2  
465 1  
466 0  
467 3  
468 2  
469 1  
470 0  
471 3  
472 2  
473 1  
474 0  
475 3  
476 2  
477 1  
478 0  
479 3  
480 2  
481 1  
482 0  
483 3  
484 2  
485 1  
486 0  
487 3  
488 2  
489 1  
490 0  
491 3  
492 2  
493 1  
494 0  
495 3  
496 2  
497 1  
498 0  
499 3  
500 2  
501 1  
502 0  
503 3  
504 2  
505 1  
506 0  
507 3  
508 2  
509 1  
510 0  
511 3  
512 2  
513 1  
514 0  
515 3  
516 2  
517 1  
518 0  
519 3  
520 2  
521 1  
522 0  
523 3  
524 2  
525 1  
526 0  
527 3  
528 2  
529 1  
530 0  
531 3  
532 2  
533 1  
534 0  
535 3  
536 2  
537 1  
538 0  
539 3  
540 2  
541 1  
542 0  
543 3  
544 2  
545 1  
546 0  
547 3  
548 2  
549 1  
550 0  
551 3  
552 2  
553 1  
554 0  
555 3  
556 2  
557 1  
558 0  
559 3  
560 2  
561 1  
562 0  
563 3  
564 2  
565 1  
566 0  
567 3  
568 2  
569 1  
570 0  
571 3  
572 2  
573 1  
574 0  
575 3  
576 2  
577 1  
578 0  
579 3  
580 2  
581 1  
582 0  
583 3  
584 2  
585 1  
586 0  
587 3  
588 2  
589 1  
590 0  
591 3  
592 2  
593 1  
594 0  
595 3  
596 2  
597 1  
598 0  
599 3  
600 2  
601 1  
602 0  
603 2  
604 3  
605 1  
606 0  
607 2  
608 3  
609 1  
610 0  
611 2  
612 3  
613 1  
614 0  
615 2  
616 3  
617 0  
618 1  
619 2  
620 3  
621 0  
622 1  
623 2  
624 3  
625 0  
626 1  
627 2  
628 3  
629 0  
630 1  
631 2  
632 3  
633 0  
634 1  
635 2  
636 3  
637 0  
638 1  
639 2  
640 3  
641 0  
642 1  
643 2  
644 3  
645 0  
646 1  
647 2  
648 3  
649 0  
650 1  
651 2  
652 3  
653 0  
654 1  
655 2  
656 3  
657 0  
658 1  
659 2  
660 3  
661 0  
662 1  
663 2  
664 3  
665 0  
666 1  
667 2  
668 3  
669 0  
670 1  
671 2  
672 3  
673 0  
674 1  
675 2  
676 3  
677 0  
678 1  
679 2  
680 3  
681 0  
682 1  
683 2  
684 3  
685 0  
686 1  
687 2  
688 3  
689 0  
690 1  
691 2  
692 3  
693 0  
694 1  
695 2  
696 3  
697 0  
698 1  
699 2  
700 3  
701 0  
702 1  
703 2  
704 3  
705 0  
706 1  
707 2  
708 3  
709 0  
710 1  
711 2  
712 3  
713 0  
714 1  
715 2  
716 3  
717 0  
718 1  
719 2  
720 3  
721 0  
722 1  
723 2  
724 3  
725 0  
726 1  
727 2  
728 3  
729 0  
730 1  
731 2  
732 3  
733 0  
734 1  
735 2  
736 3  
737 0  
738 1  
739 2  
740 3  
741 0  
742 1  
743 2  
744 3  
745 0  
746 1  
747 2  
748 3  
749 0  
750 1  
751 2  
752 3  
753 0  
754 2  
755 1  
756 3  
757 0  
758 2  
759 1  
760 3  
761 0  
762 2  
763 3  
764 1  
765 0  
766 2  
767 3  
768 1  
769 0  
770 2  
771 3  
772 0  
773 1  
774 2  
775 3  
776 0  
777 1  
778 2  
779 3  
780 0  
781 1  
782 2  
783 3  
784 0  
785 1  
786 2  
787 3  
788 0  
789 1  
790 2  
791 3  
792 0  
793 1  
794 2  
795 3  
796 0  
797 1  
798 2  
799 3  
800 0  
801 1  
802 2  
803 3  
804 0  
805 1  
806 2  
807 3  
808 0  
809 1  
810 2  
811 3  
812 0  
813 1  
814 2  
815 3  
816 0  
817 1  
818 2  
819 3  
820 0  
821 1  
822 2  
823 3  
824 0  
825 1  
826 2  
827 3  
828 0  
829 1  
830 2  
831 3  
832 0  
833 1  
834 2  
835 3  
836 0  
837 1  
838 2  
839 3  
840 0  
841 1  
842 2  
843 3  
844 0  
845 1  
846 2  
847 3  
848 0  
849 1  
850 2  
851 3  
852 0  
853 1  
854 2  
855 3  
856 0  
857 1  
858 2  
859 3  
860 0  
861 1  
862 2  
863 3  
864 0  
865 1  
866 2  
867 3  
868 0  
869 1  
870 2  
871 3  
872 0  
873 1  
874 2  
875 3  
876 0  
877 1  
878 2  
879 3  
880 0  
881 1  
882 2  
883 3  
884 0  
885 1  
886 2  
887 3  
888 0  
889 1  
890 2  
891 3  
892 0  
893 1  
894 2  
895 3  
896 0  
897 1  
898 2  
899 3  
900 0  
901 1  
902 2  
903 3  
904 0  
905 1  
906 2  
907 3  
908 0  
909 1  
910 2  
911 3  
912 0  
913 1  
914 2  
915 3  
916 0  
917 1  
918 2  
919 3  
920 0  
921 1  
922 2  
923 3  
924 0  
925 1  
926 2  
927 3  
928 0  
929 1  
930 2  
931 3  
932 0  
933 1  
934 2  
935 3  
936 0  
937 1  
938 3  
939 2  
940 0  
941 1  
942 3  
943 2  
944 0  
945 3  
946 1  
947 2  
948 0  
949 3  
950 1  
951 2  
952 0  
953 3  
954 1  
955 2  
956 0  
957 1  
958 3  
959 2  
960 0  
961 1  
962 3  
963 2  
964 0  
965 1  
966 3  
967 2  
968 0  
969 1  
970 3  
971 2  
972 0  
973 1  
974 3  
975 2  
976 0  
977 1  
978 3  
979 2  
980 0  
981 1  
982 3  
983 2  
984 0  
985 1  
986 3  
987 2  
988 0  
989 1  
990 3  
991 2  
992 1  
993 0  
994 3  
995 2  
996 1  
997 0  
998 3  
999 2  
1000 1  
1001 0  
1002 3  
1003 2  
1004 1  
1005 0  
1006 3  
1007 2  
1008 1  
1009 0  
1010 3  
1011 2  
1012 1  
1013 0  
1014 3  
1015 2  
1016 1  
1017 0  
1018 3  
1019 2  
1020 1  
1021 0  
1022 3  
1023 2  
1024 1  
1025 0  
1026 3  
1027 2  
1028 1  
1029 0  
1030 3  
1031 2  
1032 1  
1033 0  
1034 3  
1035 2  
1036 1  
1037 0  
1038 3  
1039 2  
1040 1  
1041 0  
1042 3  
1043 2  
1044 1  
1045 0  
1046 3  
1047 2  
1048 1  
1049 0  
1050 3  
1051 2  
1052 1  
1053 0  
1054 3  
1055 2  
1056 1  
1057 0  
1058 3  
1059 2  
1060 1  
1061 0  
1062 3  
1063 2  
1064 1  
1065 0  
1066 3  
1067 2  
1068 1  
1069 0  
1070 3  
1071 2  
1072 1  
1073 0  
1074 3  
1075 2  
1076 1  
1077 0  
1078 3  
1079 2  
1080 1  
1081 0  
1082 2  
1083 3  
1084 1  
1085 0  
1086 2  
1087 3  
1088 1  
1089 0  
1090 2  
1091 3  
1092 1  
1093 0  
1094 2  
1095 3  
1096 1  
1097 0  
1098 2  
1099 3  
1100 1  
1101 0  
1102 2  
1103 3  
1104 0  
1105 1  
1106 2  
1107 3  
1108 0  
1109 1  
1110 2  
1111 3  
1112 0  
1113 1  
1114 2  
1115 3  
1116 0  
1117 1  
1118 2  
1119 3  
1120 0  
1121 1  
1122 2  
1123 3  
1124 0  
1125 1  
1126 2  
1127 3  
1128 0  
1129 1  
1130 2  
1131 3  
1132 0  
1133 1  
1134 2  
1135 3  
1136 0  
1137 1  
1138 2  
1139 3  
1140 0  
1141 1  
1142 2  
1143 3  
1144 0  
1145 1  
1146 2  
1147 3  
1148 0  
1149 1  
1150 2  
1151 3  
1152 0  
1153 1  
1154 2  
1155 3  
1156 0  
1157 1  
1158 2  
1159 3  
1160 0  
1161 1  
1162 2  
1163 3  
1164 0  
1165 1  
1166 2  
1167 3  
1168 0  
1169 1  
1170 2  
1171 3  
1172 0  
1173 1  
1174 2  
1175 3  
1176 0  
1177 1  
1178 2  
1179 3  
1180 0  
1181 1  
1182 2  
1183 3  
1184 0  
1185 1  
1186 2  
1187 3  
1188 0  
1189 1  
1190 2  
1191 3  
1192 0  
1193 1  
1194 2  
1195 3  
1196 0  
1197 1  
1198 2  
1199 3  
1200 0  
1201 1  
1202 2  
1203 3  
1204 0  
1205 1  
1206 2  
1207 3  
1208 0  
1209 1  
1210 2  
1211 3  
1212 0  
1213 1  
1214 2  
1215 3  
1216 0  
1217 1  
1218 2  
1219 3  
1220 0  
1221 1  
1222 2  
1223 3  
1224 0  
1225 1  
1226 2  
1227 3  
1228 0  
1229 1  
1230 2  
1231 3  
1232 0  
1233 1  
1234 2  
1235 3  
1236 0  
1237 1  
1238 2  
1239 3  
1240 0  
1241 2  
1242 1  
1243 3  
1244 0  
1245 2  
1246 1  
1247 3  
1248 0  
1249 2  
1250 1  
1251 3  
1252 0  
1253 2  
1254 1  
1255 0  
1256 3  
1257 2  
1258 1  
1259 0  
1260 3  
1261 2  
1262 1  
1263 0  
1264 3  
1265 2  
1266 1  
1267 0  
1268 3  
1269 2  
1270 1  
1271 0  
1272 3  
1273 2  
1274 1  
1275 0  
1276 3  
1277 2  
1278 1  
1279 0  
1280 3  
1281 2  
1282 1  
1283 0  
1284 3  
1285 2  
1286 1  
1287 0  
1288 3  
1289 2  
1290 1  
1291 0  
1292 3  
1293 2  
1294 1  
1295 0  
1296 3  
1297 2  
1298 1  
1299 0  
1300 3  
1301 2  
1302 1  
1303 0  
1304 3  
1305 2  
1306 1  
1307 0  
1308 3  
1309 2  
1310 1  
1311 0  
1312 3  
1313 2  
1314 1  
1315 0  
1316 3  
1317 2  
1318 1  
1319 0  
1320 3  
1321 2  
1322 1  
1323 0  
1324 3  
1325 2  
1326 1  
1327 0  
1328 3  
1329 2  
1330 1  
1331 0  
1332 3  
1333 2  
1334 1  
1335 0  
1336 3  
1337 2  
1338 1  
1339 0  
1340 3  
1341 2  
1342 1  
1343 0  
1344 3  
1345 2  
1346 1  
1347 0  
1348 3  
1349 2  
1350 1  
1351 0  
1352 3  
1353 2  
1354 1  
1355 0  
1356 3  
1357 2  
1358 1  
1359 0  
1360 3  
1361 2  
1362 1  
1363 0  
1364 3  
1365 2  
1366 1  
1367 0  
1368 3  
1369 2  
1370 1  
1371 0  
1372 3  
1373 2  
1374 1  
1375 0  
1376 3  
1377 2  
1378 1  
1379 0  
1380 3  
1381 2  
1382 1  
1383 0  
1384 3  
1385 2  
1386 0  
1387 1  
1388 3  
1389 2  
1390 0  
1391 1  
1392 3  
1393 2  
1394 0  
1395 1  
1396 3  
1397 2  
1398 0  
1399 1  
1400 3  
1401 2  
1402 0  
1403 1  
1404 3  
1405 2  
1406 0  
1407 1  
1408 2  
1409 3  
1410 0  
1411 2  
1412 1  
1413 3  
1414 0  
1415 2  
1416 3  
1417 1  
1418 0  
1419 2  
1420 3  
1421 1  
1422 0  
1423 2  
1424 3  
1425 1  
1426 0  
1427 2  
1428 3  
1429 1  
1430 0  
1431 2  
1432 3  
1433 1  
1434 0  
1435 2  
1436 3  
1437 1  
1438 0  
1439 2  
1440 3  
1441 1  
1442 0  
1443 2  
1444 3  
1445 1  
1446 0  
1447 2  
1448 3  
1449 1  
1450 0  
1451 2  
1452 3  
1453 1  
1454 0  
1455 2  
1456 3  
1457 1  
1458 0  
1459 2  
1460 3  
1461 1  
1462 0  
1463 2  
1464 3  
1465 1  
1466 0  
1467 2  
1468 3  
1469 1  
1470 0  
1471 2  
1472 3  
1473 1  
1474 0  
1475 2  
1476 3  
1477 1  
1478 0  
1479 2  
1480 3  
1481 1  
1482 0  
1483 2  
1484 3  
1485 1  
1486 0  
1487 2  
1488 3  
1489 1  
1490 0  
1491 2  
1492 3  
1493 1  
1494 0  
1495 2  
1496 3  
1497 1  
1498 0  
1499 2  
1500 3  
1501 1  
1502 0  
1503 2  
1504 3  
1505 1  
1506 0  
1507 2  
1508 3  
1509 1  
1510 0  
1511 2  
1512 3  
1513 1  
1514 0  
1515 2  
1516 3  
1517 1  
1518 0  
1519 2  
1520 3  
1521 1  
1522 0  
1523 2  
1524 3  
1525 1  
1526 0  
1527 2  
1528 3  
1529 1  
1530 0  
1531 2  
1532 3  
1533 1  
1534 0  
1535 2  
1536 3  
1537 1  
1538 0  
1539 2  
1540 3  
1541 1  
1542 0  
1543 2  
1544 3  
1545 1  
1546 0  
1547 2  
1548 3  
1549 1  
1550 0  
1551 2  
1552 3  
1553 1  
1554 0  
1555 2  
1556 3  
1557 1  
1558 0  
1559 2  
1560 3  
1561 1  
1562 0  
1563 2  
1564 1  
1565 3  
1566 0  
1567 2  
1568 1  
1569 3  
1570 0  
1571 2  
1572 1  
1573 3  
1574 0  
1575 2  
1576 1  
1577 3  
1578 0  
1579 2  
1580 1  
1581 3  
1582 0  
1583 2  
1584 1  
1585 3  
1586 0  
1587 2  
1588 1  
1589 3  
1590 0  
1591 2  
1592 1  
1593 3  
1594 0  
1595 2  
1596 1  
1597 3  
1598 0  
1599 2  
1600 1  
1601 3  
1602 0  
1603 2  
1604 1  
1605 3  
1606 0  
1607 2  
1608 1  
1609 3  
1610 0  
1611 2  
1612 1  
1613 3  
1614 0  
1615 2  
1616 1  
1617 3  
1618 0  
1619 2  
1620 1  
1621 3  
1622 0  
1623 2  
1624 1  
1625 3  
1626 0  
1627 2  
1628 1  
1629 3  
1630 0  
1631 2  
1632 1  
1633 3  
1634 0  
1635 2  
1636 1  
1637 3  
1638 0  
1639 2  
1640 1  
1641 3  
1642 0  
1643 2  
1644 1  
1645 3  
1646 0  
1647 2  
1648 1  
1649 3  
1650 0  
1651 2  
1652 1  
1653 3  
1654 0  
1655 2  
1656 1  
1657 3  
1658 0  
1659 2  
1660 1  
1661 3  
1662 0  
1663 2  
1664 1  
1665 3  
1666 0  
1667 2  
1668 1  
1669 3  
1670 0  
1671 2  
1672 1  
1673 3  
1674 0  
1675 2  
1676 1  
1677 3  
1678 0  
1679 2  
1680 1  
1681 3  
1682 0  
1683 2  
1684 1  
1685 3  
1686 0  
1687 2  
1688 1  
1689 3  
1690 0  
1691 2  
1692 1  
1693 3  
1694 0  
1695 2  
1696 1  
1697 3  
1698 0  
1699 2  
1700 1  
1701 3  
1702 0  
1703 2  
1704 1  
1705 3  
1706 0  
1707 2  
1708 1  
1709 3  
1710 0  
1711 2  
1712 1  
1713 3  
1714 0  
1715 2  
1716 1  
1717 3  
1718 0  
1719 2  
1720 1  
1721 3  
1722 0  
1723 2  
1724 1  
1725 3  
1726 0  
1727 2  
1728 1  
1729 3  
1730 0  
1731 2  
1732 1  
1733 3  
1734 0  
1735 2  
1736 1  
1737 3  
1738 0  
1739 2  
1740 1  
1741 3  
1742 0  
1743 2  
1744 1  
1745 3  
1746 0  
1747 2  
1748 1  
1749 3  
1750 0  
1751 2  
1752 1  
1753 3  
1754 0  
1755 2  
1756 1  
1757 3  
1758 0  
1759 2  
1760 1  
1761 3  
1762 0  
1763 2  
1764 1  
1765 3  
1766 0  
1767 2  
1768 1  
1769 3  
1770 0  
1771 2  
1772 1  
1773 3  
1774 0  
1775 2  
1776 1  
1777 3  
1778 0  
1779 2  
1780 1  
1781 3  
1782 0  
1783 2  
1784 1  
1785 3  
1786 0  
1787 2  
1788 1  
1789 3  
1790 0  
1791 2  
1792 1  
1793 3  
1794 0  
1795 2  
1796 1  
1797 3  
1798 0  
1799 2  
1800 1  
1801 3  
1802 0  
1803 2  
1804 1  
1805 3  
1806 0  
1807 2  
1808 1  
1809 3  
1810 0  
1811 2  
1812 1  
1813 3  
1814 0  
1815 2  
1816 1  
1817 3  
1818 0  
1819 2  
1820 1  
1821 3  
1822 0  
1823 2  
1824 1  
1825 3  
1826 0  
1827 2  
1828 1  
1829 3  
1830 0  
1831 2  
1832 1  
1833 3  
1834 0  
1835 2  
1836 1  
1837 3  
1838 0  
1839 2  
1840 1  
1841 3  
1842 0  
1843 2  
1844 1  
1845 3  
1846 0  
1847 2  
1848 1  
1849 3  
1850 0  
1851 2  
1852 1  
1853 3  
1854 0  
1855 2  
1856 1  
1857 3  
1858 0  
1859 2  
1860 1  
1861 3  
1862 0  
1863 2  
1864 1  
1865 3  
1866 0  
1867 2  
1868 1  
1869 3  
1870 0  
1871 2  
1872 1  
1873 3  
1874 0  
1875 2  
1876 1  
1877 3  
1878 0  
1879 2  
1880 1  
1881 3  
1882 0  
1883 2  
1884 1  
1885 3  
1886 0  
1887 2  
1888 1  
1889 3  
1890 0  
1891 2  
1892 1  
1893 3  
1894 0  
1895 2  
1896 1  
1897 3  
1898 0  
1899 2  
1900 1  
1901 3  
1902 0  
1903 2  
1904 1  
1905 3  
1906 0  
1907 2  
1908 1  
1909 3  
1910 0  
1911 2  
1912 1  
1913 3  
1914 0  
1915 2  
1916 1  
1917 3  
1918 0  
1919 2  
1920 1  
1921 3  
1922 0  
1923 2  
1924 1  
1925 3  
1926 0  
1927 2  
1928 1  
1929 3  
1930 0  
1931 2  
1932 1  
1933 3  
1934 0  
1935 2  
1936 1  
1937 3  
1938 0  
1939 2  
1940 1  
1941 3  
1942 0  
1943 2  
1944 1  
1945 3  
1946 0  
1947 2  
1948 3  
1949 1  
1950 0  
1951 2  
1952 3  
1953 1  
1954 0  
1955 2  
1956 3  
1957 1  
1958 0  
1959 2  
1960 3  
1961 1  
1962 0  
1963 2  
1964 3  
1965 1  
1966 0  
1967 2  
1968 3  
1969 1  
1970 0  
1971 2  
1972 3  
1973 1  
1974 0  
1975 2  
1976 3  
1977 1  
1978 0  
1979 2  
1980 3  
1981 1  
1982 0  
1983 2  
1984 3  
1985 1  
1986 0  
1987 2  
1988 3  
1989 1  
1990 0  
1991 2  
1992 3  
1993 1  
1994 0  
1995 2  
1996 3  
1997 1  
1998 0  
1999 2  
2000 3  
2001 1  
2002 0  
2003 2  
2004 3  
2005 1  
2006 0  
2007 2  
2008 3  
2009 1  
2010 0  
2011 2  
2012 3  
2013 1  
2014 0  
2015 2  
2016 3  
2017 1  
2018 0  
2019 2  
2020 3  
2021 1  
2022 0  
2023 2  
2024 3  
2025 1  
2026 0  
2027 2  
2028 3  
2029 1  
2030 0  
2031 2  
2032 3  
2033 1  
2034 0  
2035 2  
2036 3  
2037 1  
2038 0  
2039 2  
2040 3  
2041 1  
2042 0  
2043 2  
2044 3  
2045 1  
2046 0  
2047 2  
2048 3  
2049 1  
2050 0  
2051 2  
2052 3  
2053 1  
2054 0  
2055 2  
2056 3  
2057 1  
2058 0  
2059 2  
2060 3  
2061 1  
2062 0  
2063 2  
2064 3  
2065 1  
2066 0  
2067 2  
2068 3  
2069 1  
2070 0  
2071 2  
2072 3  
2073 1  
2074 0  
2075 2  
2076 3  
2077 1  
2078 0  
2079 2  
2080 3  
2081 1  
2082 0  
2083 2  
2084 3  
2085 1  
2086 0  
2087 2  
2088 3  
2089 1  
2090 0  
2091 2  
2092 3  
2093 1  
2094 0  
2095 2  
2096 3  
2097 1  
2098 0  
2099 2  
2100 3  
2101 1  
2102 0  
2103 2  
2104 3  
2105 1  
2106 0  
2107 2  
2108 3  
2109 1  
2110 0  
2111 2  
2112 3  
2113 1  
2114 0  
2115 2  
2116 3  
2117 1  
2118 0  
2119 2  
2120 3  
2121 1  
2122 0  
2123 2  
2124 3  
2125 1  
2126 0  
2127 2  
2128 3  
2129 1  
2130 0  
2131 2  
2132 3  
2133 1  
2134 0  
2135 2  
2136 3  
2137 1  
2138 0  
2139 2  
2140 3  
2141 1  
2142 0  
2143 3  
2144 2  
2145 1  
2146 0  
2147 3  
2148 2  
2149 1  
2150 0  
2151 3  
2152 2  
2153 1  
2154 0  
2155 3  
2156 2  
2157 1  
2158 0  
2159 3  
2160 2  
2161 1  
2162 0  
2163 3  
2164 2  
2165 1  
2166 0  
2167 3  
2168 2  
2169 1  
2170 0  
2171 3  
2172 2  
2173 1  
2174 0  
2175 3  
2176 2  
2177 1  
2178 0  
2179 3  
2180 2  
2181 1  
2182 0  
2183 3  
2184 2  
2185 1  
2186 0  
2187 3  
2188 2  
2189 1  
2190 0  
2191 3  
2192 2  
2193 1  
2194 0  
2195 3  
2196 2  
2197 1  
2198 0  
2199 3  
2200 2  
2201 1  
2202 0  
2203 3  
2204 2  
2205 1  
2206 0  
2207 3  
2208 2  
2209 1  
2210 0  
2211 3  
2212 2  
2213 1  
2214 0  
2215 3  
2216 2  
2217 1  
2218 0  
2219 3  
2220 2  
2221 1  
2222 0  
2223 3  
2224 2  
2225 1  
2226 0  
2227 3  
2228 2  
2229 1  
2230 0  
2231 2  
2232 3  
2233 1  
2234 0  
2235 2  
2236 3  
2237 1  
2238 0  
2239 2  
2240 3  
2241 1  
2242 0  
2243 2  
2244 3  
2245 1  
2246 0  
2247 2  
2248 3  
2249 1  
2250 0  
2251 2  
2252 3  
2253 1  
2254 0  
2255 2  
2256 3  
2257 1  
2258 0  
2259 2  
2260 3  
2261 1  
2262 0  
2263 2  
2264 3  
2265 1  
2266 0  
2267 2  
2268 3  
2269 1  
2270 0  
2271 2  
2272 3  
2273 1  
2274 0  
2275 2  
2276 3  
2277 1  
2278 0  
2279 2  
2280 3  
2281 1  
2282 0  
2283 2  
2284 3  
2285 1  
2286 0  
2287 2  
2288 3  
2289 1  
2290 0  
2291 2  
2292 3  
2293 1  
2294 0  
2295 2  
2296 3  
2297 1  
2298 0  
2299 2  
2300 3  
2301 1  
2302 0  
2303 2  
2304 3  
2305 0  
2306 1  
2307 2  
2308 3  
2309 0  
2310 1  
2311 2  
2312 3  
2313 0  
2314 1  
2315 2  
2316 3  
2317 0  
2318 2  
2319 1  
2320 3  
2321 0  
2322 2  
2323 1  
2324 3  
2325 0  
2326 2  
2327 1  
2328 3  
2329 0  
2330 2  
2331 1  
2332 3  
2333 0  
2334 2  
2335 1  
2336 3  
2337 0  
2338 2  
2339 1  
2340 3  
2341 0  
2342 2  
2343 1  
2344 3  
2345 0  
2346 2  
2347 1  
2348 3  
2349 0  
2350 2  
2351 1  
2352 3  
2353 0  
2354 2  
2355 1  
2356 3  
2357 0  
2358 2  
2359 1  
2360 3  
2361 0  
2362 2  
2363 1  
2364 3  
2365 0  
2366 2  
2367 1  
2368 3  
2369 0  
2370 2  
2371 1  
2372 3  
2373 0  
2374 2  
2375 1  
2376 3  
2377 0  
2378 2  
2379 1  
2380 3  
2381 0  
2382 2  
2383 1  
2384 3  
2385 0  
2386 2  
2387 1  
2388 3  
2389 0  
2390 2  
2391 1  
2392 3  
2393 0  
2394 2  
2395 1  
2396 3  
2397 0  
2398 2  
2399 1  
2400 3  
2401 0  
2402 2  
2403 1  
2404 3  
2405 0  
2406 2  
2407 1  
2408 3  
2409 0  
2410 2  
2411 1  
2412 3  
2413 0  
2414 2  
2415 1  
2416 3  
2417 0  
2418 2  
2419 1  
2420 3  
2421 0  
2422 2  
2423 1  
2424 3  
2425 0  
2426 2  
2427 1  
2428 3  
2429 0  
2430 2  
2431 1  
2432 3  
2433 0  
2434 2  
2435 1  
2436 3  
2437 0  
2438 2  
2439 1  
2440 3  
2441 0  
2442 2  
2443 1  
2444 3  
2445 0  
2446 2  
2447 1  
2448 3  
2449 0  
2450 2  
2451 1  
2452 3  
2453 0  
2454 2  
2455 1  
2456 3  
2457 0  
2458 2  
2459 1  
2460 3  
2461 0  
2462 2  
2463 1  
2464 3  
2465 0  
2466 2  
2467 1  
2468 3  
2469 0  
2470 2  
2471 1  
2472 3  
2473 0  
2474 2  
2475 1  
2476 3  
2477 0  
2478 2  
2479 1  
2480 3  
2481 0  
2482 2  
2483 1  
2484 3  
2485 0  
2486 2  
2487 1  
2488 3  
2489 0  
2490 2  
2491 1  
2492 3  
2493 0  
2494 2  
2495 1  
2496 3  
2497 0  
2498 2  
2499 1  
2500 3  
2501 0  
2502 2  
2503 1  
2504 3  
2505 0  
2506 2  
2507 1  
2508 3  
2509 0  
2510 2  
2511 3  
2512 1  
2513 0  
2514 2  
2515 3  
2516 1  
2517 0  
2518 2  
2519 3  
2520 1  
2521 0  
2522 2  
2523 3  
2524 1  
2525 0  
2526 2  
2527 3  
2528 1  
2529 0  
2530 2  
2531 3  
2532 1  
2533 0  
2534 2  
2535 3  
2536 1  
2537 0  
2538 2  
2539 3  
2540 1  
2541 0  
2542 2  
2543 3  
2544 1  
2545 0  
2546 2  
2547 3  
2548 1  
2549 0  
2550 2  
2551 3  
2552 1  
2553 0  
2554 2  
2555 3  
2556 0  
2557 1  
2558 2  
2559 3  
2560 0  
2561 1  
2562 2  
2563 3  
2564 0  
2565 1  
2566 2  
2567 3  
2568 0  
2569 1  
2570 2  
2571 3  
2572 0  
2573 1  
2574 2  
2575 3  
2576 0  
2577 1  
2578 2  
2579 3  
2580 0  
2581 1  
2582 2  
2583 3  
2584 0  
2585 1  
2586 2  
2587 3  
2588 0  
2589 1  
2590 2  
2591 3  
2592 0  
2593 1  
2594 2  
2595 3  
2596 0  
2597 1  
2598 2  
2599 3  
2600 0  
2601 1  
2602 2  
2603 3  
2604 0  
2605 1  
2606 2  
2607 3  
2608 0  
2609 1  
2610 2  
2611 3  
2612 0  
2613 1  
2614 2  
2615 3  
2616 0  
2617 1  
2618 2  
2619 3  
2620 0  
2621 1  
2622 2  
2623 3  
2624 0  
2625 1  
2626 2  
2627 3  
2628 0  
2629 1  
2630 2  
2631 3  
2632 0  
2633 1  
2634 2  
2635 3  
2636 0  
2637 1  
2638 2  
2639 3  
2640 0  
2641 1  
2642 2  
2643 3  
2644 0  
2645 1  
2646 2  
2647 3  
2648 0  
2649 1  
2650 2  
2651 3  
2652 0  
2653 2  
2654 1  
2655 3  
2656 0  
2657 2  
2658 1  
2659 3  
2660 0  
2661 2  
2662 1  
2663 3  
2664 0  
2665 2  
2666 1  
2667 3  
2668 0  
2669 2  
2670 1  
2671 3  
2672 0  
2673 2  
2674 1  
2675 3  
2676 0  
2677 2  
2678 1  
2679 3  
2680 0  
2681 2  
2682 1  
2683 3  
2684 0  
2685 2  
2686 1  
2687 3  
2688 0  
2689 2  
2690 1  
2691 3  
2692 0  
2693 2  
2694 1  
2695 3  
2696 0  
2697 2  
2698 1  
2699 3  
2700 0  
2701 2  
2702 1  
2703 3  
2704 0  
2705 2  
2706 1  
2707 3  
2708 0  
2709 2  
2710 1  
2711 3  
2712 0  
2713 2  
2714 1  
2715 3  
2716 0  
2717 2  
2718 1  
2719 3  
2720 0  
2721 2  
2722 1  
2723 3  
2724 0  
2725 2  
2726 1  
2727 3  
2728 0  
2729 2  
2730 1  
2731 3  
2732 0  
2733 2  
2734 1  
2735 3  
2736 0  
2737 2  
2738 1  
2739 3  
2740 0  
2741 2  
2742 1  
2743 3  
2744 0  
2745 2  
2746 1  
2747 3  
2748 0  
2749 2  
2750 1  
2751 3  
2752 0  
2753 2  
2754 1  
2755 3  
2756 0  
2757 2  
2758 1  
2759 3  
2760 0  
2761 2  
2762 3  
2763 1  
2764 0  
2765 2  
2766 3  
2767 1  
2768 0  
2769 2  
2770 3  
2771 1  
2772 0  
2773 2  
2774 3  
2775 1  
2776 0  
2777 2  
2778 3  
2779 1  
2780 0  
2781 2  
2782 3  
2783 1  
2784 0  
2785 2  
2786 3  
2787 1  
2788 0  
2789 2  
2790 3  
2791 1  
2792 0  
2793 2  
2794 3  
2795 1  
2796 0  
2797 2  
2798 3  
2799 1  
2800 0  
2801 2  
2802 3  
2803 1  
2804 0  
2805 2  
2806 3  
2807 1  
2808 0  
2809 2  
2810 3  
2811 1  
2812 0  
2813 2  
2814 3  
2815 1  
2816 0  
2817 2  
2818 3  
2819 1  
2820 0  
2821 2  
2822 3  
2823 1  
2824 0  
2825 2  
2826 3  
2827 1  
2828 0  
2829 2  
2830 3  
2831 1  
2832 0  
2833 2  
2834 3  
2835 1  
2836 0  
2837 2  
2838 3  
2839 1  
2840 0  
2841 2  
2842 3  
2843 1  
2844 0  
2845 2  
2846 3  
2847 1  
2848 0  
2849 2  
2850 3  
2851 1  
2852 0  
2853 2  
2854 3  
2855 1  
2856 0  
2857 2  
2858 3  
2859 1  
2860 0  
2861 2  
2862 3  
2863 0  
2864 1  
2865 2  
2866 3  
2867 0  
2868 1  
2869 2  
2870 3  
2871 0  
2872 1  
2873 2  
2874 3  
2875 0  
2876 1  
2877 2  
2878 3  
2879 0  
2880 1  
2881 2  
2882 3  
2883 0  
2884 1  
2885 2  
2886 3  
2887 0  
2888 1  
2889 2  
2890 3  
2891 0  
2892 1  
2893 2  
2894 3  
2895 0  
2896 1  
2897 2  
2898 3  
2899 0  
2900 1  
2901 2  
2902 3  
2903 0  
2904 1  
2905 2  
2906 3  
2907 0  
2908 1  
2909 2  
2910 3  
2911 0  
2912 1  
2913 2  
2914 3  
2915 0  
2916 1  
2917 2  
2918 3  
2919 0  
2920 1  
2921 2  
2922 3  
2923 0  
2924 1  
2925 2  
2926 3  
2927 0  
2928 1  
2929 2  
2930 3  
2931 0  
2932 1  
2933 2  
2934 3  
2935 0  
2936 1  
2937 2  
2938 3  
2939 0  
2940 1  
2941 2  
2942 3  
2943 0  
2944 1  
2945 2  
2946 3  
2947 0  
2948 1  
2949 2  
2950 3  
2951 0  
2952 1  
2953 2  
2954 3  
2955 0  
2956 1  
2957 2  
2958 3  
2959 0  
2960 2  
2961 1  
2962 3  
2963 0  
2964 2  
2965 1  
2966 3  
2967 0  
2968 2  
2969 1  
2970 3  
2971 0  
2972 2  
2973 1  
2974 3  
2975 0  
2976 2  
2977 1  
2978 3  
2979 0  
2980 2  
2981 1  
2982 3  
2983 0  
2984 2  
2985 1  
2986 3  
2987 0  
2988 2  
2989 1  
2990 3  
2991 0  
2992 2  
2993 1  
2994 3  
2995 0  
2996 2  
2997 1  
2998 3  
2999 0  
3000 2  
3001 1  
3002 3  
3003 0  
3004 2  
3005 1  
3006 3  
3007 0  
3008 2  
3009 1  
3010 3  
3011 0  
3012 2  
3013 1  
3014 3  
3015 0  
3016 2  
3017 1  
3018 3  
3019 0  
3020 2  
3021 1  
3022 3  
3023 0  
3024 2  
3025 1  
3026 3  
3027 0  
3028 2  
3029 1  
3030 3  
3031 0  
3032 2  
3033 1  
3034 3  
3035 0  
3036 2  
3037 1  
3038 3  
3039 0  
3040 2  
3041 1  
3042 3  
3043 0  
3044 2  
3045 1  
3046 3  
3047 0  
3048 2  
3049 1  
3050 3  
3051 0  
3052 2  
3053 1  
3054 3  
3055 0  
3056 2  
3057 1  
3058 3  
3059 0  
3060 2  
3061 1  
3062 3  
3063 0  
3064 2  
3065 1  
3066 3  
3067 0  
3068 2  
3069 1  
3070 3  
3071 0  
3072 2  
3073 1  
3074 3  
3075 0  
3076 2  
3077 1  
3078 3  
3079 0  
3080 2  
3081 1  
3082 3  
3083 0  
3084 2  
3085 1  
3086 3  
3087 0  
3088 2  
3089 1  
3090 3  
3091 0  
3092 2  
3093 1  
3094 3  
3095 0  
3096 2  
3097 1  
3098 3  
3099 0  
3100 2  
3101 1  
3102 3  
3103 0  
3104 2  
3105 1  
3106 3  
3107 0  
3108 2  
3109 1  
3110 3  
3111 0  
3112 2  
3113 1  
3114 3  
3115 0  
3116 2  
3117 1  
3118 3  
3119 0  
3120 2  
3121 1  
3122 3  
3123 0  
3124 2  
3125 1  
3126 3  
3127 0  
3128 2  
3129 1  
3130 3  
3131 0  
3132 2  
3133 1  
3134 3  
3135 0  
3136 2  
3137 1  
3138 3  
3139 0  
3140 2  
3141 1  
3142 3  
3143 0  
3144 2  
3145 1  
3146 3  
3147 0  
3148 2  
3149 1  
3150 3  
3151 0  
3152 2  
3153 1  
3154 3  
3155 0  
3156 2  
3157 1  
3158 3  
3159 0  
3160 2  
3161 1  
3162 3  
3163 0  
3164 2  
3165 1  
3166 3  
3167 0  
3168 2  
3169 1  
3170 3  
3171 0  
3172 2  
3173 1  
3174 3  
3175 0  
3176 2  
3177 1  
3178 3  
3179 0  
3180 2  
3181 1  
3182 3  
3183 0  
3184 2  
3185 1  
3186 3  
3187 0  
3188 2  
3189 1  
3190 3  
3191 0  
3192 2  
3193 1  
3194 3  
3195 0  
3196 2  
3197 1  
3198 3  
3199 0  
3200 2  
3201 1  
3202 3  
3203 0  
3204 2  
3205 1  
3206 3  
3207 0  
3208 2  
3209 1  
3210 3  
3211 0  
3212 2  
3213 1  
3214 3  
3215 0  
3216 2  
3217 1  
3218 3  
3219 0  
3220 2  
3221 1  
3222 3  
3223 0  
3224 2  
3225 1  
3226 3  
3227 0  
3228 2  
3229 1  
3230 3  
3231 0  
3232 2  
3233 1  
3234 3  
3235 0  
3236 2  
3237 1  
3238 3  
3239 0  
3240 2  
3241 1  
3242 3  
3243 0  
3244 2  
3245 1  
3246 3  
3247 0  
3248 2  
3249 1  
3250 3  
3251 0  
3252 2  
3253 1  
3254 3  
3255 0  
3256 2  
3257 1  
3258 3  
3259 0  
3260 2  
3261 1  
3262 3  
3263 0  
3264 2  
3265 1  
3266 3  
3267 0  
3268 2  
3269 1  
3270 3  
3271 0  
3272 2  
3273 1  
3274 3  
3275 0  
3276 2  
3277 1  
3278 3  
3279 0  
3280 2  
3281 1  
3282 3  
3283 0  
3284 2  
3285 1  
3286 3  
3287 0  
3288 2  
3289 1  
3290 3  
3291 0  
3292 2  
3293 1  
3294 3  
3295 0  
3296 2  
3297 1  
3298 3  
3299 0  
3300 2  
3301 1  
3302 3  
3303 0  
3304 2  
3305 1  
3306 3  
3307 0  
3308 2  
3309 1  
3310 3  
3311 2  
3312 0  
3313 1  
3314 3  
3315 2  
3316 0  
3317 1  
3318 3  
3319 2  
3320 0  
3321 1  
3322 3  
3323 2  
3324 0  
3325 1  
3326 3  
3327 2  
3328 0  
3329 1  
3330 3  
3331 2  
3332 0  
3333 1  
3334 3  
3335 2  
3336 0  
3337 1  
3338 3  
3339 2  
3340 0  
3341 1  
3342 3  
3343 2  
3344 0  
3345 1  
3346 3  
3347 2  
3348 0  
3349 1  
3350 3  
3351 2  
3352 0  
3353 1  
3354 3  
3355 2  
3356 0  
3357 1  
3358 3  
3359 2  
3360 0  
3361 3  
3362 1  
3363 2  
3364 0  
3365 3  
3366 1  
3367 2  
3368 0  
3369 3  
3370 1  
3371 2  
3372 0  
3373 3  
3374 1  
3375 2  
3376 0  
3377 3  
3378 1  
3379 2  
3380 0  
3381 3  
3382 1  
3383 2  
3384 0  
3385 3  
3386 1  
3387 2  
3388 0  
3389 3  
3390 1  
3391 2  
3392 0  
3393 3  
3394 1  
3395 2  
3396 0  
3397 3  
3398 1  
3399 2  
3400 0  
3401 3  
3402 1  
3403 2  
3404 0  
3405 3  
3406 1  
3407 2  
3408 0  
3409 3  
3410 1  
3411 2  
3412 0  
3413 3  
3414 1  
3415 2  
3416 0  
3417 3  
3418 1  
3419 2  
3420 0  
3421 3  
3422 1  
3423 2  
3424 0  
3425 3  
3426 1  
3427 2  
3428 0  
3429 3  
3430 1  
3431 2  
3432 0  
3433 3  
3434 1  
3435 2  
3436 0  
3437 3  
3438 1  
3439 2  
3440 0  
3441 3  
3442 1  
3443 2  
3444 0  
3445 3  
3446 1  
3447 2  
3448 0  
3449 3  
3450 1  
3451 2  
3452 0  
3453 1  
3454 3  
3455 2  
3456 0  
3457 1  
3458 3  
3459 2  
3460 1  
3461 0  
3462 3  
3463 2  
3464 1  
3465 0  
3466 3  
3467 2  
3468 1  
3469 0  
3470 3  
3471 2  
3472 1  
3473 0  
3474 3  
3475 2  
3476 1  
3477 0  
3478 3  
3479 2  
3480 1  
3481 0  
3482 3  
3483 2  
3484 1  
3485 0  
3486 3  
3487 2  
3488 1  
3489 0  
3490 3  
3491 2  
3492 1  
3493 0  
3494 3  
3495 2  
3496 1  
3497 0  
3498 3  
3499 2  
3500 1  
3501 0  
3502 3  
3503 2  
3504 1  
3505 0  
3506 3  
3507 2  
3508 1  
3509 0  
3510 3  
3511 2  
3512 1  
3513 3  
3514 0  
3515 2  
3516 3  
3517 1  
3518 0  
3519 2  
3520 3  
3521 1  
3522 0  
3523 2  
3524 3  
3525 1  
3526 0  
3527 2  
3528 3  
3529 1  
3530 0  
3531 2  
3532 3  
3533 1  
3534 0  
3535 2  
3536 3  
3537 1  
3538 0  
3539 2  
3540 3  
3541 1  
3542 0  
3543 2  
3544 3  
3545 1  
3546 0  
3547 2  
3548 3  
3549 1  
3550 0  
3551 2  
3552 3  
3553 1  
3554 0  
3555 2  
3556 3  
3557 1  
3558 0  
3559 2  
3560 3  
3561 1  
3562 0  
3563 2  
3564 3  
3565 1  
3566 0  
3567 2  
3568 3  
3569 1  
3570 0  
3571 2  
3572 3  
3573 1  
3574 0  
3575 2  
3576 3  
3577 1  
3578 0  
3579 2  
3580 3  
3581 1  
3582 0  
3583 2  
3584 3  
3585 1  
3586 0  
3587 2  
3588 3  
3589 1  
3590 0  
3591 2  
3592 3  
3593 1  
3594 0  
3595 2  
3596 3  
3597 1  
3598 0  
3599 2  
3600 3  
3601 1  
3602 0  
3603 2  
3604 3  
3605 1  
3606 0  
3607 2  
3608 3  
3609 0  
3610 1  
3611 2  
3612 3  
3613 0  
3614 1  
3615 2  
3616 3  
3617 0  
3618 1  
3619 2  
3620 3  
3621 0  
3622 1  
3623 2  
3624 3  
3625 0  
3626 1  
3627 2  
3628 3  
3629 0  
3630 1  
3631 2  
