2013 07 27 03 56 01 0.440846 14
2013 07 27 03 56 02 0.447502 14
2013 07 27 03 56 03 0.454158 14
2013 07 27 03 56 04 0.460814 14
2013 07 27 03 56 05 0.467470 14
2013 07 27 03 56 06 0.474126 14
2013 07 27 03 56 07 0.480782 14
2013 07 27 03 56 08 0.487438 14
2013 07 27 03 56 09 0.493838 14
2013 07 27 03 56 10 0.500494 14
2013 07 27 03 56 11 0.507150 14
2013 07 27 03 56 12 0.513806 14
2013 07 27 03 56 13 0.520462 14
2013 07 27 03 56 14 0.527118 14
2013 07 27 03 56 15 0.533774 14
2013 07 27 03 56 16 0.540430 14
2013 07 27 03 56 17 0.547086 14
2013 07 27 03 56 18 0.553742 14
2013 07 27 03 56 19 0.560398 14
2013 07 27 03 56 20 0.566798 14
2013 07 27 03 56 21 0.573710 14
2013 07 27 03 56 22 0.580110 14
2013 07 27 03 56 23 0.586766 14
2013 07 27 03 56 24 0.593422 14
2013 07 27 03 56 25 0.600078 14
2013 07 27 03 56 26 0.606734 14
2013 07 27 03 56 27 0.613390 14
2013 07 27 03 56 28 0.620046 14
2013 07 27 03 56 29 0.626702 14
2013 07 27 03 56 30 0.633358 14
2013 07 27 03 56 31 0.640014 14
2013 07 27 03 56 32 0.646670 14
2013 07 27 03 56 33 0.653070 14
2013 07 27 03 56 34 0.659726 14
2013 07 27 03 56 35 0.666382 14
2013 07 27 03 56 36 0.673038 14
2013 07 27 03 56 37 0.679694 14
2013 07 27 03 56 38 0.686350 14
2013 07 27 03 56 39 0.693006 14
2013 07 27 03 56 40 0.699662 14
2013 07 27 03 56 41 0.706318 14
2013 07 27 03 56 42 0.712974 14
2013 07 27 03 56 43 0.719630 14
2013 07 27 03 56 44 0.726286 14
2013 07 27 03 56 45 0.732686 14
2013 07 27 03 56 46 0.739342 14
2013 07 27 03 56 47 0.745998 14
2013 07 27 03 56 48 0.752654 14
2013 07 27 03 56 49 0.759310 14
2013 07 27 03 56 50 0.765966 14
2013 07 27 03 56 51 0.772622 14
2013 07 27 03 56 52 0.779278 14
2013 07 27 03 56 53 0.785934 14
2013 07 27 03 56 54 0.792590 14
2013 07 27 03 56 55 0.799246 14
2013 07 27 03 56 56 0.805902 14
2013 07 27 03 56 57 0.812302 14
2013 07 27 03 56 58 0.818958 14
2013 07 27 03 57 00 0.077582 14
2013 07 27 03 57 01 0.084238 14
2013 07 27 03 57 02 0.090894 14
2013 07 27 03 57 03 0.348942 14
2013 07 27 03 57 04 0.355598 14
2013 07 27 03 57 05 0.362254 14
2013 07 27 03 57 06 0.368910 14
2013 07 27 03 57 07 0.375566 14
2013 07 27 03 57 08 0.382222 14
2013 07 27 03 57 09 0.388622 14
2013 07 27 03 57 10 0.395278 14
2013 07 27 03 57 11 0.401934 14
2013 07 27 03 57 12 0.408590 14
2013 07 27 03 57 13 0.415246 14
2013 07 27 03 57 14 0.421902 14
2013 07 27 03 57 15 0.428558 14
2013 07 27 03 57 16 0.435214 14
2013 07 27 03 57 17 0.441870 14
2013 07 27 03 57 18 0.448526 14
2013 07 27 03 57 19 0.455182 14
2013 07 27 03 57 20 0.461838 14
2013 07 27 03 57 21 0.468238 14
2013 07 27 03 57 22 0.474894 14
2013 07 27 03 57 23 0.481550 14
2013 07 27 03 57 24 0.488206 14
2013 07 27 03 57 25 0.494862 14
2013 07 27 03 57 26 0.501518 14
2013 07 27 03 57 27 0.508174 14
2013 07 27 03 57 28 0.514830 14
2013 07 27 03 57 29 0.521486 14
2013 07 27 03 57 30 0.528142 14
2013 07 27 03 57 31 0.534798 14
2013 07 27 03 57 32 0.541454 14
2013 07 27 03 57 33 0.547854 14
2013 07 27 03 57 34 0.554510 14
2013 07 27 03 57 35 0.561166 14
2013 07 27 03 57 36 0.567822 14
2013 07 27 03 57 37 0.574478 14
2013 07 27 03 57 38 0.581134 14
2013 07 27 03 57 39 0.587790 14
2013 07 27 03 57 40 0.594446 14
2013 07 27 03 57 41 0.601102 14
2013 07 27 03 57 42 0.607758 14
2013 07 27 03 57 43 0.614414 14
2013 07 27 03 57 44 0.621070 14
2013 07 27 03 57 45 0.627470 14
2013 07 27 03 57 46 0.634126 14
2013 07 27 03 57 47 0.640782 14
2013 07 27 03 57 48 0.647438 14
2013 07 27 03 57 49 0.654094 14
2013 07 27 03 57 50 0.660750 14
2013 07 27 03 57 51 0.667406 14
2013 07 27 03 57 52 0.674062 14
2013 07 27 03 57 53 0.680718 14
2013 07 27 03 57 54 0.687374 14
2013 07 27 03 57 55 0.694030 14
2013 07 27 03 57 56 0.700686 14
2013 07 27 03 57 57 0.707086 14
2013 07 27 03 57 58 0.713742 14
2013 07 27 03 57 59 0.720398 14
2013 07 27 03 58 00 0.727054 14
2013 07 27 03 58 01 0.733710 14
2013 07 27 03 58 02 0.740366 14
2013 07 27 03 58 03 0.747022 14
2013 07 27 03 58 04 0.753678 14
2013 07 27 03 58 05 0.760334 14
2013 07 27 03 58 06 0.766990 14
2013 07 27 03 58 07 0.773646 14
2013 07 27 03 58 08 0.780302 14
2013 07 27 03 58 09 0.786702 14
2013 07 27 03 58 10 0.793358 14
2013 07 27 03 58 11 0.800014 14
2013 07 27 03 58 12 0.806670 14
2013 07 27 03 58 13 0.813326 14
2013 07 27 03 58 14 0.819982 14
2013 07 27 03 58 15 0.826638 14
2013 07 27 03 58 16 0.833294 14
2013 07 27 03 58 17 0.839950 14
2013 07 27 03 58 18 0.846606 14
2013 07 27 03 58 19 0.853262 14
2013 07 27 03 58 20 0.859918 14
2013 07 27 03 58 21 0.866318 14
2013 07 27 03 58 22 0.872974 14
2013 07 27 03 58 23 0.879630 14
2013 07 27 03 58 24 0.886286 14
2013 07 27 03 58 25 0.892942 14
2013 07 27 03 58 26 0.899598 14
2013 07 27 03 58 27 0.906254 14
2013 07 27 03 58 28 0.912910 14
2013 07 27 03 58 29 0.919566 14
2013 07 27 03 58 30 0.926222 14
2013 07 27 03 58 32 0.184590 14
2013 07 27 03 58 33 0.191246 14
2013 07 27 03 58 34 0.197902 14
2013 07 27 03 58 35 0.204558 14
2013 07 27 03 58 36 0.211214 14
2013 07 27 03 58 37 0.217870 14
2013 07 27 03 58 38 0.224526 14
2013 07 27 03 58 39 0.231182 14
2013 07 27 03 58 40 0.237838 14
2013 07 27 03 58 41 0.244238 14
2013 07 27 03 58 42 0.250894 14
2013 07 27 03 58 43 0.257550 14
2013 07 27 03 58 44 0.264206 14
2013 07 27 03 58 45 0.270862 14
2013 07 27 03 58 46 0.277518 14
2013 07 27 03 58 47 0.284174 14
2013 07 27 03 58 48 0.290830 14
2013 07 27 03 58 49 0.297486 14
2013 07 27 03 58 50 0.303886 14
2013 07 27 03 58 51 0.310542 14
2013 07 27 03 58 52 0.317198 14
2013 07 27 03 58 53 0.323854 14
2013 07 27 03 58 54 0.330510 14
2013 07 27 03 58 55 0.337166 14
2013 07 27 03 58 56 0.343822 14
2013 07 27 03 58 57 0.350478 14
2013 07 27 03 58 58 0.357134 14
2013 07 27 03 58 59 0.363790 14
2013 07 27 03 59 00 0.370446 14
2013 07 27 03 59 01 0.377102 14
2013 07 27 03 59 02 0.383758 14
2013 07 27 03 59 03 0.390414 14
2013 07 27 03 59 04 0.397070 14
2013 07 27 03 59 05 0.403470 14
2013 07 27 03 59 06 0.410126 14
2013 07 27 03 59 07 0.416782 14
2013 07 27 03 59 08 0.423438 14
2013 07 27 03 59 09 0.430094 14
2013 07 27 03 59 10 0.436750 14
2013 07 27 03 59 11 0.443406 14
2013 07 27 03 59 12 0.198158 14
2013 07 27 03 59 13 0.204814 14
2013 07 27 03 59 14 0.211470 14
2013 07 27 03 59 15 0.218126 14
2013 07 27 03 59 16 0.224782 14
2013 07 27 03 59 17 0.231438 14
2013 07 27 03 59 18 0.238094 14
2013 07 27 03 59 19 0.244750 14
2013 07 27 03 59 20 0.251150 14
2013 07 27 03 59 21 0.257806 14
2013 07 27 03 59 22 0.264462 14
2013 07 27 03 59 23 0.271118 14
2013 07 27 03 59 24 0.277774 14
2013 07 27 03 59 25 0.284430 14
2013 07 27 03 59 26 0.291086 14
2013 07 27 03 59 27 0.297742 14
2013 07 27 03 59 28 0.304398 14
2013 07 27 03 59 29 0.311054 14
2013 07 27 03 59 30 0.317710 14
2013 07 27 03 59 31 0.324110 14
2013 07 27 03 59 32 0.330766 14
2013 07 27 03 59 33 0.337422 14
2013 07 27 03 59 34 0.344078 14
2013 07 27 03 59 35 0.350734 14
2013 07 27 03 59 36 0.357390 14
2013 07 27 03 59 37 0.364046 14
2013 07 27 03 59 38 0.370702 14
2013 07 27 03 59 39 0.377358 14
2013 07 27 03 59 40 0.384014 14
2013 07 27 03 59 41 0.390670 14
2013 07 27 03 59 42 0.397326 14
2013 07 27 03 59 43 0.403982 14
2013 07 27 03 59 44 0.410382 14
2013 07 27 03 59 45 0.417038 14
2013 07 27 03 59 46 0.423694 14
2013 07 27 03 59 47 0.430350 14
2013 07 27 03 59 48 0.437006 14
2013 07 27 03 59 49 0.443662 14
2013 07 27 03 59 50 0.450318 14
2013 07 27 03 59 51 0.456974 14
2013 07 27 03 59 52 0.463630 14
2013 07 27 03 59 53 0.470286 14
2013 07 27 03 59 54 0.476942 14
2013 07 27 03 59 55 0.483598 14
2013 07 27 03 59 56 0.238606 14
2013 07 27 03 59 57 0.245262 14
2013 07 27 03 59 58 0.000014 14
2013 07 27 03 59 59 0.006670 14
2013 07 27 04 00 00 0.013326 14
2013 07 27 04 00 01 0.271886 14
2013 07 27 04 00 02 0.278542 14
2013 07 27 04 00 03 0.285198 14
2013 07 27 04 00 04 0.291854 14
2013 07 27 04 00 05 0.298510 14
2013 07 27 04 00 06 0.304910 14
2013 07 27 04 00 07 0.311566 14
2013 07 27 04 00 08 0.318222 14
2013 07 27 04 00 09 0.324878 14
2013 07 27 04 00 10 0.331534 14
2013 07 27 04 00 11 0.338190 14
2013 07 27 04 00 12 0.344846 14
2013 07 27 04 00 13 0.351502 14
2013 07 27 04 00 14 0.358158 14
2013 07 27 04 00 15 0.364558 14
2013 07 27 04 00 16 0.371214 14
2013 07 27 04 00 17 0.377870 14
2013 07 27 04 00 18 0.384526 14
2013 07 27 04 00 19 0.391182 14
2013 07 27 04 00 20 0.397838 14
2013 07 27 04 00 21 0.404494 14
2013 07 27 04 00 22 0.411150 14
2013 07 27 04 00 23 0.417806 14
2013 07 27 04 00 24 0.424462 14
2013 07 27 04 00 25 0.431118 14
2013 07 27 04 00 26 0.437774 14
2013 07 27 04 00 27 0.444174 14
2013 07 27 04 00 28 0.450830 14
2013 07 27 04 00 29 0.457486 14
2013 07 27 04 00 30 0.464142 14
2013 07 27 04 00 31 0.470798 14
2013 07 27 04 00 32 0.729102 14
2013 07 27 04 00 33 0.735502 14
2013 07 27 04 00 34 0.742158 14
2013 07 27 04 00 35 0.748814 14
2013 07 27 04 00 36 0.755470 14
2013 07 27 04 00 37 0.762126 14
2013 07 27 04 00 38 0.768782 14
2013 07 27 04 00 39 0.775438 14
2013 07 27 04 00 40 0.782094 14
2013 07 27 04 00 41 0.788750 14
2013 07 27 04 00 42 0.795406 14
2013 07 27 04 00 43 0.802062 14
2013 07 27 04 00 44 0.808718 14
2013 07 27 04 00 45 0.815374 14
2013 07 27 04 00 46 0.821774 14
2013 07 27 04 00 47 0.828430 14
2013 07 27 04 00 48 0.835086 14
2013 07 27 04 00 49 0.841742 14
2013 07 27 04 00 50 0.848398 14
2013 07 27 04 00 51 0.855054 14
2013 07 27 04 00 52 0.861710 14
2013 07 27 04 00 53 0.868366 14
2013 07 27 04 00 54 0.875022 14
2013 07 27 04 00 55 0.881678 14
2013 07 27 04 00 56 0.888334 14
2013 07 27 04 00 57 0.894990 14
2013 07 27 04 00 58 0.901390 14
2013 07 27 04 00 59 0.908046 14
2013 07 27 04 01 00 0.914702 14
2013 07 27 04 01 01 0.921358 14
2013 07 27 04 01 02 0.928014 14
2013 07 27 04 01 03 0.934670 14
2013 07 27 04 01 04 0.941326 14
2013 07 27 04 01 05 0.947982 14
2013 07 27 04 01 06 0.954638 14
2013 07 27 04 01 07 0.961294 14
2013 07 27 04 01 08 0.967950 14
2013 07 27 04 01 09 0.974606 14
2013 07 27 04 01 10 0.981006 14
2013 07 27 04 01 11 0.987662 14
2013 07 27 04 01 12 0.994318 14
2013 07 27 04 01 14 0.001038 14
2013 07 27 04 01 15 0.007694 14
2013 07 27 04 01 16 0.265998 14
2013 07 27 04 01 17 0.272654 14
2013 07 27 04 01 18 0.279566 14
2013 07 27 04 01 19 0.285966 14
2013 07 27 04 01 20 0.292622 14
2013 07 27 04 01 21 0.299278 14
2013 07 27 04 01 22 0.305934 14
2013 07 27 04 01 23 0.312590 14
2013 07 27 04 01 24 0.319246 14
2013 07 27 04 01 25 0.325902 14
2013 07 27 04 01 26 0.332558 14
2013 07 27 04 01 27 0.339214 14
2013 07 27 04 01 28 0.345870 14
2013 07 27 04 01 29 0.352270 14
2013 07 27 04 01 30 0.359182 14
2013 07 27 04 01 31 0.365582 14
2013 07 27 04 01 32 0.372238 14
2013 07 27 04 01 33 0.378894 14
2013 07 27 04 01 34 0.385550 14
2013 07 27 04 01 35 0.392206 14
2013 07 27 04 01 36 0.398862 14
2013 07 27 04 01 37 0.405518 14
2013 07 27 04 01 38 0.412174 14
2013 07 27 04 01 39 0.418830 14
2013 07 27 04 01 40 0.425230 14
2013 07 27 04 01 41 0.431886 14
2013 07 27 04 01 42 0.438542 14
2013 07 27 04 01 43 0.445198 14
2013 07 27 04 01 44 0.451854 14
2013 07 27 04 01 45 0.458510 14
2013 07 27 04 01 46 0.465166 14
2013 07 27 04 01 47 0.471822 14
2013 07 27 04 01 48 0.478478 14
2013 07 27 04 01 49 0.485134 14
2013 07 27 04 01 50 0.491790 14
2013 07 27 04 01 51 0.498446 14
2013 07 27 04 01 52 0.505102 14
2013 07 27 04 01 53 0.511758 14
2013 07 27 04 01 54 0.769806 14
2013 07 27 04 01 55 0.776462 14
2013 07 27 04 01 56 0.531470 14
2013 07 27 04 01 57 0.538126 14
2013 07 27 04 01 58 0.544782 14
2013 07 27 04 01 59 0.551438 14
2013 07 27 04 02 00 0.558094 14
2013 07 27 04 02 01 0.564750 14
2013 07 27 04 02 02 0.571406 14
2013 07 27 04 02 03 0.578062 14
2013 07 27 04 02 04 0.584718 14
2013 07 27 04 02 05 0.591118 14
2013 07 27 04 02 06 0.597774 14
2013 07 27 04 02 07 0.604430 14
2013 07 27 04 02 08 0.611086 14
2013 07 27 04 02 09 0.617742 14
2013 07 27 04 02 10 0.624398 14
2013 07 27 04 02 11 0.631054 14
2013 07 27 04 02 12 0.637710 14
2013 07 27 04 02 13 0.644366 14
2013 07 27 04 02 14 0.651022 14
2013 07 27 04 02 15 0.657678 14
2013 07 27 04 02 16 0.664334 14
2013 07 27 04 02 17 0.670734 14
2013 07 27 04 02 18 0.677390 14
2013 07 27 04 02 19 0.684046 14
2013 07 27 04 02 20 0.690702 14
2013 07 27 04 02 21 0.697358 14
2013 07 27 04 02 22 0.704014 14
2013 07 27 04 02 23 0.710670 14
2013 07 27 04 02 24 0.717326 14
2013 07 27 04 02 25 0.723982 14
2013 07 27 04 02 26 0.730638 14
2013 07 27 04 02 27 0.737294 14
2013 07 27 04 02 28 0.743950 14
2013 07 27 04 02 29 0.750606 14
2013 07 27 04 02 30 0.757262 14
2013 07 27 04 02 31 0.763662 14
2013 07 27 04 02 32 0.770318 14
2013 07 27 04 02 34 0.028430 14
2013 07 27 04 02 35 0.035086 14
2013 07 27 04 02 36 0.041742 14
2013 07 27 04 02 37 0.048398 14
2013 07 27 04 02 38 0.055054 14
2013 07 27 04 02 39 0.061710 14
2013 07 27 04 02 40 0.068366 14
2013 07 27 04 02 41 0.075022 14
2013 07 27 04 02 42 0.081678 14
2013 07 27 04 02 43 0.088334 14
2013 07 27 04 02 44 0.094990 14
2013 07 27 04 02 45 0.101390 14
2013 07 27 04 02 46 0.108046 14
2013 07 27 04 02 47 0.114702 14
2013 07 27 04 02 48 0.121358 14
2013 07 27 04 02 49 0.128014 14
2013 07 27 04 02 50 0.134670 14
2013 07 27 04 02 51 0.141326 14
2013 07 27 04 02 52 0.147982 14
2013 07 27 04 02 53 0.154638 14
2013 07 27 04 02 54 0.161294 14
2013 07 27 04 02 55 0.167950 14
2013 07 27 04 02 56 0.174606 14
2013 07 27 04 02 57 0.181006 14
2013 07 27 04 02 58 0.187662 14
2013 07 27 04 02 59 0.194318 14
2013 07 27 04 03 00 0.200974 14
2013 07 27 04 03 01 0.207630 14
2013 07 27 04 03 02 0.214286 14
2013 07 27 04 03 03 0.220942 14
2013 07 27 04 03 04 0.227598 14
2013 07 27 04 03 05 0.234254 14
2013 07 27 04 03 06 0.240910 14
2013 07 27 04 03 07 0.247566 14
2013 07 27 04 03 08 0.254222 14
2013 07 27 04 03 09 0.260622 14
2013 07 27 04 03 10 0.267278 14
2013 07 27 04 03 11 0.273934 14
2013 07 27 04 03 12 0.280590 14
2013 07 27 04 03 13 0.287246 14
2013 07 27 04 03 14 0.293902 14
2013 07 27 04 03 15 0.300558 14
2013 07 27 04 03 16 0.307214 14
2013 07 27 04 03 17 0.313870 14
2013 07 27 04 03 18 0.320526 14
2013 07 27 04 03 19 0.327182 14
2013 07 27 04 03 20 0.333838 14
2013 07 27 04 03 21 0.340494 14
2013 07 27 04 03 22 0.346894 14
2013 07 27 04 03 23 0.353550 14
2013 07 27 04 03 24 0.360206 14
2013 07 27 04 03 25 0.366862 14
2013 07 27 04 03 26 0.373518 14
2013 07 27 04 03 27 0.380174 14
2013 07 27 04 03 28 0.386830 14
2013 07 27 04 03 29 0.393486 14
2013 07 27 04 03 30 0.400142 14
2013 07 27 04 03 31 0.406798 14
2013 07 27 04 03 32 0.413454 14
2013 07 27 04 03 33 0.419854 14
2013 07 27 04 03 34 0.426510 14
2013 07 27 04 03 35 0.433166 14
2013 07 27 04 03 36 0.439822 14
2013 07 27 04 03 37 0.446478 14
2013 07 27 04 03 38 0.453134 14
2013 07 27 04 03 39 0.459790 14
2013 07 27 04 03 40 0.466446 14
2013 07 27 04 03 41 0.473102 14
2013 07 27 04 03 42 0.479758 14
2013 07 27 04 03 43 0.486414 14
2013 07 27 04 03 44 0.493070 14
2013 07 27 04 03 45 0.499726 14
2013 07 27 04 03 46 0.506126 14
2013 07 27 04 03 47 0.512782 14
2013 07 27 04 03 48 0.519438 14
2013 07 27 04 03 49 0.526094 14
2013 07 27 04 03 50 0.532750 14
2013 07 27 04 03 51 0.539406 14
2013 07 27 04 03 52 0.546062 14
2013 07 27 04 03 53 0.552718 14
2013 07 27 04 03 54 0.559374 14
2013 07 27 04 03 55 0.566030 14
2013 07 27 04 03 56 0.572686 14
2013 07 27 04 03 57 0.579342 14
2013 07 27 04 03 58 0.585742 14
2013 07 27 04 03 59 0.592398 14
2013 07 27 04 04 00 0.599054 14
2013 07 27 04 04 01 0.605710 14
2013 07 27 04 04 02 0.612366 14
2013 07 27 04 04 03 0.619022 14
2013 07 27 04 04 04 0.625678 14
2013 07 27 04 04 05 0.632334 14
2013 07 27 04 04 06 0.638990 14
2013 07 27 04 04 07 0.645646 14
2013 07 27 04 04 08 0.652302 14
2013 07 27 04 04 09 0.658702 14
2013 07 27 04 04 10 0.413966 14
2013 07 27 04 04 11 0.420622 14
2013 07 27 04 04 12 0.427278 14
2013 07 27 04 04 13 0.433934 14
2013 07 27 04 04 14 0.440590 14
2013 07 27 04 04 15 0.447246 14
2013 07 27 04 04 16 0.453646 14
2013 07 27 04 04 17 0.460558 14
2013 07 27 04 04 18 0.467214 14
2013 07 27 04 04 19 0.473614 14
2013 07 27 04 04 20 0.480270 14
2013 07 27 04 04 21 0.486926 14
2013 07 27 04 04 22 0.493582 14
2013 07 27 04 04 23 0.500238 14
2013 07 27 04 04 24 0.506894 14
2013 07 27 04 04 25 0.513550 14
2013 07 27 04 04 26 0.520206 14
2013 07 27 04 04 27 0.526606 14
2013 07 27 04 04 28 0.533262 14
2013 07 27 04 04 29 0.539918 14
2013 07 27 04 04 30 0.546574 14
2013 07 27 04 04 31 0.553230 14
2013 07 27 04 04 32 0.559886 14
2013 07 27 04 04 33 0.566542 14
2013 07 27 04 04 34 0.573198 14
2013 07 27 04 04 35 0.579854 14
2013 07 27 04 04 36 0.586510 14
2013 07 27 04 04 37 0.593166 14
2013 07 27 04 04 38 0.599822 14
2013 07 27 04 04 39 0.606478 14
2013 07 27 04 04 40 0.613134 14
2013 07 27 04 04 41 0.619534 14
2013 07 27 04 04 42 0.626190 14
2013 07 27 04 04 43 0.632846 14
2013 07 27 04 04 44 0.639502 14
2013 07 27 04 04 45 0.646158 14
2013 07 27 04 04 46 0.652814 14
2013 07 27 04 04 47 0.659470 14
2013 07 27 04 04 48 0.666126 14
2013 07 27 04 04 49 0.672782 14
2013 07 27 04 04 50 0.679438 14
2013 07 27 04 04 51 0.685838 14
2013 07 27 04 04 52 0.692494 14
2013 07 27 04 04 53 0.699150 14
2013 07 27 04 04 54 0.705806 14
2013 07 27 04 04 55 0.712462 14
2013 07 27 04 04 56 0.719118 14
2013 07 27 04 04 57 0.725774 14
2013 07 27 04 04 58 0.732430 14
2013 07 27 04 04 59 0.487182 14
2013 07 27 04 05 00 0.493838 14
2013 07 27 04 05 01 0.500494 14
2013 07 27 04 05 02 0.507150 14
2013 07 27 04 05 03 0.513806 14
2013 07 27 04 05 04 0.520462 14
2013 07 27 04 05 05 0.527118 14
2013 07 27 04 05 06 0.533774 14
2013 07 27 04 05 07 0.540430 14
2013 07 27 04 05 08 0.546830 14
2013 07 27 04 05 09 0.553486 14
2013 07 27 04 05 10 0.560142 14
2013 07 27 04 05 11 0.566798 14
2013 07 27 04 05 12 0.573454 14
2013 07 27 04 05 13 0.580110 14
2013 07 27 04 05 14 0.586766 14
2013 07 27 04 05 15 0.593422 14
2013 07 27 04 05 16 0.600078 14
2013 07 27 04 05 17 0.606734 14
2013 07 27 04 05 18 0.613390 14
2013 07 27 04 05 19 0.620046 14
2013 07 27 04 05 20 0.626446 14
2013 07 27 04 05 21 0.885006 14
2013 07 27 04 05 22 0.891662 14
2013 07 27 04 05 23 0.898318 14
2013 07 27 04 05 24 0.904974 14
2013 07 27 04 05 25 0.911630 14
2013 07 27 04 05 26 0.918286 14
2013 07 27 04 05 27 0.924686 14
2013 07 27 04 05 28 0.931342 14
2013 07 27 04 05 29 0.937998 14
2013 07 27 04 05 30 0.944654 14
2013 07 27 04 05 31 0.951310 14
2013 07 27 04 05 32 0.957966 14
2013 07 27 04 05 33 0.964622 14
2013 07 27 04 05 34 0.971278 14
2013 07 27 04 05 35 0.977934 14
2013 07 27 04 05 36 0.984590 14
2013 07 27 04 05 37 0.991246 14
2013 07 27 04 05 38 0.997902 14
2013 07 27 04 05 40 0.004366 14
2013 07 27 04 05 41 0.011022 14
2013 07 27 04 05 42 0.017678 14
2013 07 27 04 05 43 0.024334 14
2013 07 27 04 05 44 0.030990 14
2013 07 27 04 05 45 0.037646 14
2013 07 27 04 05 46 0.044302 14
2013 07 27 04 05 47 0.050958 14
2013 07 27 04 05 48 0.057358 14
2013 07 27 04 05 49 0.064014 14
2013 07 27 04 05 50 0.070670 14
2013 07 27 04 05 51 0.077326 14
2013 07 27 04 05 52 0.083982 14
2013 07 27 04 05 53 0.090638 14
2013 07 27 04 05 54 0.097294 14
2013 07 27 04 05 55 0.103950 14
2013 07 27 04 05 56 0.110606 14
2013 07 27 04 05 57 0.117262 14
2013 07 27 04 05 58 0.123918 14
2013 07 27 04 05 59 0.130574 14
2013 07 27 04 06 00 0.137230 14
2013 07 27 04 06 01 0.143630 14
2013 07 27 04 06 02 0.150286 14
2013 07 27 04 06 03 0.156942 14
2013 07 27 04 06 04 0.163598 14
2013 07 27 04 06 05 0.170254 14
2013 07 27 04 06 06 0.176910 14
2013 07 27 04 06 07 0.183566 14
2013 07 27 04 06 08 0.190222 14
2013 07 27 04 06 09 0.196878 14
2013 07 27 04 06 10 0.203534 14
2013 07 27 04 06 11 0.210190 14
2013 07 27 04 06 12 0.216846 14
2013 07 27 04 06 13 0.223502 14
2013 07 27 04 06 14 0.229902 14
2013 07 27 04 06 15 0.236558 14
2013 07 27 04 06 16 0.243214 14
2013 07 27 04 06 17 0.249870 14
2013 07 27 04 06 18 0.256526 14
2013 07 27 04 06 19 0.263182 14
2013 07 27 04 06 20 0.269838 14
2013 07 27 04 06 21 0.276494 14
2013 07 27 04 06 22 0.283150 14
2013 07 27 04 06 23 0.289806 14
2013 07 27 04 06 24 0.296462 14
2013 07 27 04 06 25 0.302862 14
2013 07 27 04 06 26 0.309518 14
2013 07 27 04 06 27 0.316174 14
2013 07 27 04 06 28 0.322830 14
2013 07 27 04 06 29 0.329486 14
2013 07 27 04 06 30 0.336142 14
2013 07 27 04 06 31 0.342798 14
2013 07 27 04 06 32 0.097550 14
2013 07 27 04 06 33 0.104206 14
2013 07 27 04 06 34 0.110862 14
2013 07 27 04 06 35 0.117518 14
2013 07 27 04 06 36 0.124174 14
2013 07 27 04 06 37 0.130830 14
2013 07 27 04 06 38 0.137486 14
2013 07 27 04 06 39 0.144142 14
2013 07 27 04 06 40 0.150798 14
2013 07 27 04 06 41 0.157198 14
2013 07 27 04 06 42 0.163854 14
2013 07 27 04 06 43 0.170510 14
2013 07 27 04 06 44 0.177166 14
2013 07 27 04 06 45 0.183822 14
2013 07 27 04 06 46 0.190478 14
2013 07 27 04 06 47 0.197134 14
2013 07 27 04 06 48 0.203790 14
2013 07 27 04 06 49 0.210446 14
2013 07 27 04 06 50 0.217102 14
2013 07 27 04 06 51 0.223758 14
2013 07 27 04 06 52 0.230414 14
2013 07 27 04 06 53 0.236814 14
2013 07 27 04 06 54 0.243470 14
2013 07 27 04 06 55 0.250126 14
2013 07 27 04 06 56 0.256782 14
2013 07 27 04 06 57 0.263438 14
2013 07 27 04 06 58 0.270094 14
2013 07 27 04 06 59 0.276750 14
2013 07 27 04 07 00 0.283406 14
2013 07 27 04 07 01 0.290062 14
2013 07 27 04 07 02 0.296718 14
2013 07 27 04 07 03 0.303374 14
2013 07 27 04 07 04 0.309774 14
2013 07 27 04 07 05 0.316430 14
2013 07 27 04 07 06 0.323086 14
2013 07 27 04 07 07 0.329742 14
2013 07 27 04 07 08 0.336398 14
2013 07 27 04 07 09 0.343054 14
2013 07 27 04 07 10 0.349710 14
2013 07 27 04 07 11 0.356366 14
2013 07 27 04 07 12 0.363022 14
2013 07 27 04 07 13 0.369678 14
2013 07 27 04 07 14 0.376334 14
2013 07 27 04 07 15 0.382990 14
2013 07 27 04 07 16 0.389390 14
2013 07 27 04 07 17 0.396046 14
2013 07 27 04 07 18 0.402702 14
2013 07 27 04 07 19 0.409358 14
2013 07 27 04 07 20 0.416014 14
2013 07 27 04 07 21 0.422670 14
2013 07 27 04 07 22 0.429326 14
2013 07 27 04 07 23 0.435982 14
2013 07 27 04 07 24 0.442638 14
2013 07 27 04 07 25 0.449294 14
2013 07 27 04 07 26 0.455950 14
2013 07 27 04 07 27 0.462606 14
2013 07 27 04 07 28 0.469006 14
2013 07 27 04 07 29 0.475662 14
2013 07 27 04 07 30 0.482318 14
2013 07 27 04 07 31 0.488974 14
2013 07 27 04 07 32 0.495630 14
2013 07 27 04 07 33 0.502286 14
2013 07 27 04 07 34 0.508942 14
2013 07 27 04 07 35 0.264206 14
2013 07 27 04 07 36 0.270862 14
2013 07 27 04 07 37 0.277262 14
2013 07 27 04 07 38 0.283918 14
2013 07 27 04 07 39 0.290574 14
2013 07 27 04 07 40 0.297230 14
2013 07 27 04 07 41 0.303886 14
2013 07 27 04 07 42 0.310542 14
2013 07 27 04 07 43 0.317198 14
2013 07 27 04 07 44 0.323854 14
2013 07 27 04 07 45 0.330254 14
2013 07 27 04 07 46 0.336910 14
2013 07 27 04 07 47 0.343566 14
2013 07 27 04 07 48 0.350222 14
2013 07 27 04 07 49 0.356878 14
2013 07 27 04 07 50 0.363534 14
2013 07 27 04 07 51 0.370190 14
2013 07 27 04 07 52 0.376846 14
2013 07 27 04 07 53 0.383502 14
2013 07 27 04 07 54 0.390158 14
2013 07 27 04 07 55 0.396814 14
2013 07 27 04 07 56 0.403470 14
2013 07 27 04 07 57 0.409870 14
2013 07 27 04 07 58 0.416782 14
2013 07 27 04 07 59 0.423182 14
2013 07 27 04 08 00 0.429838 14
2013 07 27 04 08 01 0.436494 14
2013 07 27 04 08 02 0.443150 14
2013 07 27 04 08 03 0.449806 14
2013 07 27 04 08 04 0.456462 14
2013 07 27 04 08 05 0.463118 14
2013 07 27 04 08 06 0.469774 14
2013 07 27 04 08 07 0.476430 14
2013 07 27 04 08 08 0.483086 14
2013 07 27 04 08 09 0.489486 14
2013 07 27 04 08 10 0.496142 14
2013 07 27 04 08 11 0.502798 14
2013 07 27 04 08 12 0.509454 14
2013 07 27 04 08 13 0.516110 14
2013 07 27 04 08 14 0.522766 14
2013 07 27 04 08 15 0.529422 14
2013 07 27 04 08 16 0.536078 14
2013 07 27 04 08 17 0.542734 14
2013 07 27 04 08 18 0.549390 14
2013 07 27 04 08 19 0.556046 14
2013 07 27 04 08 20 0.562702 14
2013 07 27 04 08 21 0.569358 14
2013 07 27 04 08 22 0.576014 14
2013 07 27 04 08 23 0.582414 14
2013 07 27 04 08 24 0.589070 14
2013 07 27 04 08 25 0.595726 14
2013 07 27 04 08 26 0.602382 14
2013 07 27 04 08 27 0.609038 14
2013 07 27 04 08 28 0.615694 14
2013 07 27 04 08 29 0.622350 14
2013 07 27 04 08 30 0.629006 14
2013 07 27 04 08 31 0.635662 14
2013 07 27 04 08 32 0.642318 14
2013 07 27 04 08 33 0.648974 14
2013 07 27 04 08 34 0.655374 14
2013 07 27 04 08 35 0.662030 14
2013 07 27 04 08 36 0.668942 14
2013 07 27 04 08 37 0.675342 14
2013 07 27 04 08 38 0.681998 14
2013 07 27 04 08 39 0.688654 14
2013 07 27 04 08 40 0.695310 14
2013 07 27 04 08 41 0.701966 14
2013 07 27 04 08 42 0.708622 14
2013 07 27 04 08 43 0.715278 14
2013 07 27 04 08 44 0.721934 14
2013 07 27 04 08 45 0.728334 14
2013 07 27 04 08 46 0.734990 14
2013 07 27 04 08 47 0.741902 14
2013 07 27 04 08 48 0.748302 14
2013 07 27 04 08 49 0.754958 14
2013 07 27 04 08 50 0.761614 14
2013 07 27 04 08 51 0.768270 14
2013 07 27 04 08 52 0.774926 14
2013 07 27 04 08 53 0.781582 14
2013 07 27 04 08 54 0.788238 14
2013 07 27 04 08 55 0.794894 14
2013 07 27 04 08 56 0.801550 14
2013 07 27 04 08 57 0.808206 14
2013 07 27 04 08 58 0.814606 14
2013 07 27 04 08 59 0.821262 14
2013 07 27 04 09 00 0.827918 14
2013 07 27 04 09 01 0.834574 14
2013 07 27 04 09 02 0.841230 14
2013 07 27 04 09 03 0.847886 14
2013 07 27 04 09 04 0.854542 14
2013 07 27 04 09 05 0.861198 14
2013 07 27 04 09 06 0.867854 14
2013 07 27 04 09 07 0.874510 14
2013 07 27 04 09 08 0.881166 14
2013 07 27 04 09 09 0.887822 14
2013 07 27 04 09 10 0.894478 14
2013 07 27 04 09 11 0.901134 14
2013 07 27 04 09 12 0.907534 14
2013 07 27 04 09 13 0.914190 14
2013 07 27 04 09 14 0.920846 14
2013 07 27 04 09 15 0.927502 14
2013 07 27 04 09 16 0.934158 14
2013 07 27 04 09 17 0.940814 14
2013 07 27 04 09 18 0.947470 14
2013 07 27 04 09 19 0.954126 14
2013 07 27 04 09 20 0.960782 14
2013 07 27 04 09 21 0.967438 14
2013 07 27 04 09 22 0.974094 14
2013 07 27 04 09 23 0.980494 14
2013 07 27 04 09 24 0.987150 14
2013 07 27 04 09 25 0.993806 14
2013 07 27 04 09 27 0.000526 14
2013 07 27 04 09 28 0.007182 14
2013 07 27 04 09 29 0.013838 14
2013 07 27 04 09 30 0.020494 14
2013 07 27 04 09 31 0.027150 14
2013 07 27 04 09 32 0.033806 14
2013 07 27 04 09 33 0.040462 14
2013 07 27 04 09 34 0.047118 14
2013 07 27 04 09 35 0.053518 14
2013 07 27 04 09 36 0.060174 14
2013 07 27 04 09 37 0.066830 14
2013 07 27 04 09 38 0.073486 14
2013 07 27 04 09 39 0.080142 14
2013 07 27 04 09 40 0.086798 14
2013 07 27 04 09 41 0.093454 14
2013 07 27 04 09 42 0.100110 14
2013 07 27 04 09 43 0.106510 14
2013 07 27 04 09 44 0.113166 14
2013 07 27 04 09 45 0.119822 14
2013 07 27 04 09 46 0.126478 14
2013 07 27 04 09 47 0.133134 14
2013 07 27 04 09 48 0.139790 14
2013 07 27 04 09 49 0.146446 14
2013 07 27 04 09 50 0.153102 14
2013 07 27 04 09 51 0.159758 14
2013 07 27 04 09 52 0.166414 14
2013 07 27 04 09 53 0.173070 14
2013 07 27 04 09 54 0.179726 14
2013 07 27 04 09 55 0.186126 14
2013 07 27 04 09 56 0.192782 14
2013 07 27 04 09 57 0.199438 14
2013 07 27 04 09 58 0.206350 14
2013 07 27 04 09 59 0.212750 14
2013 07 27 04 10 00 0.219406 14
2013 07 27 04 10 01 0.226062 14
2013 07 27 04 10 02 0.232718 14
2013 07 27 04 10 03 0.239374 14
2013 07 27 04 10 04 0.246030 14
2013 07 27 04 10 05 0.252686 14
2013 07 27 04 10 06 0.007438 14
2013 07 27 04 10 07 0.014094 14
2013 07 27 04 10 08 0.020750 14
2013 07 27 04 10 09 0.027406 14
2013 07 27 04 10 10 0.034062 14
2013 07 27 04 10 11 0.040718 14
2013 07 27 04 10 12 0.047374 14
2013 07 27 04 10 13 0.053774 14
2013 07 27 04 10 14 0.060430 14
2013 07 27 04 10 15 0.067086 14
2013 07 27 04 10 16 0.073742 14
2013 07 27 04 10 17 0.080398 14
2013 07 27 04 10 18 0.087054 14
2013 07 27 04 10 19 0.093710 14
2013 07 27 04 10 20 0.100366 14
2013 07 27 04 10 21 0.107022 14
2013 07 27 04 10 22 0.113678 14
2013 07 27 04 10 23 0.120334 14
2013 07 27 04 10 24 0.126990 14
2013 07 27 04 10 25 0.133646 14
2013 07 27 04 10 26 0.140046 14
2013 07 27 04 10 27 0.146702 14
2013 07 27 04 10 28 0.153358 14
2013 07 27 04 10 29 0.411918 14
2013 07 27 04 10 30 0.418574 14
2013 07 27 04 10 31 0.425230 14
2013 07 27 04 10 32 0.431886 14
2013 07 27 04 10 33 0.438542 14
2013 07 27 04 10 34 0.445198 14
2013 07 27 04 10 35 0.451598 14
2013 07 27 04 10 36 0.458254 14
2013 07 27 04 10 37 0.464910 14
2013 07 27 04 10 38 0.471566 14
2013 07 27 04 10 39 0.478222 14
2013 07 27 04 10 40 0.484878 14
2013 07 27 04 10 41 0.491534 14
2013 07 27 04 10 42 0.498190 14
2013 07 27 04 10 43 0.504846 14
2013 07 27 04 10 44 0.259598 14
2013 07 27 04 10 45 0.014606 14
2013 07 27 04 10 46 0.021262 14
2013 07 27 04 10 47 0.027918 14
2013 07 27 04 10 48 0.034574 14
2013 07 27 04 10 49 0.041230 14
2013 07 27 04 10 50 0.047886 14
2013 07 27 04 10 51 0.054542 14
2013 07 27 04 10 52 0.061198 14
2013 07 27 04 10 53 0.067854 14
2013 07 27 04 10 54 0.074510 14
2013 07 27 04 10 55 0.081166 14
2013 07 27 04 10 56 0.087822 14
2013 07 27 04 10 57 0.094222 14
2013 07 27 04 10 58 0.100878 14
2013 07 27 04 10 59 0.107534 14
2013 07 27 04 11 00 0.114190 14
2013 07 27 04 11 01 0.120846 14
2013 07 27 04 11 02 0.127502 14
2013 07 27 04 11 03 0.134158 14
2013 07 27 04 11 04 0.140814 14
2013 07 27 04 11 05 0.147470 14
2013 07 27 04 11 06 0.154126 14
2013 07 27 04 11 07 0.160526 14
2013 07 27 04 11 08 0.167438 14
2013 07 27 04 11 09 0.174094 14
2013 07 27 04 11 10 0.180494 14
2013 07 27 04 11 11 0.187150 14
2013 07 27 04 11 12 0.193806 14
2013 07 27 04 11 13 0.200462 14
