2013 06 29 03 53 01 0.164318 
2013 06 29 03 53 02 0.170912 
2013 06 29 03 53 03 0.177578 
2013 06 29 03 53 04 0.184170 
2013 06 29 03 53 05 0.190791 
2013 06 29 03 53 06 0.197435 
2013 06 29 03 53 06 0.952265 
2013 06 29 03 53 07 0.958898 
2013 06 29 03 53 08 0.965530 
2013 06 29 03 53 09 0.972163 
2013 06 29 03 53 10 0.978814 
2013 06 29 03 53 11 0.482109 
2013 06 29 03 53 12 0.237290 
2013 06 29 03 53 13 0.495369 
2013 06 29 03 53 14 0.250570 
2013 06 29 03 53 15 0.257160 
2013 06 29 03 53 16 0.263821 
2013 06 29 03 53 17 0.521896 
2013 06 29 03 53 18 0.528523 
2013 06 29 03 53 18 0.780327 
2013 06 29 03 53 19 0.786939 
2013 06 29 03 53 20 0.290255 
2013 06 29 03 53 21 0.296892 
2013 06 29 03 53 22 0.303523 
2013 06 29 03 53 23 0.058361 
2013 06 29 03 53 24 0.568312 
2013 06 29 03 53 24 0.820176 
2013 06 29 03 53 25 0.826795 
2013 06 29 03 53 26 0.833435 
2013 06 29 03 53 27 0.839989 
2013 06 29 03 53 28 0.846629 
2013 06 29 03 53 29 0.853252 
2013 06 29 03 53 30 0.859882 
2013 06 29 03 53 31 0.866538 
2013 06 29 03 53 32 0.369830 
2013 06 29 03 53 33 0.627988 
2013 06 29 03 53 34 0.634617 
2013 06 29 03 53 35 0.641252 
2013 06 29 03 53 36 0.647884 
2013 06 29 03 53 37 0.403042 
2013 06 29 03 53 37 0.906302 
2013 06 29 03 53 38 0.912941 
2013 06 29 03 53 39 0.919580 
2013 06 29 03 53 40 0.926210 
2013 06 29 03 53 41 0.681043 
2013 06 29 03 53 42 0.687667 
2013 06 29 03 53 43 0.442783 
2013 06 29 03 53 44 0.449410 
2013 06 29 03 53 45 0.456041 
2013 06 29 03 53 45 0.959353 
2013 06 29 03 53 46 0.965987 
2013 06 29 03 53 47 0.972699 
2013 06 29 03 53 48 0.979307 
2013 06 29 03 53 49 0.734092 
2013 06 29 03 53 50 0.740718 
2013 06 29 03 53 51 0.747350 
2013 06 29 03 53 53 0.509144 
2013 06 29 03 53 54 0.515758 
2013 06 29 03 53 55 0.019104 
2013 06 29 03 53 56 0.025727 
2013 06 29 03 53 57 0.032356 
2013 06 29 03 53 58 0.038934 
2013 06 29 03 53 58 0.290449 
2013 06 29 03 53 59 0.297077 
2013 06 29 03 54 00 0.303710 
2013 06 29 03 54 01 0.310350 
2013 06 29 03 54 02 0.568815 
2013 06 29 03 54 03 0.575404 
2013 06 29 03 54 04 0.833548 
2013 06 29 03 54 05 0.840192 
2013 06 29 03 54 07 0.601924 
2013 06 29 03 54 08 0.105306 
2013 06 29 03 54 08 0.860098 
2013 06 29 03 54 09 0.615224 
2013 06 29 03 54 10 0.621858 
2013 06 29 03 54 11 0.879970 
2013 06 29 03 54 12 0.886602 
2013 06 29 03 54 14 0.145075 
2013 06 29 03 54 14 0.899877 
2013 06 29 03 54 15 0.655035 
2013 06 29 03 54 16 0.913136 
2013 06 29 03 54 17 0.919753 
2013 06 29 03 54 19 0.429703 
2013 06 29 03 54 20 0.436328 
2013 06 29 03 54 21 0.946275 
2013 06 29 03 54 22 0.952906 
2013 06 29 03 54 23 0.708016 
2013 06 29 03 54 24 0.462859 
2013 06 29 03 54 25 0.469508 
2013 06 29 03 54 27 0.231235 
2013 06 29 03 54 27 0.986088 
2013 06 29 03 54 29 0.999327 
2013 06 29 03 54 31 0.509284 
2013 06 29 03 54 32 0.264429 
2013 06 29 03 54 32 0.767744 
2013 06 29 03 54 33 0.774362 
2013 06 29 03 54 34 0.781002 
2013 06 29 03 54 35 0.787641 
2013 06 29 03 54 37 0.045740 
2013 06 29 03 54 38 0.052373 
2013 06 29 03 54 39 0.814125 
2013 06 29 03 54 40 0.820799 
2013 06 29 03 54 41 0.324101 
2013 06 29 03 54 42 0.330744 
2013 06 29 03 54 43 0.337341 
2013 06 29 03 54 45 0.098791 
2013 06 29 03 54 47 0.112053 
2013 06 29 03 54 47 0.615378 
2013 06 29 03 54 48 0.873853 
2013 06 29 03 54 49 0.628633 
2013 06 29 03 54 50 0.635267 
2013 06 29 03 54 51 0.641896 
2013 06 29 03 54 52 0.648526 
2013 06 29 03 54 53 0.403702 
2013 06 29 03 54 54 0.410343 
2013 06 29 03 54 55 0.668418 
2013 06 29 03 54 57 0.178365 
2013 06 29 03 54 58 0.688305 
2013 06 29 03 54 59 0.946730 
2013 06 29 03 55 01 0.204906 
2013 06 29 03 55 02 0.714833 
2013 06 29 03 55 03 0.721460 
2013 06 29 03 55 04 0.979900 
2013 06 29 03 55 06 0.238040 
2013 06 29 03 55 07 0.496469 
2013 06 29 03 55 07 0.999842 
2013 06 29 03 55 09 0.006491 
2013 06 29 03 55 10 0.013084 
2013 06 29 03 55 10 0.767881 
2013 06 29 03 55 12 0.277827 
2013 06 29 03 55 13 0.536282 
2013 06 29 03 55 14 0.794402 
2013 06 29 03 55 16 0.052844 
2013 06 29 03 55 16 0.807662 
2013 06 29 03 55 17 0.310980 
2013 06 29 03 55 18 0.317632 
2013 06 29 03 55 19 0.324239 
2013 06 29 03 55 20 0.582659 
2013 06 29 03 55 21 0.337500 
2013 06 29 03 55 22 0.595915 
2013 06 29 03 55 24 0.609191 
2013 06 29 03 55 25 0.867341 
2013 06 29 03 55 26 0.873968 
2013 06 29 03 55 28 0.383920 
2013 06 29 03 55 29 0.390577 
2013 06 29 03 55 29 0.893869 
2013 06 29 03 55 31 0.152319 
2013 06 29 03 55 32 0.158953 
2013 06 29 03 55 33 0.417075 
2013 06 29 03 55 34 0.675538 
2013 06 29 03 55 35 0.682169 
2013 06 29 03 55 37 0.192155 
2013 06 29 03 55 38 0.450251 
2013 06 29 03 55 39 0.960170 
2013 06 29 03 55 41 0.721915 
2013 06 29 03 55 42 0.476748 
2013 06 29 03 55 42 0.980062 
2013 06 29 03 55 43 0.986694 
2013 06 29 03 55 44 0.993322 
2013 06 29 03 55 45 0.999952 
2013 06 29 03 55 47 0.006584 
2013 06 29 03 55 48 0.013225 
2013 06 29 03 55 49 0.019855 
2013 06 29 03 55 50 0.529798 
2013 06 29 03 55 51 0.536443 
2013 06 29 03 55 52 0.543062 
2013 06 29 03 55 54 0.304862 
2013 06 29 03 55 55 0.814792 
2013 06 29 03 55 56 0.066269 
2013 06 29 03 55 57 0.072899 
2013 06 29 03 55 58 0.079526 
2013 06 29 03 55 59 0.086155 
2013 06 29 03 56 00 0.092785 
2013 06 29 03 56 01 0.602734 
2013 06 29 03 56 02 0.861161 
2013 06 29 03 56 03 0.867828 
2013 06 29 03 56 05 0.125940 
2013 06 29 03 56 06 0.384370 
2013 06 29 03 56 08 0.145838 
2013 06 29 03 56 08 0.901012 
2013 06 29 03 56 10 0.662420 
2013 06 29 03 56 11 0.165742 
2013 06 29 03 56 12 0.172360 
2013 06 29 03 56 13 0.178989 
2013 06 29 03 56 15 0.192248 
2013 06 29 03 56 15 0.947347 
2013 06 29 03 56 17 0.960730 
2013 06 29 03 56 18 0.463942 
2013 06 29 03 56 19 0.722199 
2013 06 29 03 56 20 0.477193 
2013 06 29 03 56 21 0.483834 
2013 06 29 03 56 22 0.741976 
2013 06 29 03 56 24 0.000404 
2013 06 29 03 56 25 0.007039 
2013 06 29 03 56 26 0.265183 
2013 06 29 03 56 27 0.271819 
2013 06 29 03 56 27 0.775141 
2013 06 29 03 56 29 0.033633 
2013 06 29 03 56 30 0.040248 
2013 06 29 03 56 31 0.046875 
2013 06 29 03 56 32 0.053509 
2013 06 29 03 56 32 0.808288 
2013 06 29 03 56 34 0.570073 
2013 06 29 03 56 35 0.576709 
2013 06 29 03 56 36 0.834811 
2013 06 29 03 56 37 0.589982 
2013 06 29 03 56 38 0.596588 
2013 06 29 03 56 39 0.854716 
2013 06 29 03 56 40 0.609812 
2013 06 29 03 56 42 0.371285 
2013 06 29 03 56 43 0.377907 
2013 06 29 03 56 44 0.636339 
2013 06 29 03 56 45 0.391168 
2013 06 29 03 56 46 0.397798 
2013 06 29 03 56 47 0.907756 
2013 06 29 03 56 49 0.166218 
2013 06 29 03 56 50 0.424325 
2013 06 29 03 56 52 0.689431 
2013 06 29 03 56 53 0.696064 
2013 06 29 03 56 54 0.702702 
2013 06 29 03 56 55 0.457483 
2013 06 29 03 56 56 0.464113 
2013 06 29 03 56 57 0.974055 
2013 06 29 03 56 58 0.980682 
2013 06 29 03 57 00 0.239128 
2013 06 29 03 57 01 0.749064 
2013 06 29 03 57 03 0.007208 
2013 06 29 03 57 04 0.768950 
2013 06 29 03 57 06 0.278879 
2013 06 29 03 57 07 0.285531 
2013 06 29 03 57 07 0.788848 
2013 06 29 03 57 08 0.795508 
2013 06 29 03 57 09 0.802138 
2013 06 29 03 57 10 0.305481 
2013 06 29 03 57 11 0.563568 
2013 06 29 03 57 12 0.570208 
2013 06 29 03 57 14 0.331980 
2013 06 29 03 57 15 0.590096 
2013 06 29 03 57 16 0.596721 
2013 06 29 03 57 18 0.106663 
2013 06 29 03 57 19 0.365095 
2013 06 29 03 57 20 0.623238 
2013 06 29 03 57 21 0.126556 
2013 06 29 03 57 22 0.133187 
2013 06 29 03 57 23 0.139818 
2013 06 29 03 57 24 0.398244 
2013 06 29 03 57 25 0.404892 
2013 06 29 03 57 26 0.663025 
2013 06 29 03 57 27 0.669652 
2013 06 29 03 57 29 0.682918 
2013 06 29 03 57 30 0.438092 
2013 06 29 03 57 31 0.948016 
2013 06 29 03 57 32 0.954668 
2013 06 29 03 57 33 0.206129 
2013 06 29 03 57 34 0.212759 
2013 06 29 03 57 35 0.471239 
2013 06 29 03 57 36 0.729338 
2013 06 29 03 57 37 0.232651 
2013 06 29 03 57 38 0.491090 
2013 06 29 03 57 39 0.497710 
2013 06 29 03 57 41 0.007657 
2013 06 29 03 57 42 0.014303 
2013 06 29 03 57 43 0.020914 
2013 06 29 03 57 44 0.027538 
2013 06 29 03 57 45 0.285689 
2013 06 29 03 57 46 0.544163 
2013 06 29 03 57 47 0.802265 
2013 06 29 03 57 49 0.060759 
2013 06 29 03 57 50 0.318848 
2013 06 29 03 57 51 0.577331 
2013 06 29 03 57 52 0.583964 
2013 06 29 03 57 53 0.590571 
2013 06 29 03 57 55 0.100552 
2013 06 29 03 57 56 0.107150 
2013 06 29 03 57 57 0.365267 
2013 06 29 03 57 58 0.623687 
2013 06 29 03 57 59 0.127030 
2013 06 29 03 57 59 0.881831 
2013 06 29 03 58 01 0.643584 
2013 06 29 03 58 02 0.650223 
2013 06 29 03 58 03 0.908357 
2013 06 29 03 58 04 0.411668 
2013 06 29 03 58 06 0.173420 
2013 06 29 03 58 07 0.180046 
2013 06 29 03 58 07 0.431564 
2013 06 29 03 58 08 0.690051 
2013 06 29 03 58 09 0.948141 
2013 06 29 03 58 10 0.703307 
2013 06 29 03 58 12 0.464723 
2013 06 29 03 58 13 0.219876 
2013 06 29 03 58 14 0.226521 
2013 06 29 03 58 15 0.233129 
2013 06 29 03 58 16 0.491252 
2013 06 29 03 58 17 0.246414 
2013 06 29 03 58 17 0.749699 
2013 06 29 03 58 18 0.756293 
2013 06 29 03 58 20 0.014441 
2013 06 29 03 58 21 0.524386 
2013 06 29 03 58 22 0.531018 
2013 06 29 03 58 23 0.537649 
2013 06 29 03 58 24 0.544278 
2013 06 29 03 58 25 0.550911 
2013 06 29 03 58 26 0.809343 
2013 06 29 03 58 27 0.312657 
2013 06 29 03 58 28 0.570804 
2013 06 29 03 58 29 0.577434 
2013 06 29 03 58 30 0.584069 
2013 06 29 03 58 31 0.842543 
2013 06 29 03 58 33 0.603958 
2013 06 29 03 58 34 0.610587 
2013 06 29 03 58 35 0.113905 
2013 06 29 03 58 36 0.875699 
2013 06 29 03 58 37 0.379002 
2013 06 29 03 58 38 0.385584 
2013 06 29 03 58 39 0.895529 
2013 06 29 03 58 40 0.398852 
2013 06 29 03 58 41 0.908798 
2013 06 29 03 58 42 0.915421 
2013 06 29 03 58 44 0.173575 
2013 06 29 03 58 44 0.928687 
2013 06 29 03 58 46 0.186834 
2013 06 29 03 58 48 0.451933 
2013 06 29 03 58 49 0.458579 
2013 06 29 03 58 50 0.968509 
2013 06 29 03 58 51 0.723306 
2013 06 29 03 58 53 0.233249 
2013 06 29 03 58 53 0.736565 
2013 06 29 03 58 54 0.743197 
2013 06 29 03 58 55 0.749826 
2013 06 29 03 58 56 0.756457 
2013 06 29 03 58 57 0.763088 
2013 06 29 03 58 58 0.769713 
2013 06 29 03 59 00 0.279658 
2013 06 29 03 59 00 0.782976 
2013 06 29 03 59 01 0.789604 
2013 06 29 03 59 03 0.551339 
2013 06 29 03 59 05 0.061302 
2013 06 29 03 59 06 0.319440 
2013 06 29 03 59 07 0.074552 
2013 06 29 03 59 08 0.332707 
2013 06 29 03 59 09 0.339341 
2013 06 29 03 59 10 0.597795 
2013 06 29 03 59 11 0.604429 
2013 06 29 03 59 12 0.611095 
2013 06 29 03 59 13 0.365862 
2013 06 29 03 59 15 0.379119 
2013 06 29 03 59 16 0.134298 
2013 06 29 03 59 17 0.392379 
2013 06 29 03 59 18 0.650800 
2013 06 29 03 59 19 0.154122 
2013 06 29 03 59 20 0.160753 
2013 06 29 03 59 21 0.167395 
2013 06 29 03 59 22 0.174003 
2013 06 29 03 59 22 0.928841 
2013 06 29 03 59 23 0.935475 
2013 06 29 03 59 25 0.948738 
2013 06 29 03 59 26 0.955364 
2013 06 29 03 59 28 0.213826 
2013 06 29 03 59 29 0.220486 
2013 06 29 03 59 29 0.723822 
2013 06 29 03 59 30 0.981891 
2013 06 29 03 59 32 0.240386 
2013 06 29 03 59 33 0.246998 
2013 06 29 03 59 34 0.253638 
2013 06 29 03 59 35 0.008418 
2013 06 29 03 59 36 0.770193 
2013 06 29 03 59 38 0.280109 
2013 06 29 03 59 39 0.286744 
2013 06 29 03 59 40 0.544876 
2013 06 29 03 59 42 0.054820 
2013 06 29 03 59 43 0.313273 
2013 06 29 03 59 44 0.571394 
2013 06 29 03 59 45 0.829804 
2013 06 29 03 59 46 0.584664 
2013 06 29 03 59 47 0.591282 
2013 06 29 03 59 48 0.597921 
2013 06 29 03 59 49 0.604551 
2013 06 29 03 59 50 0.611182 
2013 06 29 03 59 51 0.869671 
2013 06 29 03 59 53 0.379598 
2013 06 29 03 59 54 0.386264 
2013 06 29 03 59 55 0.392911 
2013 06 29 03 59 56 0.147649 
2013 06 29 03 59 57 0.154277 
2013 06 29 03 59 58 0.412703 
2013 06 29 03 59 59 0.670855 
2013 06 29 03 59 59 0.922654 
2013 06 29 04 00 00 0.929282 
2013 06 29 04 00 02 0.187427 
2013 06 29 04 00 03 0.194057 
2013 06 29 04 00 04 0.200685 
2013 06 29 04 00 05 0.459124 
2013 06 29 04 00 06 0.969061 
2013 06 29 04 00 07 0.472380 
2013 06 29 04 00 09 0.233842 
2013 06 29 04 00 10 0.492313 
2013 06 29 04 00 11 0.498959 
2013 06 29 04 00 12 0.505566 
2013 06 29 04 00 13 0.512214 
2013 06 29 04 00 14 0.518824 
2013 06 29 04 00 15 0.273621 
2013 06 29 04 00 16 0.280252 
2013 06 29 04 00 17 0.286885 
2013 06 29 04 00 18 0.293511 
2013 06 29 04 00 19 0.551968 
2013 06 29 04 00 20 0.558577 
2013 06 29 04 00 22 0.068521 
2013 06 29 04 00 23 0.075155 
2013 06 29 04 00 24 0.333291 
2013 06 29 04 00 25 0.088416 
2013 06 29 04 00 26 0.095052 
2013 06 29 04 00 27 0.353185 
2013 06 29 04 00 28 0.359821 
2013 06 29 04 00 29 0.114996 
2013 06 29 04 00 30 0.373075 
2013 06 29 04 00 31 0.631546 
2013 06 29 04 00 32 0.638180 
2013 06 29 04 00 33 0.896283 
2013 06 29 04 00 35 0.154744 
2013 06 29 04 00 36 0.412857 
2013 06 29 04 00 37 0.671319 
2013 06 29 04 00 38 0.174686 
2013 06 29 04 00 39 0.181223 
2013 06 29 04 00 40 0.187848 
2013 06 29 04 00 41 0.194488 
2013 06 29 04 00 42 0.201124 
2013 06 29 04 00 42 0.955951 
2013 06 29 04 00 43 0.962580 
2013 06 29 04 00 44 0.969214 
2013 06 29 04 00 46 0.730948 
2013 06 29 04 00 48 0.240976 
2013 06 29 04 00 49 0.247590 
2013 06 29 04 00 50 0.505682 
2013 06 29 04 00 51 0.764184 
2013 06 29 04 00 53 0.525573 
2013 06 29 04 00 54 0.028888 
2013 06 29 04 00 55 0.035537 
2013 06 29 04 00 56 0.042148 
2013 06 29 04 00 57 0.300615 
2013 06 29 04 00 58 0.558719 
2013 06 29 04 00 59 0.062035 
2013 06 29 04 01 00 0.068667 
2013 06 29 04 01 01 0.075294 
2013 06 29 04 01 02 0.585241 
2013 06 29 04 01 03 0.591867 
2013 06 29 04 01 04 0.598497 
2013 06 29 04 01 05 0.856926 
2013 06 29 04 01 07 0.115076 
2013 06 29 04 01 08 0.373578 
2013 06 29 04 01 09 0.631653 
2013 06 29 04 01 10 0.638284 
2013 06 29 04 01 11 0.141602 
2013 06 29 04 01 12 0.148232 
2013 06 29 04 01 13 0.406695 
2013 06 29 04 01 14 0.664805 
2013 06 29 04 01 15 0.671433 
2013 06 29 04 01 17 0.181385 
2013 06 29 04 01 18 0.439829 
2013 06 29 04 01 19 0.194642 
2013 06 29 04 01 20 0.201269 
2013 06 29 04 01 21 0.207900 
2013 06 29 04 01 22 0.466335 
2013 06 29 04 01 23 0.472969 
2013 06 29 04 01 24 0.227793 
2013 06 29 04 01 25 0.234418 
2013 06 29 04 01 26 0.744364 
2013 06 29 04 01 28 0.002801 
2013 06 29 04 01 29 0.009470 
2013 06 29 04 01 29 0.764260 
2013 06 29 04 01 31 0.022754 
2013 06 29 04 01 32 0.280833 
2013 06 29 04 01 33 0.539321 
2013 06 29 04 01 34 0.797414 
2013 06 29 04 01 36 0.055859 
2013 06 29 04 01 36 0.559190 
2013 06 29 04 01 37 0.565849 
2013 06 29 04 01 39 0.075723 
2013 06 29 04 01 40 0.082353 
2013 06 29 04 01 42 0.095607 
2013 06 29 04 01 42 0.598933 
2013 06 29 04 01 43 0.605584 
2013 06 29 04 01 44 0.863705 
2013 06 29 04 01 46 0.122132 
2013 06 29 04 01 47 0.380279 
2013 06 29 04 01 48 0.386915 
2013 06 29 04 01 48 0.890232 
2013 06 29 04 01 49 0.896863 
2013 06 29 04 01 51 0.406804 
2013 06 29 04 01 52 0.413436 
2013 06 29 04 01 52 0.916750 
2013 06 29 04 01 53 0.923385 
2013 06 29 04 01 55 0.433326 
2013 06 29 04 01 57 0.195129 
2013 06 29 04 01 58 0.201693 
2013 06 29 04 01 59 0.459845 
2013 06 29 04 02 00 0.214959 
2013 06 29 04 02 00 0.969784 
2013 06 29 04 02 02 0.731830 
2013 06 29 04 02 03 0.235832 
2013 06 29 04 02 04 0.744781 
2013 06 29 04 02 05 0.751428 
2013 06 29 04 02 07 0.009567 
2013 06 29 04 02 08 0.016199 
2013 06 29 04 02 09 0.274657 
2013 06 29 04 02 10 0.532782 
2013 06 29 04 02 11 0.791252 
2013 06 29 04 02 12 0.797907 
2013 06 29 04 02 13 0.804499 
2013 06 29 04 02 14 0.811136 
2013 06 29 04 02 15 0.817783 
2013 06 29 04 02 17 0.075872 
2013 06 29 04 02 18 0.334295 
2013 06 29 04 02 18 0.837619 
2013 06 29 04 02 19 0.844242 
2013 06 29 04 02 21 0.102391 
2013 06 29 04 02 22 0.360820 
2013 06 29 04 02 23 0.870757 
2013 06 29 04 02 24 0.625597 
2013 06 29 04 02 25 0.632226 
2013 06 29 04 02 26 0.890654 
2013 06 29 04 02 27 0.393963 
2013 06 29 04 02 28 0.400658 
2013 06 29 04 02 29 0.658747 
2013 06 29 04 02 30 0.917207 
2013 06 29 04 02 31 0.923870 
2013 06 29 04 02 33 0.937131 
2013 06 29 04 02 34 0.943772 
2013 06 29 04 02 35 0.950370 
2013 06 29 04 02 36 0.956995 
2013 06 29 04 02 37 0.963640 
2013 06 29 04 02 39 0.473525 
2013 06 29 04 02 40 0.480161 
2013 06 29 04 02 41 0.486789 
2013 06 29 04 02 41 0.990106 
2013 06 29 04 02 43 0.248253 
2013 06 29 04 02 44 0.506851 
2013 06 29 04 02 45 0.513410 
2013 06 29 04 02 46 0.268140 
2013 06 29 04 02 47 0.526799 
2013 06 29 04 02 48 0.533719 
2013 06 29 04 02 50 0.294737 
2013 06 29 04 02 51 0.301301 
2013 06 29 04 02 52 0.056468 
2013 06 29 04 02 53 0.566388 
2013 06 29 04 02 54 0.573057 
2013 06 29 04 02 55 0.327839 
2013 06 29 04 02 56 0.082995 
2013 06 29 04 02 57 0.341075 
2013 06 29 04 02 58 0.347704 
2013 06 29 04 02 59 0.354330 
2013 06 29 04 03 01 0.367591 
2013 06 29 04 03 02 0.626018 
2013 06 29 04 03 03 0.380851 
2013 06 29 04 03 04 0.639287 
2013 06 29 04 03 05 0.645895 
2013 06 29 04 03 06 0.149237 
2013 06 29 04 03 07 0.155864 
2013 06 29 04 03 08 0.414009 
2013 06 29 04 03 09 0.420634 
2013 06 29 04 03 10 0.679086 
2013 06 29 04 03 11 0.685751 
2013 06 29 04 03 12 0.692372 
2013 06 29 04 03 13 0.698986 
2013 06 29 04 03 14 0.957100 
2013 06 29 04 03 16 0.718898 
2013 06 29 04 03 17 0.725500 
2013 06 29 04 03 18 0.732112 
2013 06 29 04 03 19 0.738725 
2013 06 29 04 03 20 0.745348 
2013 06 29 04 03 22 0.003504 
2013 06 29 04 03 22 0.758635 
2013 06 29 04 03 24 0.016762 
2013 06 29 04 03 24 0.771919 
2013 06 29 04 03 26 0.785150 
2013 06 29 04 03 27 0.791761 
2013 06 29 04 03 28 0.546603 
2013 06 29 04 03 29 0.553235 
2013 06 29 04 03 30 0.308422 
2013 06 29 04 03 32 0.069810 
2013 06 29 04 03 33 0.076440 
2013 06 29 04 03 34 0.334928 
2013 06 29 04 03 35 0.089699 
2013 06 29 04 03 35 0.844853 
2013 06 29 04 03 37 0.102962 
2013 06 29 04 03 38 0.109590 
2013 06 29 04 03 39 0.116216 
2013 06 29 04 03 40 0.877970 
2013 06 29 04 03 42 0.136104 
2013 06 29 04 03 43 0.142737 
2013 06 29 04 03 44 0.652703 
2013 06 29 04 03 45 0.659307 
2013 06 29 04 03 46 0.665941 
2013 06 29 04 03 47 0.421059 
2013 06 29 04 03 48 0.679206 
2013 06 29 04 03 49 0.685835 
2013 06 29 04 03 50 0.692462 
2013 06 29 04 03 52 0.202410 
2013 06 29 04 03 53 0.460889 
2013 06 29 04 03 54 0.467544 
2013 06 29 04 03 55 0.725630 
2013 06 29 04 03 56 0.732244 
2013 06 29 04 03 57 0.738874 
2013 06 29 04 03 58 0.745500 
2013 06 29 04 03 59 0.500625 
2013 06 29 04 04 00 0.507326 
2013 06 29 04 04 01 0.765389 
2013 06 29 04 04 03 0.527172 
2013 06 29 04 04 04 0.281987 
2013 06 29 04 04 05 0.288594 
2013 06 29 04 04 06 0.547017 
2013 06 29 04 04 07 0.805172 
2013 06 29 04 04 08 0.811818 
2013 06 29 04 04 09 0.818445 
2013 06 29 04 04 10 0.825085 
2013 06 29 04 04 12 0.083549 
2013 06 29 04 04 12 0.838362 
2013 06 29 04 04 13 0.844968 
2013 06 29 04 04 15 0.103452 
2013 06 29 04 04 16 0.110058 
2013 06 29 04 04 17 0.116693 
2013 06 29 04 04 18 0.626593 
2013 06 29 04 04 19 0.129906 
2013 06 29 04 04 20 0.388083 
2013 06 29 04 04 21 0.143166 
2013 06 29 04 04 22 0.653119 
2013 06 29 04 04 23 0.911270 
2013 06 29 04 04 25 0.169728 
2013 06 29 04 04 25 0.924531 
2013 06 29 04 04 27 0.686314 
2013 06 29 04 04 28 0.944412 
2013 06 29 04 04 30 0.202840 
2013 06 29 04 04 30 0.706159 
2013 06 29 04 04 31 0.712799 
2013 06 29 04 04 33 0.222737 
2013 06 29 04 04 33 0.726048 
2013 06 29 04 04 34 0.732681 
2013 06 29 04 04 36 0.242640 
2013 06 29 04 04 37 0.249254 
2013 06 29 04 04 38 0.255884 
2013 06 29 04 04 39 0.514041 
2013 06 29 04 04 40 0.269206 
2013 06 29 04 04 41 0.275848 
2013 06 29 04 04 42 0.282460 
2013 06 29 04 04 43 0.540563 
2013 06 29 04 04 44 0.799066 
2013 06 29 04 04 46 0.309006 
2013 06 29 04 04 47 0.315602 
2013 06 29 04 04 48 0.573714 
2013 06 29 04 04 49 0.832130 
2013 06 29 04 04 50 0.586974 
2013 06 29 04 04 51 0.593604 
2013 06 29 04 04 52 0.600259 
2013 06 29 04 04 53 0.858657 
2013 06 29 04 04 54 0.865280 
2013 06 29 04 04 56 0.375236 
2013 06 29 04 04 57 0.130086 
2013 06 29 04 04 58 0.136706 
2013 06 29 04 04 59 0.646659 
2013 06 29 04 05 01 0.408461 
2013 06 29 04 05 02 0.415082 
2013 06 29 04 05 03 0.421711 
2013 06 29 04 05 03 0.925037 
2013 06 29 04 05 04 0.931641 
2013 06 29 04 05 06 0.189757 
2013 06 29 04 05 07 0.448227 
2013 06 29 04 05 08 0.454809 
2013 06 29 04 05 09 0.209640 
2013 06 29 04 05 10 0.971378 
2013 06 29 04 05 11 0.978012 
2013 06 29 04 05 12 0.732849 
2013 06 29 04 05 13 0.991262 
2013 06 29 04 05 14 0.997897 
2013 06 29 04 05 16 0.507847 
2013 06 29 04 05 17 0.765998 
2013 06 29 04 05 18 0.772637 
2013 06 29 04 05 19 0.275950 
2013 06 29 04 05 20 0.534410 
2013 06 29 04 05 22 0.295844 
2013 06 29 04 05 22 0.547704 
2013 06 29 04 05 23 0.554338 
2013 06 29 04 05 24 0.812420 
2013 06 29 04 05 26 0.322368 
2013 06 29 04 05 27 0.832314 
2013 06 29 04 05 28 0.335624 
2013 06 29 04 05 29 0.342260 
2013 06 29 04 05 30 0.348883 
2013 06 29 04 05 31 0.607307 
2013 06 29 04 05 32 0.613929 
2013 06 29 04 05 33 0.620560 
2013 06 29 04 05 34 0.878719 
2013 06 29 04 05 35 0.885351 
2013 06 29 04 05 37 0.898610 
2013 06 29 04 05 38 0.905254 
2013 06 29 04 05 39 0.660360 
2013 06 29 04 05 40 0.667000 
2013 06 29 04 05 41 0.673620 
2013 06 29 04 05 42 0.680282 
2013 06 29 04 05 43 0.435083 
2013 06 29 04 05 44 0.441714 
2013 06 29 04 05 45 0.951656 
2013 06 29 04 05 47 0.210083 
2013 06 29 04 05 48 0.216715 
2013 06 29 04 05 49 0.474867 
2013 06 29 04 05 50 0.984817 
2013 06 29 04 05 52 0.494781 
2013 06 29 04 05 53 0.501388 
2013 06 29 04 05 54 0.508027 
2013 06 29 04 05 55 0.766492 
2013 06 29 04 05 57 0.024603 
2013 06 29 04 05 58 0.283046 
2013 06 29 04 05 58 0.786340 
2013 06 29 04 05 59 0.793007 
2013 06 29 04 06 01 0.051169 
2013 06 29 04 06 02 0.309584 
2013 06 29 04 06 03 0.316188 
2013 06 29 04 06 04 0.826125 
2013 06 29 04 06 05 0.832753 
2013 06 29 04 06 07 0.090904 
2013 06 29 04 06 08 0.097529 
2013 06 29 04 06 09 0.607498 
2013 06 29 04 06 10 0.110818 
2013 06 29 04 06 11 0.117426 
2013 06 29 04 06 12 0.375919 
2013 06 29 04 06 13 0.382550 
2013 06 29 04 06 14 0.389155 
2013 06 29 04 06 15 0.395791 
2013 06 29 04 06 16 0.653896 
2013 06 29 04 06 17 0.912362 
2013 06 29 04 06 18 0.918966 
2013 06 29 04 06 20 0.177098 
2013 06 29 04 06 21 0.435525 
2013 06 29 04 06 22 0.693671 
2013 06 29 04 06 23 0.700306 
2013 06 29 04 06 24 0.958730 
2013 06 29 04 06 25 0.462058 
2013 06 29 04 06 26 0.971987 
2013 06 29 04 06 28 0.230144 
2013 06 29 04 06 29 0.740096 
2013 06 29 04 06 30 0.998552 
2013 06 29 04 06 32 0.256670 
2013 06 29 04 06 33 0.263302 
2013 06 29 04 06 34 0.269930 
2013 06 29 04 06 35 0.779900 
2013 06 29 04 06 36 0.786506 
2013 06 29 04 06 37 0.793159 
2013 06 29 04 06 39 0.051592 
2013 06 29 04 06 40 0.309712 
2013 06 29 04 06 41 0.064898 
2013 06 29 04 06 42 0.322973 
2013 06 29 04 06 43 0.581468 
2013 06 29 04 06 45 0.091396 
2013 06 29 04 06 46 0.349497 
2013 06 29 04 06 47 0.356130 
2013 06 29 04 06 48 0.614549 
2013 06 29 04 06 49 0.117884 
2013 06 29 04 06 50 0.376020 
2013 06 29 04 06 51 0.382665 
2013 06 29 04 06 52 0.641068 
2013 06 29 04 06 53 0.899221 
2013 06 29 04 06 55 0.912485 
2013 06 29 04 06 56 0.919118 
2013 06 29 04 06 57 0.925770 
2013 06 29 04 06 58 0.932378 
2013 06 29 04 06 59 0.939028 
2013 06 29 04 07 00 0.945640 
2013 06 29 04 07 02 0.204146 
2013 06 29 04 07 03 0.462213 
2013 06 29 04 07 04 0.217388 
2013 06 29 04 07 05 0.224040 
2013 06 29 04 07 07 0.237304 
2013 06 29 04 07 08 0.243899 
2013 06 29 04 07 09 0.250471 
2013 06 29 04 07 10 0.508625 
2013 06 29 04 07 12 0.018572 
2013 06 29 04 07 13 0.025203 
2013 06 29 04 07 13 0.528521 
2013 06 29 04 07 14 0.535152 
2013 06 29 04 07 15 0.793616 
2013 06 29 04 07 17 0.051759 
2013 06 29 04 07 18 0.310184 
2013 06 29 04 07 19 0.316835 
2013 06 29 04 07 20 0.574934 
2013 06 29 04 07 21 0.833413 
2013 06 29 04 07 23 0.091518 
2013 06 29 04 07 24 0.601460 
2013 06 29 04 07 25 0.859942 
2013 06 29 04 07 27 0.369867 
2013 06 29 04 07 27 0.621352 
2013 06 29 04 07 28 0.627980 
2013 06 29 04 07 30 0.137932 
2013 06 29 04 07 30 0.893032 
2013 06 29 04 07 32 0.403004 
2013 06 29 04 07 33 0.409600 
2013 06 29 04 07 34 0.416245 
2013 06 29 04 07 35 0.674392 
2013 06 29 04 07 36 0.932807 
2013 06 29 04 07 38 0.442762 
2013 06 29 04 07 39 0.449476 
2013 06 29 04 07 40 0.456086 
2013 06 29 04 07 41 0.462703 
2013 06 29 04 07 42 0.972662 
2013 06 29 04 07 44 0.230762 
2013 06 29 04 07 45 0.237390 
2013 06 29 04 07 46 0.747327 
2013 06 29 04 07 47 0.502487 
2013 06 29 04 07 48 0.760589 
2013 06 29 04 07 50 0.019028 
2013 06 29 04 07 51 0.277164 
2013 06 29 04 07 52 0.283794 
2013 06 29 04 07 53 0.542222 
2013 06 29 04 07 54 0.800371 
2013 06 29 04 07 55 0.807009 
2013 06 29 04 07 57 0.065428 
2013 06 29 04 07 58 0.575486 
2013 06 29 04 07 59 0.582070 
2013 06 29 04 08 00 0.840162 
2013 06 29 04 08 02 0.098649 
2013 06 29 04 08 03 0.608578 
2013 06 29 04 08 05 0.118531 
2013 06 29 04 08 05 0.873313 
2013 06 29 04 08 06 0.879942 
2013 06 29 04 08 07 0.886587 
2013 06 29 04 08 09 0.144991 
2013 06 29 04 08 10 0.151627 
2013 06 29 04 08 11 0.158261 
2013 06 29 04 08 12 0.164890 
2013 06 29 04 08 13 0.423035 
2013 06 29 04 08 14 0.932986 
2013 06 29 04 08 15 0.688090 
2013 06 29 04 08 16 0.946242 
2013 06 29 04 08 17 0.952875 
2013 06 29 04 08 18 0.959511 
2013 06 29 04 08 20 0.218020 
2013 06 29 04 08 21 0.727939 
2013 06 29 04 08 22 0.734594 
2013 06 29 04 08 23 0.741186 
2013 06 29 04 08 24 0.747837 
2013 06 29 04 08 26 0.005924 
2013 06 29 04 08 27 0.264432 
2013 06 29 04 08 28 0.271050 
2013 06 29 04 08 29 0.780918 
2013 06 29 04 08 30 0.787540 
2013 06 29 04 08 31 0.794178 
2013 06 29 04 08 33 0.052335 
2013 06 29 04 08 34 0.058965 
2013 06 29 04 08 35 0.317411 
2013 06 29 04 08 36 0.827358 
2013 06 29 04 08 38 0.085505 
2013 06 29 04 08 39 0.343956 
2013 06 29 04 08 40 0.350606 
2013 06 29 04 08 41 0.357261 
2013 06 29 04 08 43 0.118641 
2013 06 29 04 08 43 0.873823 
2013 06 29 04 08 45 0.131907 
2013 06 29 04 08 46 0.390385 
2013 06 29 04 08 48 0.151797 
2013 06 29 04 08 49 0.158422 
2013 06 29 04 08 49 0.913546 
2013 06 29 04 08 51 0.171685 
2013 06 29 04 08 52 0.430104 
2013 06 29 04 08 53 0.688260 
2013 06 29 04 08 54 0.694891 
2013 06 29 04 08 56 0.456624 
2013 06 29 04 08 57 0.463256 
2013 06 29 04 08 58 0.469893 
2013 06 29 04 08 59 0.476603 
2013 06 29 04 09 00 0.734682 
2013 06 29 04 09 01 0.741306 
2013 06 29 04 09 02 0.999767 
2013 06 29 04 09 04 0.257894 
2013 06 29 04 09 05 0.767833 
2013 06 29 04 09 06 0.774461 
2013 06 29 04 09 07 0.781088 
2013 06 29 04 09 09 0.039519 
2013 06 29 04 09 10 0.297662 
2013 06 29 04 09 11 0.556088 
2013 06 29 04 09 12 0.814239 
2013 06 29 04 09 14 0.324189 
2013 06 29 04 09 15 0.330817 
2013 06 29 04 09 16 0.840765 
2013 06 29 04 09 17 0.847393 
2013 06 29 04 09 18 0.854032 
2013 06 29 04 09 20 0.615827 
2013 06 29 04 09 21 0.622462 
2013 06 29 04 09 22 0.880549 
2013 06 29 04 09 23 0.887183 
2013 06 29 04 09 25 0.145646 
2013 06 29 04 09 26 0.403765 
2013 06 29 04 09 27 0.913702 
2013 06 29 04 09 29 0.423651 
2013 06 29 04 09 30 0.682070 
2013 06 29 04 09 31 0.940219 
2013 06 29 04 09 33 0.198642 
2013 06 29 04 09 34 0.205286 
2013 06 29 04 09 35 0.463426 
2013 06 29 04 09 36 0.470060 
2013 06 29 04 09 37 0.728483 
2013 06 29 04 09 38 0.986640 
2013 06 29 04 09 40 0.496588 
2013 06 29 04 09 41 0.503218 
2013 06 29 04 09 42 0.509845 
2013 06 29 04 09 43 0.516480 
2013 06 29 04 09 45 0.026425 
2013 06 29 04 09 46 0.536379 
2013 06 29 04 09 47 0.794847 
2013 06 29 04 09 48 0.549632 
2013 06 29 04 09 50 0.059577 
2013 06 29 04 09 51 0.317991 
2013 06 29 04 09 52 0.576155 
2013 06 29 04 09 53 0.582774 
2013 06 29 04 09 55 0.092728 
2013 06 29 04 09 57 0.105998 
2013 06 29 04 09 58 0.112617 
2013 06 29 04 09 59 0.119250 
2013 06 29 04 10 00 0.125881 
2013 06 29 04 10 01 0.384339 
2013 06 29 04 10 02 0.894309 
2013 06 29 04 10 03 0.900916 
2013 06 29 04 10 04 0.907545 
2013 06 29 04 10 06 0.417505 
2013 06 29 04 10 07 0.675610 
2013 06 29 04 10 08 0.934037 
2013 06 29 04 10 10 0.192209 
2013 06 29 04 10 10 0.947293 
2013 06 29 04 10 12 0.457246 
2013 06 29 04 10 13 0.715396 
2013 06 29 04 10 14 0.973810 
2013 06 29 04 10 16 0.231966 
2013 06 29 04 10 17 0.490414 
2013 06 29 04 10 18 0.748547 
2013 06 29 04 10 19 0.755182 
2013 06 29 04 10 21 0.013653 
2013 06 29 04 10 22 0.523589 
2013 06 29 04 10 23 0.278385 
2013 06 29 04 10 24 0.536856 
2013 06 29 04 10 25 0.543480 
2013 06 29 04 10 26 0.801593 
2013 06 29 04 10 28 0.311534 
2013 06 29 04 10 29 0.318165 
2013 06 29 04 10 30 0.576585 
2013 06 29 04 10 32 0.589845 
2013 06 29 04 10 33 0.344688 
2013 06 29 04 10 34 0.603096 
2013 06 29 04 10 35 0.861260 
2013 06 29 04 10 37 0.119698 
2013 06 29 04 10 38 0.881174 
2013 06 29 04 10 39 0.636329 
2013 06 29 04 10 41 0.649602 
2013 06 29 04 10 42 0.907679 
2013 06 29 04 10 44 0.166158 
2013 06 29 04 10 45 0.424259 
2013 06 29 04 10 46 0.682741 
2013 06 29 04 10 47 0.940835 
2013 06 29 04 10 49 0.199264 
2013 06 29 04 10 50 0.457405 
2013 06 29 04 10 51 0.715833 
2013 06 29 04 10 52 0.973981 
2013 06 29 04 10 54 0.232411 
2013 06 29 04 10 55 0.742360 
2013 06 29 04 10 56 0.748980 
2013 06 29 04 10 58 0.258935 
2013 06 29 04 10 59 0.768952 
2013 06 29 04 11 00 0.523715 
2013 06 29 04 11 02 0.033663 
2013 06 29 04 11 03 0.292138 
2013 06 29 04 11 04 0.550240 
2013 06 29 04 11 05 0.808715 
2013 06 29 04 11 07 0.066817 
