2 0  
3 1  
4 2  
5 3  
6 0  
7 1  
8 2  
9 3  
10 0  
11 1  
12 2  
13 3  
14 0  
15 1  
16 2  
17 3  
18 0  
19 1  
20 2  
21 3  
22 0  
23 1  
24 2  
25 3  
26 0  
27 1  
28 2  
29 3  
30 0  
31 1  
32 2  
33 3  
34 0  
35 1  
36 2  
37 3  
38 0  
39 1  
40 2  
41 3  
42 0  
43 1  
44 2  
45 3  
46 0  
47 1  
48 2  
49 3  
50 0  
51 1  
52 2  
53 3  
54 0  
55 1  
56 2  
57 3  
58 1  
59 0  
60 2  
61 3  
62 1  
63 0  
64 2  
65 3  
66 1  
67 0  
68 2  
69 3  
70 1  
71 2  
72 0  
73 3  
74 1  
75 2  
76 3  
77 1  
78 0  
79 2  
80 3  
81 1  
82 0  
83 2  
84 3  
85 1  
86 0  
87 2  
88 3  
89 1  
90 0  
91 2  
92 3  
93 1  
94 0  
95 2  
96 3  
97 1  
98 0  
99 2  
100 3  
101 1  
102 0  
103 2  
104 3  
105 1  
106 0  
107 2  
108 3  
109 1  
110 0  
111 2  
112 3  
113 1  
114 0  
115 2  
116 3  
117 1  
118 0  
119 2  
120 3  
121 1  
122 0  
123 2  
124 3  
125 1  
126 0  
127 2  
128 3  
129 1  
130 0  
131 2  
132 3  
133 1  
134 0  
135 2  
136 3  
137 1  
138 0  
139 2  
140 3  
141 1  
142 0  
143 2  
144 1  
145 3  
146 2  
147 0  
148 1  
149 2  
150 3  
151 0  
152 1  
153 2  
154 0  
155 3  
156 1  
157 2  
158 0  
159 3  
160 1  
161 2  
162 0  
163 3  
164 1  
165 2  
166 0  
167 3  
168 1  
169 2  
170 0  
171 3  
172 1  
173 2  
174 0  
175 3  
176 1  
177 2  
178 0  
179 3  
180 1  
181 2  
182 0  
183 3  
184 1  
185 2  
186 0  
187 3  
188 1  
189 2  
190 0  
191 3  
192 2  
193 1  
194 0  
195 3  
196 2  
197 1  
198 0  
199 3  
200 2  
201 1  
202 0  
203 3  
204 2  
205 0  
206 1  
207 3  
208 2  
209 0  
210 1  
211 3  
212 2  
213 0  
214 3  
215 1  
216 2  
217 0  
218 3  
219 2  
220 1  
221 0  
222 3  
223 2  
224 1  
225 0  
226 3  
227 2  
228 1  
229 0  
230 3  
231 2  
232 1  
233 0  
234 3  
235 2  
236 1  
237 0  
238 3  
239 2  
240 1  
241 0  
242 3  
243 2  
244 1  
245 0  
246 3  
247 2  
248 1  
249 0  
250 3  
251 2  
252 1  
253 0  
254 3  
255 2  
256 1  
257 0  
258 3  
259 2  
260 1  
261 0  
262 3  
263 2  
264 1  
265 0  
266 3  
267 2  
268 1  
269 0  
270 3  
271 2  
272 1  
273 0  
274 3  
275 2  
276 1  
277 0  
278 3  
279 2  
280 1  
281 0  
282 3  
283 2  
284 1  
285 0  
286 3  
287 2  
288 1  
289 0  
290 3  
291 2  
292 1  
293 0  
294 3  
295 2  
296 1  
297 0  
298 3  
299 2  
300 1  
301 0  
302 2  
303 3  
304 1  
305 0  
306 2  
307 3  
308 1  
309 0  
310 2  
311 3  
312 1  
313 0  
314 2  
315 3  
316 1  
317 0  
318 2  
319 3  
320 1  
321 0  
322 2  
323 3  
324 1  
325 0  
326 2  
327 1  
328 3  
329 0  
330 2  
331 1  
332 3  
333 0  
334 2  
335 1  
336 3  
337 0  
338 2  
339 1  
340 3  
341 0  
342 2  
343 1  
344 3  
345 0  
346 2  
347 1  
348 0  
349 3  
350 2  
351 1  
352 0  
353 2  
354 3  
355 1  
356 0  
357 2  
358 1  
359 3  
360 0  
361 2  
362 1  
363 3  
364 0  
365 2  
366 1  
367 3  
368 0  
369 2  
370 1  
371 3  
372 0  
373 2  
374 1  
375 3  
376 0  
377 2  
378 1  
379 3  
380 0  
381 2  
382 1  
383 3  
384 0  
385 2  
386 1  
387 3  
388 0  
389 2  
390 1  
391 3  
392 0  
393 2  
394 1  
395 3  
396 0  
397 2  
398 1  
399 3  
400 0  
401 2  
402 1  
403 3  
404 0  
405 2  
406 1  
407 3  
408 0  
409 2  
410 1  
411 3  
412 0  
413 2  
414 1  
415 3  
416 0  
417 2  
418 1  
419 3  
420 0  
421 2  
422 1  
423 3  
424 0  
425 2  
426 1  
427 3  
428 2  
429 0  
430 1  
431 3  
432 2  
433 0  
434 1  
435 3  
436 2  
437 0  
438 1  
439 3  
440 2  
441 0  
442 1  
443 3  
444 2  
445 0  
446 1  
447 3  
448 2  
449 0  
450 1  
451 3  
452 2  
453 0  
454 1  
455 3  
456 2  
457 0  
458 1  
459 3  
460 2  
461 1  
462 0  
463 3  
464 2  
465 1  
466 0  
467 3  
468 2  
469 1  
470 0  
471 3  
472 2  
473 1  
474 0  
475 3  
476 2  
477 1  
478 0  
479 3  
480 2  
481 1  
482 0  
483 3  
484 2  
485 1  
486 0  
487 3  
488 2  
489 1  
490 0  
491 3  
492 2  
493 1  
494 0  
495 3  
496 2  
497 1  
498 0  
499 3  
500 2  
501 1  
502 0  
503 3  
504 2  
505 1  
506 0  
507 2  
508 3  
509 1  
510 0  
511 2  
512 3  
513 1  
514 0  
515 2  
516 3  
517 1  
518 0  
519 2  
520 3  
521 1  
522 0  
523 2  
524 3  
525 0  
526 1  
527 2  
528 0  
529 3  
530 1  
531 2  
532 0  
533 3  
534 1  
535 2  
536 0  
537 1  
538 3  
539 2  
540 0  
541 1  
542 2  
543 3  
544 0  
545 1  
546 2  
547 3  
548 0  
549 1  
550 2  
551 3  
552 1  
553 0  
554 2  
555 3  
556 1  
557 0  
558 2  
559 3  
560 1  
561 0  
562 2  
563 3  
564 1  
565 2  
566 0  
567 3  
568 1  
569 2  
570 0  
571 3  
572 1  
573 2  
574 0  
575 3  
576 1  
577 2  
578 0  
579 3  
580 1  
581 2  
582 0  
583 3  
584 1  
585 2  
586 0  
587 3  
588 1  
589 2  
590 0  
591 3  
592 1  
593 2  
594 3  
595 0  
596 1  
597 2  
598 3  
599 0  
600 1  
601 2  
602 3  
603 0  
604 1  
605 2  
606 3  
607 0  
608 1  
609 2  
610 3  
611 0  
612 1  
613 2  
614 3  
615 0  
616 1  
617 2  
618 3  
619 0  
620 1  
621 2  
622 3  
623 0  
624 1  
625 2  
626 3  
627 0  
628 1  
629 2  
630 3  
631 1  
632 0  
633 2  
634 3  
635 1  
636 0  
637 2  
638 3  
639 1  
640 0  
641 2  
642 3  
643 1  
644 0  
645 2  
646 3  
647 1  
648 0  
649 2  
650 3  
651 1  
652 0  
653 2  
654 3  
655 1  
656 0  
657 2  
658 3  
659 1  
660 2  
661 0  
662 3  
663 1  
664 2  
665 0  
666 1  
667 3  
668 2  
669 1  
670 0  
671 3  
672 2  
673 1  
674 3  
675 2  
676 1  
677 0  
678 3  
679 2  
680 1  
681 0  
682 2  
683 3  
684 1  
685 0  
686 2  
687 1  
688 3  
689 0  
690 2  
691 1  
692 3  
693 0  
694 2  
695 1  
696 3  
697 0  
698 2  
699 1  
700 3  
701 0  
702 2  
703 1  
704 3  
705 0  
706 2  
707 1  
708 3  
709 0  
710 2  
711 1  
712 3  
713 0  
714 2  
715 1  
716 3  
717 0  
718 2  
719 1  
720 3  
721 0  
722 2  
723 1  
724 3  
725 0  
726 2  
727 1  
728 0  
729 3  
730 2  
731 1  
732 0  
733 2  
734 3  
735 1  
736 0  
737 2  
738 1  
739 3  
740 0  
741 2  
742 1  
743 3  
744 0  
745 2  
746 1  
747 3  
748 2  
749 0  
750 1  
751 3  
752 2  
753 0  
754 1  
755 3  
756 2  
757 0  
758 1  
759 3  
760 2  
761 0  
762 1  
763 3  
764 2  
765 0  
766 1  
767 3  
768 2  
769 0  
770 1  
771 3  
772 2  
773 0  
774 1  
775 3  
776 2  
777 0  
778 1  
779 3  
780 2  
781 0  
782 1  
783 3  
784 2  
785 0  
786 1  
787 3  
788 2  
789 0  
790 1  
791 3  
792 2  
793 0  
794 1  
795 3  
796 2  
797 0  
798 1  
799 3  
800 2  
801 0  
802 1  
803 3  
804 2  
805 0  
806 1  
807 3  
808 2  
809 0  
810 1  
811 3  
812 2  
813 0  
814 1  
815 3  
816 2  
817 0  
818 1  
819 3  
820 2  
821 0  
822 1  
823 3  
824 2  
825 0  
826 1  
827 3  
828 2  
829 0  
830 1  
831 3  
832 2  
833 0  
834 1  
835 3  
836 2  
837 0  
838 1  
839 3  
840 2  
841 0  
842 1  
843 3  
844 2  
845 0  
846 1  
847 3  
848 2  
849 0  
850 1  
851 3  
852 2  
853 0  
854 1  
855 3  
856 2  
857 1  
858 0  
859 3  
860 2  
861 1  
862 0  
863 3  
864 2  
865 1  
866 0  
867 3  
868 2  
869 1  
870 0  
871 3  
872 2  
873 1  
874 0  
875 3  
876 2  
877 1  
878 0  
879 3  
880 2  
881 1  
882 0  
883 3  
884 2  
885 1  
886 0  
887 3  
888 2  
889 1  
890 0  
891 3  
892 2  
893 1  
894 0  
895 3  
896 2  
897 1  
898 0  
899 3  
900 2  
901 1  
902 0  
903 3  
904 2  
905 1  
906 0  
907 3  
908 2  
909 1  
910 0  
911 3  
912 2  
913 1  
914 0  
915 3  
916 2  
917 1  
918 0  
919 3  
920 2  
921 1  
922 0  
923 3  
924 2  
925 1  
926 0  
927 3  
928 2  
929 1  
930 0  
931 3  
932 2  
933 1  
934 0  
935 3  
936 2  
937 1  
938 0  
939 2  
940 3  
941 1  
942 0  
943 2  
944 1  
945 3  
946 0  
947 2  
948 1  
949 0  
950 3  
951 2  
952 1  
953 0  
954 3  
955 2  
956 1  
957 0  
958 3  
959 2  
960 1  
961 0  
962 3  
963 2  
964 1  
965 0  
966 3  
967 2  
968 1  
969 0  
970 3  
971 2  
972 1  
973 0  
974 3  
975 2  
976 1  
977 0  
978 3  
979 2  
980 1  
981 0  
982 3  
983 2  
984 1  
985 0  
986 3  
987 2  
988 1  
989 0  
990 3  
991 2  
992 1  
993 0  
994 3  
995 2  
996 1  
997 0  
998 3  
999 2  
1000 1  
1001 0  
1002 3  
1003 2  
1004 1  
1005 0  
1006 3  
1007 2  
1008 1  
1009 0  
1010 3  
1011 2  
1012 1  
1013 0  
1014 3  
1015 2  
1016 1  
1017 0  
1018 3  
1019 2  
1020 1  
1021 0  
1022 3  
1023 2  
1024 1  
1025 0  
1026 3  
1027 2  
1028 1  
1029 0  
1030 3  
1031 2  
1032 1  
1033 0  
1034 3  
1035 2  
1036 1  
1037 0  
1038 3  
1039 2  
1040 1  
1041 0  
1042 3  
1043 2  
1044 1  
1045 0  
1046 3  
1047 2  
1048 1  
1049 0  
1050 3  
1051 2  
1052 1  
1053 0  
1054 3  
1055 2  
1056 1  
1057 3  
1058 0  
1059 2  
1060 1  
1061 3  
1062 2  
1063 0  
1064 1  
1065 3  
1066 2  
1067 0  
1068 1  
1069 3  
1070 2  
1071 0  
1072 1  
1073 3  
1074 2  
1075 0  
1076 1  
1077 3  
1078 2  
1079 0  
1080 1  
1081 3  
1082 2  
1083 0  
1084 1  
1085 3  
1086 2  
1087 0  
1088 1  
1089 3  
1090 2  
1091 0  
1092 1  
1093 3  
1094 2  
1095 0  
1096 1  
1097 3  
1098 2  
1099 0  
1100 1  
1101 3  
1102 2  
1103 0  
1104 1  
1105 3  
1106 2  
1107 0  
1108 1  
1109 3  
1110 2  
1111 0  
1112 1  
1113 3  
1114 2  
1115 0  
1116 1  
1117 2  
1118 3  
1119 0  
1120 1  
1121 2  
1122 0  
1123 3  
1124 1  
1125 2  
1126 0  
1127 3  
1128 1  
1129 2  
1130 0  
1131 1  
1132 2  
1133 3  
1134 0  
1135 1  
1136 2  
1137 0  
1138 3  
1139 1  
1140 2  
1141 0  
1142 1  
1143 3  
1144 2  
1145 0  
1146 1  
1147 3  
1148 2  
1149 0  
1150 1  
1151 3  
1152 2  
1153 0  
1154 1  
1155 2  
1156 3  
1157 0  
1158 1  
1159 2  
1160 0  
1161 3  
1162 1  
1163 2  
1164 0  
1165 1  
1166 3  
1167 2  
1168 0  
1169 1  
1170 3  
1171 2  
1172 0  
1173 1  
1174 3  
1175 2  
1176 0  
1177 1  
1178 3  
1179 2  
1180 0  
1181 1  
1182 3  
1183 2  
1184 0  
1185 1  
1186 3  
1187 2  
1188 0  
1189 1  
1190 3  
1191 2  
1192 0  
1193 1  
1194 3  
1195 2  
1196 1  
1197 0  
1198 3  
1199 2  
1200 1  
1201 0  
1202 3  
1203 2  
1204 1  
1205 0  
1206 3  
1207 2  
1208 1  
1209 0  
1210 3  
1211 1  
1212 2  
1213 0  
1214 3  
1215 1  
1216 2  
1217 0  
1218 3  
1219 1  
1220 2  
1221 0  
1222 3  
1223 1  
1224 2  
1225 0  
1226 3  
1227 1  
1228 2  
1229 0  
1230 3  
1231 1  
1232 2  
1233 0  
1234 3  
1235 1  
1236 2  
1237 0  
1238 3  
1239 1  
1240 2  
1241 0  
1242 3  
1243 1  
1244 2  
1245 0  
1246 3  
1247 1  
1248 2  
1249 0  
1250 3  
1251 1  
1252 2  
1253 0  
1254 3  
1255 1  
1256 2  
1257 0  
1258 3  
1259 1  
1260 2  
1261 0  
1262 1  
1263 3  
1264 2  
1265 0  
1266 1  
1267 3  
1268 2  
1269 0  
1270 1  
1271 3  
1272 2  
1273 1  
1274 0  
1275 3  
1276 2  
1277 1  
1278 0  
1279 3  
1280 2  
1281 1  
1282 0  
1283 3  
1284 2  
1285 1  
1286 0  
1287 2  
1288 3  
1289 1  
1290 0  
1291 2  
1292 3  
1293 1  
1294 0  
1295 2  
1296 3  
1297 1  
1298 0  
1299 2  
1300 3  
1301 1  
1302 0  
1303 2  
1304 3  
1305 1  
1306 0  
1307 2  
1308 3  
1309 1  
1310 0  
1311 2  
1312 3  
1313 1  
1314 0  
1315 2  
1316 3  
1317 1  
1318 0  
1319 2  
1320 3  
1321 1  
1322 0  
1323 2  
1324 3  
1325 1  
1326 0  
1327 2  
1328 3  
1329 1  
1330 0  
1331 2  
1332 3  
1333 1  
1334 0  
1335 2  
1336 3  
1337 1  
1338 0  
1339 2  
1340 3  
1341 1  
1342 0  
1343 2  
1344 3  
1345 1  
1346 0  
1347 2  
1348 3  
1349 1  
1350 0  
1351 2  
1352 3  
1353 0  
1354 1  
1355 2  
1356 0  
1357 3  
1358 2  
1359 1  
1360 0  
1361 2  
1362 3  
1363 1  
1364 0  
1365 2  
1366 3  
1367 0  
1368 1  
1369 2  
1370 3  
1371 0  
1372 1  
1373 2  
1374 3  
1375 0  
1376 1  
1377 2  
1378 3  
1379 0  
1380 1  
1381 2  
1382 3  
1383 0  
1384 1  
1385 2  
1386 3  
1387 0  
1388 1  
1389 2  
1390 3  
1391 0  
1392 1  
1393 2  
1394 3  
1395 0  
1396 1  
1397 2  
1398 3  
1399 0  
1400 1  
1401 2  
1402 3  
1403 0  
1404 1  
1405 2  
1406 3  
1407 0  
1408 1  
1409 2  
1410 3  
1411 0  
1412 1  
1413 2  
1414 3  
1415 0  
1416 1  
1417 2  
1418 3  
1419 0  
1420 1  
1421 2  
1422 3  
1423 0  
1424 1  
1425 2  
1426 3  
1427 0  
1428 1  
1429 2  
1430 3  
1431 1  
1432 0  
1433 2  
1434 3  
1435 1  
1436 0  
1437 2  
1438 3  
1439 1  
1440 0  
1441 2  
1442 3  
1443 1  
1444 0  
1445 2  
1446 3  
1447 1  
1448 0  
1449 2  
1450 3  
1451 1  
1452 0  
1453 2  
1454 3  
1455 1  
1456 0  
1457 2  
1458 3  
1459 1  
1460 0  
1461 2  
1462 3  
1463 1  
1464 0  
1465 2  
1466 3  
1467 1  
1468 0  
1469 2  
1470 3  
1471 1  
1472 0  
1473 2  
1474 3  
1475 1  
1476 2  
1477 0  
1478 3  
1479 1  
1480 2  
1481 0  
1482 3  
1483 1  
1484 2  
1485 0  
1486 3  
1487 1  
1488 2  
1489 0  
1490 3  
1491 1  
1492 2  
1493 0  
1494 3  
1495 1  
1496 2  
1497 0  
1498 3  
1499 1  
1500 2  
1501 0  
1502 3  
1503 1  
1504 2  
1505 0  
1506 3  
1507 1  
1508 2  
1509 0  
1510 3  
1511 1  
1512 2  
1513 0  
1514 3  
1515 1  
1516 2  
1517 0  
1518 1  
1519 3  
1520 2  
1521 0  
1522 1  
1523 3  
1524 2  
1525 0  
1526 1  
1527 2  
1528 3  
1529 0  
1530 1  
1531 2  
1532 3  
1533 0  
1534 1  
1535 2  
1536 3  
1537 0  
1538 1  
1539 2  
1540 3  
1541 0  
1542 1  
1543 2  
1544 3  
1545 0  
1546 1  
1547 2  
1548 3  
1549 0  
1550 1  
1551 2  
1552 3  
1553 0  
1554 1  
1555 2  
1556 3  
1557 0  
1558 1  
1559 2  
1560 0  
1561 1  
1562 3  
1563 2  
1564 0  
1565 1  
1566 2  
1567 3  
1568 0  
1569 1  
1570 2  
1571 3  
1572 0  
1573 1  
1574 2  
1575 3  
1576 0  
1577 1  
1578 2  
1579 3  
1580 0  
1581 1  
1582 2  
1583 3  
1584 0  
1585 1  
1586 2  
1587 3  
1588 0  
1589 1  
1590 2  
1591 3  
1592 0  
1593 1  
1594 2  
1595 3  
1596 0  
1597 1  
1598 2  
1599 3  
1600 0  
1601 1  
1602 2  
1603 3  
1604 0  
1605 1  
1606 2  
1607 3  
1608 0  
1609 2  
1610 1  
1611 3  
1612 0  
1613 2  
1614 1  
1615 3  
1616 0  
1617 2  
1618 1  
1619 3  
1620 0  
1621 2  
1622 1  
1623 3  
1624 0  
1625 2  
1626 1  
1627 3  
1628 0  
1629 2  
1630 1  
1631 3  
1632 0  
1633 2  
1634 3  
1635 1  
1636 0  
1637 2  
1638 3  
1639 1  
1640 2  
1641 0  
1642 3  
1643 2  
1644 1  
1645 0  
1646 3  
1647 2  
1648 1  
1649 0  
1650 3  
1651 2  
1652 1  
1653 0  
1654 3  
1655 2  
1656 1  
1657 0  
1658 3  
1659 2  
1660 1  
1661 0  
1662 3  
1663 2  
1664 1  
1665 0  
1666 3  
1667 2  
1668 1  
1669 0  
1670 3  
1671 2  
1672 1  
1673 0  
1674 3  
1675 2  
1676 1  
1677 0  
1678 3  
1679 2  
1680 1  
1681 0  
1682 3  
1683 2  
1684 1  
1685 0  
1686 3  
1687 2  
1688 1  
1689 0  
1690 3  
1691 2  
1692 1  
1693 0  
1694 3  
1695 2  
1696 1  
1697 0  
1698 3  
1699 2  
1700 1  
1701 0  
1702 3  
1703 2  
1704 1  
1705 0  
1706 3  
1707 2  
1708 1  
1709 0  
1710 3  
1711 2  
1712 1  
1713 3  
1714 2  
1715 0  
1716 1  
1717 2  
1718 3  
1719 1  
1720 2  
1721 0  
1722 3  
1723 1  
1724 2  
1725 0  
1726 3  
1727 1  
1728 2  
1729 0  
1730 3  
1731 1  
1732 2  
1733 0  
1734 1  
1735 3  
1736 2  
1737 0  
1738 1  
1739 3  
1740 2  
1741 0  
1742 1  
1743 3  
1744 2  
1745 0  
1746 1  
1747 3  
1748 2  
1749 0  
1750 1  
1751 3  
1752 2  
1753 0  
1754 1  
1755 2  
1756 3  
1757 0  
1758 1  
1759 2  
1760 0  
1761 3  
1762 1  
1763 2  
1764 0  
1765 1  
1766 3  
1767 2  
1768 0  
1769 1  
1770 2  
1771 3  
1772 0  
1773 1  
1774 2  
1775 3  
1776 0  
1777 1  
1778 2  
1779 3  
1780 0  
1781 1  
1782 2  
1783 3  
1784 0  
1785 1  
1786 2  
1787 3  
1788 0  
1789 1  
1790 2  
1791 3  
1792 0  
1793 1  
1794 2  
1795 3  
1796 0  
1797 1  
1798 2  
1799 3  
1800 0  
1801 1  
1802 2  
1803 3  
1804 0  
1805 1  
1806 2  
1807 3  
1808 0  
1809 1  
1810 2  
1811 3  
1812 0  
1813 1  
1814 2  
1815 3  
1816 0  
1817 1  
1818 2  
1819 3  
1820 0  
1821 1  
1822 2  
1823 3  
1824 0  
1825 1  
1826 2  
1827 3  
1828 0  
1829 1  
1830 2  
1831 3  
1832 0  
1833 1  
1834 2  
1835 3  
1836 0  
1837 1  
1838 2  
1839 3  
1840 0  
1841 1  
1842 2  
1843 3  
1844 0  
1845 1  
1846 2  
1847 3  
1848 0  
1849 1  
1850 2  
1851 3  
1852 0  
1853 1  
1854 2  
1855 3  
1856 0  
1857 1  
1858 2  
1859 3  
1860 0  
1861 1  
1862 2  
1863 3  
1864 0  
1865 1  
1866 2  
1867 3  
1868 0  
1869 1  
1870 2  
1871 3  
1872 0  
1873 1  
1874 2  
1875 3  
1876 0  
1877 1  
1878 2  
1879 3  
1880 0  
1881 1  
1882 2  
1883 3  
1884 0  
1885 1  
1886 2  
1887 3  
1888 0  
1889 2  
1890 1  
1891 3  
1892 0  
1893 2  
1894 1  
1895 3  
1896 0  
1897 2  
1898 1  
1899 3  
1900 0  
1901 2  
1902 1  
1903 3  
1904 2  
1905 0  
1906 1  
1907 2  
1908 3  
1909 0  
1910 1  
1911 2  
1912 3  
1913 0  
1914 1  
1915 2  
1916 3  
1917 0  
1918 1  
1919 2  
1920 3  
1921 0  
1922 1  
1923 2  
1924 3  
1925 0  
1926 1  
1927 2  
1928 3  
1929 0  
1930 1  
1931 2  
1932 3  
1933 0  
1934 1  
1935 2  
1936 3  
1937 0  
1938 1  
1939 2  
1940 3  
1941 1  
1942 0  
1943 2  
1944 3  
1945 1  
1946 2  
1947 0  
1948 3  
1949 1  
1950 2  
1951 0  
1952 3  
1953 1  
1954 2  
1955 0  
1956 3  
1957 1  
1958 2  
1959 3  
1960 0  
1961 1  
1962 2  
1963 3  
1964 1  
1965 0  
1966 2  
1967 3  
1968 1  
1969 2  
1970 0  
1971 3  
1972 1  
1973 2  
1974 0  
1975 3  
1976 1  
1977 2  
1978 0  
1979 3  
1980 1  
1981 2  
1982 0  
1983 3  
1984 1  
1985 2  
1986 0  
1987 3  
1988 1  
1989 2  
1990 0  
1991 3  
1992 1  
1993 2  
1994 0  
1995 3  
1996 1  
1997 2  
1998 0  
1999 3  
2000 1  
2001 2  
2002 0  
2003 3  
2004 1  
2005 2  
2006 0  
2007 3  
2008 1  
2009 2  
2010 0  
2011 3  
2012 1  
2013 2  
2014 0  
2015 3  
2016 1  
2017 2  
2018 0  
2019 3  
2020 1  
2021 2  
2022 0  
2023 3  
2024 1  
2025 2  
2026 0  
2027 3  
2028 1  
2029 2  
2030 0  
2031 3  
2032 1  
2033 2  
2034 0  
2035 3  
2036 1  
2037 2  
2038 0  
2039 3  
2040 1  
2041 2  
2042 0  
2043 3  
2044 1  
2045 2  
2046 0  
2047 3  
2048 1  
2049 2  
2050 0  
2051 3  
2052 1  
2053 2  
2054 0  
2055 3  
2056 1  
2057 2  
2058 0  
2059 3  
2060 1  
2061 2  
2062 0  
2063 3  
2064 1  
2065 2  
2066 0  
2067 3  
2068 1  
2069 2  
2070 0  
2071 3  
2072 1  
2073 2  
2074 0  
2075 3  
2076 1  
2077 2  
2078 0  
2079 3  
2080 1  
2081 2  
2082 0  
2083 3  
2084 1  
2085 2  
2086 0  
2087 3  
2088 1  
2089 2  
2090 0  
2091 3  
2092 1  
2093 2  
2094 0  
2095 3  
2096 1  
2097 2  
2098 0  
2099 3  
2100 1  
2101 2  
2102 0  
2103 3  
2104 2  
2105 1  
2106 0  
2107 2  
2108 3  
2109 1  
2110 0  
2111 2  
2112 1  
2113 3  
2114 0  
2115 2  
2116 1  
2117 3  
2118 2  
2119 0  
2120 1  
2121 2  
2122 3  
2123 0  
2124 1  
2125 2  
2126 3  
2127 0  
2128 1  
2129 2  
2130 3  
2131 0  
2132 1  
2133 2  
2134 3  
2135 0  
2136 1  
2137 2  
2138 3  
2139 0  
2140 1  
2141 2  
2142 3  
2143 0  
2144 1  
2145 2  
2146 3  
2147 0  
2148 1  
2149 2  
2150 3  
2151 0  
2152 1  
2153 2  
2154 3  
2155 1  
2156 0  
2157 2  
2158 3  
2159 1  
2160 2  
2161 0  
2162 3  
2163 1  
2164 2  
2165 0  
2166 3  
2167 1  
2168 2  
2169 0  
2170 3  
2171 1  
2172 2  
2173 0  
2174 3  
2175 1  
2176 2  
2177 0  
2178 3  
2179 1  
2180 2  
2181 0  
2182 3  
2183 1  
2184 2  
2185 0  
2186 3  
2187 1  
2188 2  
2189 0  
2190 3  
2191 1  
2192 2  
2193 0  
2194 3  
2195 1  
2196 2  
2197 0  
2198 3  
2199 1  
2200 2  
2201 0  
2202 3  
2203 1  
2204 2  
2205 0  
2206 3  
2207 1  
2208 2  
2209 0  
2210 3  
2211 1  
2212 2  
2213 0  
2214 3  
2215 1  
2216 2  
2217 0  
2218 3  
2219 1  
2220 2  
2221 0  
2222 3  
2223 1  
2224 2  
2225 0  
2226 3  
2227 1  
2228 2  
2229 0  
2230 3  
2231 1  
2232 2  
2233 0  
2234 1  
2235 3  
2236 2  
2237 0  
2238 1  
2239 3  
2240 2  
2241 0  
2242 1  
2243 3  
2244 2  
2245 0  
2246 1  
2247 3  
2248 2  
2249 0  
2250 1  
2251 3  
2252 2  
2253 0  
2254 1  
2255 2  
2256 3  
2257 0  
2258 1  
2259 2  
2260 3  
2261 0  
2262 1  
2263 2  
2264 3  
2265 0  
2266 1  
2267 2  
2268 3  
2269 0  
2270 1  
2271 2  
2272 0  
2273 3  
2274 1  
2275 2  
2276 0  
2277 1  
2278 2  
2279 3  
2280 0  
2281 1  
2282 2  
2283 3  
2284 0  
2285 1  
2286 2  
2287 3  
2288 0  
2289 1  
2290 2  
2291 3  
2292 0  
2293 1  
2294 2  
2295 3  
2296 0  
2297 1  
2298 2  
2299 3  
2300 1  
2301 0  
2302 2  
2303 3  
2304 1  
2305 2  
2306 0  
2307 3  
2308 1  
2309 2  
2310 0  
2311 3  
2312 1  
2313 2  
2314 0  
2315 3  
2316 1  
2317 2  
2318 0  
2319 3  
2320 1  
2321 2  
2322 0  
2323 3  
2324 1  
2325 2  
2326 0  
2327 3  
2328 1  
2329 2  
2330 0  
2331 3  
2332 1  
2333 2  
2334 0  
2335 3  
2336 1  
2337 2  
2338 0  
2339 3  
2340 1  
2341 2  
2342 0  
2343 3  
2344 1  
2345 2  
2346 3  
2347 0  
2348 1  
2349 2  
2350 3  
2351 0  
2352 1  
2353 2  
2354 3  
2355 0  
2356 1  
2357 2  
2358 3  
2359 0  
2360 1  
2361 2  
2362 3  
2363 0  
2364 1  
2365 2  
2366 3  
2367 0  
2368 1  
2369 2  
2370 3  
2371 0  
2372 1  
2373 2  
2374 3  
2375 0  
2376 1  
2377 2  
2378 3  
2379 0  
2380 1  
2381 2  
2382 3  
2383 0  
2384 1  
2385 2  
2386 3  
2387 0  
2388 1  
2389 2  
2390 3  
2391 0  
2392 1  
2393 2  
2394 3  
2395 0  
2396 1  
2397 2  
2398 3  
2399 0  
2400 1  
2401 2  
2402 3  
2403 0  
2404 1  
2405 2  
2406 3  
2407 0  
2408 1  
2409 2  
2410 3  
2411 0  
2412 1  
2413 2  
2414 3  
2415 0  
2416 1  
2417 2  
2418 3  
2419 0  
2420 1  
2421 2  
2422 3  
2423 0  
2424 1  
2425 2  
2426 3  
2427 0  
2428 1  
2429 2  
2430 3  
2431 0  
2432 1  
2433 2  
2434 3  
2435 0  
2436 2  
2437 1  
2438 3  
2439 0  
2440 2  
2441 1  
2442 3  
2443 0  
2444 2  
2445 1  
2446 3  
2447 0  
2448 2  
2449 1  
2450 3  
2451 0  
2452 2  
2453 1  
2454 3  
2455 0  
2456 2  
2457 1  
2458 3  
2459 0  
2460 2  
2461 1  
2462 3  
2463 0  
2464 2  
2465 1  
2466 3  
2467 0  
2468 2  
2469 1  
2470 3  
2471 0  
2472 2  
2473 1  
2474 3  
2475 0  
2476 2  
2477 1  
2478 3  
2479 0  
2480 2  
2481 1  
2482 3  
2483 0  
2484 2  
2485 1  
2486 3  
2487 0  
2488 2  
2489 1  
2490 3  
2491 0  
2492 2  
2493 1  
2494 3  
2495 2  
2496 0  
2497 1  
2498 3  
2499 2  
2500 0  
2501 1  
2502 3  
2503 2  
2504 0  
2505 1  
2506 3  
2507 2  
2508 0  
2509 1  
2510 3  
2511 2  
2512 1  
2513 0  
2514 3  
2515 2  
2516 1  
2517 0  
2518 3  
2519 2  
2520 1  
2521 0  
2522 3  
2523 2  
2524 1  
2525 0  
2526 3  
2527 2  
2528 1  
2529 0  
2530 3  
2531 2  
2532 1  
2533 3  
2534 2  
2535 1  
2536 0  
2537 3  
2538 2  
2539 1  
2540 0  
2541 3  
2542 2  
2543 1  
2544 0  
2545 3  
2546 2  
2547 1  
2548 0  
2549 3  
2550 2  
2551 1  
2552 0  
2553 3  
2554 2  
2555 1  
2556 0  
2557 3  
2558 2  
2559 1  
2560 0  
2561 3  
2562 2  
2563 1  
2564 0  
2565 3  
2566 1  
2567 2  
2568 0  
2569 3  
2570 1  
2571 2  
2572 0  
2573 3  
2574 1  
2575 2  
2576 0  
2577 3  
2578 1  
2579 2  
2580 0  
2581 3  
2582 1  
2583 2  
2584 0  
2585 3  
2586 1  
2587 2  
2588 0  
2589 1  
2590 3  
2591 2  
2592 0  
2593 1  
2594 3  
2595 2  
2596 0  
2597 1  
2598 3  
2599 2  
2600 0  
2601 1  
2602 2  
2603 3  
2604 0  
2605 1  
2606 2  
2607 3  
2608 0  
2609 1  
2610 2  
2611 3  
2612 0  
2613 2  
2614 1  
2615 3  
2616 0  
2617 2  
2618 1  
2619 3  
2620 0  
2621 2  
2622 1  
2623 3  
2624 2  
2625 0  
2626 1  
2627 2  
2628 3  
2629 0  
2630 1  
2631 2  
2632 3  
2633 0  
2634 1  
2635 2  
2636 3  
2637 0  
2638 1  
2639 2  
2640 3  
2641 0  
2642 1  
2643 2  
2644 3  
2645 0  
2646 1  
2647 2  
2648 3  
2649 1  
2650 2  
2651 0  
2652 3  
2653 1  
2654 2  
2655 0  
2656 3  
2657 1  
2658 2  
2659 0  
2660 3  
2661 1  
2662 2  
2663 0  
2664 1  
2665 3  
2666 2  
2667 0  
2668 1  
2669 2  
2670 3  
2671 0  
2672 1  
2673 2  
2674 3  
2675 0  
2676 1  
2677 2  
2678 3  
2679 0  
2680 2  
2681 1  
2682 3  
2683 2  
2684 0  
2685 1  
2686 3  
2687 2  
2688 1  
2689 0  
2690 3  
2691 2  
2692 1  
2693 3  
2694 2  
2695 0  
2696 1  
2697 3  
2698 2  
2699 0  
2700 1  
2701 3  
2702 2  
2703 0  
2704 1  
2705 3  
2706 2  
2707 0  
2708 1  
2709 3  
2710 2  
2711 0  
2712 1  
2713 3  
2714 2  
2715 0  
2716 1  
2717 3  
2718 2  
2719 0  
2720 1  
2721 3  
2722 2  
2723 0  
2724 1  
2725 3  
2726 2  
2727 0  
2728 1  
2729 3  
2730 2  
2731 0  
2732 1  
2733 3  
2734 2  
2735 0  
2735 1  
2736 3  
2736 2  
2737 0  
2737 1  
2738 3  
2739 2  
2740 0  
2740 1  
2740 3  
2741 2  
2742 0  
2742 1  
2742 3  
2742 2  
2742 0  
2742 1  
2742 3  
2742 2  
2742 0  
2742 1  
2742 3  
2742 2  
2742 0  
2742 1  
2742 3  
2742 2  
2742 0  
2742 1  
2742 3  
2742 2  
2742 0  
2742 1  
2742 3  
2742 2  
2742 0  
2742 1  
2742 3  
2742 2  
2742 0  
2742 1  
2742 3  
2742 2  
2742 0  
2742 1  
2742 3  
2742 2  
2742 0  
2742 1  
2742 3  
2742 2  
2742 0  
2742 1  
2742 3  
2742 2  
2742 0  
2742 1  
2742 3  
2742 2  
2742 0  
2742 1  
2742 3  
2742 2  
2742 0  
2742 1  
2742 3  
2742 2  
2742 0  
2742 1  
2742 3  
2742 2  
2742 0  
2742 1  
2742 3  
2742 2  
2742 0  
2742 1  
2742 3  
2742 2  
2742 0  
2742 1  
2742 3  
2742 2  
2742 0  
2742 1  
2742 3  
2742 2  
2742 1  
2742 0  
2742 3  
2742 2  
2742 1  
2742 0  
2742 3  
2742 2  
2742 1  
2742 0  
2742 3  
2742 2  
2742 1  
2742 0  
2742 3  
2742 2  
2742 1  
2742 0  
2742 3  
2742 2  
2742 1  
2742 0  
2742 3  
2742 2  
2742 1  
2742 0  
2742 3  
2742 2  
2742 1  
2742 0  
2742 3  
2742 2  
2742 1  
2742 0  
2742 3  
2742 2  
2742 1  
2742 0  
2742 2  
2742 3  
2742 1  
2742 2  
2742 0  
2742 3  
2742 1  
2742 2  
2742 0  
2742 3  
2742 1  
2742 2  
2742 0  
2742 3  
2742 1  
2742 2  
2742 0  
2742 3  
2742 1  
2742 2  
2742 0  
2742 3  
2742 1  
2742 2  
2742 0  
2742 1  
2742 3  
2742 2  
2742 0  
2742 1  
2742 3  
2742 2  
2742 0  
2742 1  
2742 2  
2742 3  
2742 0  
2742 1  
2742 2  
2742 0  
2742 3  
2742 1  
2742 0  
2742 2  
2742 3  
2742 1  
2742 0  
2742 2  
2742 1  
2742 0  
2742 3  
2742 2  
2742 1  
2742 0  
2742 3  
2742 2  
2742 1  
2742 0  
2742 3  
2742 2  
2742 1  
2742 0  
2742 3  
2742 2  
2742 1  
2742 0  
2742 3  
2742 2  
2742 1  
2742 0  
2742 3  
2742 2  
2742 1  
2742 0  
2742 3  
2742 2  
2742 1  
2742 0  
2742 3  
2742 2  
2742 1  
2742 0  
2742 3  
2742 2  
2742 1  
2742 0  
2742 3  
2742 2  
2742 1  
2742 0  
2742 3  
2742 2  
2742 1  
2742 0  
2742 3  
2742 2  
2742 1  
2742 0  
2742 3  
2742 2  
2742 1  
2742 0  
2742 3  
2742 2  
2742 1  
2742 0  
2742 3  
2742 2  
2742 1  
2742 0  
2742 3  
2742 2  
2742 1  
2742 0  
2742 3  
2742 2  
2742 1  
2742 0  
2742 3  
2742 2  
2742 1  
2742 0  
2742 3  
2742 2  
2742 1  
2742 0  
2742 3  
2742 2  
2742 1  
2742 0  
2742 2  
2742 3  
2742 1  
2742 0  
2742 2  
2742 3  
2742 1  
2742 0  
2742 2  
2742 3  
2742 1  
2742 0  
2742 2  
2742 3  
2742 1  
2742 0  
2742 2  
2742 3  
2742 1  
2742 0  
2742 2  
2742 3  
2742 1  
2742 2  
2742 0  
2742 3  
2742 1  
2742 2  
2742 0  
2742 3  
2742 1  
2742 2  
2742 0  
2742 3  
2742 1  
2742 2  
2742 0  
2742 3  
2742 1  
2742 2  
2742 0  
2742 3  
2742 1  
2742 2  
2742 0  
2742 3  
2742 1  
2742 2  
2742 0  
2742 3  
2742 1  
2742 2  
2742 0  
2742 1  
2742 3  
2742 2  
2742 1  
2742 0  
2742 2  
2742 3  
2742 1  
2742 0  
2742 2  
2742 3  
2742 1  
2742 0  
2742 2  
2742 1  
2742 3  
2742 0  
2742 2  
2742 1  
2742 2  
2742 3  
2742 0  
2742 1  
2742 2  
2742 3  
2742 0  
2742 1  
2742 2  
2742 3  
2742 0  
2742 1  
2742 2  
2742 3  
2742 1  
2742 0  
2742 2  
2742 3  
2742 1  
2742 0  
2742 2  
2742 3  
2742 1  
2742 0  
2742 2  
2742 3  
2742 1  
2742 0  
2742 2  
2742 3  
2742 1  
2742 2  
2742 0  
2742 3  
2742 1  
2742 2  
2742 3  
2742 0  
2742 1  
2742 2  
2742 3  
2742 0  
2742 1  
2742 2  
2742 3  
2742 0  
2742 1  
2742 2  
2742 3  
2742 0  
2742 1  
2742 2  
2742 3  
2742 1  
2742 0  
2742 2  
2742 3  
2742 1  
2742 0  
2742 2  
2742 3  
2742 1  
2742 0  
2742 2  
2742 3  
2742 1  
2742 0  
2742 2  
2742 3  
2742 1  
2742 0  
2742 2  
2742 3  
2742 1  
2742 0  
2742 2  
2742 3  
2742 1  
2742 0  
2742 2  
2742 3  
2742 1  
2742 0  
2742 2  
2742 3  
2742 1  
2742 0  
2742 2  
2742 3  
2742 1  
2742 0  
2742 2  
2742 3  
2742 1  
2742 0  
2742 2  
2742 3  
2742 1  
2742 0  
2742 2  
2742 3  
2742 1  
2742 0  
2742 2  
2742 3  
2742 1  
2742 0  
2742 2  
2742 3  
2742 1  
2742 0  
2742 2  
2742 3  
2742 1  
2742 0  
2742 2  
2742 3  
2742 1  
2742 0  
2742 2  
2742 3  
2742 1  
2742 0  
2742 2  
2742 3  
2742 1  
2742 0  
2742 2  
2742 3  
2742 1  
2742 0  
2742 2  
2742 3  
2742 1  
2742 0  
2742 2  
2742 3  
2742 1  
2742 0  
2742 2  
2742 3  
2742 1  
2742 0  
2742 2  
2742 3  
2742 1  
2742 0  
2742 2  
2742 3  
2742 1  
2742 0  
2742 2  
2742 3  
2742 1  
2742 0  
2742 2  
2742 3  
2742 1  
2742 0  
2742 2  
2742 3  
2742 1  
2742 0  
2742 2  
2742 3  
2742 1  
2742 0  
2742 2  
2742 3  
2742 1  
2742 0  
2742 2  
2742 1  
2742 3  
2742 0  
2742 2  
2742 1  
2742 3  
2742 0  
2742 1  
2742 2  
2742 0  
2742 3  
2742 1  
2742 2  
2742 0  
2742 1  
2742 3  
2742 2  
2742 1  
2742 0  
2742 3  
2742 1  
2742 2  
2742 0  
2742 1  
2742 3  
2742 2  
2742 0  
2742 1  
2742 2  
2742 3  
2742 0  
2742 1  
2742 2  
2742 3  
2742 0  
2742 1  
2742 2  
2742 3  
2742 0  
2742 1  
2742 2  
2742 3  
2742 1  
2742 0  
2742 2  
2742 3  
2742 1  
2742 0  
2742 2  
2742 3  
2742 1  
2742 2  
2742 0  
2742 3  
2742 1  
2742 2  
2742 0  
2742 3  
2742 1  
2742 2  
2742 0  
2742 3  
2742 1  
2742 2  
2742 0  
2742 3  
2742 1  
2742 2  
2742 0  
2742 3  
2742 1  
2742 2  
2742 0  
2742 3  
2742 1  
2742 2  
2742 0  
2742 3  
2742 1  
2742 2  
2742 3  
2742 0  
2742 1  
2742 2  
2742 3  
2742 0  
2742 1  
2742 2  
2742 3  
2742 1  
2742 2  
2742 0  
2742 3  
2742 1  
2742 2  
2742 0  
2742 3  
2742 1  
2742 2  
2742 0  
2742 3  
2742 1  
2742 2  
2742 0  
2742 3  
2742 1  
2742 2  
2742 0  
2742 3  
2742 1  
2742 2  
2742 0  
2742 3  
2742 1  
2742 2  
2742 0  
2742 3  
2742 1  
2742 2  
2742 0  
2742 3  
2742 1  
2742 2  
2742 0  
2742 3  
2742 1  
2742 2  
2742 0  
2742 3  
2742 1  
2742 2  
2742 0  
2742 3  
2742 1  
2742 2  
2742 0  
2742 3  
2742 1  
2742 2  
2742 0  
2742 3  
2742 1  
2742 2  
2742 0  
2742 3  
2742 1  
2742 2  
2742 0  
2742 3  
2742 1  
2742 2  
2742 0  
2742 3  
2742 1  
2742 2  
2742 0  
2742 3  
2742 1  
2742 2  
2742 0  
2742 3  
2742 2  
2742 1  
2742 0  
2742 3  
2742 2  
2742 1  
2742 0  
2742 3  
2742 2  
2742 1  
2742 0  
2742 2  
2742 3  
2742 1  
2742 0  
2742 2  
2742 3  
2742 1  
2742 0  
2742 2  
2742 3  
2742 1  
2742 2  
2742 0  
2742 3  
2742 1  
2742 2  
2742 0  
2742 3  
2742 2  
2742 1  
2742 0  
2742 2  
2742 3  
2742 1  
2742 0  
2742 2  
2742 3  
2742 1  
2742 0  
2742 2  
2742 3  
2742 0  
2742 1  
2742 2  
2742 0  
2742 3  
2742 2  
2742 1  
2742 0  
2742 2  
2742 3  
2742 1  
2742 0  
2742 2  
2742 1  
2742 3  
2742 0  
2742 2  
2742 1  
2742 3  
2742 0  
2742 2  
2742 1  
2742 3  
2742 0  
2742 2  
2742 1  
2742 3  
2742 0  
2742 2  
2742 1  
2742 3  
2742 0  
2742 2  
2742 1  
2742 3  
2742 0  
2742 2  
2742 1  
2742 3  
2742 0  
2742 2  
2742 1  
2742 3  
2742 0  
2742 2  
2742 1  
2742 3  
2742 0  
2742 2  
2742 1  
2742 3  
2742 0  
2742 2  
2742 1  
2742 3  
2742 0  
2742 2  
2742 1  
2742 3  
2742 0  
2742 2  
2742 1  
2742 3  
2742 0  
2742 2  
2742 1  
2742 3  
2742 0  
2742 2  
2742 1  
2742 3  
2742 2  
2742 0  
2742 1  
2742 3  
2742 2  
2742 0  
2742 1  
2742 3  
2742 2  
2742 0  
2742 1  
2742 3  
2742 2  
2742 1  
2742 0  
2742 3  
2742 2  
2742 1  
2742 0  
2742 3  
2742 2  
2742 1  
2742 0  
2742 3  
2742 2  
2742 1  
2742 0  
2742 3  
2742 2  
2742 1  
2742 0  
2742 3  
2742 2  
2742 1  
2742 0  
2742 3  
2742 1  
2742 2  
2742 0  
2742 3  
2742 1  
2742 2  
2742 0  
2742 3  
2742 1  
2742 2  
2742 0  
2742 3  
2742 1  
2742 2  
2742 0  
2742 3  
2742 1  
2742 2  
2742 0  
2742 3  
2742 1  
2742 2  
2742 0  
2742 3  
2742 1  
2742 2  
2742 0  
2742 3  
2742 1  
2742 2  
2742 0  
2742 3  
2742 1  
2742 2  
2742 0  
2742 3  
2742 1  
2742 2  
2742 0  
2742 3  
2742 1  
2742 2  
2742 0  
2742 1  
2742 3  
2742 2  
2742 0  
2742 1  
2742 3  
2742 2  
2742 0  
2742 1  
2742 2  
2742 3  
2742 0  
2742 1  
2742 2  
2742 3  
2742 0  
2742 1  
2742 2  
2742 3  
2742 0  
2742 1  
2742 2  
2742 3  
2742 0  
2742 1  
2742 2  
2742 3  
2742 0  
2742 1  
2742 2  
2742 3  
2742 0  
2742 1  
2742 2  
2742 0  
2742 1  
2742 3  
2742 2  
2742 0  
2742 1  
2742 2  
2742 3  
2742 0  
2742 1  
2742 2  
2742 3  
2742 1  
2742 0  
2742 2  
2742 3  
2742 1  
2742 0  
2742 2  
2742 1  
2742 3  
2742 0  
2742 2  
2742 1  
2742 3  
2742 0  
2742 2  
2742 1  
2742 3  
2742 2  
2742 0  
2742 1  
2742 3  
2742 2  
2742 0  
2742 1  
2742 3  
2742 2  
2742 0  
2742 1  
2742 3  
2742 2  
2742 0  
2742 1  
2742 3  
2742 2  
2742 0  
2742 1  
2742 3  
2742 2  
2742 1  
2742 0  
2742 3  
2742 2  
2742 1  
2742 0  
2742 3  
2742 2  
2742 1  
2742 0  
2742 3  
2742 2  
2742 1  
2742 0  
2742 3  
2742 2  
2742 1  
2742 0  
2742 3  
2742 2  
2742 1  
2742 0  
2742 3  
2742 2  
2742 1  
2742 0  
2742 3  
2742 2  
2742 1  
2742 0  
2742 3  
2742 2  
2742 1  
2742 0  
2742 3  
2742 2  
2742 1  
2742 0  
2742 3  
2742 2  
2742 1  
2742 0  
2742 3  
2742 2  
2742 1  
2742 3  
2742 0  
2742 2  
2742 1  
2742 3  
2742 2  
2742 0  
2742 1  
2742 3  
2742 2  
2742 0  
2742 1  
2742 3  
2742 2  
2742 0  
2742 1  
2742 3  
2742 2  
2742 0  
2742 1  
2742 3  
2742 2  
2742 0  
2742 1  
2742 3  
2742 2  
2742 0  
2742 1  
2742 3  
2742 2  
2742 0  
2742 1  
2742 3  
2742 2  
2742 0  
2742 1  
2742 3  
2742 2  
2742 0  
2742 1  
2742 3  
2742 2  
2742 0  
2742 1  
2742 3  
2742 2  
2742 0  
2742 1  
2742 3  
2742 2  
2742 0  
2742 1  
2742 3  
2742 2  
2742 0  
2742 1  
2742 3  
2742 2  
2742 0  
2742 1  
2742 3  
2742 2  
2742 0  
2742 1  
2742 3  
2742 2  
2742 0  
2742 1  
2742 3  
2742 2  
2742 0  
2742 1  
2742 3  
2742 2  
2742 0  
2742 1  
2742 3  
2742 2  
2742 0  
2742 1  
2742 3  
2742 2  
2742 0  
2742 1  
2742 3  
2742 2  
2742 0  
2742 1  
2742 3  
2742 2  
2742 0  
2742 1  
2742 3  
2742 2  
2742 0  
2742 1  
2742 3  
2742 2  
2742 0  
2742 1  
