2 0  
3 1  
4 2  
5 3  
6 0  
7 1  
8 2  
9 3  
10 0  
11 1  
12 2  
13 3  
14 0  
15 1  
16 2  
17 3  
18 0  
19 1  
20 2  
21 3  
22 0  
23 1  
24 2  
25 3  
26 0  
27 1  
28 2  
29 3  
30 0  
31 1  
32 2  
33 3  
34 0  
35 1  
36 2  
37 3  
38 0  
39 1  
40 2  
41 3  
42 0  
43 1  
44 2  
45 3  
46 0  
47 1  
48 2  
49 3  
50 0  
51 1  
52 2  
53 3  
54 0  
55 1  
56 2  
57 3  
58 0  
59 1  
60 2  
61 3  
62 0  
63 1  
64 2  
65 3  
66 0  
67 1  
68 2  
69 3  
70 0  
71 1  
72 2  
73 3  
74 0  
75 1  
76 2  
77 3  
78 0  
79 1  
80 2  
81 3  
82 0  
83 1  
84 2  
85 3  
86 0  
87 1  
88 2  
89 3  
90 0  
91 1  
92 2  
93 3  
94 0  
95 1  
96 2  
97 3  
98 0  
99 1  
100 2  
101 3  
102 0  
103 1  
104 2  
105 3  
106 0  
107 1  
108 2  
109 3  
110 0  
111 1  
112 2  
113 3  
114 0  
115 1  
116 2  
117 3  
118 0  
119 1  
120 2  
121 3  
122 0  
123 1  
124 2  
125 3  
126 0  
127 1  
128 2  
129 3  
130 0  
131 1  
132 2  
133 3  
134 0  
135 1  
136 2  
137 3  
138 0  
139 1  
140 2  
141 3  
142 0  
143 1  
144 2  
145 3  
146 0  
147 1  
148 2  
149 3  
150 0  
151 1  
152 2  
153 3  
154 0  
155 1  
156 2  
157 3  
158 0  
159 1  
160 2  
161 3  
162 0  
163 1  
164 2  
165 3  
166 0  
167 1  
168 2  
169 3  
170 0  
171 1  
172 2  
173 3  
174 0  
175 1  
176 2  
177 3  
178 0  
179 1  
180 2  
181 3  
182 0  
183 1  
184 2  
185 3  
186 0  
187 1  
188 2  
189 3  
190 0  
191 1  
192 2  
193 3  
194 0  
195 1  
196 2  
197 3  
198 0  
199 1  
200 2  
201 3  
202 0  
203 1  
204 2  
205 3  
206 0  
207 1  
208 2  
209 3  
210 0  
211 1  
212 2  
213 3  
214 0  
215 1  
216 2  
217 3  
218 0  
219 1  
220 2  
221 3  
222 0  
223 1  
224 2  
225 3  
226 0  
227 1  
228 2  
229 3  
230 0  
231 1  
232 2  
233 3  
234 0  
235 1  
236 2  
237 3  
238 0  
239 1  
240 3  
241 2  
242 0  
243 3  
244 1  
245 2  
246 0  
247 3  
248 1  
249 2  
250 0  
251 3  
252 1  
253 0  
254 2  
255 3  
256 1  
257 0  
258 3  
259 2  
260 1  
261 0  
262 3  
263 1  
264 2  
265 0  
266 3  
267 1  
268 2  
269 0  
270 3  
271 1  
272 2  
273 0  
274 3  
275 1  
276 2  
277 0  
278 3  
279 1  
280 2  
281 0  
282 3  
283 1  
284 2  
285 0  
286 3  
287 1  
288 2  
289 0  
290 3  
291 1  
292 2  
293 0  
294 3  
295 1  
296 2  
297 0  
298 3  
299 1  
300 2  
301 0  
302 3  
303 1  
304 2  
305 0  
306 3  
307 1  
308 2  
309 0  
310 3  
311 1  
312 2  
313 0  
314 3  
315 1  
316 2  
317 0  
318 3  
319 1  
320 2  
321 0  
322 3  
323 1  
324 2  
325 0  
326 3  
327 1  
328 2  
329 0  
330 3  
331 1  
332 2  
333 0  
334 3  
335 1  
336 2  
337 0  
338 3  
339 1  
340 2  
341 0  
342 3  
343 1  
344 2  
345 0  
346 3  
347 1  
348 2  
349 0  
350 3  
351 1  
352 2  
353 0  
354 3  
355 1  
356 2  
357 0  
358 3  
359 1  
360 2  
361 0  
362 3  
363 1  
364 2  
365 0  
366 3  
367 1  
368 2  
369 0  
370 3  
371 1  
372 2  
373 0  
374 3  
375 1  
376 2  
377 0  
378 3  
379 1  
380 2  
381 0  
382 3  
383 1  
384 2  
385 0  
386 3  
387 1  
388 2  
389 0  
390 3  
391 1  
392 2  
393 0  
394 3  
395 1  
396 2  
397 0  
398 3  
399 1  
400 2  
401 0  
402 3  
403 1  
404 2  
405 0  
406 3  
407 1  
408 2  
409 0  
410 3  
411 1  
412 2  
413 0  
414 3  
415 1  
416 2  
417 0  
418 3  
419 1  
420 2  
421 0  
422 3  
423 1  
424 2  
425 0  
426 3  
427 1  
428 2  
429 0  
430 3  
431 2  
432 1  
433 0  
434 3  
435 2  
436 1  
437 0  
438 3  
439 2  
440 1  
441 0  
442 3  
443 2  
444 1  
445 0  
446 3  
447 2  
448 0  
449 1  
450 3  
451 2  
452 0  
453 1  
454 3  
455 2  
456 0  
457 3  
458 1  
459 2  
460 0  
461 3  
462 1  
463 2  
464 0  
465 3  
466 1  
467 2  
468 0  
469 3  
470 1  
471 2  
472 0  
473 3  
474 1  
475 2  
476 0  
477 3  
478 1  
479 2  
480 0  
481 3  
482 1  
483 0  
484 2  
485 3  
486 1  
487 0  
488 2  
489 3  
490 1  
491 0  
492 2  
493 3  
494 1  
495 0  
496 2  
497 3  
498 1  
499 0  
500 2  
501 3  
502 1  
503 0  
504 2  
505 3  
506 1  
507 0  
508 2  
509 3  
510 1  
511 0  
512 2  
513 3  
514 1  
515 0  
516 2  
517 3  
518 1  
519 0  
520 2  
521 3  
522 1  
523 0  
524 2  
525 3  
526 1  
527 0  
528 2  
529 3  
530 1  
531 0  
532 2  
533 3  
534 1  
535 2  
536 0  
537 3  
538 1  
539 2  
540 0  
541 3  
542 1  
543 2  
544 0  
545 3  
546 1  
547 2  
548 0  
549 3  
550 1  
551 2  
552 0  
553 3  
554 1  
555 2  
556 0  
557 3  
558 1  
559 2  
560 0  
561 3  
562 1  
563 2  
564 0  
565 3  
566 1  
567 2  
568 0  
569 3  
570 1  
571 2  
572 0  
573 3  
574 1  
575 2  
576 0  
577 3  
578 1  
579 2  
580 0  
581 3  
582 1  
583 2  
584 0  
585 3  
586 1  
587 2  
588 0  
589 3  
590 1  
591 2  
592 0  
593 3  
594 1  
595 2  
596 0  
597 3  
598 1  
599 2  
600 0  
601 3  
602 1  
603 2  
604 0  
605 3  
606 1  
607 2  
608 0  
609 3  
610 1  
611 2  
612 0  
613 3  
614 1  
615 2  
616 0  
617 3  
618 1  
619 2  
620 0  
621 3  
622 1  
623 2  
624 0  
625 3  
626 1  
627 2  
628 0  
629 3  
630 1  
631 2  
632 0  
633 3  
634 1  
635 2  
636 0  
637 3  
638 1  
639 2  
640 0  
641 3  
642 1  
643 2  
644 0  
645 3  
646 1  
647 2  
648 3  
649 0  
650 1  
651 2  
652 3  
653 0  
654 1  
655 2  
656 3  
657 0  
658 1  
659 2  
660 3  
661 0  
662 1  
663 2  
664 3  
665 0  
666 1  
667 2  
668 3  
669 0  
670 1  
671 2  
672 3  
673 0  
674 1  
675 2  
676 3  
677 0  
678 1  
679 2  
680 3  
681 0  
682 1  
683 2  
684 3  
685 0  
686 1  
687 2  
688 3  
689 0  
690 1  
691 2  
692 3  
693 0  
694 1  
695 2  
696 3  
697 0  
698 1  
699 2  
700 3  
701 0  
702 1  
703 2  
704 3  
705 0  
706 1  
707 2  
708 3  
709 0  
710 1  
711 2  
712 3  
713 0  
714 1  
715 2  
716 3  
717 0  
718 1  
719 2  
720 3  
721 0  
722 1  
723 3  
724 2  
725 0  
726 1  
727 3  
728 2  
729 0  
730 1  
731 3  
732 0  
733 2  
734 1  
735 3  
736 0  
737 1  
738 2  
739 3  
740 0  
741 1  
742 2  
743 3  
744 0  
745 1  
746 2  
747 3  
748 0  
749 1  
750 2  
751 3  
752 0  
753 1  
754 2  
755 3  
756 0  
757 1  
758 2  
759 3  
760 0  
761 1  
762 2  
763 3  
764 0  
765 1  
766 2  
767 3  
768 0  
769 1  
770 2  
771 3  
772 0  
773 1  
774 2  
775 3  
776 0  
777 1  
778 2  
779 3  
780 0  
781 1  
782 2  
783 3  
784 0  
785 1  
786 2  
787 3  
788 0  
789 1  
790 2  
791 3  
792 0  
793 1  
794 2  
795 3  
796 0  
797 1  
798 2  
799 3  
800 0  
801 1  
802 2  
803 3  
804 0  
805 1  
806 2  
807 3  
808 0  
809 1  
810 2  
811 3  
812 0  
813 1  
814 2  
815 3  
816 0  
817 1  
818 2  
819 3  
820 0  
821 1  
822 2  
823 3  
824 0  
825 1  
826 2  
827 3  
828 0  
829 2  
830 1  
831 3  
832 0  
833 2  
834 1  
835 3  
836 0  
837 2  
838 1  
839 3  
840 0  
841 2  
842 1  
843 3  
844 0  
845 2  
846 1  
847 3  
848 0  
849 2  
850 1  
851 3  
852 0  
853 2  
854 1  
855 3  
856 0  
857 2  
858 1  
859 3  
860 0  
861 2  
862 1  
863 3  
864 0  
865 2  
866 1  
867 3  
868 0  
869 2  
870 1  
871 3  
872 0  
873 2  
874 1  
875 0  
876 3  
877 2  
878 1  
879 0  
880 3  
881 2  
882 1  
883 0  
884 3  
885 2  
886 1  
887 0  
888 3  
889 2  
890 1  
891 0  
892 3  
893 2  
894 1  
895 0  
896 3  
897 2  
898 1  
899 0  
900 3  
901 2  
902 1  
903 0  
904 3  
905 2  
906 1  
907 0  
908 3  
909 2  
910 1  
911 0  
912 3  
913 2  
914 1  
915 0  
916 3  
917 2  
918 1  
919 0  
920 3  
921 2  
922 1  
923 0  
924 3  
925 2  
926 1  
927 0  
928 3  
929 2  
930 1  
931 0  
932 3  
933 2  
934 1  
935 0  
936 3  
937 1  
938 2  
939 0  
940 3  
941 1  
942 0  
943 2  
944 3  
945 1  
946 0  
947 2  
948 3  
949 1  
950 0  
951 2  
952 3  
953 1  
954 0  
955 2  
956 3  
957 1  
958 0  
959 2  
960 3  
961 1  
962 0  
963 2  
964 3  
965 1  
966 0  
967 2  
968 3  
969 1  
970 0  
971 2  
972 3  
973 1  
974 0  
975 2  
976 3  
977 1  
978 0  
979 2  
980 3  
981 1  
982 0  
983 2  
984 3  
985 1  
986 0  
987 2  
988 3  
989 1  
990 0  
991 2  
992 3  
993 1  
994 0  
995 2  
996 3  
997 1  
998 0  
999 2  
1000 3  
1001 1  
1002 0  
1003 2  
1004 3  
1005 1  
1006 0  
1007 2  
1008 3  
1009 1  
1010 2  
1011 0  
1012 3  
1013 1  
1014 2  
1015 0  
1016 3  
1017 1  
1018 2  
1019 0  
1020 3  
1021 2  
1022 1  
1023 0  
1024 3  
1025 2  
1026 1  
1027 0  
1028 3  
1029 2  
1030 0  
1031 1  
1032 3  
1033 2  
1034 0  
1035 1  
1036 3  
1037 2  
1038 0  
1039 1  
1040 3  
1041 2  
1042 0  
1043 1  
1044 3  
1045 2  
1046 0  
1047 1  
1048 3  
1049 2  
1050 0  
1051 1  
1052 3  
1053 2  
1054 0  
1055 1  
1056 3  
1057 2  
1058 0  
1059 1  
1060 3  
1061 2  
1062 0  
1063 1  
1064 3  
1065 2  
1066 0  
1067 1  
1068 3  
1069 2  
1070 0  
1071 1  
1072 3  
1073 2  
1074 0  
1075 1  
1076 3  
1077 2  
1078 0  
1079 1  
1080 3  
1081 2  
1082 0  
1083 1  
1084 3  
1085 2  
1086 0  
1087 1  
1088 3  
1089 2  
1090 0  
1091 1  
1092 3  
1093 2  
1094 0  
1095 1  
1096 3  
1097 2  
1098 0  
1099 1  
1100 3  
1101 2  
1102 0  
1103 1  
1104 3  
1105 2  
1106 0  
1107 1  
1108 3  
1109 2  
1110 0  
1111 1  
1112 3  
1113 2  
1114 0  
1115 1  
1116 3  
1117 2  
1118 0  
1119 1  
1120 3  
1121 2  
1122 0  
1123 1  
1124 3  
1125 2  
1126 0  
1127 1  
1128 3  
1129 2  
1130 0  
1131 1  
1132 3  
1133 2  
1134 0  
1135 1  
1136 3  
1137 2  
1138 0  
1139 1  
1140 3  
1141 2  
1142 0  
1143 1  
1144 3  
1145 2  
1146 0  
1147 1  
1148 3  
1149 0  
1150 2  
1151 1  
1152 3  
1153 0  
1154 2  
1155 1  
1156 3  
1157 0  
1158 2  
1159 1  
1160 3  
1161 0  
1162 2  
1163 1  
1164 3  
1165 0  
1166 2  
1167 1  
1168 3  
1169 0  
1170 2  
1171 1  
1172 3  
1173 0  
1174 2  
1175 1  
1176 3  
1177 0  
1178 2  
1179 1  
1180 3  
1181 0  
1182 2  
1183 1  
1184 3  
1185 0  
1186 2  
1187 1  
1188 3  
1189 0  
1190 2  
1191 1  
1192 0  
1193 3  
1194 2  
1195 1  
1196 0  
1197 2  
1198 3  
1199 1  
1200 0  
1201 2  
1202 3  
1203 1  
1204 0  
1205 2  
1206 3  
1207 1  
1208 0  
1209 2  
1210 3  
1211 1  
1212 0  
1213 2  
1214 3  
1215 1  
1216 0  
1217 2  
1218 3  
1219 1  
1220 0  
1221 2  
1222 3  
1223 1  
1224 0  
1225 2  
1226 3  
1227 1  
1228 0  
1229 2  
1230 3  
1231 1  
1232 0  
1233 2  
1234 3  
1235 1  
1236 0  
1237 2  
1238 3  
1239 1  
1240 0  
1241 2  
1242 3  
1243 1  
1244 0  
1245 2  
1246 3  
1247 1  
1248 0  
1249 2  
1250 3  
1251 1  
1252 0  
1253 2  
1254 3  
1255 1  
1256 0  
1257 2  
1258 3  
1259 1  
1260 0  
1261 2  
1262 3  
1263 1  
1264 0  
1265 2  
1266 3  
1267 1  
1268 0  
1269 2  
1270 3  
1271 1  
1272 0  
1273 2  
1274 3  
1275 1  
1276 0  
1277 2  
1278 3  
1279 1  
1280 0  
1281 2  
1282 3  
1283 1  
1284 0  
1285 2  
1286 1  
1287 3  
1288 0  
1289 2  
1290 1  
1291 3  
1292 0  
1293 2  
1294 1  
1295 3  
1296 0  
1297 2  
1298 1  
1299 3  
1300 0  
1301 2  
1302 1  
1303 3  
1304 0  
1305 2  
1306 1  
1307 3  
1308 0  
1309 2  
1310 1  
1311 3  
1312 0  
1313 2  
1314 1  
1315 3  
1316 0  
1317 2  
1318 1  
1319 3  
1320 0  
1321 2  
1322 1  
1323 3  
1324 0  
1325 2  
1326 1  
1327 3  
1328 0  
1329 2  
1330 1  
1331 3  
1332 0  
1333 2  
1334 1  
1335 3  
1336 0  
1337 2  
1338 1  
1339 3  
1340 0  
1341 2  
1342 1  
1343 3  
1344 0  
1345 2  
1346 1  
1347 3  
1348 0  
1349 2  
1350 1  
1351 3  
1352 0  
1353 2  
1354 1  
1355 3  
1356 0  
1357 2  
1358 1  
1359 3  
1360 0  
1361 2  
1362 1  
1363 3  
1364 0  
1365 2  
1366 1  
1367 3  
1368 0  
1369 2  
1370 1  
1371 3  
1372 0  
1373 2  
1374 1  
1375 3  
1376 0  
1377 2  
1378 1  
1379 3  
1380 0  
1381 2  
1382 1  
1383 3  
1384 0  
1385 2  
1386 1  
1387 3  
1388 0  
1389 2  
1390 1  
1391 3  
1392 0  
1393 2  
1394 1  
1395 3  
1396 0  
1397 2  
1398 1  
1399 3  
1400 0  
1401 2  
1402 1  
1403 3  
1404 0  
1405 2  
1406 1  
1407 3  
1408 0  
1409 2  
1410 1  
1411 3  
1412 0  
1413 2  
1414 1  
1415 3  
1416 0  
1417 2  
1418 1  
1419 3  
1420 0  
1421 2  
1422 1  
1423 3  
1424 0  
1425 2  
1426 1  
1427 3  
1428 0  
1429 2  
1430 1  
1431 3  
1432 0  
1433 2  
1434 1  
1435 3  
1436 0  
1437 2  
1438 1  
1439 3  
1440 0  
1441 2  
1442 1  
1443 3  
1444 0  
1445 2  
1446 1  
1447 3  
1448 0  
1449 2  
1450 1  
1451 3  
1452 0  
1453 2  
1454 1  
1455 3  
1456 0  
1457 2  
1458 1  
1459 3  
1460 0  
1461 2  
1462 1  
1463 3  
1464 0  
1465 2  
1466 1  
1467 3  
1468 0  
1469 2  
1470 1  
1471 3  
1472 0  
1473 2  
1474 1  
1475 3  
1476 0  
1477 2  
1478 1  
1479 3  
1480 0  
1481 2  
1482 1  
1483 3  
1484 0  
1485 2  
1486 1  
1487 3  
1488 0  
1489 2  
1490 1  
1491 3  
1492 0  
1493 2  
1494 1  
1495 3  
1496 0  
1497 2  
1498 1  
1499 3  
1500 0  
1501 2  
1502 1  
1503 3  
1504 0  
1505 2  
1506 1  
1507 3  
1508 0  
1509 2  
1510 1  
1511 3  
1512 0  
1513 2  
1514 1  
1515 3  
1516 0  
1517 2  
1518 1  
1519 3  
1520 0  
1521 2  
1522 1  
1523 3  
1524 0  
1525 2  
1526 1  
1527 3  
1528 0  
1529 2  
1530 1  
1531 3  
1532 0  
1533 2  
1534 1  
1535 3  
1536 0  
1537 2  
1538 1  
1539 3  
1540 0  
1541 2  
1542 1  
1543 3  
1544 0  
1545 2  
1546 1  
1547 3  
1548 0  
1549 2  
1550 1  
1551 3  
1552 0  
1553 2  
1554 1  
1555 3  
1556 0  
1557 2  
1558 1  
1559 3  
1560 0  
1561 2  
1562 1  
1563 3  
1564 0  
1565 2  
1566 1  
1567 3  
1568 0  
1569 2  
1570 1  
1571 3  
1572 0  
1573 2  
1574 1  
1575 3  
1576 0  
1577 2  
1578 1  
1579 3  
1580 0  
1581 2  
1582 1  
1583 3  
1584 0  
1585 2  
1586 1  
1587 3  
1588 0  
1589 2  
1590 1  
1591 3  
1592 0  
1593 2  
1594 1  
1595 3  
1596 0  
1597 2  
1598 1  
1599 3  
1600 0  
1601 2  
1602 1  
1603 3  
1604 0  
1605 2  
1606 1  
1607 3  
1608 0  
1609 2  
1610 1  
1611 3  
1612 0  
1613 2  
1614 1  
1615 3  
1616 0  
1617 2  
1618 1  
1619 3  
1620 0  
1621 2  
1622 1  
1623 3  
1624 0  
1625 2  
1626 1  
1627 3  
1628 0  
1629 2  
1630 1  
1631 3  
1632 0  
1633 2  
1634 1  
1635 3  
1636 0  
1637 2  
1638 1  
1639 3  
1640 0  
1641 2  
1642 1  
1643 3  
1644 0  
1645 2  
1646 1  
1647 3  
1648 0  
1649 2  
1650 1  
1651 3  
1652 0  
1653 2  
1654 1  
1655 3  
1656 0  
1657 2  
1658 1  
1659 3  
1660 0  
1661 2  
1662 1  
1663 3  
1664 0  
1665 2  
1666 1  
1667 3  
1668 0  
1669 1  
1670 2  
1671 3  
1672 0  
1673 1  
1674 2  
1675 3  
1676 0  
1677 1  
1678 3  
1679 2  
1680 0  
1681 1  
1682 3  
1683 0  
1684 2  
1685 1  
1686 3  
1687 0  
1688 2  
1689 1  
1690 3  
1691 0  
1692 2  
1693 1  
1694 3  
1695 0  
1696 2  
1697 1  
1698 3  
1699 0  
1700 2  
1701 1  
1702 3  
1703 0  
1704 2  
1705 1  
1706 3  
1707 0  
1708 2  
1709 1  
1710 3  
1711 0  
1712 2  
1713 1  
1714 3  
1715 0  
1716 2  
1717 1  
1718 3  
1719 0  
1720 2  
1721 1  
1722 3  
1723 0  
1724 2  
1725 1  
1726 3  
1727 0  
1728 2  
1729 1  
1730 3  
1731 0  
1732 2  
1733 1  
1734 3  
1735 0  
1736 2  
1737 1  
1738 3  
1739 0  
1740 2  
1741 1  
1742 3  
1743 0  
1744 2  
1745 1  
1746 3  
1747 0  
1748 2  
1749 1  
1750 3  
1751 0  
1752 2  
1753 1  
1754 3  
1755 0  
1756 2  
1757 1  
1758 3  
1759 0  
1760 2  
1761 1  
1762 3  
1763 0  
1764 2  
1765 1  
1766 3  
1767 0  
1768 2  
1769 1  
1770 3  
1771 0  
1772 2  
1773 1  
1774 3  
1775 0  
1776 2  
1777 1  
1778 3  
1779 0  
1780 2  
1781 1  
1782 3  
1783 0  
1784 2  
1785 1  
1786 3  
1787 0  
1788 2  
1789 1  
1790 3  
1791 0  
1792 2  
1793 1  
1794 3  
1795 0  
1796 2  
1797 1  
1798 3  
1799 0  
1800 2  
1801 1  
1802 3  
1803 0  
1804 2  
1805 1  
1806 3  
1807 0  
1808 2  
1809 1  
1810 3  
1811 0  
1812 2  
1813 1  
1814 3  
1815 0  
1816 2  
1817 1  
1818 3  
1819 0  
1820 2  
1821 1  
1822 3  
1823 0  
1824 2  
1825 1  
1826 3  
1827 0  
1828 2  
1829 1  
1830 3  
1831 0  
1832 2  
1833 1  
1834 3  
1835 0  
1836 2  
1837 1  
1838 3  
1839 0  
1840 2  
1841 1  
1842 3  
1843 0  
1844 2  
1845 1  
1846 3  
1847 0  
1848 2  
1849 1  
1850 3  
1851 0  
1852 2  
1853 1  
1854 3  
1855 0  
1856 2  
1857 1  
1858 3  
1859 0  
1860 2  
1861 1  
1862 3  
1863 0  
1864 2  
1865 1  
1866 3  
1867 0  
1868 2  
1869 1  
1870 3  
1871 0  
1872 2  
1873 1  
1874 3  
1875 0  
1876 2  
1877 1  
1878 3  
1879 0  
1880 2  
1881 1  
1882 3  
1883 0  
1884 2  
1885 1  
1886 3  
1887 0  
1888 2  
1889 1  
1890 3  
1891 0  
1892 2  
1893 1  
1894 3  
1895 0  
1896 2  
1897 1  
1898 3  
1899 0  
1900 2  
1901 1  
1902 3  
1903 0  
1904 2  
1905 1  
1906 3  
1907 0  
1908 2  
1909 1  
1910 3  
1911 0  
1912 2  
1913 1  
1914 3  
1915 0  
1916 2  
1917 1  
1918 3  
1919 0  
1920 2  
1921 1  
1922 3  
1923 0  
1924 2  
1925 1  
1926 3  
1927 0  
1928 2  
1929 1  
1930 3  
1931 0  
1932 2  
1933 1  
1934 3  
1935 0  
1936 2  
1937 1  
1938 3  
1939 0  
1940 2  
1941 1  
1942 3  
1943 0  
1944 2  
1945 1  
1946 3  
1947 0  
1948 2  
1949 1  
1950 3  
1951 0  
1952 2  
1953 1  
1954 3  
1955 0  
1956 2  
1957 1  
1958 3  
1959 0  
1960 2  
1961 1  
1962 3  
1963 0  
1964 2  
1965 1  
1966 3  
1967 0  
1968 2  
1969 1  
1970 3  
1971 0  
1972 2  
1973 1  
1974 3  
1975 0  
1976 2  
1977 1  
1978 3  
1979 0  
1980 2  
1981 1  
1982 3  
1983 0  
1984 2  
1985 1  
1986 3  
1987 0  
1988 2  
1989 1  
1990 3  
1991 0  
1992 2  
1993 1  
1994 3  
1995 0  
1996 2  
1997 1  
1998 3  
1999 0  
2000 2  
2001 1  
2002 3  
2003 0  
2004 2  
2005 1  
2006 3  
2007 0  
2008 2  
2009 1  
2010 3  
2011 0  
2012 2  
2013 1  
2014 3  
2015 0  
2016 2  
2017 1  
2018 3  
2019 0  
2020 2  
2021 1  
2022 3  
2023 0  
2024 2  
2025 1  
2026 3  
2027 0  
2028 2  
2029 1  
2030 3  
2031 0  
2032 2  
2033 1  
2034 3  
2035 0  
2036 2  
2037 1  
2038 3  
2039 0  
2040 2  
2041 1  
2042 3  
2043 0  
2044 2  
2045 1  
2046 3  
2047 0  
2048 2  
2049 1  
2050 3  
2051 0  
2052 2  
2053 1  
2054 3  
2055 0  
2056 2  
2057 1  
2058 3  
2059 0  
2060 2  
2061 1  
2062 3  
2063 0  
2064 2  
2065 1  
2066 3  
2067 0  
2068 2  
2069 1  
2070 3  
2071 0  
2072 2  
2073 1  
2074 3  
2075 0  
2076 2  
2077 1  
2078 3  
2079 0  
2080 2  
2081 1  
2082 3  
2083 0  
2084 2  
2085 1  
2086 3  
2087 0  
2088 2  
2089 1  
2090 3  
2091 0  
2092 2  
2093 1  
2094 3  
2095 0  
2096 2  
2097 1  
2098 3  
2099 0  
2100 2  
2101 1  
2102 3  
2103 0  
2104 2  
2105 1  
2106 0  
2107 3  
2108 2  
2109 1  
2110 0  
2111 3  
2112 2  
2113 1  
2114 0  
2115 3  
2116 2  
2117 1  
2118 0  
2119 3  
2120 1  
2121 2  
2122 0  
2123 3  
2124 1  
2125 2  
2126 0  
2127 3  
2128 1  
2129 2  
2130 0  
2131 3  
2132 1  
2133 2  
2134 0  
2135 3  
2136 1  
2137 0  
2138 2  
2139 3  
2140 1  
2141 0  
2142 2  
2143 3  
2144 1  
2145 0  
2146 2  
2147 3  
2148 1  
2149 0  
2150 2  
2151 3  
2152 1  
2153 0  
2154 2  
2155 3  
2156 1  
2157 0  
2158 2  
2159 3  
2160 1  
2161 0  
2162 2  
2163 3  
2164 1  
2165 0  
2166 2  
2167 3  
2168 1  
2169 0  
2170 2  
2171 3  
2172 1  
2173 0  
2174 2  
2175 3  
2176 1  
2177 0  
2178 2  
2179 3  
2180 1  
2181 0  
2182 2  
2183 3  
2184 1  
2185 0  
2186 2  
2187 3  
2188 1  
2189 0  
2190 2  
2191 3  
2192 1  
2193 0  
2194 2  
2195 3  
2196 1  
2197 0  
2198 2  
2199 3  
2200 1  
2201 0  
2202 2  
2203 3  
2204 1  
2205 0  
2206 2  
2207 3  
2208 1  
2209 0  
2210 2  
2211 3  
2212 1  
2213 0  
2214 2  
2215 3  
2216 1  
2217 0  
2218 2  
2219 3  
2220 1  
2221 0  
2222 2  
2223 3  
2224 1  
2225 0  
2226 2  
2227 3  
2228 1  
2229 0  
2230 2  
2231 3  
2232 1  
2233 0  
2234 2  
2235 3  
2236 1  
2237 0  
2238 2  
2239 3  
2240 1  
2241 0  
2242 2  
2243 3  
2244 1  
2245 0  
2246 2  
2247 3  
2248 1  
2249 0  
2250 2  
2251 3  
2252 1  
2253 0  
2254 2  
2255 3  
2256 1  
2257 0  
2258 2  
2259 3  
2260 1  
2261 0  
2262 2  
2263 3  
2264 1  
2265 0  
2266 2  
2267 3  
2268 1  
2269 0  
2270 2  
2271 3  
2272 1  
2273 0  
2274 2  
2275 3  
2276 1  
2277 0  
2278 2  
2279 3  
2280 1  
2281 0  
2282 2  
2283 3  
2284 1  
2285 0  
2286 2  
2287 3  
2288 1  
2289 0  
2290 2  
2291 3  
2292 1  
2293 0  
2294 2  
2295 3  
2296 1  
2297 0  
2298 2  
2299 3  
2300 1  
2301 0  
2302 2  
2303 3  
2304 1  
2305 0  
2306 2  
2307 3  
2308 1  
2309 0  
2310 2  
2311 3  
2312 0  
2313 1  
2314 2  
2315 3  
2316 0  
2317 1  
2318 2  
2319 3  
2320 0  
2321 1  
2322 3  
2323 2  
2324 0  
2325 3  
2326 1  
2327 2  
2328 0  
2329 3  
2330 1  
2331 0  
2332 2  
2333 3  
2334 1  
2335 0  
2336 2  
2337 3  
2338 1  
2339 0  
2340 2  
2341 3  
2342 1  
2343 0  
2344 3  
2345 2  
2346 1  
2347 0  
2348 3  
2349 1  
2350 2  
2351 0  
2352 3  
2353 1  
2354 2  
2355 0  
2356 3  
2357 1  
2358 2  
2359 0  
2360 3  
2361 1  
2362 2  
2363 0  
2364 3  
2365 1  
2366 2  
2367 0  
2368 3  
2369 1  
2370 2  
2371 0  
2372 3  
2373 1  
2374 2  
2375 0  
2376 3  
2377 1  
2378 2  
2379 0  
2380 3  
2381 1  
2382 2  
2383 0  
2384 3  
2385 1  
2386 2  
2387 0  
2388 3  
2389 1  
2390 2  
2391 0  
2392 3  
2393 1  
2394 2  
2395 0  
2396 3  
2397 1  
2398 2  
2399 0  
2400 3  
2401 1  
2402 2  
2403 0  
2404 3  
2405 1  
2406 2  
2407 0  
2408 3  
2409 1  
2410 2  
2411 0  
2412 3  
2413 1  
2414 2  
2415 0  
2416 3  
2417 1  
2418 2  
2419 0  
2420 3  
2421 1  
2422 2  
2423 0  
2424 3  
2425 1  
2426 2  
2427 0  
2428 3  
2429 1  
2430 2  
2431 0  
2432 3  
2433 1  
2434 2  
2435 0  
2436 3  
2437 1  
2438 2  
2439 0  
2440 3  
2441 1  
2442 2  
2443 0  
2444 3  
2445 1  
2446 2  
2447 0  
2448 3  
2449 1  
2450 2  
2451 0  
2452 3  
2453 1  
2454 2  
2455 0  
2456 3  
2457 1  
2458 2  
2459 0  
2460 3  
2461 1  
2462 2  
2463 0  
2464 3  
2465 1  
2466 2  
2467 0  
2468 3  
2469 1  
2470 2  
2471 0  
2472 3  
2473 1  
2474 2  
2475 0  
2476 3  
2477 1  
2478 2  
2479 0  
2480 3  
2481 1  
2482 2  
2483 0  
2484 3  
2485 1  
2486 2  
2487 0  
2488 3  
2489 1  
2490 2  
2491 0  
2492 3  
2493 1  
2494 2  
2495 0  
2496 3  
2497 1  
2498 2  
2499 0  
2500 3  
2501 1  
2502 2  
2503 0  
2504 3  
2505 1  
2506 2  
2507 0  
2508 3  
2509 1  
2510 2  
2511 0  
2512 3  
2513 1  
2514 2  
2515 0  
2516 3  
2517 1  
2518 2  
2519 0  
2520 3  
2521 1  
2522 2  
2523 0  
2524 3  
2525 1  
2526 2  
2527 0  
2528 3  
2529 1  
2530 2  
2531 0  
2532 3  
2533 1  
2534 2  
2535 0  
2536 3  
2537 1  
2538 2  
2539 0  
2540 3  
2541 1  
2542 2  
2543 0  
2544 3  
2545 1  
2546 2  
2547 0  
2548 3  
2549 1  
2550 2  
2551 0  
2552 3  
2553 1  
2554 2  
2555 0  
2556 3  
2557 1  
2558 2  
2559 0  
2560 3  
2561 1  
2562 2  
2563 0  
2564 3  
2565 1  
2566 2  
2567 0  
2568 3  
2569 1  
2570 2  
2571 0  
2572 3  
2573 1  
2574 2  
2575 0  
2576 3  
2577 1  
2578 2  
2579 0  
2580 3  
2581 1  
2582 2  
2583 0  
2584 3  
2585 1  
2586 2  
2587 0  
2588 3  
2589 1  
2590 2  
2591 0  
2592 3  
2593 1  
2594 2  
2595 0  
2596 3  
2597 1  
2598 2  
2599 0  
2600 3  
2601 1  
2602 2  
2603 0  
2604 3  
2605 1  
2606 2  
2607 0  
2608 3  
2609 1  
2610 2  
2611 0  
2612 3  
2613 1  
2614 2  
2615 0  
2616 3  
2617 1  
2618 2  
2619 0  
2620 3  
2621 1  
2622 2  
2623 0  
2624 3  
2625 1  
2626 2  
2627 0  
2628 3  
2629 1  
2630 2  
2631 0  
2632 3  
2633 1  
2634 2  
2635 0  
2636 3  
2637 1  
2638 2  
2639 0  
2640 3  
2641 1  
2642 2  
2643 0  
2644 3  
2645 1  
2646 2  
2647 0  
2648 3  
2649 1  
2650 2  
2651 0  
2652 3  
2653 1  
2654 2  
2655 0  
2656 3  
2657 1  
2658 2  
2659 0  
2660 3  
2661 1  
2662 2  
2663 0  
2664 3  
2665 1  
2666 2  
2667 0  
2668 3  
2669 1  
2670 2  
2671 0  
2672 3  
2673 1  
2674 2  
2675 0  
2676 3  
2677 1  
2678 2  
2679 0  
2680 3  
2681 1  
2682 2  
2683 0  
2684 3  
2685 1  
2686 2  
2687 0  
2688 3  
2689 1  
2690 2  
2691 0  
2692 3  
2693 1  
2694 2  
2695 0  
2696 3  
2697 1  
2698 2  
2699 0  
2700 3  
2701 1  
2702 2  
2703 0  
2704 3  
2705 1  
2706 2  
2707 0  
2708 3  
2709 1  
2710 2  
2711 0  
2712 1  
2713 3  
2714 2  
2715 0  
2716 1  
2717 3  
2718 2  
2719 0  
2720 1  
2721 3  
2722 2  
2723 0  
2724 1  
2725 3  
2726 2  
2727 0  
2728 1  
2729 3  
2730 0  
2731 2  
2732 1  
2733 3  
2734 0  
2735 1  
2736 2  
2737 3  
2738 0  
2739 1  
2740 3  
2741 2  
2742 0  
2743 1  
2744 3  
2745 2  
2746 0  
2747 1  
2748 3  
2749 2  
2750 0  
2751 1  
2752 3  
2753 2  
2754 0  
2755 1  
2756 3  
2757 2  
2758 0  
2759 1  
2760 3  
2761 2  
2762 0  
2763 1  
2764 3  
2765 2  
2766 0  
2767 1  
2768 3  
2769 2  
2770 0  
2771 1  
2772 3  
2773 2  
2774 0  
2775 1  
2776 3  
2777 2  
2778 0  
2779 1  
2780 3  
2781 2  
2782 0  
2783 1  
2784 3  
2785 2  
2786 0  
2787 1  
2788 3  
2789 2  
2790 0  
2791 1  
2792 3  
2793 2  
2794 0  
2795 1  
2796 3  
2797 2  
2798 0  
2799 1  
2800 3  
2801 2  
2802 0  
2803 1  
2804 3  
2805 2  
2806 0  
2807 1  
2808 3  
2809 2  
2810 0  
2811 1  
2812 3  
2813 2  
2814 0  
2815 1  
2816 3  
2817 2  
2818 0  
2819 1  
2820 3  
2821 2  
2822 0  
2823 1  
2824 3  
2825 2  
2826 0  
2827 1  
2828 3  
2829 2  
2830 0  
2831 1  
2832 3  
2833 2  
2834 0  
2835 1  
2836 3  
2837 2  
2838 0  
2839 1  
2840 3  
2841 2  
2842 0  
2843 1  
2844 3  
2845 2  
2846 0  
