2 0
3 1
4 3
5 2
6 0
7 1
8 3
9 2
10 0
11 1
12 3
13 2
14 0
15 1
16 3
17 2
18 0
19 1
20 3
21 2
22 0
23 1
24 3
25 2
26 0
27 1
28 3
29 2
30 0
31 1
32 3
33 2
34 0
35 1
36 3
37 2
38 0
39 1
40 3
41 2
42 0
43 1
44 3
45 2
46 0
47 1
48 3
49 2
50 0
51 1
52 3
53 2
54 0
55 1
56 3
57 2
58 0
59 1
60 3
61 2
62 0
63 1
64 3
65 2
66 0
67 1
68 3
69 2
70 0
71 1
72 3
73 2
74 0
75 1
76 3
77 2
78 0
79 1
80 3
81 2
82 0
83 1
84 3
85 2
86 0
87 1
88 3
89 2
90 0
91 1
92 3
93 2
94 0
95 1
96 3
97 2
98 0
99 1
100 3
101 2
102 0
103 1
104 3
105 2
106 0
107 1
108 3
109 2
110 0
111 1
112 2
113 3
114 0
115 1
116 2
117 3
118 0
119 1
120 2
121 3
122 0
123 1
124 2
125 3
126 0
127 1
128 2
129 3
130 0
131 1
132 2
133 3
134 0
135 1
136 2
137 3
138 0
139 1
140 2
141 3
142 0
143 1
144 2
145 3
146 0
147 1
148 2
149 3
150 0
151 1
152 2
153 3
154 0
155 1
156 2
157 3
158 0
159 1
160 2
161 3
162 0
163 1
164 2
165 3
166 0
167 1
168 2
169 3
170 0
171 1
172 2
173 3
174 0
175 1
176 2
177 3
178 0
179 1
180 2
181 3
182 0
183 1
184 2
185 3
186 0
187 1
188 2
189 3
190 0
191 1
192 2
193 3
194 0
195 1
196 2
197 3
198 0
199 1
200 2
201 3
202 0
203 1
204 2
205 3
206 0
207 1
208 2
209 3
210 0
211 1
212 2
213 3
214 0
215 1
216 2
217 3
218 0
219 1
220 3
221 2
222 0
223 1
224 3
225 2
226 0
227 1
228 3
229 2
230 0
231 1
232 3
233 2
234 0
235 1
236 3
237 2
238 0
239 1
240 3
241 2
242 0
243 1
244 3
245 2
246 0
247 1
248 3
249 2
250 0
251 1
252 3
253 2
254 0
255 1
256 3
257 2
258 0
259 1
260 3
261 2
262 0
263 1
264 3
265 2
266 0
267 1
268 3
269 2
270 0
271 1
272 3
273 2
274 0
275 1
276 3
277 2
278 0
279 1
280 3
281 2
282 0
283 1
284 3
285 2
286 0
287 1
288 3
289 2
290 0
291 1
292 3
293 2
294 0
295 1
296 3
297 2
298 0
299 1
300 3
301 2
302 0
303 1
304 3
305 2
306 0
307 1
308 3
309 2
310 0
311 1
312 3
313 2
314 0
315 1
316 3
317 2
318 0
319 1
320 3
321 2
322 0
323 1
324 3
325 2
326 0
327 1
328 3
329 2
330 0
331 1
332 3
333 2
334 0
335 1
336 3
337 2
338 0
339 1
340 3
341 2
342 0
343 1
344 3
345 2
346 0
347 1
348 3
349 2
350 0
351 1
352 3
353 2
354 0
355 1
356 3
357 2
358 0
359 1
360 3
361 2
362 0
363 1
364 3
365 2
366 0
367 1
368 3
369 2
370 0
371 1
372 3
373 2
374 0
375 1
376 3
377 2
378 0
379 1
380 3
381 2
382 0
383 1
384 3
385 2
386 0
387 1
388 3
389 2
390 0
391 1
392 3
393 2
394 0
395 1
396 3
397 2
398 0
399 1
400 3
401 2
402 0
403 1
404 3
405 2
406 0
407 1
408 3
409 2
410 0
411 1
412 3
413 2
414 0
415 1
416 3
417 2
418 0
419 1
420 3
421 2
422 0
423 1
424 3
425 2
426 0
427 1
428 3
429 2
430 0
431 1
432 3
433 2
434 0
435 1
436 3
437 2
438 0
439 1
440 3
441 2
442 0
443 1
444 3
445 2
446 0
447 1
448 3
449 2
450 0
451 1
452 3
453 2
454 0
455 1
456 3
457 2
458 0
459 1
460 3
461 2
462 1
463 0
464 3
465 2
466 1
467 0
468 3
469 2
470 1
471 0
472 3
473 2
474 1
475 0
476 3
477 2
478 1
479 0
480 3
481 2
482 1
483 0
484 3
485 2
486 1
487 0
488 3
489 2
490 1
491 0
492 3
493 2
494 1
495 0
496 3
497 2
498 1
499 0
500 3
501 2
502 1
503 0
504 3
505 2
506 1
507 0
508 3
509 2
510 1
511 0
512 3
513 2
514 1
515 0
516 3
517 2
518 1
519 0
520 3
521 2
522 1
523 0
524 3
525 2
526 1
527 0
528 3
529 2
530 1
531 0
532 3
533 2
534 1
535 0
536 3
537 2
538 1
539 0
540 3
541 2
542 1
543 0
544 3
545 2
546 1
547 0
548 3
549 2
550 1
551 0
552 3
553 2
554 1
555 0
556 3
557 2
558 1
559 0
560 3
561 2
562 1
563 0
564 3
565 2
566 1
567 0
568 3
569 2
570 1
571 0
572 3
573 2
574 1
575 0
576 3
577 2
578 1
579 0
580 3
581 2
582 1
583 0
584 3
585 2
586 1
587 0
588 3
589 2
590 1
591 0
592 3
593 2
594 1
595 0
596 3
597 2
598 1
599 0
600 3
601 2
602 1
603 0
604 3
605 2
606 1
607 0
608 3
609 2
610 1
611 0
612 3
613 2
614 1
615 0
616 2
617 3
618 1
619 0
620 2
621 3
622 1
623 0
624 2
625 3
626 1
627 0
628 2
629 3
630 1
631 0
632 2
633 3
634 1
635 0
636 2
637 3
638 1
639 0
640 2
641 3
642 1
643 0
644 2
645 3
646 1
647 0
648 2
649 3
650 1
651 0
652 2
653 3
654 1
655 0
656 2
657 3
658 1
659 0
660 2
661 3
662 1
663 0
664 2
665 3
666 1
667 0
668 2
669 3
670 1
671 0
672 2
673 3
674 1
675 0
676 2
677 3
678 1
679 0
680 2
681 3
682 1
683 0
684 2
685 3
686 1
687 0
688 2
689 3
690 1
691 0
692 2
693 3
694 1
695 0
696 2
697 3
698 1
699 0
700 2
701 3
702 1
703 0
704 2
705 3
706 1
707 0
708 2
709 3
710 1
711 0
712 2
713 3
714 1
715 0
716 2
717 3
718 1
719 0
720 2
721 3
722 1
723 0
724 2
725 3
726 1
727 0
728 2
729 3
730 1
731 0
732 2
733 3
734 1
735 0
736 2
737 3
738 1
739 0
740 2
741 3
742 1
743 0
744 2
745 3
746 1
747 0
748 2
749 3
750 1
751 0
752 2
753 3
754 1
755 0
756 2
757 3
758 1
759 0
760 2
761 3
762 1
763 0
764 2
765 1
766 3
767 0
768 2
769 1
770 3
771 0
772 2
773 1
774 3
775 0
776 2
777 1
778 3
779 0
780 2
781 1
782 3
783 0
784 2
785 1
786 3
787 0
788 2
789 1
790 3
791 0
792 2
793 1
794 3
795 0
796 2
797 1
798 3
799 0
800 2
801 1
802 3
803 0
804 2
805 1
806 3
807 0
808 2
809 1
810 3
811 0
812 2
813 1
814 3
815 0
816 2
817 1
818 3
819 0
820 2
821 1
822 3
823 0
824 2
825 1
826 3
827 0
828 2
829 1
830 3
831 0
832 2
833 1
834 3
835 0
836 2
837 1
838 3
839 0
840 2
841 1
842 3
843 0
844 2
845 1
846 3
847 0
848 2
849 1
850 3
851 0
852 2
853 1
854 3
855 0
856 2
857 1
858 3
859 0
860 2
861 1
862 3
863 0
864 2
865 1
866 3
867 0
868 2
869 3
870 1
871 0
872 2
873 3
874 1
875 0
876 2
877 3
878 1
879 0
880 2
881 3
882 1
883 0
884 2
885 3
886 1
887 0
888 2
889 3
890 1
891 0
892 2
893 3
894 1
895 0
896 2
897 3
898 1
899 0
900 2
901 3
902 1
903 0
904 2
905 3
906 1
907 0
908 3
909 2
910 1
911 0
912 3
913 2
914 1
915 0
916 3
917 2
918 1
919 0
920 3
921 1
922 2
923 0
924 3
925 1
926 0
927 2
928 3
929 1
930 0
931 2
932 3
933 1
934 0
935 2
936 3
937 1
938 0
939 2
940 3
941 1
942 0
943 2
944 3
945 1
946 0
947 2
948 3
949 1
950 0
951 2
952 3
953 1
954 0
955 2
956 3
957 1
958 0
959 2
960 3
961 1
962 0
963 2
964 3
965 1
966 0
967 2
968 3
969 1
970 0
971 2
972 3
973 1
974 0
975 2
976 3
977 1
978 0
979 2
980 3
981 1
982 0
983 2
984 3
985 1
986 0
987 2
988 3
989 1
990 0
991 2
992 3
993 1
994 0
995 2
996 3
997 1
998 0
999 2
1000 3
1001 1
1002 0
1003 2
1004 3
1005 1
1006 0
1007 2
1008 3
1009 1
1010 0
1011 2
1012 3
1013 1
1014 0
1015 2
1016 3
1017 0
1018 1
1019 2
1020 3
1021 0
1022 1
1023 2
1024 3
1025 0
1026 1
1027 2
1028 3
1029 0
1030 1
1031 2
1032 3
1033 0
1034 1
1035 2
1036 3
1037 0
1038 1
1039 2
1040 3
1041 0
1042 1
1043 2
1044 3
1045 0
1046 1
1047 2
1048 3
1049 0
1050 1
1051 2
1052 3
1053 0
1054 1
1055 2
1056 3
1057 0
1058 1
1059 2
1060 3
1061 0
1062 1
1063 2
1064 3
1065 0
1066 1
1067 3
1068 2
1069 0
1070 1
1071 3
1072 2
1073 0
1074 1
1075 3
1076 2
1077 0
1078 1
1079 3
1080 2
1081 0
1082 1
1083 3
1084 2
1085 0
1086 1
1087 3
1088 2
1089 0
1090 1
1091 3
1092 2
1093 0
1094 1
1095 3
1096 2
1097 0
1098 1
1099 3
1100 2
1101 0
1102 1
1103 3
1104 2
1105 0
1106 1
1107 3
1108 2
1109 0
1110 1
1111 3
1112 2
1113 0
1114 1
1115 3
1116 2
1117 0
1118 1
1119 3
1120 2
1121 0
1122 1
1123 3
1124 2
1125 0
1126 1
1127 3
1128 2
1129 0
1130 1
1131 3
1132 2
1133 0
1134 1
1135 3
1136 2
1137 0
1138 1
1139 3
1140 2
1141 0
1142 1
1143 3
1144 2
1145 0
1146 3
1147 1
1148 2
1149 0
1150 3
1151 1
1152 2
1153 0
1154 3
1155 1
1156 2
1157 0
1158 3
1159 1
1160 2
1161 0
1162 3
1163 1
1164 2
1165 0
1166 3
1167 1
1168 2
1169 0
1170 3
1171 1
1172 2
1173 0
1174 3
1175 1
1176 2
1177 0
1178 3
1179 1
1180 2
1181 0
1182 3
1183 1
1184 2
1185 0
1186 3
1187 1
1188 2
1189 0
1190 3
1191 1
1192 2
1193 0
1194 3
1195 1
1196 2
1197 0
1198 3
1199 1
1200 2
1201 0
1202 3
1203 1
1204 2
1205 0
1206 3
1207 1
1208 2
1209 0
1210 3
1211 1
1212 2
1213 0
1214 3
1215 1
1216 2
1217 0
1218 3
1219 1
1220 2
1221 0
1222 3
1223 1
1224 2
1225 0
1226 3
1227 1
1228 2
1229 0
1230 3
1231 1
1232 2
1233 0
1234 3
1235 1
1236 2
1237 0
1238 3
1239 1
1240 2
1241 0
1242 3
1243 2
1244 1
1245 0
1246 3
1247 2
1248 1
1249 0
1250 3
1251 2
1252 1
1253 0
1254 3
1255 2
1256 1
1257 0
1258 3
1259 2
1260 1
1261 0
1262 2
1263 3
1264 1
1265 0
1266 2
1267 3
1268 1
1269 0
1270 2
1271 3
1272 1
1273 0
1274 2
1275 3
1276 1
1277 0
1278 2
1279 3
1280 1
1281 0
1282 2
1283 3
1284 1
1285 0
1286 2
1287 3
1288 1
1289 0
1290 2
1291 3
1292 1
1293 0
1294 2
1295 3
1296 1
1297 0
1298 2
1299 3
1300 1
1301 0
1302 2
1303 3
1304 1
1305 0
1306 2
1307 3
1308 1
1309 0
1310 2
1311 3
1312 1
1313 0
1314 2
1315 3
1316 1
1317 0
1318 2
1319 3
1320 1
1321 0
1322 2
1323 3
1324 1
1325 0
1326 2
1327 3
1328 1
1329 0
1330 2
1331 3
1332 1
1333 0
1334 2
1335 3
1336 1
1337 0
1338 2
1339 3
1340 1
1341 0
1342 2
1343 3
1344 1
1345 0
1346 2
1347 3
1348 1
1349 0
1350 3
1351 2
1352 1
1353 0
1354 3
1355 2
1356 1
1357 0
1358 3
1359 2
1360 1
1361 0
1362 3
1363 2
1364 1
1365 0
1366 3
1367 2
1368 1
1369 0
1370 3
1371 2
1372 1
1373 0
1374 3
1375 2
1376 1
1377 0
1378 3
1379 2
1380 1
1381 0
1382 3
1383 2
1384 1
1385 0
1386 3
1387 2
1388 1
1389 0
1390 3
1391 2
1392 1
1393 0
1394 3
1395 2
1396 1
1397 0
1398 3
1399 2
1400 1
1401 0
1402 3
1403 2
1404 1
1405 0
1406 3
1407 2
1408 1
1409 0
1410 3
1411 2
1412 1
1413 0
1414 3
1415 2
1416 1
1417 0
1418 3
1419 2
1420 1
1421 0
1422 3
1423 2
1424 1
1425 0
1426 3
1427 2
1428 1
1429 0
1430 3
1431 2
1432 1
1433 0
1434 3
1435 2
1436 1
1437 0
1438 3
1439 2
1440 1
1441 0
1442 3
1443 2
1444 1
1445 0
1446 3
1447 2
1448 1
1449 0
1450 3
1451 2
1452 1
1453 0
1454 3
1455 2
1456 1
1457 0
1458 3
1459 2
1460 1
1461 0
1462 3
1463 2
1464 1
1465 0
1466 3
1467 2
1468 1
1469 0
1470 3
1471 2
1472 1
1473 0
1474 3
1475 2
1476 1
1477 0
1478 3
1479 2
1480 1
1481 0
1482 3
1483 2
1484 1
1485 0
1486 3
1487 2
1488 1
1489 0
1490 3
1491 2
1492 1
1493 0
1494 3
1495 2
1496 1
1497 0
1498 3
1499 2
1500 1
1501 0
1502 3
1503 2
1504 1
1505 0
1506 3
1507 2
1508 1
1509 0
1510 3
1511 2
1512 1
1513 0
1514 3
1515 2
1516 1
1517 0
1518 3
1519 2
1520 1
1521 0
1522 3
1523 2
1524 1
1525 0
1526 3
1527 2
1528 1
1529 0
1530 3
1531 2
1532 1
1533 0
1534 2
1535 3
1536 1
1537 0
1538 2
1539 3
1540 1
1541 0
1542 2
1543 3
1544 1
1545 0
1546 2
1547 3
1548 1
1549 0
1550 2
1551 3
1552 1
1553 0
1554 2
1555 3
1556 1
1557 0
1558 2
1559 3
1560 1
1561 0
1562 2
1563 3
1564 1
1565 0
1566 2
1567 3
1568 1
1569 0
1570 2
1571 3
1572 1
1573 0
1574 2
1575 3
1576 1
1577 0
1578 2
1579 3
1580 1
1581 0
1582 2
1583 3
1584 1
1585 0
1586 2
1587 3
1588 1
1589 0
1590 2
1591 3
1592 1
1593 0
1594 2
1595 3
1596 1
1597 0
1598 2
1599 3
1600 1
1601 0
1602 2
1603 3
1604 1
1605 0
1606 2
1607 3
1608 1
1609 0
1610 2
1611 3
1612 1
1613 0
1614 2
1615 3
1616 1
1617 0
1618 2
1619 3
1620 1
1621 0
1622 2
1623 3
1624 1
1625 0
1626 2
1627 3
1628 1
1629 0
1630 2
1631 3
1632 1
1633 0
1634 2
1635 3
1636 1
1637 0
1638 3
1639 2
1640 1
1641 0
1642 3
1643 2
1644 1
1645 0
1646 3
1647 1
1648 2
1649 0
1650 3
1651 1
1652 0
1653 2
1654 3
1655 1
1656 0
1657 3
1658 2
1659 1
1660 0
1661 3
1662 2
1663 1
1664 0
1665 3
1666 2
1667 1
1668 0
1669 3
1670 2
1671 1
1672 0
1673 3
1674 2
1675 1
1676 0
1677 3
1678 2
1679 1
1680 0
1681 3
1682 2
1683 1
1684 0
1685 3
1686 2
1687 1
1688 0
1689 3
1690 2
1691 1
1692 0
1693 3
1694 2
1695 1
1696 0
1697 3
1698 2
1699 1
1700 0
1701 3
1702 2
1703 1
1704 0
1705 3
1706 2
1707 1
1708 0
1709 3
1710 2
1711 1
1712 0
1713 3
1714 2
1715 1
1716 0
1717 3
1718 2
1719 1
1720 0
1721 3
1722 2
1723 1
1724 0
1725 3
1726 2
1727 1
1728 0
1729 3
1730 2
1731 0
1732 1
1733 3
1734 2
1735 0
1736 1
1737 3
1738 2
1739 0
1740 1
1741 3
1742 2
1743 0
1744 1
1745 3
1746 2
1747 0
1748 1
1749 3
1750 2
1751 0
1752 1
1753 3
1754 0
1755 2
1756 1
1757 3
1758 0
1759 2
1760 1
1761 3
1762 0
1763 2
1764 1
1765 3
1766 0
1767 2
1768 1
1769 3
1770 0
1771 2
1772 1
1773 3
1774 0
1775 2
1776 1
1777 3
1778 0
1779 2
1780 1
1781 3
1782 0
1783 2
1784 1
1785 3
1786 0
1787 2
1788 1
1789 3
1790 0
1791 2
1792 1
1793 3
1794 0
1795 2
1796 1
1797 3
1798 0
1799 2
1800 1
1801 3
1802 0
1803 2
1804 1
1805 3
1806 0
1807 2
1808 1
1809 3
1810 0
1811 2
1812 1
1813 3
1814 0
1815 2
1816 1
1817 3
1818 0
1819 2
1820 1
1821 3
1822 0
1823 2
1824 1
1825 3
1826 0
1827 2
1828 1
1829 3
1830 0
1831 2
1832 1
1833 3
1834 0
1835 2
1836 1
1837 3
1838 0
1839 2
1840 1
1841 3
1842 0
1843 2
1844 1
1845 3
1846 0
1847 2
1848 1
1849 3
1850 0
1851 2
1852 1
1853 3
1854 0
1855 2
1856 1
1857 3
1858 0
1859 2
1860 1
1861 3
1862 0
1863 2
1864 1
1865 3
1866 0
1867 2
1868 1
1869 3
1870 0
1871 2
1872 1
1873 3
1874 0
1875 2
1876 1
1877 3
1878 0
1879 2
1880 1
1881 3
1882 0
1883 2
1884 1
1885 3
1886 0
1887 2
1888 1
1889 3
1890 0
1891 2
1892 1
1893 3
1894 0
1895 2
1896 1
1897 3
1898 0
1899 2
1900 1
1901 3
1902 0
1903 2
1904 1
1905 3
1906 0
1907 2
1908 1
1909 3
1910 0
1911 2
1912 1
1913 3
1914 0
1915 2
1916 1
1917 3
1918 0
1919 2
1920 1
1921 3
1922 0
1923 2
1924 1
1925 3
1926 0
1927 2
1928 1
1929 3
1930 0
1931 2
1932 1
1933 3
1934 0
1935 2
1936 1
1937 3
1938 0
1939 2
1940 1
1941 3
1942 0
1943 2
1944 1
1945 3
1946 0
1947 2
1948 1
1949 3
1950 0
1951 2
1952 1
1953 3
1954 0
1955 2
1956 1
1957 3
1958 0
1959 2
1960 1
1961 3
1962 0
1963 2
1964 1
1965 3
1966 0
1967 2
1968 1
1969 3
1970 0
1971 2
1972 1
1973 3
1974 0
1975 2
1976 1
1977 3
1978 0
1979 2
1980 1
1981 3
1982 0
1983 2
1984 1
1985 3
1986 0
1987 2
1988 1
1989 3
1990 0
1991 2
1992 1
1993 3
1994 0
1995 2
1996 1
1997 3
1998 0
1999 2
2000 1
2001 3
2002 0
2003 2
2004 1
2005 3
2006 0
2007 2
2008 1
2009 3
2010 0
2011 2
2012 1
2013 3
2014 0
2015 2
2016 1
2017 3
2018 0
2019 2
2020 1
2021 3
2022 0
2023 2
2024 1
2025 3
2026 0
2027 2
2028 1
2029 3
2030 0
2031 2
2032 1
2033 3
2034 0
2035 2
2036 1
2037 3
2038 0
2039 2
2040 3
2041 1
2042 0
2043 2
2044 3
2045 1
2046 0
2047 2
2048 3
2049 1
2050 0
2051 2
2052 3
2053 0
2054 1
2055 2
2056 3
2057 0
2058 1
2059 2
2060 3
2061 0
2062 1
2063 2
2064 3
2065 0
2066 1
2067 2
2068 3
2069 0
2070 1
2071 2
2072 3
2073 0
2074 1
2075 2
2076 3
2077 0
2078 1
2079 2
2080 3
2081 0
2082 1
2083 2
2084 3
2085 0
2086 1
2087 2
2088 3
2089 0
2090 1
2091 2
2092 3
2093 0
2094 1
2095 2
2096 3
2097 0
2098 1
2099 2
2100 3
2101 0
2102 1
2103 2
2104 3
2105 0
2106 1
2107 2
2108 3
2109 0
2110 1
2111 2
2112 3
2113 0
2114 1
2115 2
2116 3
2117 0
2118 1
2119 2
2120 3
2121 0
2122 1
2123 2
2124 3
2125 0
2126 1
2127 2
2128 3
2129 0
2130 1
2131 2
2132 3
2133 0
2134 1
2135 2
2136 3
2137 0
2138 1
2139 2
2140 3
2141 0
2142 1
2143 2
2144 3
2145 0
2146 1
2147 2
2148 3
2149 0
2150 1
2151 2
2152 3
2153 0
2154 1
2155 3
2156 2
2157 0
2158 1
2159 3
2160 2
2161 0
2162 1
2163 3
2164 0
2165 2
2166 1
2167 3
2168 0
2169 2
2170 1
2171 3
2172 0
2173 1
2174 2
2175 3
2176 0
2177 1
2178 2
2179 3
2180 0
2181 1
2182 2
2183 3
2184 0
2185 1
2186 2
2187 3
2188 0
2189 1
2190 2
2191 3
2192 0
2193 1
2194 2
2195 3
2196 0
2197 1
2198 2
2199 3
2200 0
2201 1
2202 2
2203 3
2204 0
2205 1
2206 2
2207 3
2208 0
2209 1
2210 2
2211 3
2212 0
2213 1
2214 2
2215 3
2216 0
2217 1
2218 2
2219 3
2220 0
2221 1
2222 2
2223 3
2224 0
2225 1
2226 2
2227 3
2228 0
2229 1
2230 2
2231 3
2232 0
2233 1
2234 2
2235 3
2236 0
2237 1
2238 2
2239 3
2240 0
2241 1
2242 2
2243 3
2244 0
2245 1
2246 2
2247 3
2248 0
2249 1
2250 2
2251 3
2252 0
2253 1
2254 2
2255 3
2256 0
2257 1
2258 2
2259 3
2260 0
2261 1
2262 2
2263 3
2264 0
2265 1
2266 2
2267 3
2268 0
2269 1
2270 2
2271 3
2272 0
2273 1
2274 2
2275 3
2276 0
2277 1
2278 3
2279 2
2280 0
2281 1
2282 3
2283 2
2284 0
2285 1
2286 3
2287 2
2288 0
2289 1
2290 3
2291 0
2292 2
2293 1
2294 3
2295 0
2296 2
2297 1
2298 3
2299 0
2300 2
2301 1
2302 3
2303 0
2304 2
2305 1
2306 3
2307 0
2308 2
2309 1
2310 3
2311 0
2312 2
2313 1
2314 3
2315 0
2316 2
2317 1
2318 3
2319 0
2320 2
2321 1
2322 3
2323 0
2324 2
2325 3
2326 1
2327 2
2328 0
2329 3
2330 1
2331 2
2332 0
2333 3
2334 1
2335 2
2336 0
2337 3
2338 1
2339 2
2340 0
2341 3
2342 1
2343 2
2344 0
2345 3
2346 1
2347 2
2348 0
2349 3
2350 1
2351 2
2352 0
2353 3
2354 1
2355 2
2356 0
2357 3
2358 1
2359 2
2360 0
2361 3
2362 1
2363 2
2364 0
2365 3
2366 1
2367 2
2368 0
2369 3
2370 1
2371 2
2372 0
2373 3
2374 1
2375 2
2376 0
2377 3
2378 1
2379 2
2380 0
2381 3
2382 1
2383 2
2384 0
2385 3
2386 1
2387 2
2388 0
2389 3
2390 1
2391 2
2392 0
2393 3
2394 1
2395 2
2396 0
2397 3
2398 1
2399 0
2400 2
2401 3
2402 1
2403 0
2404 2
2405 3
2406 1
2407 0
2408 3
2409 2
2410 1
2411 0
2412 3
2413 2
2414 1
2415 0
2416 3
2417 2
2418 1
2419 0
2420 3
2421 2
2422 1
2423 0
2424 3
2425 2
2426 1
2427 0
2428 3
2429 2
2430 1
2431 0
2432 3
2433 2
2434 1
2435 0
2436 3
2437 2
2438 1
2439 0
2440 3
2441 2
2442 1
2443 0
2444 3
2445 2
2446 1
2447 0
2448 3
2449 2
2450 1
2451 0
2452 3
2453 2
2454 1
2455 0
2456 3
2457 2
2458 1
2459 0
2460 3
2461 2
2462 1
2463 0
2464 3
2465 2
2466 1
2467 0
2468 3
2469 2
2470 1
2471 0
2472 3
2473 2
2474 1
2475 0
2476 3
2477 2
2478 1
2479 0
2480 3
2481 2
2482 1
2483 0
2484 3
2485 2
2486 1
2487 0
2488 3
2489 2
2490 1
2491 0
2492 3
2493 2
2494 1
2495 0
2496 3
2497 2
2498 1
2499 0
2500 3
2501 2
2502 1
2503 0
2504 3
2505 2
2506 0
2507 1
2508 3
2509 2
2510 0
2511 1
2512 3
2513 2
2514 0
2515 1
2516 3
2517 2
2518 0
2519 1
2520 3
2521 2
2522 0
2523 1
2524 3
2525 2
2526 0
2527 1
2528 3
2529 2
2530 0
2531 1
2532 3
2533 2
2534 0
2535 1
2536 3
2537 2
2538 0
2539 1
2540 3
2541 2
2542 0
2543 1
2544 3
2545 2
2546 0
2547 1
2548 3
2549 2
2550 0
2551 1
2552 3
2553 2
2554 0
2555 1
2556 3
2557 2
2558 0
2559 1
2560 3
2561 2
2562 0
2563 1
2564 3
2565 2
2566 0
2567 1
2568 3
2569 2
2570 0
2571 1
2572 3
2573 2
2574 0
2575 1
2576 3
2577 2
2578 0
2579 1
2580 3
2581 2
2582 0
2583 1
2584 3
2585 2
2586 0
2587 1
2588 3
2589 2
2590 0
2591 1
2592 3
2593 2
2594 0
2595 1
2596 3
2597 2
2598 0
2599 1
2600 3
2601 2
2602 0
2603 1
2604 3
2605 2
2606 0
2607 1
2608 3
2609 2
2610 0
2611 1
2612 3
2613 2
2614 0
2615 1
2616 3
2617 2
2618 0
2619 1
2620 3
2621 2
2622 0
2623 1
2624 3
2625 2
2626 0
2627 1
2628 3
2629 2
2630 0
2631 1
2632 3
2633 2
2634 0
2635 1
2636 3
2637 2
2638 0
2639 1
2640 3
2641 2
2642 0
2643 1
2644 3
2645 2
2646 0
2647 1
2648 3
2649 2
2650 0
2651 1
2652 3
2653 2
2654 0
2655 1
2656 3
2657 2
2658 0
2659 1
2660 3
2661 2
2662 0
2663 1
2664 3
2665 2
2666 0
2667 1
2668 3
2669 2
2670 0
2671 1
2672 3
2673 2
2674 0
2675 1
2676 3
2677 0
2678 2
2679 1
2680 3
2681 0
2682 2
2683 1
2684 3
2685 0
2686 2
2687 1
2688 3
2689 0
2690 1
2691 2
2692 3
2693 0
2694 1
2695 2
2696 3
2697 0
2698 1
2699 2
2700 3
2701 0
2702 1
2703 2
2704 3
2705 0
2706 1
2707 2
2708 3
2709 0
2710 1
2711 2
2712 3
2713 0
2714 1
2715 2
2716 3
2717 0
2718 1
2719 2
2720 3
2721 0
2722 1
2723 2
2724 3
2725 0
2726 1
2727 2
2728 3
2729 0
2730 1
2731 2
2732 3
2733 0
2734 1
2735 2
2736 3
2737 0
2738 1
2739 2
2740 3
2741 0
2742 1
2743 2
2744 3
2745 0
2746 1
2747 2
2748 3
2749 0
2750 2
2751 1
2752 3
2753 0
2754 2
2755 1
2756 3
2757 0
2758 2
2759 1
2760 3
2761 0
2762 2
2763 1
2764 3
2765 0
2766 2
2767 1
2768 3
2769 0
2770 2
2771 1
2772 3
2773 0
2774 2
2775 1
2776 3
2777 0
2778 2
2779 1
2780 3
2781 0
2782 2
2783 1
2784 3
2785 0
2786 2
2787 1
2788 3
2789 0
2790 2
2791 1
2792 3
2793 0
2794 2
2795 1
2796 3
2797 0
2798 2
2799 1
2800 3
2801 0
2802 2
2803 1
2804 3
2805 0
2806 2
2807 1
2808 3
2809 0
2810 2
2811 1
2812 3
2813 0
2814 2
2815 1
2816 3
2817 0
2818 2
2819 1
2820 3
2821 0
2822 2
2823 1
2824 3
2825 0
2826 2
2827 1
2828 3
2829 0
2830 2
2831 1
2832 3
2833 0
2834 2
2835 1
2836 3
2837 0
2838 2
2839 1
2840 3
2841 0
2842 2
2843 1
2844 3
2845 0
2846 2
2847 1
2848 3
2849 0
2850 2
2851 1
2852 3
2853 0
2854 2
2855 1
2856 3
2857 0
2858 2
2859 1
2860 3
2861 0
2862 2
2863 1
2864 3
2865 0
2866 2
2867 1
2868 3
2869 0
2870 2
2871 1
2872 3
2873 0
2874 2
2875 1
2876 3
2877 0
2878 2
2879 1
2880 3
2881 0
2882 2
2883 1
2884 3
2885 0
2886 2
2887 1
2888 3
2889 0
2890 2
2891 1
2892 3
2893 0
2894 2
2895 1
2896 3
2897 0
2898 2
2899 1
2900 3
2901 0
2902 2
2903 1
2904 3
2905 0
2906 2
2907 1
2908 3
2909 0
2910 2
2911 1
2912 3
2913 0
2914 2
2915 1
2916 3
2917 0
2918 2
2919 1
2920 3
2921 0
2922 2
2923 1
2924 3
2925 0
2926 1
2927 2
2928 3
2929 0
2930 1
2931 2
2932 3
2933 0
2934 1
2935 2
2936 3
2937 0
2938 1
2939 2
2940 3
2941 0
2942 1
2943 2
2944 3
2945 0
2946 1
2947 2
2948 3
2949 0
2950 1
2951 2
2952 3
2953 0
2954 1
2955 2
2956 3
2957 0
2958 1
2959 2
2960 3
2961 0
2962 1
2963 2
2964 3
2965 0
2966 1
2967 2
2968 3
2969 0
2970 1
2971 2
2972 3
2973 0
2974 1
2975 2
2976 3
2977 0
2978 1
2979 2
2980 3
2981 0
2982 1
2983 2
2984 3
2985 0
2986 1
2987 2
2988 3
2989 0
2990 1
2991 2
2992 3
2993 0
2994 1
2995 2
2996 3
2997 0
2998 1
2999 2
3000 3
3001 0
3002 1
3003 2
3004 3
3005 0
3006 1
3007 2
3008 3
3009 0
3010 1
3011 2
3012 3
3013 0
3014 1
3015 2
3016 3
3017 0
3018 1
3019 2
3020 3
3021 0
3022 1
3023 2
3024 3
3025 0
3026 1
3027 2
3028 3
3029 0
3030 1
3031 2
3032 3
3033 0
3034 1
3035 2
3036 3
3037 0
3038 1
3039 2
3040 3
3041 0
3042 1
3043 2
3044 3
3045 0
3046 1
3047 2
3048 3
3049 0
3050 1
3051 2
3052 3
3053 0
3054 1
3055 2
3056 3
3057 0
3058 1
3059 2
3060 3
3061 0
3062 1
3063 2
3064 3
3065 0
3066 1
3067 2
3068 3
3069 0
3070 1
3071 2
3072 3
3073 0
3074 1
3075 2
3076 3
3077 0
3078 1
3079 2
3080 3
3081 0
3082 1
3083 2
3084 3
3085 0
3086 1
3087 2
3088 3
3089 0
3090 1
3091 2
3092 3
3093 0
3094 1
3095 2
3096 3
3097 0
3098 1
3099 2
3100 3
3101 0
3102 1
3103 2
3104 3
3105 0
3106 1
3107 2
3108 3
3109 0
3110 1
3111 2
3112 3
3113 0
3114 1
3115 2
3116 3
3117 0
3118 1
3119 2
3120 3
3121 0
3122 1
3123 2
3124 3
3125 0
3126 1
3127 2
3128 3
3129 0
3130 1
3131 2
3132 3
3133 0
3134 1
3135 2
3136 3
3137 0
3138 1
3139 2
3140 3
3141 0
3142 2
3143 1
3144 3
3145 0
3146 2
3147 1
3148 3
3149 0
3150 2
3151 1
3152 3
3153 0
3154 2
3155 1
3156 3
3157 0
3158 2
3159 1
3160 3
3161 0
3162 2
3163 1
3164 3
3165 0
3166 2
3167 1
3168 3
3169 0
3170 2
3171 1
3172 3
3173 0
3174 2
3175 1
3176 3
3177 0
3178 2
3179 1
3180 3
3181 0
3182 2
3183 1
3184 3
3185 0
3186 2
3187 1
3188 3
3189 0
3190 2
3191 1
3192 3
3193 0
3194 2
3195 1
3196 3
3197 0
3198 2
3199 1
3200 3
3201 0
3202 2
3203 1
3204 3
3205 0
3206 2
3207 1
3208 3
3209 0
3210 2
3211 1
3212 3
3213 0
3214 2
3215 1
3216 3
3217 0
3218 2
3219 1
3220 3
3221 0
3222 2
3223 1
3224 3
3225 0
3226 2
3227 1
3228 3
3229 0
3230 2
3231 1
3232 3
3233 0
3234 2
3235 1
3236 3
3237 0
3238 2
3239 1
3240 3
3241 0
3242 2
3243 1
3244 3
3245 0
3246 2
3247 1
3248 3
3249 0
3250 2
3251 1
3252 3
3253 0
3254 2
3255 1
3256 3
3257 0
3258 2
3259 1
3260 3
3261 0
3262 2
3263 1
3264 3
3265 0
3266 2
3267 1
3268 3
3269 0
3270 2
3271 1
3272 3
3273 0
3274 2
3275 3
3276 1
3277 0
3278 2
3279 3
3280 1
3281 0
3282 2
3283 3
3284 1
3285 0
3286 2
3287 3
3288 1
3289 0
3290 2
3291 3
3292 1
3293 0
3294 2
3295 3
3296 1
3297 0
3298 2
3299 3
3300 1
3301 0
3302 2
3303 3
3304 1
3305 0
3306 2
3307 3
3308 1
3309 0
3310 2
3311 3
3312 1
3313 0
3314 2
3315 3
3316 1
3317 0
3318 2
3319 3
3320 1
3321 0
3322 3
3323 2
3324 1
3325 0
3326 3
3327 1
3328 2
3329 0
3330 3
3331 1
3332 2
3333 0
3334 3
3335 1
3336 2
3337 0
3338 3
3339 1
3340 2
3341 0
3342 3
3343 1
3344 2
3345 0
3346 3
3347 1
3348 2
3349 0
3350 3
3351 1
3352 2
3353 0
3354 3
3355 1
3356 2
3357 0
3358 3
3359 1
3360 2
3361 0
3362 3
3363 1
3364 2
3365 0
3366 3
3367 1
3368 2
3369 0
3370 3
3371 2
3372 1
3373 0
3374 3
3375 2
3376 1
3377 0
3378 3
3379 2
3380 1
3381 0
3382 3
3383 2
3384 1
3385 0
3386 3
3387 2
3388 1
3389 0
3390 3
3391 2
3392 1
3393 0
3394 3
3395 2
3396 1
3397 0
3398 3
3399 2
3400 1
3401 0
3402 3
3403 2
3404 1
3405 0
3406 3
3407 2
3408 1
3409 0
3410 3
3411 2
3412 1
3413 0
3414 3
3415 2
3416 1
3417 0
3418 3
3419 2
3420 1
3421 0
3422 3
3423 2
3424 1
3425 0
3426 3
3427 2
3428 1
3429 0
3430 3
3431 1
3432 2
3433 0
3434 3
3435 1
3436 2
3437 0
3438 3
3439 1
3440 2
3441 0
3442 3
3443 1
3444 2
3445 0
3446 3
3447 1
3448 2
3449 0
3450 3
3451 1
3452 2
3453 0
3454 3
3455 1
3456 2
3457 0
3458 3
3459 1
3460 2
3461 0
3462 3
3463 1
3464 2
3465 0
3466 3
3467 1
3468 2
3469 0
3470 3
3471 1
3472 2
3473 0
3474 3
3475 1
3476 2
3477 0
3478 3
3479 1
3480 2
3481 0
3482 3
3483 1
3484 2
3485 0
3486 3
3487 1
3488 2
3489 0
3490 3
3491 1
3492 2
3493 0
3494 3
3495 1
3496 2
3497 0
3498 3
3499 1
3500 2
3501 0
3502 3
3503 1
3504 2
3505 0
3506 3
3507 1
3508 2
3509 0
3510 3
3511 1
3512 2
3513 0
3514 3
3515 1
3516 2
3517 0
3518 3
3519 1
3520 2
3521 0
3522 3
3523 1
3524 2
3525 0
3526 3
3527 1
3528 2
3529 0
3530 3
3531 1
3532 2
3533 0
3534 3
3535 1
3536 0
3537 2
3538 3
3539 1
3540 0
3541 2
3542 3
3543 1
3544 0
3545 2
3546 3
3547 1
3548 0
3549 2
3550 3
3551 1
3552 0
3553 2
3554 3
3555 1
3556 0
3557 2
3558 3
3559 1
3560 0
3561 2
3562 3
3563 1
3564 0
3565 2
3566 3
3567 1
3568 0
3569 2
3570 3
3571 1
3572 0
3573 2
3574 3
3575 1
3576 0
3577 2
3578 3
3579 1
3580 0
3581 2
3582 3
3583 1
3584 0
3585 2
3586 3
3587 1
3588 0
3589 2
3590 3
3591 1
3592 0
3593 2
3594 3
3595 1
3596 0
3597 2
3598 3
3599 1
3600 0
3601 2
3602 3
3603 1
3604 0
3605 2
3606 3
3607 1
3608 0
3609 3
3610 2
3611 1
3612 0
3613 3
3614 2
3615 1
3616 0
3617 3
3618 2
3619 1
3620 0
3621 3
3622 2
3623 1
3624 0
3625 3
3626 2
3627 1
3628 0
3629 3
3630 2
3631 1
3632 0
3633 3
3634 2
