2 0
3 1
4 2
5 3
6 0
7 1
8 2
9 3
10 0
11 1
12 2
13 3
14 0
15 1
16 2
17 3
18 0
19 1
20 2
21 3
22 0
23 1
24 2
25 3
26 0
27 1
28 2
29 3
30 0
31 1
32 2
33 3
34 0
35 1
36 2
37 3
38 0
39 1
40 2
41 3
42 0
43 1
44 2
45 3
46 0
47 1
48 2
49 3
50 0
51 1
52 2
53 3
54 0
55 1
56 2
57 3
58 0
59 1
60 2
61 3
62 0
63 1
64 2
65 3
66 0
67 1
68 2
69 3
70 0
71 1
72 2
73 3
74 0
75 1
76 2
77 3
78 0
79 1
80 2
81 3
82 0
83 1
84 2
85 3
86 0
87 1
88 2
89 3
90 0
91 1
92 2
93 3
94 0
95 1
96 2
97 3
98 0
99 2
100 1
101 3
102 0
103 2
104 1
105 3
106 0
107 2
108 1
109 3
110 0
111 2
112 1
113 3
114 0
115 2
116 1
117 3
118 0
119 2
120 1
121 3
122 0
123 2
124 1
125 3
126 0
127 2
128 1
129 3
130 0
131 2
132 1
133 3
134 0
135 2
136 1
137 3
138 0
139 2
140 1
141 3
142 0
143 2
144 1
145 3
146 0
147 2
148 1
149 3
150 0
151 2
152 1
153 3
154 2
155 0
156 1
157 3
158 2
159 0
160 1
161 3
162 2
163 0
164 1
165 3
166 2
167 0
168 1
169 2
170 3
171 0
172 1
173 2
174 3
175 0
176 1
177 2
178 3
179 0
180 1
181 2
182 3
183 0
184 1
185 2
186 3
187 0
188 1
189 2
190 3
191 0
192 1
193 2
194 3
195 0
196 2
197 1
198 3
199 0
200 2
201 1
202 3
203 2
204 0
205 1
206 3
207 2
208 0
209 1
210 3
211 2
212 0
213 1
214 3
215 2
216 0
217 1
218 3
219 2
220 0
221 1
222 3
223 2
224 0
225 1
226 3
227 2
228 0
229 1
230 3
231 2
232 0
233 1
234 3
235 2
236 0
237 1
238 3
239 2
240 0
241 1
242 3
243 2
244 0
245 1
246 3
247 2
248 0
249 1
250 3
251 2
252 0
253 1
254 3
255 2
256 0
257 1
258 3
259 2
260 0
261 1
262 2
263 3
264 0
265 1
266 2
267 3
268 0
269 1
270 2
271 3
272 0
273 2
274 1
275 3
276 0
277 2
278 1
279 3
280 2
281 0
282 1
283 2
284 3
285 0
286 1
287 2
288 3
289 0
290 1
291 2
292 3
293 0
294 2
295 1
296 3
297 0
298 2
299 1
300 3
301 2
302 0
303 1
304 3
305 2
306 0
307 1
308 3
309 2
310 0
311 1
312 3
313 2
314 0
315 1
316 3
317 2
318 0
319 1
320 3
321 2
322 0
323 1
324 3
325 2
326 0
327 1
328 3
329 2
330 0
331 1
332 3
333 2
334 0
335 1
336 3
337 2
338 0
339 1
340 3
341 2
342 0
343 1
344 3
345 2
346 0
347 1
348 3
349 2
350 0
351 1
352 3
353 2
354 0
355 1
356 3
357 2
358 0
359 1
360 3
361 2
362 0
363 1
364 3
365 2
366 0
367 1
368 3
369 2
370 0
371 1
372 3
373 2
374 0
375 1
376 3
377 2
378 0
379 1
380 3
381 2
382 0
383 1
384 3
385 2
386 0
387 1
388 3
389 2
390 0
391 1
392 3
393 2
394 0
395 1
396 3
397 2
398 0
399 1
400 3
401 2
402 0
403 1
404 3
405 2
406 0
407 1
408 3
409 2
410 0
411 1
412 3
413 2
414 0
415 1
416 3
417 2
418 0
419 1
420 3
421 2
422 0
423 1
424 3
425 2
426 0
427 1
428 3
429 2
430 0
431 1
432 3
433 2
434 0
435 1
436 3
437 2
438 0
439 1
440 3
441 2
442 0
443 1
444 3
445 2
446 0
447 1
448 3
449 2
450 0
451 1
452 3
453 2
454 0
455 1
456 3
457 2
458 0
459 1
460 3
461 2
462 0
463 1
464 3
465 2
466 0
467 1
468 3
469 2
470 0
471 1
472 3
473 2
474 0
475 1
476 3
477 2
478 0
479 1
480 3
481 2
482 0
483 1
484 3
485 2
486 0
487 1
488 3
489 2
490 0
491 1
492 3
493 2
494 0
495 1
496 3
497 2
498 0
499 1
500 2
501 3
502 0
503 1
504 2
505 3
506 0
507 1
508 2
509 3
510 0
511 1
512 2
513 3
514 0
515 1
516 2
517 3
518 0
519 1
520 2
521 3
522 0
523 1
524 2
525 3
526 0
527 1
528 2
529 3
530 0
531 1
532 2
533 3
534 0
535 1
536 2
537 3
538 0
539 2
540 1
541 3
542 0
543 2
544 1
545 3
546 0
547 2
548 1
549 3
550 0
551 2
552 1
553 3
554 0
555 2
556 1
557 3
558 0
559 2
560 1
561 3
562 0
563 2
564 1
565 3
566 0
567 2
568 1
569 3
570 0
571 2
572 1
573 3
574 0
575 2
576 1
577 3
578 0
579 2
580 1
581 3
582 0
583 2
584 1
585 3
586 0
587 2
588 1
589 3
590 0
591 2
592 1
593 0
594 3
595 2
596 1
597 0
598 3
599 2
600 1
601 0
602 3
603 2
604 1
605 0
606 3
607 2
608 1
609 0
610 3
611 2
612 1
613 0
614 3
615 2
616 1
617 0
618 3
619 2
620 1
621 0
622 3
623 2
624 1
625 0
626 3
627 2
628 1
629 0
630 3
631 2
632 1
633 0
634 3
635 2
636 1
637 0
638 3
639 2
640 1
641 0
642 3
643 2
644 1
645 0
646 3
647 2
648 1
649 0
650 3
651 2
652 1
653 0
654 3
655 2
656 1
657 0
658 3
659 2
660 1
661 0
662 3
663 2
664 1
665 0
666 3
667 2
668 1
669 0
670 3
671 2
672 1
673 0
674 2
675 3
676 1
677 0
678 2
679 3
680 1
681 0
682 2
683 3
684 1
685 0
686 2
687 3
688 1
689 0
690 2
691 3
692 1
693 0
694 2
695 3
696 1
697 0
698 2
699 3
700 1
701 2
702 0
703 3
704 1
705 2
706 0
707 3
708 1
709 2
710 0
711 3
712 1
713 2
714 0
715 3
716 1
717 2
718 0
719 3
720 1
721 2
722 0
723 3
724 1
725 2
726 0
727 3
728 1
729 2
730 0
731 3
732 1
733 2
734 0
735 3
736 2
737 1
738 0
739 3
740 2
741 1
742 0
743 3
744 2
745 1
746 0
747 3
748 2
749 1
750 0
751 3
752 2
753 1
754 0
755 3
756 2
757 1
758 0
759 3
760 2
761 1
762 0
763 3
764 2
765 1
766 0
767 3
768 2
769 1
770 0
771 3
772 2
773 1
774 0
775 3
776 2
777 1
778 0
779 3
780 2
781 1
782 0
783 3
784 2
785 1
786 0
787 3
788 2
789 1
790 0
791 3
792 2
793 1
794 0
795 3
796 2
797 1
798 0
799 3
800 2
801 1
802 0
803 3
804 2
805 1
806 0
807 3
808 2
809 1
810 0
811 3
812 2
813 1
814 0
815 3
816 2
817 1
818 0
819 3
820 2
821 1
822 0
823 3
824 2
825 1
826 0
827 3
828 2
829 1
830 0
831 3
832 2
833 1
834 0
835 3
836 2
837 1
838 0
839 3
840 2
841 1
842 0
843 3
844 2
845 1
846 0
847 3
848 2
849 1
850 0
851 3
852 2
853 1
854 0
855 3
856 2
857 1
858 0
859 3
860 2
861 1
862 0
863 3
864 2
865 1
866 0
867 3
868 2
869 1
870 0
871 3
872 2
873 1
874 0
875 3
876 2
877 1
878 0
879 3
880 2
881 1
882 0
883 3
884 2
885 1
886 0
887 3
888 2
889 1
890 0
891 3
892 2
893 1
894 0
895 3
896 2
897 1
898 0
899 3
900 2
901 1
902 0
903 3
904 2
905 1
906 0
907 3
908 2
909 1
910 0
911 2
912 3
913 1
914 0
915 2
916 3
917 1
918 0
919 2
920 3
921 1
922 0
923 2
924 3
925 1
926 2
927 0
928 3
929 1
930 2
931 0
932 3
933 1
934 2
935 0
936 3
937 1
938 2
939 0
940 3
941 1
942 2
943 0
944 3
945 1
946 2
947 0
948 3
949 1
950 2
951 0
952 3
953 1
954 2
955 0
956 3
957 1
958 2
959 0
960 3
961 2
962 1
963 0
964 3
965 2
966 1
967 0
968 3
969 2
970 1
971 0
972 3
973 2
974 1
975 0
976 3
977 2
978 1
979 0
980 3
981 2
982 1
983 0
984 3
985 2
986 1
987 0
988 3
989 2
990 1
991 0
992 3
993 2
994 1
995 0
996 3
997 2
998 1
999 0
1000 3
1001 2
1002 1
1003 0
1004 3
1005 2
1006 1
1007 0
1008 3
1009 2
1010 1
1011 0
1012 3
1013 2
1014 1
1015 0
1016 3
1017 2
1018 1
1019 0
1020 3
1021 2
1022 1
1023 0
1024 2
1025 3
1026 1
1027 0
1028 2
1029 1
1030 3
1031 2
1032 0
1033 1
1034 2
1035 3
1036 0
1037 2
1038 1
1039 3
1040 0
1041 2
1042 1
1043 3
1044 0
1045 2
1046 1
1047 3
1048 0
1049 2
1050 1
1051 3
1052 0
1053 2
1054 1
1055 3
1056 0
1057 2
1058 1
1059 3
1060 0
1061 2
1062 1
1063 3
1064 0
1065 2
1066 1
1067 3
1068 0
1069 2
1070 1
1071 3
1072 0
1073 2
1074 1
1075 3
1076 0
1077 2
1078 1
1079 3
1080 0
1081 2
1082 1
1083 3
1084 0
1085 2
1086 1
1087 3
1088 0
1089 2
1090 1
1091 3
1092 0
1093 2
1094 1
1095 3
1096 0
1097 2
1098 1
1099 3
1100 0
1101 2
1102 1
1103 3
1104 0
1105 2
1106 3
1107 1
1108 0
1109 2
1110 3
1111 1
1112 0
1113 2
1114 3
1115 1
1116 0
1117 2
1118 3
1119 1
1120 0
1121 2
1122 3
1123 1
1124 0
1125 2
1126 3
1127 1
1128 0
1129 2
1130 3
1131 1
1132 0
1133 2
1134 3
1135 1
1136 0
1137 2
1138 3
1139 1
1140 0
1141 2
1142 3
1143 1
1144 0
1145 2
1146 3
1147 1
1148 0
1149 2
1150 3
1151 1
1152 0
1153 2
1154 3
1155 1
1156 0
1157 2
1158 3
1159 1
1160 0
1161 2
1162 3
1163 1
1164 0
1165 2
1166 3
1167 1
1168 0
1169 2
1170 3
1171 1
1172 0
1173 2
1174 3
1175 1
1176 0
1177 2
1178 3
1179 1
1180 0
1181 2
1182 3
1183 1
1184 0
1185 2
1186 3
1187 1
1188 0
1189 2
1190 3
1191 1
1192 2
1193 0
1194 3
1195 1
1196 2
1197 0
1198 3
1199 1
1200 2
1201 0
1202 3
1203 1
1204 2
1205 0
1206 3
1207 1
1208 2
1209 0
1210 3
1211 2
1212 1
1213 0
1214 3
1215 2
1216 1
1217 0
1218 3
1219 2
1220 1
1221 0
1222 3
1223 2
1224 1
1225 0
1226 2
1227 3
1228 1
1229 0
1230 2
1231 3
1232 1
1233 0
1234 2
1235 3
1236 1
1237 0
1238 2
1239 3
1240 0
1241 1
1242 2
1243 3
1244 0
1245 1
1246 2
1247 3
1248 0
1249 1
1250 2
1251 3
1252 0
1253 2
1254 1
1255 3
1256 0
1257 2
1258 1
1259 3
1260 0
1261 2
1262 1
1263 3
1264 0
1265 2
1266 1
1267 3
1268 0
1269 2
1270 1
1271 3
1272 0
1273 2
1274 1
1275 3
1276 0
1277 2
1278 1
1279 3
1280 0
1281 2
1282 1
1283 3
1284 0
1285 2
1286 1
1287 3
1288 0
1289 2
1290 3
1291 1
1292 0
1293 2
1294 3
1295 1
1296 0
1297 2
1298 3
1299 1
1300 0
1301 2
1302 3
1303 1
1304 0
1305 2
1306 3
1307 1
1308 0
1309 2
1310 3
1311 1
1312 0
1313 2
1314 3
1315 1
1316 0
1317 2
1318 3
1319 1
1320 0
1321 2
1322 3
1323 1
1324 0
1325 2
1326 3
1327 1
1328 0
1329 2
1330 3
1331 1
1332 0
1333 2
1334 3
1335 1
1336 0
1337 2
1338 3
1339 1
1340 0
1341 2
1342 3
1343 1
1344 0
1345 2
1346 3
1347 1
1348 0
1349 2
1350 3
1351 1
1352 0
1353 2
1354 3
1355 1
1356 0
1357 2
1358 3
1359 1
1360 0
1361 2
1362 3
1363 1
1364 0
1365 2
1366 3
1367 1
1368 0
1369 2
1370 3
1371 1
1372 0
1373 2
1374 3
1375 1
1376 0
1377 2
1378 3
1379 1
1380 0
1381 2
1382 3
1383 1
1384 0
1385 2
1386 3
1387 1
1388 0
1389 2
1390 3
1391 1
1392 2
1393 3
1394 1
1395 2
1396 3
1397 1
1398 2
1399 3
1400 1
1401 2
1402 3
1403 2
1404 1
1405 3
1406 2
1407 1
1408 3
1409 2
1410 1
1411 3
1412 2
1413 1
1414 3
1415 1
1416 2
1417 3
1418 1
1419 2
1420 3
1421 1
1422 2
1423 3
1424 1
1425 2
1426 3
1427 2
1428 1
1429 3
1430 2
1431 1
1432 3
1433 2
1434 1
1435 2
1436 3
1437 1
1438 2
1439 3
1440 1
1441 2
1442 3
1443 2
1444 1
1445 2
1446 3
1447 1
1448 2
1449 3
1450 1
1451 2
1452 3
1453 1
1454 2
1455 3
1456 1
1457 2
1458 3
1459 1
1460 2
1461 3
1462 2
1463 1
1464 3
1465 2
1466 1
1467 3
1468 2
1469 1
1470 3
1471 2
1472 1
1473 3
1474 2
1475 1
1476 3
1477 2
1478 1
1479 3
1480 2
1481 1
1482 3
1483 2
1484 1
1485 3
1486 2
1487 1
1488 3
1489 2
1490 1
1491 2
1492 3
1493 1
1494 2
1495 3
1496 1
1497 2
1498 3
1499 1
1500 2
1501 3
1502 2
1503 1
1504 2
1505 3
1506 1
1507 2
1508 3
1509 1
1510 2
1511 3
1512 1
1513 2
1514 3
1515 2
1516 1
1517 3
1518 2
1519 1
1520 3
1521 2
1522 1
1523 3
1524 2
1525 1
1526 3
1527 2
1528 1
1529 3
1530 2
1531 3
1532 1
1533 2
1534 3
1535 1
1536 2
1537 3
1538 1
1539 2
1540 3
1541 1
1542 2
1543 3
1544 1
1545 2
1546 3
1547 1
1548 2
1549 3
1550 1
1551 2
1552 3
1553 2
1554 3
1555 2
1556 3
1557 2
1558 3
1559 2
1560 3
1561 3
1562 2
1563 3
1564 2
1565 3
1566 2
1567 3
1568 2
1569 3
1570 2
1571 3
1572 2
1573 3
1574 2
1575 3
1576 2
1577 3
1578 2
1579 3
1580 2
1581 3
1582 2
1583 3
1584 2
1585 2
1586 3
1587 2
1588 3
1589 2
1590 3
1591 2
1592 2
1593 3
1594 2
1595 3
1596 2
1597 2
1598 3
1599 2
1600 3
1601 2
1602 3
1603 2
1604 3
1605 2
1606 2
1607 3
1608 2
1609 3
1610 2
1611 2
1612 3
1613 2
1614 3
1615 2
1616 3
1617 2
1618 3
1619 2
1620 3
1621 2
1622 3
1623 2
1624 2
1625 3
1626 2
1627 3
1628 2
1629 2
1630 3
1631 2
1632 3
1633 2
1634 2
1635 3
1636 2
1637 3
1638 2
1639 3
1640 2
1641 2
1642 3
1643 2
1644 3
1645 2
1646 2
1647 3
1648 2
1649 3
1650 2
1651 3
1652 2
1653 3
1654 2
1655 3
1656 2
1657 3
1658 2
1659 3
1660 2
1661 3
1662 2
1663 3
1664 2
1665 3
1666 2
1667 3
1668 3
1669 2
1670 3
1671 2
1673 2
1674 3
1675 2
1676 3
1678 2
1679 3
1680 2
1681 3
1682 2
1683 3
1685 2
1686 3
1687 3
1688 2
1689 2
1690 3
1692 3
1693 2
1694 3
1695 2
1696 3
1697 2
1699 3
1700 2
1701 3
1702 2
1703 3
1704 2
1706 3
1707 2
1708 2
1709 3
1710 2
1711 3
1713 3
1714 2
1715 2
1716 3
1718 2
1719 3
1720 2
1721 3
1722 2
1723 3
1725 2
1726 3
1727 3
1728 2
1730 2
1731 3
1732 2
1733 3
1735 3
1736 2
1737 3
1738 2
1739 2
1740 3
1742 2
1743 3
1744 2
1745 3
1747 2
1748 3
1749 2
1750 3
1751 2
1752 3
1753 2
1754 3
1756 3
1757 2
1758 3
1759 2
1761 2
1762 3
1763 3
1764 2
1766 2
1767 3
1768 2
1769 3
1770 3
1771 2
1773 2
1774 3
1775 2
1776 3
1778 3
1779 2
1781 3
1782 2
1783 2
1784 3
1786 2
1787 3
1788 2
1789 3
1791 2
1792 3
1793 2
1794 3
1796 2
1797 3
1799 2
1800 3
1802 3
1803 2
1805 2
1806 3
1807 2
1808 3
1810 3
1811 2
1812 2
1813 3
1815 2
1816 3
1817 2
1818 3
1820 2
1821 3
1822 2
1823 3
1824 2
1825 3
1827 2
1828 3
1830 3
1831 2
1833 3
1834 2
1836 3
1837 2
1838 2
1839 3
1841 2
1842 3
1844 2
1845 3
1847 3
1848 2
1849 2
1850 3
1852 2
1853 3
1854 2
1855 3
1857 2
1858 3
1860 2
1861 3
1862 2
1863 3
1865 2
1866 3
1867 3
1868 2
1870 3
1871 2
1873 2
1874 3
1876 2
1877 3
1879 2
1880 3
1882 2
1883 3
1884 2
1885 3
1887 2
1888 3
1889 2
1890 3
1892 3
1893 2
1894 2
1895 3
1897 2
1898 3
1900 3
1901 2
1903 2
1904 3
1906 3
1907 2
1909 3
1910 2
1912 3
1913 2
1915 3
1916 2
1918 3
1919 2
1920 2
1921 3
1923 3
1924 2
1926 2
1927 3
1929 3
1930 2
1932 3
1933 2
1934 2
1935 3
1937 2
1938 3
1940 3
1941 2
1943 3
1944 2
1946 3
1947 2
1949 3
1950 2
1952 3
1953 2
1955 3
1956 2
1957 3
1959 2
1960 3
1962 2
1963 3
1964 2
1965 3
1966 2
1967 3
1969 2
1970 3
1971 2
1973 2
1974 3
1975 2
1976 3
1977 2
1979 3
1980 2
1981 2
1982 3
1983 2
1985 3
1986 2
1987 2
1988 3
1989 2
1991 3
1992 2
1993 2
1994 3
1995 2
1997 2
1998 3
1999 2
2000 3
2002 2
2003 3
2004 2
2006 2
2007 3
2008 2
2009 3
2010 2
2011 3
2012 2
2013 3
2014 2
2015 3
2016 2
2017 3
2018 2
2019 3
2020 2
2021 3
2022 3
2023 2
2024 2
2025 3
2026 2
2027 3
2029 2
2030 3
2031 2
2032 3
2033 2
2034 3
2035 2
2036 3
2037 2
2038 3
2040 2
2041 3
2042 2
2043 3
2045 2
2046 3
2047 2
2048 3
2049 3
2050 2
2051 2
2052 3
2053 2
2054 3
2055 2
2056 3
2058 3
2059 2
2060 2
2061 3
2062 2
2063 3
2065 3
2066 2
2067 2
2068 3
2069 2
2070 3
2071 2
2072 3
2073 2
2074 3
2076 2
2077 3
2078 3
2079 2
2080 2
2081 3
2082 2
2083 3
2085 2
2086 3
2087 2
2088 3
2089 2
2090 3
2091 2
2092 3
2094 2
2095 3
2096 3
2097 2
2099 2
2100 3
2101 2
2102 3
2103 3
2104 2
2105 2
2106 3
2108 2
2109 3
2110 2
2111 3
2112 3
2113 2
2115 2
2116 3
2117 2
2118 3
2120 2
2121 3
2122 2
2123 3
2124 2
2125 3
2126 2
2127 3
2129 2
2130 3
2131 2
2132 3
2134 2
2135 3
2136 2
2137 3
2138 2
2139 3
2141 2
2142 3
2143 3
2144 2
2146 2
2147 3
2148 2
2149 3
2150 2
2151 3
2153 2
2154 3
2155 2
2156 3
2157 2
2158 3
2160 3
2161 2
2162 2
2163 3
2164 2
2165 3
2167 2
2168 3
2169 2
2170 3
2172 2
2173 3
2174 2
2175 3
2177 3
2178 2
2179 2
2180 3
2182 2
2183 3
2184 2
2185 3
2187 3
2188 2
2190 3
2191 2
2192 3
2193 2
2194 2
2195 3
2197 3
2198 2
2199 2
2200 3
2201 2
2202 3
2204 3
2205 2
2206 2
2207 3
2209 2
2210 3
2211 2
2212 3
2214 3
2215 2
2216 2
2217 3
2218 2
2219 3
2221 3
2222 2
2223 3
2224 2
2226 3
2227 2
2228 3
2229 2
2230 3
2231 2
2233 3
2234 2
2235 2
2236 3
2238 3
2239 2
2240 3
2241 2
2242 2
2243 3
2245 2
2246 3
2247 2
2248 3
2250 2
2251 3
2252 2
2253 3
2255 2
2256 3
2258 2
2259 3
2260 2
2261 3
2263 3
2264 2
2265 3
2266 2
2268 2
2269 3
2271 2
2272 3
2273 2
2274 3
2276 3
2277 2
2279 2
2280 3
2281 3
2282 2
2284 2
2285 3
2287 2
2288 3
2289 2
2290 3
2292 2
2293 3
2295 2
2296 3
2297 3
2298 2
2300 2
2301 3
2302 3
2303 2
2305 2
2306 3
2308 2
2309 3
2311 2
2312 3
2313 2
2314 3
2316 2
2317 3
2319 2
2320 3
2321 2
2322 3
2324 2
2325 3
2326 3
2327 2
2329 2
2330 3
2332 3
2333 2
2334 3
2335 2
2337 3
2338 2
2340 3
2341 2
2343 3
2344 2
2346 3
2347 2
2349 3
2350 2
2351 3
2352 2
2354 2
2355 3
2357 3
2358 2
2360 2
2361 3
2363 2
2364 3
2365 3
2366 2
2368 3
2369 2
2371 2
2372 3
2374 2
2375 3
2377 3
2378 2
2380 3
2381 2
2383 3
2384 2
2386 3
2387 2
2390 3
2391 2
2392 3
2393 2
2396 3
2397 2
2398 3
2399 2
2401 3
2402 2
2403 3
2404 2
2406 3
2407 2
2409 3
2410 2
2411 2
2412 3
2413 2
2414 3
2415 2
2416 3
2418 2
2419 3
2420 2
2421 3
2423 2
2424 3
2425 2
2426 3
2427 2
2428 3
2429 2
2430 3
2432 2
2433 3
2434 2
2436 3
2437 2
2438 2
2439 3
2441 2
2442 3
2443 2
2445 2
2446 3
2447 2
2449 2
2450 3
2451 3
2452 2
2454 2
2455 3
2456 2
2457 3
2458 2
2459 3
2461 2
2462 3
2463 2
2464 3
2465 3
2466 2
2467 2
2468 3
2470 2
2471 3
2472 2
2473 3
2474 3
2475 2
2476 2
2477 3
2478 2
2479 3
2481 2
2482 3
2483 2
2484 3
2485 2
2486 3
2487 3
2488 2
2490 2
2491 3
2492 2
2493 3
2494 2
2495 3
2496 2
2497 3
2498 3
2499 2
2500 2
2501 3
2502 2
2503 3
2505 2
2506 3
2507 2
2508 3
2509 2
2510 3
2512 2
2513 3
2514 2
2515 3
2516 2
2517 3
2519 2
2520 3
2521 2
2522 3
2524 2
2525 3
2526 2
2527 3
2528 2
2529 3
2531 2
2532 3
2533 3
2534 2
2535 2
2536 3
2538 2
2539 3
2541 2
2542 3
2543 2
2544 3
2546 2
2547 3
2548 2
2549 3
2551 2
2552 3
2554 2
2555 3
2557 2
2558 3
2560 2
2561 3
2563 3
2564 2
2566 2
2567 3
2568 3
2569 2
2571 3
2572 2
2574 3
2575 2
2577 3
2578 2
2580 3
2581 2
2582 2
2583 3
2585 3
2586 2
2588 3
2589 2
2591 2
2592 3
2594 3
2595 2
2597 3
2598 2
2600 2
2601 3
2602 3
2603 2
2605 3
2606 2
2608 3
2609 2
2611 3
2612 2
2613 2
2614 3
2616 2
2617 3
2619 3
2620 2
2622 2
2623 3
2625 2
2626 3
2628 2
2629 3
2631 3
2632 2
2635 2
2636 3
2638 3
2639 2
2642 2
2643 3
2645 3
2646 2
2647 3
2648 2
2650 2
2651 3
2653 3
2654 2
2656 3
2657 2
2659 3
2660 2
2662 3
2663 2
2665 3
2666 2
2668 3
2669 2
2671 3
2672 2
2674 3
2675 2
2677 2
2678 3
2679 2
2681 3
2682 2
2683 2
2684 3
2685 2
2686 3
2688 2
2689 2
2690 3
2691 2
2692 3
2693 2
2695 2
2696 3
2697 2
2699 3
2700 2
2701 2
2702 3
2703 2
2704 3
2705 2
2706 3
2708 2
2709 3
2710 2
2711 2
2712 3
2714 2
2715 3
2716 2
2718 2
2719 3
2720 2
2722 3
2723 2
2724 2
2725 3
2726 2
2727 3
2728 2
2730 2
2731 3
2733 2
2734 3
2735 2
2736 2
2737 3
2739 2
2740 3
2741 2
2743 2
2744 3
2745 2
2746 3
2747 2
2749 3
2750 2
2751 2
2752 3
2754 2
2755 3
2756 2
2758 2
2759 3
2760 2
2761 3
2763 2
2764 3
2765 2
2766 3
2767 2
2768 3
2770 2
2771 3
2772 2
2773 3
2775 2
2776 3
2777 2
2778 3
2779 2
2781 3
2782 2
2784 2
2785 3
2786 2
2787 3
2789 2
2790 3
2791 2
2793 3
2794 2
2796 2
2797 3
2799 2
2800 3
2801 2
2803 3
2804 2
2806 3
2807 2
2809 3
2810 2
2812 2
