2013 07 27 03 42 00 0.684300 12
2013 07 27 03 42 01 0.691212 12
2013 07 27 03 42 02 0.697612 12
2013 07 27 03 42 03 0.704268 12
2013 07 27 03 42 04 0.710924 12
2013 07 27 03 42 05 0.717580 12
2013 07 27 03 42 06 0.724236 12
2013 07 27 03 42 07 0.730892 12
2013 07 27 03 42 08 0.737548 12
2013 07 27 03 42 09 0.744204 12
2013 07 27 03 42 10 0.750860 12
2013 07 27 03 42 11 0.757260 12
2013 07 27 03 42 12 0.763916 12
2013 07 27 03 42 13 0.770572 12
2013 07 27 03 42 14 0.777228 12
2013 07 27 03 42 15 0.783884 12
2013 07 27 03 42 16 0.790540 12
2013 07 27 03 42 17 0.797196 12
2013 07 27 03 42 18 0.803852 12
2013 07 27 03 42 19 0.810508 12
2013 07 27 03 42 20 0.817164 12
2013 07 27 03 42 21 0.823820 12
2013 07 27 03 42 22 0.830476 12
2013 07 27 03 42 23 0.837132 12
2013 07 27 03 42 24 0.843788 12
2013 07 27 03 42 25 0.850444 12
2013 07 27 03 42 26 0.856844 12
2013 07 27 03 42 27 0.863500 12
2013 07 27 03 42 28 0.870156 12
2013 07 27 03 42 29 0.876812 12
2013 07 27 03 42 30 0.883468 12
2013 07 27 03 42 31 0.890124 12
2013 07 27 03 42 32 0.896780 12
2013 07 27 03 42 33 0.903436 12
2013 07 27 03 42 34 0.910092 12
2013 07 27 03 42 35 0.916748 12
2013 07 27 03 42 36 0.923404 12
2013 07 27 03 42 37 0.929804 12
2013 07 27 03 42 39 0.187916 12
2013 07 27 03 42 40 0.194572 12
2013 07 27 03 42 41 0.201228 12
2013 07 27 03 42 42 0.207884 12
2013 07 27 03 42 43 0.214540 12
2013 07 27 03 42 44 0.221196 12
2013 07 27 03 42 45 0.227852 12
2013 07 27 03 42 46 0.234508 12
2013 07 27 03 42 47 0.241164 12
2013 07 27 03 42 48 0.247820 12
2013 07 27 03 42 49 0.254476 12
2013 07 27 03 42 50 0.260876 12
2013 07 27 03 42 51 0.519436 12
2013 07 27 03 42 52 0.526092 12
2013 07 27 03 42 53 0.532748 12
2013 07 27 03 42 54 0.539404 12
2013 07 27 03 42 55 0.546060 12
2013 07 27 03 42 56 0.552716 12
2013 07 27 03 42 57 0.559372 12
2013 07 27 03 42 58 0.566028 12
2013 07 27 03 42 59 0.572428 12
2013 07 27 03 43 00 0.579084 12
2013 07 27 03 43 01 0.585740 12
2013 07 27 03 43 02 0.592396 12
2013 07 27 03 43 03 0.599052 12
2013 07 27 03 43 04 0.605708 12
2013 07 27 03 43 05 0.612364 12
2013 07 27 03 43 06 0.619020 12
2013 07 27 03 43 07 0.625676 12
2013 07 27 03 43 08 0.632076 12
2013 07 27 03 43 09 0.638732 12
2013 07 27 03 43 10 0.897036 12
2013 07 27 03 43 11 0.903692 12
2013 07 27 03 43 12 0.910348 12
2013 07 27 03 43 13 0.917004 12
2013 07 27 03 43 14 0.923404 12
2013 07 27 03 43 16 0.182028 12
2013 07 27 03 43 17 0.188684 12
2013 07 27 03 43 18 0.195340 12
2013 07 27 03 43 19 0.201996 12
2013 07 27 03 43 20 0.208396 12
2013 07 27 03 43 21 0.215052 12
2013 07 27 03 43 22 0.221708 12
2013 07 27 03 43 23 0.228364 12
2013 07 27 03 43 24 0.235020 12
2013 07 27 03 43 25 0.241676 12
2013 07 27 03 43 26 0.248332 12
2013 07 27 03 43 27 0.254988 12
2013 07 27 03 43 28 0.261644 12
2013 07 27 03 43 29 0.268300 12
2013 07 27 03 43 30 0.274956 12
2013 07 27 03 43 31 0.281356 12
2013 07 27 03 43 32 0.288012 12
2013 07 27 03 43 33 0.294668 12
2013 07 27 03 43 34 0.301324 12
2013 07 27 03 43 35 0.307980 12
2013 07 27 03 43 36 0.314636 12
2013 07 27 03 43 37 0.321292 12
2013 07 27 03 43 38 0.327948 12
2013 07 27 03 43 39 0.334604 12
2013 07 27 03 43 40 0.341260 12
2013 07 27 03 43 41 0.347916 12
2013 07 27 03 43 42 0.354572 12
2013 07 27 03 43 43 0.360972 12
2013 07 27 03 43 44 0.367628 12
2013 07 27 03 43 45 0.374284 12
2013 07 27 03 43 46 0.380940 12
2013 07 27 03 43 47 0.387596 12
2013 07 27 03 43 48 0.394252 12
2013 07 27 03 43 49 0.400908 12
2013 07 27 03 43 50 0.407564 12
2013 07 27 03 43 51 0.414220 12
2013 07 27 03 43 52 0.420876 12
2013 07 27 03 43 53 0.427276 12
2013 07 27 03 43 54 0.433932 12
2013 07 27 03 43 55 0.440588 12
2013 07 27 03 43 56 0.447244 12
2013 07 27 03 43 57 0.453900 12
2013 07 27 03 43 58 0.460556 12
2013 07 27 03 43 59 0.467212 12
2013 07 27 03 44 00 0.473868 12
2013 07 27 03 44 01 0.480524 12
2013 07 27 03 44 02 0.487180 12
2013 07 27 03 44 03 0.493836 12
2013 07 27 03 44 04 0.500492 12
2013 07 27 03 44 05 0.507148 12
2013 07 27 03 44 06 0.513548 12
2013 07 27 03 44 07 0.520460 12
2013 07 27 03 44 08 0.526860 12
2013 07 27 03 44 09 0.533516 12
2013 07 27 03 44 10 0.540172 12
2013 07 27 03 44 11 0.546828 12
2013 07 27 03 44 12 0.553484 12
2013 07 27 03 44 13 0.560140 12
2013 07 27 03 44 14 0.566796 12
2013 07 27 03 44 15 0.573452 12
2013 07 27 03 44 16 0.579852 12
2013 07 27 03 44 17 0.586508 12
2013 07 27 03 44 18 0.593164 12
2013 07 27 03 44 19 0.599820 12
2013 07 27 03 44 20 0.606476 12
2013 07 27 03 44 21 0.613132 12
2013 07 27 03 44 22 0.619788 12
2013 07 27 03 44 23 0.626444 12
2013 07 27 03 44 24 0.633100 12
2013 07 27 03 44 25 0.639756 12
2013 07 27 03 44 26 0.646412 12
2013 07 27 03 44 27 0.653068 12
2013 07 27 03 44 28 0.659724 12
2013 07 27 03 44 29 0.414476 12
2013 07 27 03 44 30 0.421132 12
2013 07 27 03 44 31 0.427788 12
2013 07 27 03 44 32 0.434444 12
2013 07 27 03 44 33 0.440844 12
2013 07 27 03 44 34 0.447500 12
2013 07 27 03 44 35 0.454156 12
2013 07 27 03 44 36 0.460812 12
2013 07 27 03 44 37 0.467468 12
2013 07 27 03 44 38 0.474124 12
2013 07 27 03 44 39 0.480780 12
2013 07 27 03 44 40 0.487436 12
2013 07 27 03 44 41 0.494092 12
2013 07 27 03 44 42 0.500748 12
2013 07 27 03 44 43 0.507404 12
2013 07 27 03 44 44 0.513804 12
2013 07 27 03 44 45 0.520460 12
2013 07 27 03 44 46 0.527116 12
2013 07 27 03 44 47 0.533772 12
2013 07 27 03 44 48 0.540428 12
2013 07 27 03 44 49 0.547084 12
2013 07 27 03 44 50 0.553740 12
2013 07 27 03 44 51 0.560396 12
2013 07 27 03 44 52 0.567052 12
2013 07 27 03 44 53 0.573708 12
2013 07 27 03 44 54 0.580364 12
2013 07 27 03 44 55 0.587020 12
2013 07 27 03 44 56 0.845324 12
2013 07 27 03 44 57 0.851980 12
2013 07 27 03 44 58 0.858636 12
2013 07 27 03 44 59 0.865292 12
2013 07 27 03 45 00 0.871948 12
2013 07 27 03 45 01 0.878604 12
2013 07 27 03 45 02 0.885260 12
2013 07 27 03 45 03 0.891916 12
2013 07 27 03 45 04 0.898316 12
2013 07 27 03 45 05 0.905228 12
2013 07 27 03 45 06 0.911628 12
2013 07 27 03 45 07 0.918284 12
2013 07 27 03 45 08 0.924940 12
2013 07 27 03 45 09 0.931596 12
2013 07 27 03 45 10 0.938252 12
2013 07 27 03 45 11 0.944908 12
2013 07 27 03 45 12 0.951564 12
2013 07 27 03 45 13 0.958220 12
2013 07 27 03 45 14 0.964620 12
2013 07 27 03 45 15 0.971276 12
2013 07 27 03 45 16 0.977932 12
2013 07 27 03 45 17 0.984588 12
2013 07 27 03 45 18 0.991244 12
2013 07 27 03 45 19 0.997900 12
2013 07 27 03 45 21 0.004620 12
2013 07 27 03 45 22 0.011276 12
2013 07 27 03 45 23 0.017932 12
2013 07 27 03 45 24 0.024588 12
2013 07 27 03 45 25 0.030988 12
2013 07 27 03 45 26 0.037900 12
2013 07 27 03 45 27 0.044300 12
2013 07 27 03 45 28 0.050956 12
2013 07 27 03 45 29 0.057612 12
2013 07 27 03 45 30 0.064268 12
2013 07 27 03 45 31 0.070924 12
2013 07 27 03 45 32 0.077580 12
2013 07 27 03 45 33 0.084236 12
2013 07 27 03 45 34 0.090892 12
2013 07 27 03 45 35 0.097292 12
2013 07 27 03 45 36 0.103948 12
2013 07 27 03 45 37 0.110604 12
2013 07 27 03 45 38 0.117260 12
2013 07 27 03 45 39 0.123916 12
2013 07 27 03 45 40 0.130572 12
2013 07 27 03 45 41 0.137228 12
2013 07 27 03 45 42 0.143884 12
2013 07 27 03 45 43 0.150540 12
2013 07 27 03 45 44 0.157196 12
2013 07 27 03 45 45 0.163852 12
2013 07 27 03 45 46 0.170508 12
2013 07 27 03 45 47 0.177164 12
2013 07 27 03 45 48 0.183820 12
2013 07 27 03 45 49 0.190220 12
2013 07 27 03 45 50 0.196876 12
2013 07 27 03 45 51 0.203532 12
2013 07 27 03 45 52 0.210188 12
2013 07 27 03 45 53 0.468236 12
2013 07 27 03 45 54 0.474892 12
2013 07 27 03 45 55 0.481548 12
2013 07 27 03 45 56 0.488204 12
2013 07 27 03 45 57 0.494860 12
2013 07 27 03 45 58 0.501516 12
2013 07 27 03 45 59 0.508172 12
2013 07 27 03 46 00 0.514828 12
2013 07 27 03 46 01 0.521484 12
2013 07 27 03 46 02 0.528140 12
2013 07 27 03 46 03 0.534796 12
2013 07 27 03 46 04 0.541196 12
2013 07 27 03 46 05 0.547852 12
2013 07 27 03 46 06 0.554508 12
2013 07 27 03 46 07 0.561164 12
2013 07 27 03 46 08 0.567820 12
2013 07 27 03 46 09 0.574476 12
2013 07 27 03 46 10 0.581132 12
2013 07 27 03 46 11 0.587788 12
2013 07 27 03 46 12 0.594444 12
2013 07 27 03 46 13 0.601100 12
2013 07 27 03 46 14 0.607756 12
2013 07 27 03 46 15 0.614156 12
2013 07 27 03 46 16 0.620812 12
2013 07 27 03 46 17 0.627468 12
2013 07 27 03 46 18 0.634124 12
2013 07 27 03 46 19 0.892684 12
2013 07 27 03 46 20 0.899340 12
2013 07 27 03 46 21 0.905996 12
2013 07 27 03 46 22 0.912396 12
2013 07 27 03 46 23 0.919308 12
2013 07 27 03 46 24 0.925964 12
2013 07 27 03 46 25 0.932364 12
2013 07 27 03 46 26 0.939020 12
2013 07 27 03 46 27 0.945676 12
2013 07 27 03 46 28 0.952332 12
2013 07 27 03 46 29 0.958988 12
2013 07 27 03 46 30 0.965644 12
2013 07 27 03 46 31 0.972300 12
2013 07 27 03 46 32 0.978956 12
2013 07 27 03 46 33 0.985356 12
2013 07 27 03 46 34 0.992012 12
2013 07 27 03 46 35 0.998668 12
2013 07 27 03 46 37 0.005388 12
2013 07 27 03 46 38 0.012044 12
2013 07 27 03 46 39 0.018700 12
2013 07 27 03 46 40 0.025356 12
2013 07 27 03 46 41 0.032012 12
2013 07 27 03 46 42 0.038668 12
2013 07 27 03 46 43 0.045068 12
2013 07 27 03 46 44 0.051980 12
2013 07 27 03 46 45 0.058380 12
2013 07 27 03 46 46 0.065036 12
2013 07 27 03 46 47 0.071692 12
2013 07 27 03 46 48 0.078348 12
2013 07 27 03 46 49 0.085004 12
2013 07 27 03 46 50 0.091660 12
2013 07 27 03 46 51 0.098316 12
2013 07 27 03 46 52 0.104972 12
2013 07 27 03 46 53 0.111628 12
2013 07 27 03 46 54 0.118028 12
2013 07 27 03 46 55 0.124684 12
2013 07 27 03 46 56 0.131340 12
2013 07 27 03 46 57 0.137996 12
2013 07 27 03 46 58 0.144652 12
2013 07 27 03 46 59 0.151308 12
2013 07 27 03 47 00 0.409612 12
2013 07 27 03 47 01 0.416012 12
2013 07 27 03 47 02 0.422668 12
2013 07 27 03 47 03 0.429324 12
2013 07 27 03 47 04 0.435980 12
2013 07 27 03 47 05 0.442636 12
2013 07 27 03 47 06 0.449292 12
2013 07 27 03 47 07 0.455948 12
2013 07 27 03 47 08 0.462604 12
2013 07 27 03 47 09 0.469260 12
2013 07 27 03 47 10 0.475916 12
2013 07 27 03 47 11 0.482572 12
2013 07 27 03 47 12 0.237580 12
2013 07 27 03 47 13 0.244236 12
2013 07 27 03 47 14 0.250892 12
2013 07 27 03 47 15 0.257548 12
2013 07 27 03 47 16 0.264204 12
2013 07 27 03 47 17 0.270860 12
2013 07 27 03 47 18 0.277516 12
2013 07 27 03 47 19 0.283916 12
2013 07 27 03 47 20 0.290572 12
2013 07 27 03 47 21 0.297228 12
2013 07 27 03 47 22 0.303884 12
2013 07 27 03 47 23 0.310540 12
2013 07 27 03 47 24 0.317196 12
2013 07 27 03 47 25 0.323852 12
2013 07 27 03 47 26 0.330508 12
2013 07 27 03 47 27 0.337164 12
2013 07 27 03 47 28 0.343820 12
2013 07 27 03 47 29 0.350220 12
2013 07 27 03 47 30 0.356876 12
2013 07 27 03 47 31 0.363532 12
2013 07 27 03 47 32 0.370188 12
2013 07 27 03 47 33 0.376844 12
2013 07 27 03 47 34 0.383500 12
2013 07 27 03 47 35 0.390156 12
2013 07 27 03 47 36 0.396812 12
2013 07 27 03 47 37 0.403468 12
2013 07 27 03 47 38 0.410124 12
2013 07 27 03 47 39 0.416780 12
2013 07 27 03 47 40 0.423436 12
2013 07 27 03 47 41 0.430092 12
2013 07 27 03 47 42 0.436492 12
2013 07 27 03 47 43 0.443148 12
2013 07 27 03 47 44 0.449804 12
2013 07 27 03 47 45 0.456460 12
2013 07 27 03 47 46 0.463116 12
2013 07 27 03 47 47 0.469772 12
2013 07 27 03 47 48 0.476428 12
