2013 07 27 03 56 01 0.188172 12
2013 07 27 03 56 01 0.691468 12
2013 07 27 03 56 02 0.194828 12
2013 07 27 03 56 02 0.698124 12
2013 07 27 03 56 03 0.201484 12
2013 07 27 03 56 03 0.453132 12
2013 07 27 03 56 03 0.956428 12
2013 07 27 03 56 04 0.459532 12
2013 07 27 03 56 04 0.962828 12
2013 07 27 03 56 05 0.466188 12
2013 07 27 03 56 05 0.969484 12
2013 07 27 03 56 06 0.221452 12
2013 07 27 03 56 06 0.724748 12
2013 07 27 03 56 07 0.228108 12
2013 07 27 03 56 07 0.479500 12
2013 07 27 03 56 07 0.982796 12
2013 07 27 03 56 08 0.234764 12
2013 07 27 03 56 08 0.738060 12
2013 07 27 03 56 09 0.241420 12
2013 07 27 03 56 09 0.492812 12
2013 07 27 03 56 09 0.996108 12
2013 07 27 03 56 10 0.248076 12
2013 07 27 03 56 10 0.751372 12
2013 07 27 03 56 11 0.254732 12
2013 07 27 03 56 11 0.506124 12
2013 07 27 03 56 12 0.009484 12
2013 07 27 03 56 12 0.261132 12
2013 07 27 03 56 12 0.764428 12
2013 07 27 03 56 13 0.267788 12
2013 07 27 03 56 13 0.519436 12
2013 07 27 03 56 13 0.771084 12
2013 07 27 03 56 14 0.274444 12
2013 07 27 03 56 14 0.526092 12
2013 07 27 03 56 14 0.777740 12
2013 07 27 03 56 15 0.029196 12
2013 07 27 03 56 15 0.281100 12
2013 07 27 03 56 15 0.532492 12
2013 07 27 03 56 15 0.784396 12
2013 07 27 03 56 16 0.035852 12
2013 07 27 03 56 16 0.287756 12
2013 07 27 03 56 16 0.539148 12
2013 07 27 03 56 16 0.791052 12
2013 07 27 03 56 17 0.042508 12
2013 07 27 03 56 17 0.294412 12
2013 07 27 03 56 17 0.545804 12
2013 07 27 03 56 17 0.797708 12
2013 07 27 03 56 18 0.049164 12
2013 07 27 03 56 18 0.301068 12
2013 07 27 03 56 18 0.552460 12
2013 07 27 03 56 18 0.804364 12
2013 07 27 03 56 19 0.055820 12
2013 07 27 03 56 19 0.307724 12
2013 07 27 03 56 19 0.559116 12
2013 07 27 03 56 19 0.811020 12
2013 07 27 03 56 20 0.062476 12
2013 07 27 03 56 20 0.314380 12
2013 07 27 03 56 20 0.565772 12
2013 07 27 03 56 20 0.817676 12
2013 07 27 03 56 21 0.069132 12
2013 07 27 03 56 21 0.320780 12
2013 07 27 03 56 21 0.572428 12
2013 07 27 03 56 21 0.824076 12
2013 07 27 03 56 22 0.075788 12
2013 07 27 03 56 22 0.327436 12
2013 07 27 03 56 22 0.579084 12
2013 07 27 03 56 22 0.830732 12
2013 07 27 03 56 23 0.082444 12
2013 07 27 03 56 23 0.334348 12
2013 07 27 03 56 23 0.585740 12
2013 07 27 03 56 23 0.837388 12
2013 07 27 03 56 24 0.089100 12
2013 07 27 03 56 24 0.340748 12
2013 07 27 03 56 24 0.592396 12
2013 07 27 03 56 24 0.844044 12
2013 07 27 03 56 25 0.095500 12
2013 07 27 03 56 25 0.599052 12
2013 07 27 03 56 26 0.102156 12
2013 07 27 03 56 26 0.605452 12
2013 07 27 03 56 27 0.108812 12
2013 07 27 03 56 27 0.612108 12
2013 07 27 03 56 28 0.115468 12
2013 07 27 03 56 28 0.618764 12
2013 07 27 03 56 29 0.122124 12
2013 07 27 03 56 29 0.374028 12
2013 07 27 03 56 29 0.877324 12
2013 07 27 03 56 30 0.380684 12
2013 07 27 03 56 30 0.883980 12
2013 07 27 03 56 31 0.387084 12
2013 07 27 03 56 31 0.890636 12
2013 07 27 03 56 32 0.393740 12
2013 07 27 03 56 32 0.897036 12
2013 07 27 03 56 33 0.148748 12
2013 07 27 03 56 33 0.652044 12
2013 07 27 03 56 34 0.155404 12
2013 07 27 03 56 34 0.658700 12
2013 07 27 03 56 35 0.162060 12
2013 07 27 03 56 35 0.665356 12
2013 07 27 03 56 35 0.917004 12
2013 07 27 03 56 36 0.420364 12
2013 07 27 03 56 36 0.923660 12
2013 07 27 03 56 37 0.427020 12
2013 07 27 03 56 37 0.930316 12
2013 07 27 03 56 38 0.433676 12
2013 07 27 03 56 38 0.685068 12
2013 07 27 03 56 39 0.188428 12
2013 07 27 03 56 39 0.691724 12
2013 07 27 03 56 40 0.195084 12
2013 07 27 03 56 40 0.698380 12
2013 07 27 03 56 41 0.201740 12
2013 07 27 03 56 41 0.705036 12
2013 07 27 03 56 42 0.208396 12
2013 07 27 03 56 42 0.711692 12
2013 07 27 03 56 42 0.963596 12
2013 07 27 03 56 43 0.466956 12
2013 07 27 03 56 43 0.970252 12
2013 07 27 03 56 44 0.473356 12
2013 07 27 03 56 44 0.976652 12
2013 07 27 03 56 45 0.480012 12
2013 07 27 03 56 45 0.983308 12
2013 07 27 03 56 46 0.486668 12
2013 07 27 03 56 46 0.989964 12
2013 07 27 03 56 47 0.493324 12
2013 07 27 03 56 47 0.744972 12
2013 07 27 03 56 48 0.248076 12
2013 07 27 03 56 48 0.751372 12
2013 07 27 03 56 49 0.254732 12
2013 07 27 03 56 49 0.758028 12
2013 07 27 03 56 50 0.009996 12
2013 07 27 03 56 50 0.513292 12
2013 07 27 03 56 51 0.016652 12
2013 07 27 03 56 51 0.519948 12
2013 07 27 03 56 52 0.023308 12
2013 07 27 03 56 52 0.274700 12
2013 07 27 03 56 52 0.777996 12
2013 07 27 03 56 53 0.281356 12
2013 07 27 03 56 53 0.784652 12
2013 07 27 03 56 54 0.036364 12
2013 07 27 03 56 54 0.539660 12
2013 07 27 03 56 55 0.043020 12
2013 07 27 03 56 55 0.546316 12
2013 07 27 03 56 56 0.049676 12
2013 07 27 03 56 56 0.552972 12
2013 07 27 03 56 57 0.056332 12
2013 07 27 03 56 57 0.559628 12
2013 07 27 03 56 57 0.811276 12
2013 07 27 03 56 58 0.314636 12
2013 07 27 03 56 58 0.817932 12
2013 07 27 03 56 59 0.321036 12
2013 07 27 03 56 59 0.572940 12
2013 07 27 03 57 00 0.076300 12
2013 07 27 03 57 00 0.579596 12
2013 07 27 03 57 01 0.082956 12
2013 07 27 03 57 01 0.586252 12
2013 07 27 03 57 02 0.089612 12
2013 07 27 03 57 02 0.592908 12
2013 07 27 03 57 02 0.844300 12
2013 07 27 03 57 03 0.347660 12
2013 07 27 03 57 03 0.850956 12
2013 07 27 03 57 04 0.354316 12
2013 07 27 03 57 04 0.857612 12
2013 07 27 03 57 05 0.360972 12
2013 07 27 03 57 05 0.612876 12
2013 07 27 03 57 06 0.115980 12
2013 07 27 03 57 06 0.619532 12
2013 07 27 03 57 07 0.122892 12
2013 07 27 03 57 07 0.626188 12
2013 07 27 03 57 08 0.129292 12
2013 07 27 03 57 08 0.380940 12
2013 07 27 03 57 08 0.884236 12
2013 07 27 03 57 09 0.387596 12
2013 07 27 03 57 09 0.890892 12
2013 07 27 03 57 10 0.393996 12
2013 07 27 03 57 10 0.645900 12
2013 07 27 03 57 11 0.149260 12
2013 07 27 03 57 11 0.652556 12
2013 07 27 03 57 12 0.155916 12
2013 07 27 03 57 12 0.659212 12
2013 07 27 03 57 13 0.162572 12
2013 07 27 03 57 13 0.665868 12
2013 07 27 03 57 13 0.917260 12
2013 07 27 03 57 14 0.420620 12
2013 07 27 03 57 14 0.923916 12
2013 07 27 03 57 15 0.427276 12
2013 07 27 03 57 15 0.930572 12
2013 07 27 03 57 16 0.433932 12
2013 07 27 03 57 16 0.937228 12
2013 07 27 03 57 17 0.188940 12
2013 07 27 03 57 17 0.692236 12
2013 07 27 03 57 18 0.195596 12
2013 07 27 03 57 18 0.698892 12
2013 07 27 03 57 19 0.202252 12
2013 07 27 03 57 19 0.453900 12
2013 07 27 03 57 19 0.957196 12
2013 07 27 03 57 20 0.460556 12
2013 07 27 03 57 20 0.963852 12
2013 07 27 03 57 21 0.466956 12
2013 07 27 03 57 21 0.970508 12
2013 07 27 03 57 22 0.473612 12
2013 07 27 03 57 22 0.725516 12
2013 07 27 03 57 23 0.228876 12
2013 07 27 03 57 23 0.732172 12
2013 07 27 03 57 24 0.235532 12
2013 07 27 03 57 24 0.738828 12
2013 07 27 03 57 25 0.242188 12
2013 07 27 03 57 25 0.493580 12
2013 07 27 03 57 25 0.996876 12
2013 07 27 03 57 26 0.500236 12
2013 07 27 03 57 27 0.003596 12
2013 07 27 03 57 27 0.506892 12
2013 07 27 03 57 28 0.010252 12
2013 07 27 03 57 28 0.261900 12
2013 07 27 03 57 28 0.765452 12
2013 07 27 03 57 29 0.268812 12
2013 07 27 03 57 29 0.772108 12
2013 07 27 03 57 30 0.275212 12
2013 07 27 03 57 30 0.778764 12
2013 07 27 03 57 31 0.030220 12
2013 07 27 03 57 31 0.533516 12
2013 07 27 03 57 32 0.036620 12
2013 07 27 03 57 32 0.540172 12
2013 07 27 03 57 33 0.043276 12
2013 07 27 03 57 33 0.546572 12
2013 07 27 03 57 33 0.798476 12
2013 07 27 03 57 34 0.301836 12
2013 07 27 03 57 34 0.805132 12
2013 07 27 03 57 35 0.308492 12
2013 07 27 03 57 35 0.811788 12
2013 07 27 03 57 36 0.315148 12
2013 07 27 03 57 36 0.818444 12
2013 07 27 03 57 37 0.321804 12
2013 07 27 03 57 37 0.573196 12
2013 07 27 03 57 38 0.076556 12
2013 07 27 03 57 38 0.579852 12
2013 07 27 03 57 39 0.083212 12
2013 07 27 03 57 39 0.586508 12
2013 07 27 03 57 39 0.838412 12
2013 07 27 03 57 40 0.341516 12
2013 07 27 03 57 40 0.845068 12
2013 07 27 03 57 41 0.348172 12
2013 07 27 03 57 42 0.103180 12
2013 07 27 03 57 42 0.606476 12
2013 07 27 03 57 43 0.109580 12
2013 07 27 03 57 43 0.613132 12
2013 07 27 03 57 43 0.864780 12
2013 07 27 03 57 44 0.368140 12
2013 07 27 03 57 44 0.871436 12
2013 07 27 03 57 45 0.374796 12
2013 07 27 03 57 45 0.878092 12
2013 07 27 03 57 46 0.381452 12
2013 07 27 03 57 46 0.884748 12
2013 07 27 03 57 47 0.136204 12
2013 07 27 03 57 47 0.639500 12
2013 07 27 03 57 48 0.142860 12
2013 07 27 03 57 48 0.646156 12
2013 07 27 03 57 49 0.149516 12
2013 07 27 03 57 49 0.652812 12
2013 07 27 03 57 49 0.904716 12
2013 07 27 03 57 50 0.407820 12
2013 07 27 03 57 50 0.911116 12
2013 07 27 03 57 51 0.414476 12
2013 07 27 03 57 51 0.666124 12
2013 07 27 03 57 52 0.169484 12
2013 07 27 03 57 52 0.672780 12
2013 07 27 03 57 53 0.176140 12
2013 07 27 03 57 53 0.679436 12
2013 07 27 03 57 54 0.182796 12
2013 07 27 03 57 54 0.434444 12
2013 07 27 03 57 54 0.937740 12
2013 07 27 03 57 55 0.441100 12
2013 07 27 03 57 55 0.944396 12
2013 07 27 03 57 56 0.447756 12
2013 07 27 03 57 56 0.951052 12
2013 07 27 03 57 57 0.454412 12
2013 07 27 03 57 57 0.957708 12
2013 07 27 03 57 58 0.461068 12
2013 07 27 03 57 58 0.964364 12
2013 07 27 03 57 59 0.467724 12
2013 07 27 03 57 59 0.971020 12
2013 07 27 03 58 00 0.474380 12
2013 07 27 03 58 00 0.977676 12
2013 07 27 03 58 01 0.229132 12
2013 07 27 03 58 01 0.732428 12
2013 07 27 03 58 02 0.235788 12
2013 07 27 03 58 02 0.739084 12
2013 07 27 03 58 03 0.242444 12
2013 07 27 03 58 03 0.745740 12
2013 07 27 03 58 03 0.997644 12
2013 07 27 03 58 04 0.500748 12
2013 07 27 03 58 05 0.004108 12
2013 07 27 03 58 05 0.507404 12
2013 07 27 03 58 06 0.010764 12
2013 07 27 03 58 06 0.514060 12
2013 07 27 03 58 06 0.765452 12
2013 07 27 03 58 07 0.268812 12
2013 07 27 03 58 07 0.772108 12
2013 07 27 03 58 08 0.275468 12
2013 07 27 03 58 08 0.778764 12
2013 07 27 03 58 09 0.282124 12
2013 07 27 03 58 09 0.785420 12
2013 07 27 03 58 10 0.288780 12
2013 07 27 03 58 10 0.792076 12
2013 07 27 03 58 11 0.295436 12
2013 07 27 03 58 11 0.547340 12
2013 07 27 03 58 12 0.050444 12
2013 07 27 03 58 12 0.553740 12
2013 07 27 03 58 13 0.057100 12
2013 07 27 03 58 13 0.560396 12
2013 07 27 03 58 13 0.812044 12
2013 07 27 03 58 14 0.315404 12
2013 07 27 03 58 14 0.818700 12
2013 07 27 03 58 15 0.322060 12
2013 07 27 03 58 15 0.825356 12
2013 07 27 03 58 16 0.328716 12
2013 07 27 03 58 16 0.832012 12
2013 07 27 03 58 17 0.083724 12
2013 07 27 03 58 17 0.587020 12
2013 07 27 03 58 18 0.090380 12
2013 07 27 03 58 18 0.593676 12
2013 07 27 03 58 19 0.097036 12
2013 07 27 03 58 19 0.600332 12
2013 07 27 03 58 20 0.103692 12
2013 07 27 03 58 20 0.355084 12
2013 07 27 03 58 20 0.858380 12
2013 07 27 03 58 21 0.361740 12
2013 07 27 03 58 21 0.865036 12
2013 07 27 03 58 22 0.117004 12
2013 07 27 03 58 22 0.620300 12
2013 07 27 03 58 23 0.123660 12
2013 07 27 03 58 23 0.626956 12
2013 07 27 03 58 24 0.130060 12
2013 07 27 03 58 24 0.381708 12
2013 07 27 03 58 24 0.885004 12
2013 07 27 03 58 25 0.388364 12
2013 07 27 03 58 25 0.891660 12
2013 07 27 03 58 26 0.395020 12
2013 07 27 03 58 26 0.898316 12
2013 07 27 03 58 27 0.401676 12
2013 07 27 03 58 27 0.904972 12
2013 07 27 03 58 28 0.408076 12
2013 07 27 03 58 28 0.659980 12
2013 07 27 03 58 29 0.163340 12
2013 07 27 03 58 29 0.666636 12
2013 07 27 03 58 30 0.169996 12
2013 07 27 03 58 30 0.673292 12
2013 07 27 03 58 31 0.176652 12
2013 07 27 03 58 31 0.428044 12
2013 07 27 03 58 31 0.931340 12
2013 07 27 03 58 32 0.434700 12
2013 07 27 03 58 32 0.937996 12
2013 07 27 03 58 33 0.441356 12
2013 07 27 03 58 33 0.944652 12
2013 07 27 03 58 34 0.448012 12
2013 07 27 03 58 34 0.951308 12
2013 07 27 03 58 35 0.203276 12
2013 07 27 03 58 35 0.706572 12
2013 07 27 03 58 36 0.209932 12
2013 07 27 03 58 36 0.713228 12
2013 07 27 03 58 37 0.216332 12
2013 07 27 03 58 37 0.719628 12
2013 07 27 03 58 38 0.222988 12
2013 07 27 03 58 38 0.726284 12
2013 07 27 03 58 39 0.229644 12
2013 07 27 03 58 39 0.481292 12
2013 07 27 03 58 39 0.984588 12
2013 07 27 03 58 40 0.487692 12
2013 07 27 03 58 40 0.990988 12
2013 07 27 03 58 41 0.494348 12
2013 07 27 03 58 41 0.997644 12
2013 07 27 03 58 42 0.249612 12
2013 07 27 03 58 42 0.752908 12
2013 07 27 03 58 43 0.256268 12
2013 07 27 03 58 43 0.759564 12
2013 07 27 03 58 44 0.262924 12
2013 07 27 03 58 44 0.766220 12
2013 07 27 03 58 45 0.017676 12
2013 07 27 03 58 45 0.520972 12
2013 07 27 03 58 46 0.024332 12
2013 07 27 03 58 46 0.527628 12
2013 07 27 03 58 47 0.030988 12
2013 07 27 03 58 47 0.534284 12
2013 07 27 03 58 48 0.037644 12
2013 07 27 03 58 48 0.289292 12
2013 07 27 03 58 48 0.792588 12
2013 07 27 03 58 49 0.295948 12
2013 07 27 03 58 49 0.799244 12
2013 07 27 03 58 50 0.302604 12
2013 07 27 03 58 50 0.805900 12
2013 07 27 03 58 51 0.309260 12
2013 07 27 03 58 51 0.812556 12
2013 07 27 03 58 52 0.064012 12
2013 07 27 03 58 52 0.567308 12
2013 07 27 03 58 53 0.070668 12
2013 07 27 03 58 53 0.573964 12
2013 07 27 03 58 54 0.077324 12
2013 07 27 03 58 54 0.580620 12
2013 07 27 03 58 55 0.083980 12
2013 07 27 03 58 55 0.335884 12
2013 07 27 03 58 55 0.839180 12
2013 07 27 03 58 56 0.342540 12
2013 07 27 03 58 56 0.845836 12
2013 07 27 03 58 57 0.349196 12
2013 07 27 03 58 57 0.852492 12
2013 07 27 03 58 58 0.355596 12
2013 07 27 03 58 58 0.607244 12
2013 07 27 03 58 59 0.110604 12
2013 07 27 03 58 59 0.613900 12
2013 07 27 03 59 00 0.117260 12
2013 07 27 03 59 00 0.620556 12
2013 07 27 03 59 00 0.872204 12
2013 07 27 03 59 01 0.375564 12
2013 07 27 03 59 01 0.878860 12
2013 07 27 03 59 02 0.382220 12
2013 07 27 03 59 02 0.885516 12
2013 07 27 03 59 03 0.388876 12
2013 07 27 03 59 03 0.892172 12
2013 07 27 03 59 04 0.395532 12
2013 07 27 03 59 04 0.646924 12
2013 07 27 03 59 05 0.150284 12
2013 07 27 03 59 05 0.653580 12
2013 07 27 03 59 06 0.156940 12
2013 07 27 03 59 06 0.660236 12
2013 07 27 03 59 07 0.163596 12
2013 07 27 03 59 07 0.666892 12
2013 07 27 03 59 08 0.170252 12
2013 07 27 03 59 08 0.673548 12
2013 07 27 03 59 09 0.176908 12
2013 07 27 03 59 09 0.428812 12
2013 07 27 03 59 09 0.932108 12
2013 07 27 03 59 10 0.435468 12
2013 07 27 03 59 10 0.938764 12
2013 07 27 03 59 11 0.190220 12
2013 07 27 03 59 11 0.693516 12
2013 07 27 03 59 12 0.196876 12
2013 07 27 03 59 12 0.700172 12
2013 07 27 03 59 13 0.203276 12
2013 07 27 03 59 13 0.706572 12
2013 07 27 03 59 13 0.958476 12
2013 07 27 03 59 14 0.461836 12
2013 07 27 03 59 14 0.965132 12
2013 07 27 03 59 15 0.468492 12
2013 07 27 03 59 15 0.971788 12
2013 07 27 03 59 16 0.475148 12
2013 07 27 03 59 16 0.978444 12
2013 07 27 03 59 17 0.481804 12
2013 07 27 03 59 17 0.985100 12
2013 07 27 03 59 18 0.236556 12
2013 07 27 03 59 18 0.739852 12
2013 07 27 03 59 19 0.243212 12
2013 07 27 03 59 19 0.746508 12
2013 07 27 03 59 20 0.249868 12
2013 07 27 03 59 20 0.501516 12
2013 07 27 03 59 21 0.004876 12
2013 07 27 03 59 21 0.508172 12
2013 07 27 03 59 22 0.011532 12
2013 07 27 03 59 22 0.514828 12
2013 07 27 03 59 23 0.018188 12
2013 07 27 03 59 23 0.269836 12
2013 07 27 03 59 23 0.773132 12
2013 07 27 03 59 24 0.276236 12
2013 07 27 03 59 24 0.779788 12
2013 07 27 03 59 25 0.282892 12
2013 07 27 03 59 25 0.786188 12
2013 07 27 03 59 26 0.038156 12
2013 07 27 03 59 26 0.541452 12
2013 07 27 03 59 27 0.044812 12
2013 07 27 03 59 27 0.548108 12
2013 07 27 03 59 28 0.051468 12
2013 07 27 03 59 28 0.554764 12
2013 07 27 03 59 29 0.058124 12
2013 07 27 03 59 29 0.309516 12
2013 07 27 03 59 29 0.812812 12
2013 07 27 03 59 30 0.316172 12
2013 07 27 03 59 30 0.819468 12
2013 07 27 03 59 31 0.322828 12
2013 07 27 03 59 31 0.826124 12
2013 07 27 03 59 32 0.329484 12
2013 07 27 03 59 32 0.581388 12
2013 07 27 03 59 33 0.084492 12
2013 07 27 03 59 33 0.587788 12
2013 07 27 03 59 34 0.091148 12
2013 07 27 03 59 34 0.594444 12
2013 07 27 03 59 35 0.097804 12
2013 07 27 03 59 35 0.601100 12
2013 07 27 03 59 36 0.104460 12
2013 07 27 03 59 36 0.607756 12
2013 07 27 03 59 36 0.859404 12
2013 07 27 03 59 37 0.362508 12
2013 07 27 03 59 37 0.865804 12
2013 07 27 03 59 38 0.369164 12
2013 07 27 03 59 38 0.872460 12
2013 07 27 03 59 39 0.375820 12
2013 07 27 03 59 39 0.627724 12
2013 07 27 03 59 40 0.131084 12
2013 07 27 03 59 40 0.634380 12
2013 07 27 03 59 41 0.137740 12
2013 07 27 03 59 41 0.641036 12
2013 07 27 03 59 42 0.144140 12
2013 07 27 03 59 42 0.647692 12
2013 07 27 03 59 43 0.150796 12
2013 07 27 03 59 43 0.654092 12
2013 07 27 03 59 44 0.157452 12
2013 07 27 03 59 44 0.660748 12
2013 07 27 03 59 44 0.912396 12
2013 07 27 03 59 45 0.415756 12
2013 07 27 03 59 45 0.919052 12
2013 07 27 03 59 46 0.422412 12
2013 07 27 03 59 46 0.925708 12
2013 07 27 03 59 47 0.429068 12
2013 07 27 03 59 47 0.932364 12
2013 07 27 03 59 48 0.435468 12
2013 07 27 03 59 48 0.939020 12
2013 07 27 03 59 49 0.442124 12
2013 07 27 03 59 49 0.945420 12
2013 07 27 03 59 50 0.197388 12
2013 07 27 03 59 50 0.700684 12
2013 07 27 03 59 51 0.204044 12
2013 07 27 03 59 51 0.707340 12
2013 07 27 03 59 52 0.210700 12
2013 07 27 03 59 52 0.713996 12
2013 07 27 03 59 53 0.217356 12
2013 07 27 03 59 53 0.720652 12
2013 07 27 03 59 54 0.223756 12
2013 07 27 03 59 54 0.727308 12
2013 07 27 03 59 54 0.978700 12
2013 07 27 03 59 55 0.482060 12
2013 07 27 03 59 55 0.985356 12
2013 07 27 03 59 56 0.488716 12
2013 07 27 03 59 56 0.992012 12
2013 07 27 03 59 57 0.495372 12
2013 07 27 03 59 57 0.998668 12
2013 07 27 03 59 58 0.502028 12
2013 07 27 03 59 59 0.005132 12
2013 07 27 03 59 59 0.508428 12
2013 07 27 04 00 00 0.011788 12
2013 07 27 04 00 00 0.515084 12
2013 07 27 04 00 01 0.018444 12
2013 07 27 04 00 01 0.521740 12
2013 07 27 04 00 02 0.025100 12
2013 07 27 04 00 02 0.277004 12
2013 07 27 04 00 02 0.780300 12
2013 07 27 04 00 03 0.283660 12
2013 07 27 04 00 03 0.786956 12
2013 07 27 04 00 04 0.290316 12
2013 07 27 04 00 04 0.793612 12
2013 07 27 04 00 05 0.296972 12
2013 07 27 04 00 05 0.800268 12
2013 07 27 04 00 06 0.051724 12
2013 07 27 04 00 06 0.555020 12
2013 07 27 04 00 07 0.058380 12
2013 07 27 04 00 07 0.561676 12
2013 07 27 04 00 08 0.065036 12
2013 07 27 04 00 08 0.568332 12
2013 07 27 04 00 09 0.071692 12
2013 07 27 04 00 09 0.574988 12
2013 07 27 04 00 10 0.078348 12
2013 07 27 04 00 10 0.581644 12
2013 07 27 04 00 11 0.084748 12
2013 07 27 04 00 11 0.588300 12
2013 07 27 04 00 11 0.839948 12
2013 07 27 04 00 12 0.343308 12
2013 07 27 04 00 12 0.846604 12
2013 07 27 04 00 13 0.349964 12
2013 07 27 04 00 13 0.853260 12
2013 07 27 04 00 14 0.356620 12
2013 07 27 04 00 14 0.859916 12
2013 07 27 04 00 15 0.363276 12
2013 07 27 04 00 15 0.866572 12
2013 07 27 04 00 16 0.369932 12
2013 07 27 04 00 16 0.873228 12
2013 07 27 04 00 17 0.376588 12
2013 07 27 04 00 17 0.627980 12
2013 07 27 04 00 18 0.131340 12
2013 07 27 04 00 18 0.634636 12
2013 07 27 04 00 19 0.137996 12
2013 07 27 04 00 19 0.641292 12
2013 07 27 04 00 20 0.144652 12
2013 07 27 04 00 20 0.647948 12
2013 07 27 04 00 21 0.151308 12
2013 07 27 04 00 21 0.654604 12
2013 07 27 04 00 22 0.157708 12
2013 07 27 04 00 22 0.661260 12
2013 07 27 04 00 23 0.164364 12
2013 07 27 04 00 23 0.667660 12
2013 07 27 04 00 24 0.171020 12
2013 07 27 04 00 24 0.674316 12
2013 07 27 04 00 24 0.926220 12
2013 07 27 04 00 25 0.429580 12
2013 07 27 04 00 25 0.932876 12
2013 07 27 04 00 26 0.436236 12
2013 07 27 04 00 26 0.939532 12
2013 07 27 04 00 27 0.442892 12
2013 07 27 04 00 27 0.946188 12
2013 07 27 04 00 28 0.449548 12
2013 07 27 04 00 28 0.952844 12
2013 07 27 04 00 29 0.456204 12
2013 07 27 04 00 29 0.959500 12
2013 07 27 04 00 30 0.462860 12
2013 07 27 04 00 30 0.966156 12
2013 07 27 04 00 31 0.217612 12
2013 07 27 04 00 31 0.720908 12
2013 07 27 04 00 32 0.224268 12
2013 07 27 04 00 32 0.727564 12
2013 07 27 04 00 33 0.230924 12
2013 07 27 04 00 33 0.734220 12
2013 07 27 04 00 34 0.237324 12
2013 07 27 04 00 34 0.740876 12
2013 07 27 04 00 35 0.243980 12
2013 07 27 04 00 35 0.747276 12
2013 07 27 04 00 36 0.250636 12
2013 07 27 04 00 36 0.753932 12
2013 07 27 04 00 37 0.257292 12
2013 07 27 04 00 37 0.760588 12
2013 07 27 04 00 38 0.263948 12
2013 07 27 04 00 38 0.767244 12
2013 07 27 04 00 39 0.270604 12
2013 07 27 04 00 39 0.773900 12
2013 07 27 04 00 40 0.025612 12
2013 07 27 04 00 40 0.529164 12
2013 07 27 04 00 41 0.032268 12
2013 07 27 04 00 41 0.535820 12
2013 07 27 04 00 42 0.038924 12
2013 07 27 04 00 42 0.542220 12
2013 07 27 04 00 43 0.045580 12
2013 07 27 04 00 43 0.548876 12
2013 07 27 04 00 44 0.052236 12
2013 07 27 04 00 44 0.555532 12
2013 07 27 04 00 44 0.807180 12
2013 07 27 04 00 45 0.310540 12
2013 07 27 04 00 45 0.813836 12
2013 07 27 04 00 46 0.317196 12
2013 07 27 04 00 46 0.820492 12
2013 07 27 04 00 47 0.323596 12
2013 07 27 04 00 47 0.827148 12
2013 07 27 04 00 48 0.330252 12
2013 07 27 04 00 48 0.833548 12
2013 07 27 04 00 49 0.336908 12
2013 07 27 04 00 49 0.840204 12
2013 07 27 04 00 50 0.092172 12
2013 07 27 04 00 50 0.595468 12
2013 07 27 04 00 51 0.098828 12
2013 07 27 04 00 51 0.602124 12
2013 07 27 04 00 52 0.105484 12
2013 07 27 04 00 52 0.608780 12
2013 07 27 04 00 53 0.112140 12
2013 07 27 04 00 53 0.615436 12
2013 07 27 04 00 53 0.866828 12
2013 07 27 04 00 54 0.370188 12
2013 07 27 04 00 54 0.873484 12
2013 07 27 04 00 55 0.376844 12
2013 07 27 04 00 55 0.880140 12
2013 07 27 04 00 56 0.383500 12
2013 07 27 04 00 56 0.886796 12
2013 07 27 04 00 57 0.390156 12
2013 07 27 04 00 57 0.641804 12
2013 07 27 04 00 58 0.145164 12
2013 07 27 04 00 58 0.648460 12
2013 07 27 04 00 59 0.151820 12
2013 07 27 04 00 59 0.655116 12
2013 07 27 04 01 00 0.158476 12
2013 07 27 04 01 00 0.661772 12
2013 07 27 04 01 01 0.165132 12
2013 07 27 04 01 01 0.668428 12
2013 07 27 04 01 02 0.171788 12
2013 07 27 04 01 02 0.675084 12
2013 07 27 04 01 03 0.178444 12
2013 07 27 04 01 03 0.681740 12
2013 07 27 04 01 03 0.933132 12
2013 07 27 04 01 04 0.436492 12
2013 07 27 04 01 04 0.939788 12
2013 07 27 04 01 05 0.443148 12
2013 07 27 04 01 05 0.946444 12
2013 07 27 04 01 06 0.449804 12
2013 07 27 04 01 06 0.953100 12
2013 07 27 04 01 07 0.456460 12
2013 07 27 04 01 07 0.708108 12
2013 07 27 04 01 08 0.211468 12
2013 07 27 04 01 08 0.714764 12
2013 07 27 04 01 09 0.218124 12
2013 07 27 04 01 09 0.721420 12
2013 07 27 04 01 10 0.224780 12
2013 07 27 04 01 10 0.728076 12
2013 07 27 04 01 11 0.231436 12
2013 07 27 04 01 11 0.734732 12
2013 07 27 04 01 12 0.238092 12
2013 07 27 04 01 12 0.741388 12
2013 07 27 04 01 12 0.992780 12
2013 07 27 04 01 13 0.496140 12
2013 07 27 04 01 13 0.999436 12
2013 07 27 04 01 14 0.502796 12
2013 07 27 04 01 15 0.006156 12
2013 07 27 04 01 15 0.509452 12
2013 07 27 04 01 16 0.012812 12
2013 07 27 04 01 16 0.516108 12
2013 07 27 04 01 17 0.019468 12
2013 07 27 04 01 17 0.271116 12
2013 07 27 04 01 17 0.774412 12
2013 07 27 04 01 18 0.277772 12
2013 07 27 04 01 18 0.781068 12
2013 07 27 04 01 19 0.284428 12
2013 07 27 04 01 19 0.787724 12
2013 07 27 04 01 20 0.291084 12
2013 07 27 04 01 20 0.794380 12
2013 07 27 04 01 21 0.297740 12
2013 07 27 04 01 21 0.801036 12
2013 07 27 04 01 22 0.052492 12
2013 07 27 04 01 22 0.555788 12
2013 07 27 04 01 23 0.059148 12
2013 07 27 04 01 23 0.562444 12
2013 07 27 04 01 24 0.065804 12
2013 07 27 04 01 24 0.569100 12
2013 07 27 04 01 25 0.072460 12
2013 07 27 04 01 25 0.575756 12
2013 07 27 04 01 26 0.079116 12
2013 07 27 04 01 26 0.582412 12
2013 07 27 04 01 26 0.834316 12
2013 07 27 04 01 27 0.337676 12
2013 07 27 04 01 27 0.840972 12
2013 07 27 04 01 28 0.344332 12
2013 07 27 04 01 28 0.847628 12
2013 07 27 04 01 29 0.350988 12
2013 07 27 04 01 29 0.854284 12
2013 07 27 04 01 30 0.357388 12
2013 07 27 04 01 30 0.860940 12
2013 07 27 04 01 31 0.364044 12
2013 07 27 04 01 31 0.867596 12
2013 07 27 04 01 32 0.370700 12
2013 07 27 04 01 32 0.622348 12
2013 07 27 04 01 33 0.125452 12
2013 07 27 04 01 33 0.629004 12
2013 07 27 04 01 34 0.132108 12
2013 07 27 04 01 34 0.635404 12
2013 07 27 04 01 35 0.138764 12
2013 07 27 04 01 35 0.642060 12
2013 07 27 04 01 36 0.145420 12
2013 07 27 04 01 36 0.648716 12
2013 07 27 04 01 37 0.152076 12
2013 07 27 04 01 37 0.403980 12
2013 07 27 04 01 37 0.907276 12
2013 07 27 04 01 38 0.410636 12
2013 07 27 04 01 38 0.913932 12
2013 07 27 04 01 39 0.417292 12
2013 07 27 04 01 39 0.920588 12
2013 07 27 04 01 40 0.423692 12
2013 07 27 04 01 40 0.926988 12
2013 07 27 04 01 41 0.430348 12
2013 07 27 04 01 41 0.933644 12
2013 07 27 04 01 42 0.437004 12
2013 07 27 04 01 42 0.940300 12
2013 07 27 04 01 43 0.443660 12
2013 07 27 04 01 43 0.946956 12
2013 07 27 04 01 44 0.450316 12
2013 07 27 04 01 44 0.953612 12
2013 07 27 04 01 45 0.456972 12
2013 07 27 04 01 45 0.708620 12
2013 07 27 04 01 46 0.211724 12
2013 07 27 04 01 46 0.715020 12
2013 07 27 04 01 47 0.218380 12
2013 07 27 04 01 47 0.721676 12
2013 07 27 04 01 47 0.973580 12
2013 07 27 04 01 48 0.476940 12
2013 07 27 04 01 48 0.980236 12
2013 07 27 04 01 49 0.483596 12
2013 07 27 04 01 49 0.986892 12
2013 07 27 04 01 50 0.490252 12
2013 07 27 04 01 50 0.993548 12
2013 07 27 04 01 51 0.496908 12
2013 07 27 04 01 51 0.748300 12
2013 07 27 04 01 52 0.251660 12
2013 07 27 04 01 52 0.754956 12
2013 07 27 04 01 53 0.258316 12
2013 07 27 04 01 53 0.761612 12
2013 07 27 04 01 54 0.264972 12
2013 07 27 04 01 54 0.768268 12
2013 07 27 04 01 55 0.271628 12
2013 07 27 04 01 55 0.774924 12
2013 07 27 04 01 56 0.278284 12
2013 07 27 04 01 56 0.781580 12
2013 07 27 04 01 57 0.284684 12
2013 07 27 04 01 57 0.536588 12
2013 07 27 04 01 58 0.039948 12
2013 07 27 04 01 58 0.543244 12
2013 07 27 04 01 59 0.046604 12
2013 07 27 04 01 59 0.549900 12
2013 07 27 04 02 00 0.053260 12
2013 07 27 04 02 00 0.556556 12
2013 07 27 04 02 01 0.059916 12
2013 07 27 04 02 01 0.563212 12
2013 07 27 04 02 02 0.066572 12
2013 07 27 04 02 02 0.569868 12
2013 07 27 04 02 03 0.072972 12
2013 07 27 04 02 03 0.324620 12
2013 07 27 04 02 03 0.827916 12
2013 07 27 04 02 04 0.331276 12
2013 07 27 04 02 04 0.834572 12
2013 07 27 04 02 05 0.337932 12
2013 07 27 04 02 05 0.841228 12
2013 07 27 04 02 06 0.344588 12
2013 07 27 04 02 06 0.847884 12
2013 07 27 04 02 07 0.099596 12
2013 07 27 04 02 07 0.602892 12
2013 07 27 04 02 08 0.106252 12
2013 07 27 04 02 08 0.609548 12
2013 07 27 04 02 09 0.112908 12
2013 07 27 04 02 09 0.616204 12
2013 07 27 04 02 10 0.119564 12
2013 07 27 04 02 10 0.622860 12
2013 07 27 04 02 11 0.126220 12
2013 07 27 04 02 11 0.629516 12
2013 07 27 04 02 12 0.132876 12
2013 07 27 04 02 12 0.636172 12
2013 07 27 04 02 13 0.139532 12
2013 07 27 04 02 13 0.642828 12
2013 07 27 04 02 14 0.146188 12
2013 07 27 04 02 14 0.397580 12
2013 07 27 04 02 14 0.900876 12
2013 07 27 04 02 15 0.404236 12
2013 07 27 04 02 15 0.907532 12
2013 07 27 04 02 16 0.410892 12
2013 07 27 04 02 16 0.914188 12
2013 07 27 04 02 17 0.417548 12
2013 07 27 04 02 17 0.920844 12
2013 07 27 04 02 18 0.424204 12
2013 07 27 04 02 18 0.927500 12
2013 07 27 04 02 19 0.430860 12
2013 07 27 04 02 19 0.934156 12
2013 07 27 04 02 20 0.185868 12
2013 07 27 04 02 20 0.689164 12
2013 07 27 04 02 21 0.192524 12
2013 07 27 04 02 21 0.695820 12
2013 07 27 04 02 22 0.199180 12
2013 07 27 04 02 22 0.702476 12
2013 07 27 04 02 23 0.205836 12
2013 07 27 04 02 23 0.457228 12
2013 07 27 04 02 23 0.960524 12
2013 07 27 04 02 24 0.463884 12
2013 07 27 04 02 24 0.967180 12
2013 07 27 04 02 25 0.470540 12
2013 07 27 04 02 25 0.973836 12
2013 07 27 04 02 26 0.477196 12
2013 07 27 04 02 26 0.980492 12
2013 07 27 04 02 27 0.483852 12
2013 07 27 04 02 27 0.987148 12
2013 07 27 04 02 28 0.490508 12
2013 07 27 04 02 28 0.993804 12
2013 07 27 04 02 29 0.497164 12
2013 07 27 04 02 30 0.000524 12
2013 07 27 04 02 30 0.503820 12
2013 07 27 04 02 31 0.006924 12
2013 07 27 04 02 31 0.510476 12
2013 07 27 04 02 32 0.013580 12
2013 07 27 04 02 32 0.516876 12
2013 07 27 04 02 32 0.768780 12
2013 07 27 04 02 33 0.523532 12
2013 07 27 04 02 33 0.775436 12
2013 07 27 04 02 34 0.530188 12
2013 07 27 04 02 35 0.033548 12
2013 07 27 04 02 35 0.536844 12
2013 07 27 04 02 35 0.788748 12
2013 07 27 04 02 36 0.292108 12
2013 07 27 04 02 36 0.795404 12
2013 07 27 04 02 37 0.298764 12
2013 07 27 04 02 37 0.802060 12
2013 07 27 04 02 38 0.305420 12
2013 07 27 04 02 38 0.808716 12
2013 07 27 04 02 39 0.312076 12
2013 07 27 04 02 39 0.815372 12
2013 07 27 04 02 40 0.318732 12
2013 07 27 04 02 40 0.822028 12
2013 07 27 04 02 41 0.325132 12
2013 07 27 04 02 41 0.828684 12
2013 07 27 04 02 42 0.331788 12
2013 07 27 04 02 42 0.835084 12
2013 07 27 04 02 43 0.086540 12
2013 07 27 04 02 43 0.590092 12
2013 07 27 04 02 44 0.093196 12
2013 07 27 04 02 44 0.596492 12
2013 07 27 04 02 45 0.099852 12
2013 07 27 04 02 45 0.603148 12
2013 07 27 04 02 46 0.106508 12
2013 07 27 04 02 46 0.609804 12
2013 07 27 04 02 47 0.113164 12
2013 07 27 04 02 47 0.616460 12
2013 07 27 04 02 48 0.119820 12
2013 07 27 04 02 48 0.623116 12
2013 07 27 04 02 49 0.126476 12
2013 07 27 04 02 49 0.629772 12
2013 07 27 04 02 50 0.133132 12
2013 07 27 04 02 50 0.636428 12
2013 07 27 04 02 51 0.139788 12
2013 07 27 04 02 51 0.643084 12
2013 07 27 04 02 52 0.146444 12
2013 07 27 04 02 52 0.398092 12
2013 07 27 04 02 52 0.901388 12
2013 07 27 04 02 53 0.404748 12
2013 07 27 04 02 53 0.908044 12
2013 07 27 04 02 54 0.411404 12
2013 07 27 04 02 54 0.914700 12
2013 07 27 04 02 55 0.418060 12
2013 07 27 04 02 55 0.921356 12
2013 07 27 04 02 56 0.424716 12
2013 07 27 04 02 56 0.928012 12
2013 07 27 04 02 57 0.431372 12
2013 07 27 04 02 57 0.934668 12
2013 07 27 04 02 58 0.438028 12
2013 07 27 04 02 58 0.941324 12
2013 07 27 04 02 59 0.444684 12
2013 07 27 04 02 59 0.696076 12
2013 07 27 04 03 00 0.451340 12
2013 07 27 04 03 00 0.702732 12
2013 07 27 04 03 01 0.206092 12
2013 07 27 04 03 01 0.709388 12
2013 07 27 04 03 02 0.212748 12
2013 07 27 04 03 02 0.716044 12
2013 07 27 04 03 03 0.219404 12
2013 07 27 04 03 03 0.722700 12
2013 07 27 04 03 04 0.226060 12
2013 07 27 04 03 04 0.729356 12
2013 07 27 04 03 05 0.484364 12
2013 07 27 04 03 05 0.736012 12
2013 07 27 04 03 06 0.239372 12
2013 07 27 04 03 06 0.742668 12
2013 07 27 04 03 07 0.246028 12
2013 07 27 04 03 07 0.749324 12
2013 07 27 04 03 08 0.252428 12
2013 07 27 04 03 08 0.755724 12
2013 07 27 04 03 09 0.259084 12
2013 07 27 04 03 09 0.762380 12
2013 07 27 04 03 10 0.265740 12
2013 07 27 04 03 10 0.769036 12
2013 07 27 04 03 11 0.272396 12
2013 07 27 04 03 11 0.775692 12
2013 07 27 04 03 12 0.279052 12
2013 07 27 04 03 12 0.782348 12
2013 07 27 04 03 13 0.285708 12
2013 07 27 04 03 13 0.789004 12
2013 07 27 04 03 14 0.292364 12
2013 07 27 04 03 14 0.795660 12
2013 07 27 04 03 15 0.047372 12
2013 07 27 04 03 15 0.802316 12
2013 07 27 04 03 16 0.054028 12
2013 07 27 04 03 16 0.557580 12
2013 07 27 04 03 17 0.060684 12
2013 07 27 04 03 17 0.563980 12
2013 07 27 04 03 18 0.067340 12
2013 07 27 04 03 18 0.570636 12
2013 07 27 04 03 19 0.073996 12
2013 07 27 04 03 19 0.577292 12
2013 07 27 04 03 20 0.080652 12
2013 07 27 04 03 20 0.583948 12
2013 07 27 04 03 21 0.087308 12
2013 07 27 04 03 21 0.590604 12
2013 07 27 04 03 22 0.093964 12
2013 07 27 04 03 22 0.597260 12
2013 07 27 04 03 23 0.100620 12
2013 07 27 04 03 23 0.603916 12
2013 07 27 04 03 23 0.855308 12
2013 07 27 04 03 24 0.358668 12
2013 07 27 04 03 24 0.861964 12
2013 07 27 04 03 25 0.365324 12
2013 07 27 04 03 25 0.868620 12
2013 07 27 04 03 26 0.371980 12
2013 07 27 04 03 26 0.875276 12
2013 07 27 04 03 27 0.378636 12
2013 07 27 04 03 27 0.881932 12
2013 07 27 04 03 28 0.385292 12
2013 07 27 04 03 28 0.888588 12
2013 07 27 04 03 29 0.391948 12
2013 07 27 04 03 29 0.895244 12
2013 07 27 04 03 30 0.398348 12
2013 07 27 04 03 30 0.901900 12
2013 07 27 04 03 31 0.405004 12
2013 07 27 04 03 31 0.908300 12
2013 07 27 04 03 32 0.411660 12
2013 07 27 04 03 32 0.915212 12
2013 07 27 04 03 33 0.418316 12
2013 07 27 04 03 33 0.921612 12
2013 07 27 04 03 34 0.424972 12
2013 07 27 04 03 34 0.928268 12
2013 07 27 04 03 35 0.431628 12
2013 07 27 04 03 35 0.934924 12
2013 07 27 04 03 36 0.438284 12
2013 07 27 04 03 36 0.941580 12
2013 07 27 04 03 37 0.193548 12
2013 07 27 04 03 37 0.696844 12
2013 07 27 04 03 38 0.451596 12
2013 07 27 04 03 38 0.703500 12
2013 07 27 04 03 39 0.206860 12
2013 07 27 04 03 39 0.709900 12
2013 07 27 04 03 40 0.213260 12
2013 07 27 04 03 40 0.716556 12
2013 07 27 04 03 41 0.219916 12
2013 07 27 04 03 41 0.723212 12
2013 07 27 04 03 42 0.226572 12
2013 07 27 04 03 42 0.729868 12
2013 07 27 04 03 43 0.233228 12
2013 07 27 04 03 43 0.736524 12
2013 07 27 04 03 44 0.239884 12
2013 07 27 04 03 44 0.743180 12
2013 07 27 04 03 44 0.994572 12
2013 07 27 04 03 45 0.749836 12
2013 07 27 04 03 46 0.253196 12
2013 07 27 04 03 46 0.756492 12
2013 07 27 04 03 47 0.259852 12
2013 07 27 04 03 47 0.511244 12
2013 07 27 04 03 48 0.014604 12
2013 07 27 04 03 48 0.517900 12
2013 07 27 04 03 49 0.021260 12
2013 07 27 04 03 49 0.524556 12
2013 07 27 04 03 50 0.027916 12
2013 07 27 04 03 50 0.531212 12
2013 07 27 04 03 51 0.034572 12
2013 07 27 04 03 51 0.537868 12
2013 07 27 04 03 52 0.041228 12
2013 07 27 04 03 52 0.544524 12
2013 07 27 04 03 53 0.047628 12
2013 07 27 04 03 53 0.551180 12
2013 07 27 04 03 53 0.802828 12
2013 07 27 04 03 54 0.306188 12
2013 07 27 04 03 54 0.809484 12
2013 07 27 04 03 55 0.312844 12
2013 07 27 04 03 55 0.816140 12
2013 07 27 04 03 56 0.319500 12
2013 07 27 04 03 56 0.570892 12
2013 07 27 04 03 57 0.074252 12
2013 07 27 04 03 57 0.577548 12
2013 07 27 04 03 58 0.080908 12
2013 07 27 04 03 58 0.584204 12
2013 07 27 04 03 59 0.087564 12
2013 07 27 04 03 59 0.590860 12
2013 07 27 04 04 00 0.094220 12
2013 07 27 04 04 00 0.597516 12
2013 07 27 04 04 01 0.100876 12
2013 07 27 04 04 01 0.604172 12
2013 07 27 04 04 02 0.107532 12
2013 07 27 04 04 02 0.610828 12
2013 07 27 04 04 03 0.114188 12
2013 07 27 04 04 03 0.365836 12
2013 07 27 04 04 03 0.869132 12
2013 07 27 04 04 04 0.372492 12
2013 07 27 04 04 04 0.875788 12
2013 07 27 04 04 05 0.379148 12
2013 07 27 04 04 05 0.882444 12
2013 07 27 04 04 06 0.385804 12
2013 07 27 04 04 06 0.889100 12
2013 07 27 04 04 07 0.392460 12
2013 07 27 04 04 07 0.895756 12
2013 07 27 04 04 08 0.147212 12
2013 07 27 04 04 08 0.650508 12
2013 07 27 04 04 09 0.153868 12
2013 07 27 04 04 09 0.657164 12
2013 07 27 04 04 10 0.160524 12
2013 07 27 04 04 10 0.663820 12
2013 07 27 04 04 11 0.167180 12
2013 07 27 04 04 11 0.670476 12
2013 07 27 04 04 12 0.173836 12
2013 07 27 04 04 12 0.677132 12
2013 07 27 04 04 13 0.180492 12
2013 07 27 04 04 13 0.683788 12
2013 07 27 04 04 14 0.187148 12
2013 07 27 04 04 14 0.690444 12
2013 07 27 04 04 14 0.942348 12
2013 07 27 04 04 15 0.445452 12
2013 07 27 04 04 15 0.949004 12
2013 07 27 04 04 16 0.452108 12
2013 07 27 04 04 16 0.955404 12
2013 07 27 04 04 17 0.458764 12
2013 07 27 04 04 17 0.962060 12
2013 07 27 04 04 18 0.465420 12
2013 07 27 04 04 18 0.968716 12
2013 07 27 04 04 19 0.472076 12
2013 07 27 04 04 19 0.975372 12
2013 07 27 04 04 20 0.226828 12
2013 07 27 04 04 20 0.730124 12
2013 07 27 04 04 21 0.233484 12
2013 07 27 04 04 21 0.736780 12
2013 07 27 04 04 22 0.240140 12
2013 07 27 04 04 22 0.743436 12
2013 07 27 04 04 23 0.246796 12
2013 07 27 04 04 23 0.750092 12
2013 07 27 04 04 24 0.253452 12
2013 07 27 04 04 24 0.505356 12
2013 07 27 04 04 25 0.008460 12
2013 07 27 04 04 25 0.511756 12
2013 07 27 04 04 26 0.015116 12
2013 07 27 04 04 26 0.518412 12
2013 07 27 04 04 27 0.021772 12
2013 07 27 04 04 27 0.525068 12
2013 07 27 04 04 28 0.028428 12
2013 07 27 04 04 28 0.531724 12
2013 07 27 04 04 29 0.035084 12
2013 07 27 04 04 29 0.286476 12
2013 07 27 04 04 29 0.790028 12
2013 07 27 04 04 30 0.293132 12
2013 07 27 04 04 31 0.048396 12
2013 07 27 04 04 31 0.299788 12
2013 07 27 04 04 31 0.803084 12
2013 07 27 04 04 32 0.306444 12
2013 07 27 04 04 32 0.809740 12
2013 07 27 04 04 33 0.313100 12
2013 07 27 04 04 33 0.816396 12
2013 07 27 04 04 34 0.068364 12
2013 07 27 04 04 34 0.571660 12
2013 07 27 04 04 35 0.075020 12
2013 07 27 04 04 35 0.578316 12
2013 07 27 04 04 36 0.081420 12
2013 07 27 04 04 36 0.584972 12
2013 07 27 04 04 37 0.088076 12
2013 07 27 04 04 37 0.591628 12
2013 07 27 04 04 38 0.094732 12
2013 07 27 04 04 38 0.346380 12
2013 07 27 04 04 38 0.849676 12
2013 07 27 04 04 39 0.353036 12
2013 07 27 04 04 39 0.856332 12
2013 07 27 04 04 40 0.359436 12
2013 07 27 04 04 40 0.862988 12
2013 07 27 04 04 41 0.366092 12
2013 07 27 04 04 41 0.869388 12
2013 07 27 04 04 42 0.372748 12
2013 07 27 04 04 42 0.876044 12
2013 07 27 04 04 43 0.379404 12
2013 07 27 04 04 43 0.882700 12
2013 07 27 04 04 44 0.386060 12
2013 07 27 04 04 44 0.889356 12
2013 07 27 04 04 45 0.141324 12
2013 07 27 04 04 45 0.644620 12
2013 07 27 04 04 46 0.147980 12
2013 07 27 04 04 46 0.651276 12
2013 07 27 04 04 47 0.154380 12
2013 07 27 04 04 47 0.657676 12
2013 07 27 04 04 48 0.161036 12
2013 07 27 04 04 48 0.664332 12
2013 07 27 04 04 49 0.167692 12
2013 07 27 04 04 49 0.670988 12
2013 07 27 04 04 50 0.174348 12
2013 07 27 04 04 50 0.677644 12
2013 07 27 04 04 51 0.181004 12
2013 07 27 04 04 51 0.684300 12
2013 07 27 04 04 52 0.187660 12
2013 07 27 04 04 52 0.690956 12
2013 07 27 04 04 53 0.194316 12
2013 07 27 04 04 53 0.697612 12
2013 07 27 04 04 54 0.200972 12
2013 07 27 04 04 54 0.452364 12
2013 07 27 04 04 54 0.955660 12
2013 07 27 04 04 55 0.459020 12
2013 07 27 04 04 55 0.962316 12
2013 07 27 04 04 56 0.465676 12
2013 07 27 04 04 56 0.968972 12
2013 07 27 04 04 57 0.472332 12
2013 07 27 04 04 57 0.975628 12
2013 07 27 04 04 58 0.478988 12
2013 07 27 04 04 58 0.982284 12
2013 07 27 04 04 59 0.485644 12
2013 07 27 04 04 59 0.988940 12
2013 07 27 04 05 00 0.492300 12
2013 07 27 04 05 00 0.995596 12
2013 07 27 04 05 01 0.498956 12
2013 07 27 04 05 02 0.002316 12
2013 07 27 04 05 02 0.505612 12
2013 07 27 04 05 02 0.757260 12
2013 07 27 04 05 03 0.260620 12
2013 07 27 04 05 03 0.763916 12
2013 07 27 04 05 04 0.267276 12
2013 07 27 04 05 04 0.770572 12
2013 07 27 04 05 05 0.273932 12
2013 07 27 04 05 05 0.777228 12
2013 07 27 04 05 06 0.280588 12
2013 07 27 04 05 06 0.783884 12
2013 07 27 04 05 07 0.287244 12
2013 07 27 04 05 07 0.790540 12
2013 07 27 04 05 08 0.041996 12
2013 07 27 04 05 08 0.545292 12
2013 07 27 04 05 09 0.048652 12
2013 07 27 04 05 09 0.551948 12
2013 07 27 04 05 10 0.055308 12
2013 07 27 04 05 10 0.558604 12
2013 07 27 04 05 11 0.061964 12
2013 07 27 04 05 11 0.565260 12
2013 07 27 04 05 12 0.068620 12
2013 07 27 04 05 12 0.571916 12
2013 07 27 04 05 13 0.075276 12
2013 07 27 04 05 13 0.578572 12
2013 07 27 04 05 13 0.830220 12
2013 07 27 04 05 14 0.333580 12
2013 07 27 04 05 14 0.836876 12
2013 07 27 04 05 15 0.340236 12
2013 07 27 04 05 15 0.843532 12
2013 07 27 04 05 16 0.346892 12
2013 07 27 04 05 16 0.850188 12
2013 07 27 04 05 17 0.353548 12
2013 07 27 04 05 17 0.856844 12
2013 07 27 04 05 18 0.360204 12
2013 07 27 04 05 18 0.863500 12
2013 07 27 04 05 19 0.366860 12
2013 07 27 04 05 19 0.870156 12
2013 07 27 04 05 20 0.373516 12
2013 07 27 04 05 20 0.876812 12
2013 07 27 04 05 21 0.128268 12
2013 07 27 04 05 21 0.631564 12
2013 07 27 04 05 22 0.134924 12
2013 07 27 04 05 22 0.638220 12
2013 07 27 04 05 23 0.141580 12
2013 07 27 04 05 23 0.644876 12
2013 07 27 04 05 24 0.148236 12
2013 07 27 04 05 24 0.651532 12
2013 07 27 04 05 25 0.154892 12
2013 07 27 04 05 25 0.658188 12
2013 07 27 04 05 25 0.910092 12
2013 07 27 04 05 26 0.413196 12
2013 07 27 04 05 26 0.916492 12
2013 07 27 04 05 27 0.419852 12
2013 07 27 04 05 27 0.923148 12
2013 07 27 04 05 28 0.426508 12
2013 07 27 04 05 28 0.929804 12
2013 07 27 04 05 29 0.433164 12
2013 07 27 04 05 29 0.936460 12
2013 07 27 04 05 30 0.439820 12
2013 07 27 04 05 30 0.943116 12
2013 07 27 04 05 31 0.446476 12
2013 07 27 04 05 31 0.949772 12
2013 07 27 04 05 32 0.201228 12
2013 07 27 04 05 32 0.704524 12
2013 07 27 04 05 33 0.207884 12
2013 07 27 04 05 33 0.711180 12
2013 07 27 04 05 34 0.214540 12
2013 07 27 04 05 34 0.717836 12
2013 07 27 04 05 35 0.221196 12
2013 07 27 04 05 35 0.724492 12
2013 07 27 04 05 36 0.227852 12
2013 07 27 04 05 36 0.731148 12
2013 07 27 04 05 37 0.234508 12
2013 07 27 04 05 37 0.737804 12
2013 07 27 04 05 37 0.989452 12
2013 07 27 04 05 38 0.492812 12
2013 07 27 04 05 38 0.996108 12
2013 07 27 04 05 39 0.499468 12
2013 07 27 04 05 40 0.002828 12
2013 07 27 04 05 40 0.506124 12
2013 07 27 04 05 41 0.009484 12
2013 07 27 04 05 41 0.512780 12
2013 07 27 04 05 42 0.016140 12
2013 07 27 04 05 42 0.519436 12
2013 07 27 04 05 43 0.022796 12
2013 07 27 04 05 43 0.526092 12
2013 07 27 04 05 44 0.029196 12
2013 07 27 04 05 44 0.532748 12
2013 07 27 04 05 45 0.036108 12
2013 07 27 04 05 45 0.287500 12
2013 07 27 04 05 45 0.790796 12
2013 07 27 04 05 46 0.294156 12
2013 07 27 04 05 46 0.797452 12
2013 07 27 04 05 47 0.300812 12
2013 07 27 04 05 47 0.804108 12
2013 07 27 04 05 48 0.307468 12
2013 07 27 04 05 48 0.810764 12
2013 07 27 04 05 49 0.314124 12
2013 07 27 04 05 49 0.817420 12
2013 07 27 04 05 50 0.320524 12
2013 07 27 04 05 50 0.572428 12
2013 07 27 04 05 51 0.075788 12
2013 07 27 04 05 51 0.579084 12
2013 07 27 04 05 52 0.082444 12
2013 07 27 04 05 52 0.585740 12
2013 07 27 04 05 53 0.089100 12
2013 07 27 04 05 53 0.592908 12
2013 07 27 04 05 54 0.095756 12
2013 07 27 04 05 54 0.599052 12
2013 07 27 04 05 55 0.102412 12
2013 07 27 04 05 55 0.605708 12
2013 07 27 04 05 55 0.857100 12
2013 07 27 04 05 56 0.360460 12
2013 07 27 04 05 56 0.863756 12
2013 07 27 04 05 57 0.367116 12
2013 07 27 04 05 57 0.870412 12
2013 07 27 04 05 58 0.373772 12
2013 07 27 04 05 58 0.877068 12
2013 07 27 04 05 59 0.380428 12
2013 07 27 04 05 59 0.883724 12
2013 07 27 04 06 00 0.387084 12
2013 07 27 04 06 00 0.890380 12
2013 07 27 04 06 01 0.142092 12
2013 07 27 04 06 01 0.645388 12
2013 07 27 04 06 02 0.148748 12
2013 07 27 04 06 02 0.652044 12
2013 07 27 04 06 03 0.155404 12
2013 07 27 04 06 03 0.658700 12
2013 07 27 04 06 04 0.162060 12
2013 07 27 04 06 04 0.665356 12
2013 07 27 04 06 05 0.168716 12
2013 07 27 04 06 05 0.672012 12
2013 07 27 04 06 06 0.175372 12
2013 07 27 04 06 06 0.678668 12
2013 07 27 04 06 07 0.182028 12
2013 07 27 04 06 07 0.685324 12
2013 07 27 04 06 08 0.188684 12
2013 07 27 04 06 08 0.691980 12
2013 07 27 04 06 09 0.195340 12
2013 07 27 04 06 09 0.698636 12
2013 07 27 04 06 10 0.201740 12
2013 07 27 04 06 10 0.705292 12
2013 07 27 04 06 11 0.208396 12
2013 07 27 04 06 11 0.711692 12
2013 07 27 04 06 12 0.215052 12
2013 07 27 04 06 12 0.718348 12
2013 07 27 04 06 13 0.221708 12
2013 07 27 04 06 13 0.725004 12
2013 07 27 04 06 14 0.228364 12
2013 07 27 04 06 14 0.731660 12
2013 07 27 04 06 15 0.235020 12
2013 07 27 04 06 15 0.738316 12
2013 07 27 04 06 16 0.241676 12
2013 07 27 04 06 16 0.744972 12
2013 07 27 04 06 17 0.248332 12
2013 07 27 04 06 17 0.751628 12
2013 07 27 04 06 18 0.254988 12
2013 07 27 04 06 18 0.758284 12
2013 07 27 04 06 19 0.261388 12
2013 07 27 04 06 19 0.764940 12
2013 07 27 04 06 20 0.268044 12
2013 07 27 04 06 20 0.771340 12
2013 07 27 04 06 21 0.274700 12
2013 07 27 04 06 21 0.777996 12
2013 07 27 04 06 22 0.281356 12
2013 07 27 04 06 22 0.784652 12
2013 07 27 04 06 23 0.288012 12
2013 07 27 04 06 23 0.791308 12
2013 07 27 04 06 24 0.294668 12
2013 07 27 04 06 24 0.797964 12
2013 07 27 04 06 25 0.301324 12
2013 07 27 04 06 25 0.804620 12
2013 07 27 04 06 26 0.307980 12
2013 07 27 04 06 26 0.811276 12
2013 07 27 04 06 27 0.314636 12
2013 07 27 04 06 27 0.817932 12
2013 07 27 04 06 28 0.321292 12
2013 07 27 04 06 28 0.824588 12
2013 07 27 04 06 29 0.327948 12
2013 07 27 04 06 29 0.831244 12
2013 07 27 04 06 30 0.334604 12
2013 07 27 04 06 30 0.837900 12
2013 07 27 04 06 31 0.341260 12
2013 07 27 04 06 31 0.844556 12
2013 07 27 04 06 32 0.347916 12
2013 07 27 04 06 32 0.851212 12
2013 07 27 04 06 33 0.354316 12
2013 07 27 04 06 33 0.857868 12
2013 07 27 04 06 34 0.360972 12
2013 07 27 04 06 34 0.864268 12
2013 07 27 04 06 35 0.367628 12
2013 07 27 04 06 35 0.619276 12
2013 07 27 04 06 36 0.122380 12
2013 07 27 04 06 36 0.625932 12
2013 07 27 04 06 37 0.129036 12
2013 07 27 04 06 37 0.632332 12
2013 07 27 04 06 38 0.135692 12
2013 07 27 04 06 38 0.638988 12
2013 07 27 04 06 39 0.142348 12
2013 07 27 04 06 39 0.645644 12
2013 07 27 04 06 40 0.149004 12
2013 07 27 04 06 40 0.652300 12
2013 07 27 04 06 41 0.155660 12
2013 07 27 04 06 41 0.658956 12
2013 07 27 04 06 42 0.162316 12
2013 07 27 04 06 42 0.665612 12
2013 07 27 04 06 43 0.168972 12
2013 07 27 04 06 43 0.672268 12
2013 07 27 04 06 44 0.175628 12
2013 07 27 04 06 44 0.678924 12
2013 07 27 04 06 45 0.182284 12
2013 07 27 04 06 45 0.685580 12
2013 07 27 04 06 46 0.188940 12
2013 07 27 04 06 46 0.692236 12
2013 07 27 04 06 47 0.195596 12
2013 07 27 04 06 47 0.698892 12
2013 07 27 04 06 48 0.201996 12
2013 07 27 04 06 48 0.705548 12
2013 07 27 04 06 49 0.208652 12
2013 07 27 04 06 49 0.711948 12
2013 07 27 04 06 50 0.215308 12
2013 07 27 04 06 50 0.718604 12
2013 07 27 04 06 51 0.221964 12
2013 07 27 04 06 51 0.725260 12
2013 07 27 04 06 52 0.228620 12
2013 07 27 04 06 52 0.731916 12
2013 07 27 04 06 53 0.235276 12
2013 07 27 04 06 53 0.738572 12
2013 07 27 04 06 54 0.241932 12
2013 07 27 04 06 54 0.745228 12
2013 07 27 04 06 55 0.248588 12
2013 07 27 04 06 55 0.751884 12
2013 07 27 04 06 56 0.255244 12
2013 07 27 04 06 56 0.758540 12
2013 07 27 04 06 57 0.261900 12
2013 07 27 04 06 57 0.765196 12
2013 07 27 04 06 58 0.268556 12
2013 07 27 04 06 58 0.771852 12
2013 07 27 04 06 59 0.274956 12
2013 07 27 04 06 59 0.778508 12
2013 07 27 04 07 00 0.281612 12
2013 07 27 04 07 00 0.784908 12
2013 07 27 04 07 01 0.288268 12
2013 07 27 04 07 01 0.791564 12
2013 07 27 04 07 02 0.294924 12
2013 07 27 04 07 02 0.798220 12
2013 07 27 04 07 03 0.301580 12
2013 07 27 04 07 03 0.804876 12
2013 07 27 04 07 04 0.308236 12
2013 07 27 04 07 04 0.811532 12
2013 07 27 04 07 05 0.063500 12
2013 07 27 04 07 05 0.566796 12
2013 07 27 04 07 06 0.070156 12
2013 07 27 04 07 06 0.573452 12
2013 07 27 04 07 07 0.076556 12
2013 07 27 04 07 07 0.580108 12
2013 07 27 04 07 08 0.083468 12
2013 07 27 04 07 08 0.586764 12
2013 07 27 04 07 09 0.089868 12
2013 07 27 04 07 09 0.593164 12
2013 07 27 04 07 10 0.096524 12
2013 07 27 04 07 10 0.599820 12
2013 07 27 04 07 10 0.851468 12
2013 07 27 04 07 11 0.354572 12
2013 07 27 04 07 11 0.858124 12
2013 07 27 04 07 12 0.613132 12
2013 07 27 04 07 12 0.864524 12
2013 07 27 04 07 13 0.367884 12
2013 07 27 04 07 13 0.871180 12
2013 07 27 04 07 14 0.374540 12
2013 07 27 04 07 14 0.877836 12
2013 07 27 04 07 15 0.381196 12
2013 07 27 04 07 15 0.884492 12
2013 07 27 04 07 16 0.387852 12
2013 07 27 04 07 16 0.891148 12
2013 07 27 04 07 17 0.394508 12
2013 07 27 04 07 17 0.897804 12
2013 07 27 04 07 18 0.401164 12
2013 07 27 04 07 18 0.904460 12
2013 07 27 04 07 19 0.407820 12
2013 07 27 04 07 19 0.911116 12
2013 07 27 04 07 20 0.162828 12
2013 07 27 04 07 20 0.666380 12
2013 07 27 04 07 21 0.169484 12
2013 07 27 04 07 21 0.672780 12
2013 07 27 04 07 22 0.176140 12
2013 07 27 04 07 22 0.679436 12
2013 07 27 04 07 23 0.182796 12
2013 07 27 04 07 23 0.686092 12
2013 07 27 04 07 24 0.189452 12
2013 07 27 04 07 24 0.692748 12
2013 07 27 04 07 25 0.196108 12
2013 07 27 04 07 25 0.447500 12
2013 07 27 04 07 25 0.950796 12
2013 07 27 04 07 26 0.454156 12
2013 07 27 04 07 26 0.957452 12
2013 07 27 04 07 27 0.712716 12
2013 07 27 04 07 28 0.216076 12
2013 07 27 04 07 28 0.719372 12
2013 07 27 04 07 28 0.970764 12
2013 07 27 04 07 29 0.474124 12
2013 07 27 04 07 29 0.977420 12
2013 07 27 04 07 30 0.480780 12
2013 07 27 04 07 30 0.984076 12
2013 07 27 04 07 31 0.487436 12
2013 07 27 04 07 31 0.990732 12
2013 07 27 04 07 32 0.494092 12
2013 07 27 04 07 32 0.997388 12
2013 07 27 04 07 33 0.500748 12
2013 07 27 04 07 34 0.003852 12
2013 07 27 04 07 34 0.507404 12
2013 07 27 04 07 35 0.010508 12
2013 07 27 04 07 35 0.262412 12
2013 07 27 04 07 35 0.765708 12
2013 07 27 04 07 36 0.269068 12
2013 07 27 04 07 36 0.772364 12
2013 07 27 04 07 37 0.275724 12
2013 07 27 04 07 37 0.779020 12
2013 07 27 04 07 38 0.282380 12
2013 07 27 04 07 38 0.785676 12
2013 07 27 04 07 39 0.289036 12
2013 07 27 04 07 39 0.792332 12
2013 07 27 04 07 40 0.295436 12
2013 07 27 04 07 40 0.798988 12
2013 07 27 04 07 41 0.302092 12
2013 07 27 04 07 41 0.553740 12
2013 07 27 04 07 42 0.057100 12
2013 07 27 04 07 42 0.560396 12
2013 07 27 04 07 43 0.063756 12
2013 07 27 04 07 43 0.567052 12
2013 07 27 04 07 44 0.070412 12
2013 07 27 04 07 44 0.573708 12
2013 07 27 04 07 45 0.076812 12
2013 07 27 04 07 45 0.580364 12
2013 07 27 04 07 46 0.083468 12
2013 07 27 04 07 46 0.586764 12
2013 07 27 04 07 47 0.090124 12
2013 07 27 04 07 47 0.593420 12
2013 07 27 04 07 47 0.845324 12
2013 07 27 04 07 48 0.348684 12
2013 07 27 04 07 48 0.851980 12
2013 07 27 04 07 49 0.355340 12
2013 07 27 04 07 49 0.858636 12
2013 07 27 04 07 50 0.361996 12
2013 07 27 04 07 50 0.865292 12
2013 07 27 04 07 51 0.368652 12
2013 07 27 04 07 51 0.871948 12
2013 07 27 04 07 52 0.375308 12
2013 07 27 04 07 52 0.878604 12
2013 07 27 04 07 53 0.381964 12
2013 07 27 04 07 53 0.885260 12
2013 07 27 04 07 54 0.136716 12
2013 07 27 04 07 54 0.640012 12
2013 07 27 04 07 55 0.143372 12
2013 07 27 04 07 55 0.646668 12
2013 07 27 04 07 56 0.150028 12
2013 07 27 04 07 56 0.653324 12
2013 07 27 04 07 57 0.156428 12
2013 07 27 04 07 57 0.659980 12
2013 07 27 04 07 58 0.163084 12
2013 07 27 04 07 58 0.666380 12
2013 07 27 04 07 59 0.169740 12
2013 07 27 04 07 59 0.673036 12
2013 07 27 04 08 00 0.176396 12
2013 07 27 04 08 00 0.428300 12
2013 07 27 04 08 00 0.931596 12
2013 07 27 04 08 01 0.434956 12
2013 07 27 04 08 01 0.938252 12
2013 07 27 04 08 02 0.441612 12
2013 07 27 04 08 02 0.944908 12
2013 07 27 04 08 03 0.448268 12
2013 07 27 04 08 03 0.951564 12
2013 07 27 04 08 04 0.454668 12
2013 07 27 04 08 04 0.958220 12
2013 07 27 04 08 05 0.461580 12
2013 07 27 04 08 05 0.964876 12
2013 07 27 04 08 06 0.468236 12
2013 07 27 04 08 06 0.971532 12
2013 07 27 04 08 07 0.474636 12
2013 07 27 04 08 07 0.977932 12
2013 07 27 04 08 08 0.481292 12
2013 07 27 04 08 08 0.984588 12
2013 07 27 04 08 09 0.487948 12
2013 07 27 04 08 09 0.991244 12
2013 07 27 04 08 10 0.494604 12
2013 07 27 04 08 10 0.997900 12
2013 07 27 04 08 11 0.501260 12
2013 07 27 04 08 12 0.004620 12
2013 07 27 04 08 12 0.507916 12
2013 07 27 04 08 13 0.011276 12
2013 07 27 04 08 13 0.514572 12
2013 07 27 04 08 14 0.017932 12
2013 07 27 04 08 14 0.269324 12
2013 07 27 04 08 14 0.772620 12
2013 07 27 04 08 15 0.275980 12
2013 07 27 04 08 15 0.779276 12
2013 07 27 04 08 16 0.282636 12
2013 07 27 04 08 16 0.785932 12
2013 07 27 04 08 17 0.541196 12
2013 07 27 04 08 18 0.044300 12
2013 07 27 04 08 18 0.547596 12
2013 07 27 04 08 18 0.799244 12
2013 07 27 04 08 19 0.554252 12
2013 07 27 04 08 20 0.057612 12
2013 07 27 04 08 20 0.560908 12
2013 07 27 04 08 21 0.064268 12
2013 07 27 04 08 21 0.567564 12
2013 07 27 04 08 22 0.070924 12
2013 07 27 04 08 22 0.574220 12
2013 07 27 04 08 23 0.077580 12
2013 07 27 04 08 23 0.580876 12
2013 07 27 04 08 24 0.084236 12
2013 07 27 04 08 24 0.335628 12
2013 07 27 04 08 24 0.838924 12
2013 07 27 04 08 25 0.342284 12
2013 07 27 04 08 25 0.845580 12
2013 07 27 04 08 26 0.348940 12
2013 07 27 04 08 26 0.852236 12
2013 07 27 04 08 27 0.355596 12
2013 07 27 04 08 27 0.858892 12
2013 07 27 04 08 28 0.362252 12
2013 07 27 04 08 28 0.865548 12
2013 07 27 04 08 29 0.368908 12
2013 07 27 04 08 30 0.123916 12
2013 07 27 04 08 30 0.627212 12
2013 07 27 04 08 31 0.130572 12
2013 07 27 04 08 31 0.633868 12
2013 07 27 04 08 32 0.137228 12
2013 07 27 04 08 32 0.388620 12
2013 07 27 04 08 32 0.892172 12
2013 07 27 04 08 33 0.395276 12
2013 07 27 04 08 33 0.898572 12
2013 07 27 04 08 34 0.401932 12
2013 07 27 04 08 34 0.905228 12
2013 07 27 04 08 35 0.408588 12
2013 07 27 04 08 35 0.911884 12
2013 07 27 04 08 36 0.415244 12
2013 07 27 04 08 36 0.918540 12
2013 07 27 04 08 37 0.421900 12
2013 07 27 04 08 37 0.925196 12
2013 07 27 04 08 38 0.428556 12
2013 07 27 04 08 38 0.931852 12
2013 07 27 04 08 39 0.435212 12
2013 07 27 04 08 39 0.938508 12
2013 07 27 04 08 40 0.441868 12
2013 07 27 04 08 40 0.945164 12
2013 07 27 04 08 41 0.448524 12
2013 07 27 04 08 41 0.951820 12
2013 07 27 04 08 42 0.455180 12
2013 07 27 04 08 42 0.958476 12
2013 07 27 04 08 43 0.461836 12
2013 07 27 04 08 43 0.965132 12
2013 07 27 04 08 44 0.468236 12
2013 07 27 04 08 44 0.971788 12
2013 07 27 04 08 45 0.474892 12
2013 07 27 04 08 45 0.978188 12
2013 07 27 04 08 46 0.481548 12
2013 07 27 04 08 46 0.984844 12
2013 07 27 04 08 47 0.488204 12
2013 07 27 04 08 47 0.991500 12
2013 07 27 04 08 48 0.494860 12
2013 07 27 04 08 48 0.998156 12
2013 07 27 04 08 49 0.501516 12
2013 07 27 04 08 50 0.004876 12
2013 07 27 04 08 50 0.508172 12
2013 07 27 04 08 51 0.011532 12
2013 07 27 04 08 51 0.514828 12
2013 07 27 04 08 52 0.018188 12
2013 07 27 04 08 52 0.521484 12
2013 07 27 04 08 53 0.024844 12
2013 07 27 04 08 53 0.528140 12
2013 07 27 04 08 54 0.031500 12
2013 07 27 04 08 54 0.534796 12
2013 07 27 04 08 55 0.037900 12
2013 07 27 04 08 55 0.541452 12
2013 07 27 04 08 56 0.044556 12
2013 07 27 04 08 56 0.547852 12
2013 07 27 04 08 57 0.051212 12
2013 07 27 04 08 57 0.554508 12
2013 07 27 04 08 58 0.057868 12
2013 07 27 04 08 58 0.561164 12
2013 07 27 04 08 59 0.064524 12
2013 07 27 04 08 59 0.567820 12
2013 07 27 04 09 00 0.071180 12
2013 07 27 04 09 00 0.574476 12
2013 07 27 04 09 01 0.077836 12
2013 07 27 04 09 01 0.581132 12
2013 07 27 04 09 02 0.084492 12
2013 07 27 04 09 02 0.587788 12
2013 07 27 04 09 03 0.091148 12
2013 07 27 04 09 03 0.594444 12
2013 07 27 04 09 04 0.097804 12
2013 07 27 04 09 04 0.601100 12
2013 07 27 04 09 05 0.104460 12
2013 07 27 04 09 05 0.607756 12
2013 07 27 04 09 06 0.110860 12
2013 07 27 04 09 06 0.614412 12
2013 07 27 04 09 07 0.117516 12
2013 07 27 04 09 07 0.620812 12
2013 07 27 04 09 08 0.124172 12
2013 07 27 04 09 08 0.376076 12
2013 07 27 04 09 08 0.879372 12
2013 07 27 04 09 09 0.382732 12
2013 07 27 04 09 09 0.886028 12
2013 07 27 04 09 10 0.389388 12
2013 07 27 04 09 10 0.892684 12
2013 07 27 04 09 11 0.396044 12
2013 07 27 04 09 11 0.899340 12
2013 07 27 04 09 12 0.402700 12
2013 07 27 04 09 12 0.905996 12
2013 07 27 04 09 13 0.409100 12
2013 07 27 04 09 13 0.912652 12
2013 07 27 04 09 14 0.415756 12
2013 07 27 04 09 14 0.919308 12
2013 07 27 04 09 15 0.422668 12
2013 07 27 04 09 15 0.925964 12
2013 07 27 04 09 16 0.429068 12
2013 07 27 04 09 16 0.932620 12
2013 07 27 04 09 17 0.435724 12
2013 07 27 04 09 17 0.939020 12
2013 07 27 04 09 18 0.442380 12
2013 07 27 04 09 18 0.945676 12
2013 07 27 04 09 19 0.449036 12
2013 07 27 04 09 19 0.952332 12
2013 07 27 04 09 20 0.455692 12
2013 07 27 04 09 20 0.958988 12
2013 07 27 04 09 21 0.462348 12
2013 07 27 04 09 21 0.713740 12
2013 07 27 04 09 22 0.217100 12
2013 07 27 04 09 22 0.720396 12
2013 07 27 04 09 23 0.475660 12
2013 07 27 04 09 23 0.978956 12
2013 07 27 04 09 24 0.482316 12
2013 07 27 04 09 24 0.985612 12
2013 07 27 04 09 25 0.237068 12
2013 07 27 04 09 25 0.740364 12
2013 07 27 04 09 26 0.243724 12
2013 07 27 04 09 26 0.747020 12
2013 07 27 04 09 27 0.250380 12
2013 07 27 04 09 27 0.753676 12
2013 07 27 04 09 28 0.257036 12
2013 07 27 04 09 28 0.760332 12
2013 07 27 04 09 29 0.263692 12
2013 07 27 04 09 29 0.766988 12
2013 07 27 04 09 30 0.270348 12
2013 07 27 04 09 30 0.773644 12
2013 07 27 04 09 31 0.276748 12
2013 07 27 04 09 31 0.780044 12
2013 07 27 04 09 32 0.283404 12
2013 07 27 04 09 33 0.038668 12
2013 07 27 04 09 33 0.541964 12
2013 07 27 04 09 34 0.045324 12
2013 07 27 04 09 34 0.548620 12
2013 07 27 04 09 35 0.051980 12
2013 07 27 04 09 35 0.555276 12
2013 07 27 04 09 36 0.058636 12
2013 07 27 04 09 36 0.561932 12
2013 07 27 04 09 37 0.065036 12
2013 07 27 04 09 37 0.568588 12
2013 07 27 04 09 38 0.071692 12
2013 07 27 04 09 38 0.575244 12
2013 07 27 04 09 39 0.078348 12
2013 07 27 04 09 39 0.581644 12
2013 07 27 04 09 40 0.085004 12
2013 07 27 04 09 40 0.588300 12
2013 07 27 04 09 41 0.091660 12
2013 07 27 04 09 41 0.594956 12
2013 07 27 04 09 42 0.098316 12
2013 07 27 04 09 42 0.601612 12
2013 07 27 04 09 43 0.104972 12
2013 07 27 04 09 43 0.608268 12
2013 07 27 04 09 43 0.859660 12
2013 07 27 04 09 44 0.363020 12
2013 07 27 04 09 44 0.866316 12
2013 07 27 04 09 45 0.369676 12
2013 07 27 04 09 45 0.872972 12
2013 07 27 04 09 46 0.376332 12
2013 07 27 04 09 46 0.879628 12
2013 07 27 04 09 47 0.634892 12
2013 07 27 04 09 48 0.137996 12
2013 07 27 04 09 48 0.641292 12
2013 07 27 04 09 49 0.144652 12
2013 07 27 04 09 49 0.396300 12
2013 07 27 04 09 49 0.899596 12
2013 07 27 04 09 50 0.402956 12
2013 07 27 04 09 50 0.906252 12
2013 07 27 04 09 51 0.409612 12
2013 07 27 04 09 51 0.912908 12
2013 07 27 04 09 52 0.667916 12
2013 07 27 04 09 53 0.171276 12
2013 07 27 04 09 53 0.674572 12
2013 07 27 04 09 54 0.177932 12
2013 07 27 04 09 54 0.681228 12
2013 07 27 04 09 55 0.184588 12
2013 07 27 04 09 55 0.687884 12
2013 07 27 04 09 56 0.191244 12
2013 07 27 04 09 56 0.694540 12
2013 07 27 04 09 57 0.197900 12
2013 07 27 04 09 57 0.701196 12
2013 07 27 04 09 58 0.204556 12
2013 07 27 04 09 58 0.707852 12
2013 07 27 04 09 59 0.210956 12
2013 07 27 04 09 59 0.714508 12
2013 07 27 04 10 00 0.217612 12
2013 07 27 04 10 00 0.721164 12
2013 07 27 04 10 01 0.224268 12
2013 07 27 04 10 01 0.727564 12
2013 07 27 04 10 02 0.230924 12
2013 07 27 04 10 02 0.734220 12
2013 07 27 04 10 03 0.237580 12
2013 07 27 04 10 03 0.740876 12
2013 07 27 04 10 04 0.244236 12
2013 07 27 04 10 04 0.495884 12
2013 07 27 04 10 05 0.250892 12
2013 07 27 04 10 05 0.754188 12
2013 07 27 04 10 06 0.257548 12
2013 07 27 04 10 06 0.760844 12
2013 07 27 04 10 07 0.264204 12
2013 07 27 04 10 07 0.767500 12
2013 07 27 04 10 08 0.270860 12
2013 07 27 04 10 08 0.522252 12
2013 07 27 04 10 09 0.025612 12
2013 07 27 04 10 09 0.528908 12
2013 07 27 04 10 10 0.284172 12
2013 07 27 04 10 10 0.787468 12
2013 07 27 04 10 11 0.290828 12
2013 07 27 04 10 11 0.794124 12
2013 07 27 04 10 12 0.297484 12
2013 07 27 04 10 12 0.800780 12
2013 07 27 04 10 13 0.303884 12
2013 07 27 04 10 13 0.807180 12
2013 07 27 04 10 14 0.310540 12
2013 07 27 04 10 14 0.813836 12
2013 07 27 04 10 15 0.317196 12
2013 07 27 04 10 15 0.820492 12
2013 07 27 04 10 16 0.323852 12
2013 07 27 04 10 16 0.827148 12
2013 07 27 04 10 17 0.330508 12
2013 07 27 04 10 17 0.833804 12
2013 07 27 04 10 18 0.337164 12
2013 07 27 04 10 18 0.840460 12
2013 07 27 04 10 19 0.343820 12
2013 07 27 04 10 19 0.595212 12
2013 07 27 04 10 20 0.098572 12
2013 07 27 04 10 20 0.601868 12
2013 07 27 04 10 21 0.105228 12
2013 07 27 04 10 21 0.608524 12
2013 07 27 04 10 22 0.111884 12
2013 07 27 04 10 22 0.615180 12
2013 07 27 04 10 23 0.118540 12
2013 07 27 04 10 23 0.621836 12
2013 07 27 04 10 24 0.125196 12
2013 07 27 04 10 24 0.376844 12
2013 07 27 04 10 24 0.880396 12
2013 07 27 04 10 25 0.383500 12
2013 07 27 04 10 25 0.887052 12
2013 07 27 04 10 26 0.390156 12
2013 07 27 04 10 26 0.893452 12
2013 07 27 04 10 27 0.396812 12
2013 07 27 04 10 27 0.900108 12
2013 07 27 04 10 28 0.403468 12
2013 07 27 04 10 28 0.906764 12
2013 07 27 04 10 29 0.158220 12
2013 07 27 04 10 29 0.661516 12
2013 07 27 04 10 30 0.164876 12
2013 07 27 04 10 30 0.668172 12
2013 07 27 04 10 31 0.171532 12
2013 07 27 04 10 31 0.674828 12
2013 07 27 04 10 32 0.178188 12
2013 07 27 04 10 32 0.681484 12
2013 07 27 04 10 33 0.184844 12
2013 07 27 04 10 33 0.688140 12
2013 07 27 04 10 34 0.191500 12
2013 07 27 04 10 34 0.694796 12
2013 07 27 04 10 35 0.198156 12
2013 07 27 04 10 35 0.701452 12
2013 07 27 04 10 36 0.204812 12
2013 07 27 04 10 36 0.708108 12
2013 07 27 04 10 36 0.959756 12
2013 07 27 04 10 37 0.463116 12
2013 07 27 04 10 37 0.966412 12
2013 07 27 04 10 38 0.469772 12
2013 07 27 04 10 38 0.973068 12
2013 07 27 04 10 39 0.476428 12
2013 07 27 04 10 39 0.979724 12
2013 07 27 04 10 40 0.483084 12
2013 07 27 04 10 40 0.986380 12
2013 07 27 04 10 41 0.489740 12
2013 07 27 04 10 41 0.993036 12
2013 07 27 04 10 42 0.496396 12
2013 07 27 04 10 42 0.747788 12
2013 07 27 04 10 43 0.251148 12
2013 07 27 04 10 43 0.754444 12
2013 07 27 04 10 44 0.257804 12
2013 07 27 04 10 44 0.761100 12
2013 07 27 04 10 45 0.264460 12
2013 07 27 04 10 45 0.767756 12
2013 07 27 04 10 46 0.271116 12
2013 07 27 04 10 46 0.774412 12
2013 07 27 04 10 47 0.277772 12
2013 07 27 04 10 47 0.781068 12
2013 07 27 04 10 48 0.284428 12
2013 07 27 04 10 48 0.787724 12
2013 07 27 04 10 49 0.291084 12
2013 07 27 04 10 49 0.794380 12
2013 07 27 04 10 50 0.297740 12
2013 07 27 04 10 50 0.801036 12
2013 07 27 04 10 51 0.304140 12
2013 07 27 04 10 51 0.556044 12
2013 07 27 04 10 52 0.059404 12
2013 07 27 04 10 52 0.562700 12
2013 07 27 04 10 53 0.066060 12
2013 07 27 04 10 53 0.569356 12
2013 07 27 04 10 54 0.324108 12
2013 07 27 04 10 54 0.827404 12
2013 07 27 04 10 55 0.330764 12
2013 07 27 04 10 55 0.582668 12
2013 07 27 04 10 56 0.085772 12
2013 07 27 04 10 56 0.589324 12
2013 07 27 04 10 57 0.092428 12
2013 07 27 04 10 57 0.595980 12
2013 07 27 04 10 58 0.099084 12
2013 07 27 04 10 58 0.602380 12
2013 07 27 04 10 59 0.105740 12
2013 07 27 04 10 59 0.609036 12
2013 07 27 04 11 00 0.112396 12
2013 07 27 04 11 00 0.615692 12
2013 07 27 04 11 01 0.119052 12
2013 07 27 04 11 01 0.622348 12
2013 07 27 04 11 02 0.125708 12
2013 07 27 04 11 02 0.629004 12
2013 07 27 04 11 03 0.132364 12
2013 07 27 04 11 03 0.635660 12
2013 07 27 04 11 04 0.139020 12
2013 07 27 04 11 04 0.642316 12
