2 0
3 1
4 2
5 3
6 0
7 1
8 2
9 3
10 0
11 1
12 2
13 3
14 0
15 1
16 2
17 3
18 0
19 1
20 2
21 3
22 0
23 1
24 2
25 3
26 0
27 1
28 2
29 3
30 0
31 1
32 2
33 3
34 0
35 1
36 2
37 3
38 0
39 1
40 2
41 3
42 0
43 1
44 2
45 3
46 0
47 1
48 2
49 3
50 0
51 1
52 2
53 3
54 0
55 1
56 2
57 3
58 0
59 1
60 2
61 3
62 0
63 1
64 2
65 3
66 0
67 1
68 2
69 3
70 0
71 1
72 2
73 3
74 0
75 1
76 2
77 3
78 0
79 1
80 2
81 3
82 0
83 1
84 2
85 3
86 0
87 1
88 2
89 3
90 0
91 1
92 2
93 3
94 0
95 1
96 2
97 3
98 0
99 1
100 2
101 3
102 0
103 1
104 2
105 3
106 0
107 1
108 2
109 3
110 0
111 1
112 2
113 3
114 0
115 1
116 2
117 3
118 1
119 0
120 2
121 3
122 1
123 0
124 2
125 3
126 1
127 0
128 3
129 2
130 1
131 0
132 3
133 1
134 2
135 0
136 3
137 1
138 2
139 0
140 3
141 1
142 2
143 0
144 3
145 1
146 2
147 0
148 3
149 1
150 2
151 0
152 3
153 1
154 2
155 0
156 3
157 1
158 2
159 0
160 3
161 1
162 2
163 0
164 3
165 1
166 2
167 0
168 3
169 1
170 2
171 0
172 3
173 1
174 2
175 0
176 3
177 1
178 2
179 0
180 3
181 1
182 2
183 0
184 3
185 1
186 2
187 0
188 3
189 1
190 2
191 0
192 3
193 1
194 2
195 0
196 3
197 1
198 2
199 0
200 3
201 1
202 2
203 0
204 3
205 1
206 2
207 0
208 3
209 1
210 2
211 0
212 3
213 1
214 2
215 0
216 3
217 1
218 2
219 0
220 1
221 3
222 2
223 0
224 1
225 3
226 2
227 0
228 1
229 3
230 2
231 0
232 1
233 3
234 2
235 0
236 1
237 3
238 2
239 0
240 1
241 3
242 2
243 0
244 1
245 3
246 2
247 0
248 1
249 3
250 2
251 0
252 1
253 3
254 2
255 0
256 1
257 3
258 2
259 0
260 1
261 3
262 2
263 0
264 1
265 3
266 2
267 0
268 1
269 3
270 2
271 0
272 1
273 3
274 2
275 0
276 1
277 3
278 2
279 0
280 1
281 3
282 2
283 0
284 1
285 3
286 2
287 0
288 1
289 3
290 2
291 0
292 1
293 3
294 2
295 0
296 1
297 3
298 2
299 0
300 1
301 2
302 3
303 0
304 1
305 2
306 3
307 0
308 1
309 2
310 3
311 0
312 1
313 2
314 3
315 1
316 0
317 2
318 3
319 1
320 0
321 2
322 3
323 1
324 0
325 2
326 3
327 1
328 0
329 2
330 3
331 1
332 0
333 2
334 3
335 1
336 0
337 2
338 3
339 1
340 0
341 2
342 3
343 1
344 0
345 2
346 3
347 1
348 0
349 2
350 3
351 1
352 0
353 2
354 3
355 1
356 0
357 2
358 3
359 1
360 0
361 2
362 3
363 1
364 0
365 2
366 3
367 1
368 0
369 2
370 3
371 1
372 0
373 2
374 3
375 1
376 0
377 2
378 3
379 1
380 0
381 2
382 3
383 1
384 0
385 2
386 3
387 1
388 0
389 2
390 3
391 1
392 0
393 2
394 3
395 1
396 0
397 2
398 3
399 1
400 0
401 2
402 3
403 1
404 0
405 2
406 3
407 1
408 0
409 2
410 3
411 1
412 0
413 2
414 3
415 1
416 0
417 2
418 3
419 1
420 0
421 2
422 3
423 1
424 0
425 2
426 3
427 1
428 0
429 2
430 3
431 1
432 0
433 2
434 3
435 1
436 0
437 2
438 3
439 1
440 2
441 0
442 3
443 1
444 2
445 0
446 3
447 1
448 2
449 0
450 3
451 1
452 2
453 0
454 3
455 1
456 2
457 0
458 3
459 1
460 2
461 0
462 3
463 1
464 2
465 0
466 3
467 1
468 2
469 0
470 3
471 1
472 2
473 0
474 3
475 1
476 2
477 0
478 3
479 1
480 2
481 0
482 3
483 1
484 2
485 0
486 3
487 1
488 2
489 0
490 3
491 1
492 2
493 0
494 3
495 1
496 2
497 0
498 3
499 1
500 2
501 0
502 3
503 1
504 2
505 0
506 3
507 1
508 2
509 0
510 3
511 1
512 2
513 0
514 3
515 1
516 2
517 0
518 3
519 1
520 2
521 0
522 3
523 1
524 2
525 0
526 3
527 1
528 2
529 0
530 3
531 1
532 2
533 0
534 3
535 1
536 2
537 0
538 3
539 1
540 2
541 0
542 3
543 1
544 2
545 0
546 3
547 1
548 2
549 0
550 3
551 1
552 2
553 0
554 3
555 1
556 2
557 0
558 3
559 1
560 2
561 0
562 3
563 1
564 2
565 0
566 3
567 1
568 2
569 0
570 3
571 1
572 2
573 0
574 3
575 1
576 2
577 0
578 3
579 1
580 2
581 0
582 3
583 1
584 2
585 0
586 3
587 1
588 2
589 0
590 3
591 1
592 2
593 0
594 3
595 1
596 2
597 0
598 3
599 1
600 2
601 0
602 3
603 1
604 2
605 0
606 3
607 1
608 2
609 0
610 3
611 1
612 2
613 0
614 3
615 1
616 2
617 0
618 3
619 1
620 2
621 0
622 3
623 1
624 2
625 0
626 3
627 1
628 2
629 0
630 3
631 1
632 2
633 0
634 3
635 1
636 2
637 0
638 3
639 1
640 2
641 0
642 3
643 1
644 2
645 0
646 3
647 1
648 2
649 0
650 3
651 1
652 2
653 0
654 3
655 1
656 2
657 0
658 3
659 1
660 2
661 0
662 3
663 1
664 2
665 0
666 3
667 1
668 2
669 0
670 3
671 1
672 2
673 0
674 3
675 1
676 2
677 0
678 3
679 1
680 2
681 0
682 3
683 1
684 2
685 0
686 3
687 1
688 2
689 0
690 3
691 1
692 2
693 3
694 0
695 1
696 2
697 3
698 1
699 0
700 2
701 3
702 1
703 2
704 0
705 3
706 1
707 2
708 0
709 3
710 1
711 2
712 0
713 3
714 1
715 2
716 0
717 3
718 1
719 2
720 0
721 3
722 1
723 2
724 0
725 3
726 1
727 2
728 0
729 3
730 1
731 2
732 0
733 3
734 1
735 2
736 0
737 3
738 1
739 2
740 0
741 3
742 1
743 2
744 0
745 3
746 1
747 2
748 0
749 3
750 1
751 2
752 0
753 3
754 1
755 2
756 0
757 3
758 1
759 2
760 0
761 3
762 1
763 2
764 0
765 3
766 1
767 2
768 0
769 3
770 1
771 2
772 0
773 3
774 1
775 2
776 0
777 3
778 1
779 2
780 0
781 3
782 1
783 2
784 0
785 3
786 1
787 2
788 0
789 3
790 1
791 2
792 0
793 3
794 1
795 2
796 0
797 3
798 1
799 2
800 0
801 3
802 1
803 2
804 0
805 3
806 1
807 2
808 0
809 3
810 1
811 2
812 3
813 0
814 1
815 2
816 3
817 0
818 1
819 2
820 3
821 0
822 1
823 2
824 3
825 0
826 1
827 2
828 3
829 0
830 1
831 2
832 3
833 0
834 1
835 2
836 3
837 0
838 1
839 2
840 3
841 0
842 1
843 2
844 3
845 0
846 1
847 2
848 3
849 0
850 1
851 2
852 3
853 0
854 1
855 2
856 3
857 0
858 1
859 2
860 3
861 0
862 1
863 2
864 3
865 0
866 1
867 2
868 3
869 0
870 1
871 2
872 3
873 0
874 1
875 2
876 3
877 0
878 1
879 2
880 3
881 0
882 1
883 2
884 3
885 0
886 1
887 2
888 3
889 0
890 1
891 2
892 3
893 0
894 1
895 2
896 3
897 0
898 1
899 2
900 3
901 1
902 0
903 2
904 3
905 1
906 0
907 2
908 3
909 1
910 0
911 2
912 3
913 1
914 0
915 2
916 3
917 1
918 0
919 2
920 3
921 1
922 0
923 2
924 3
925 1
926 0
927 2
928 3
929 1
930 0
931 2
932 3
933 1
934 0
935 2
936 3
937 1
938 0
939 2
940 3
941 1
942 0
943 2
944 3
945 1
946 0
947 2
948 3
949 1
950 0
951 2
952 3
953 1
954 0
955 2
956 3
957 1
958 0
959 2
960 3
961 1
962 0
963 2
964 3
965 1
966 0
967 2
968 3
969 1
970 0
971 2
972 3
973 1
974 0
975 2
976 3
977 1
978 0
979 2
980 3
981 1
982 0
983 2
984 3
985 1
986 0
987 2
988 3
989 1
990 0
991 2
992 3
993 1
994 0
995 2
996 3
997 1
998 0
999 2
1000 3
1001 1
1002 0
1003 2
1004 3
1005 1
1006 0
1007 2
1008 3
1009 1
1010 0
1011 2
1012 3
1013 1
1014 0
1015 2
1016 3
1017 1
1018 0
1019 2
1020 3
1021 1
1022 0
1023 2
1024 1
1025 3
1026 0
1027 2
1028 1
1029 0
1030 3
1031 2
1032 1
1033 0
1034 3
1035 2
1036 1
1037 0
1038 3
1039 2
1040 1
1041 0
1042 3
1043 2
1044 1
1045 0
1046 3
1047 2
1048 1
1049 0
1050 3
1051 2
1052 1
1053 0
1054 3
1055 2
1056 1
1057 0
1058 3
1059 2
1060 1
1061 0
1062 3
1063 2
1064 1
1065 0
1066 3
1067 2
1068 1
1069 0
1070 3
1071 2
1072 1
1073 0
1074 3
1075 2
1076 1
1077 0
1078 3
1079 2
1080 1
1081 0
1082 3
1083 2
1084 1
1085 0
1086 3
1087 2
1088 1
1089 0
1090 3
1091 2
1092 1
1093 0
1094 3
1095 2
1096 1
1097 0
1098 3
1099 2
1100 1
1101 0
1102 3
1103 2
1104 1
1105 0
1106 3
1107 2
1108 1
1109 0
1110 3
1111 2
1112 1
1113 0
1114 3
1115 2
1116 1
1117 0
1118 3
1119 2
1120 1
1121 0
1122 3
1123 2
1124 1
1125 0
1126 3
1127 2
1128 1
1129 0
1130 3
1131 2
1132 1
1133 0
1134 3
1135 2
1136 1
1137 0
1138 3
1139 2
1140 1
1141 0
1142 3
1143 2
1144 1
1145 0
1146 3
1147 2
1148 1
1149 0
1150 3
1151 2
1152 1
1153 0
1154 3
1155 2
1156 1
1157 0
1158 3
1159 2
1160 1
1161 0
1162 3
1163 2
1164 1
1165 0
1166 3
1167 2
1168 1
1169 0
1170 3
1171 2
1172 1
1173 3
1174 0
1175 2
1176 1
1177 3
1178 0
1179 2
1180 1
1181 3
1182 0
1183 2
1184 1
1185 3
1186 0
1187 2
1188 1
1189 3
1190 0
1191 2
1192 1
1193 3
1194 0
1195 2
1196 1
1197 3
1198 0
1199 2
1200 1
1201 3
1202 0
1203 2
1204 1
1205 3
1206 0
1207 2
1208 1
1209 3
1210 0
1211 2
1212 1
1213 3
1214 0
1215 2
1216 1
1217 3
1218 0
1219 2
1220 1
1221 3
1222 0
1223 2
1224 1
1225 3
1226 0
1227 2
1228 1
1229 3
1230 0
1231 2
1232 1
1233 3
1234 0
1235 2
1236 1
1237 3
1238 0
1239 2
1240 1
1241 3
1242 0
1243 2
1244 1
1245 3
1246 0
1247 2
1248 1
1249 3
1250 0
1251 2
1252 1
1253 3
1254 0
1255 2
1256 1
1257 3
1258 0
1259 2
1260 1
1261 3
1262 0
1263 2
1264 1
1265 3
1266 0
1267 2
1268 1
1269 3
1270 0
1271 2
1272 1
1273 3
1274 0
1275 2
1276 1
1277 3
1278 0
1279 2
1280 1
1281 3
1282 0
1283 2
1284 1
1285 3
1286 2
1287 0
1288 1
1289 3
1290 2
1291 0
1292 1
1293 3
1294 2
1295 1
1296 0
1297 3
1298 2
1299 1
1300 0
1301 3
1302 2
1303 1
1304 3
1305 0
1306 2
1307 1
1308 3
1309 0
1310 2
1311 1
1312 3
1313 0
1314 2
1315 1
1316 3
1317 0
1318 2
1319 1
1320 3
1321 0
1322 2
1323 1
1324 3
1325 0
1326 2
1327 1
1328 3
1329 0
1330 2
1331 1
1332 3
1333 0
1334 2
1335 1
1336 3
1337 0
1338 2
1339 1
1340 3
1341 0
1342 2
1343 1
1344 3
1345 0
1346 2
1347 1
1348 3
1349 0
1350 2
1351 1
1352 3
1353 0
1354 2
1355 1
1356 3
1357 0
1358 2
1359 1
1360 3
1361 0
1362 1
1363 2
1364 3
1365 0
1366 1
1367 2
1368 3
1369 0
1370 1
1371 2
1372 3
1373 0
1374 1
1375 2
1376 3
1377 0
1378 1
1379 2
1380 3
1381 0
1382 1
1383 2
1384 3
1385 0
1386 1
1387 2
1388 3
1389 0
1390 1
1391 2
1392 3
1393 1
1394 0
1395 2
1396 3
1397 1
1398 0
1399 2
1400 3
1401 1
1402 0
1403 2
1404 3
1405 1
1406 0
1407 2
1408 3
1409 1
1410 0
1411 2
1412 3
1413 1
1414 0
1415 2
1416 3
1417 1
1418 0
1419 2
1420 3
1421 1
1422 0
1423 2
1424 3
1425 1
1426 0
1427 2
1428 3
1429 1
1430 0
1431 2
1432 3
1433 1
1434 0
1435 2
1436 3
1437 1
1438 0
1439 2
1440 3
1441 1
1442 0
1443 2
1444 3
1445 1
1446 0
1447 2
1448 3
1449 1
1450 0
1451 2
1452 3
1453 1
1454 0
1455 2
1456 3
1457 1
1458 0
1459 2
1460 3
1461 1
1462 0
1463 2
1464 3
1465 1
1466 0
1467 2
1468 3
1469 1
1470 0
1471 2
1472 3
1473 1
1474 0
1475 2
1476 3
1477 1
1478 0
1479 2
1480 3
1481 1
1482 0
1483 2
1484 3
1485 1
1486 0
1487 2
1488 3
1489 1
1490 0
1491 2
1492 3
1493 1
1494 0
1495 2
1496 3
1497 1
1498 0
1499 2
1500 3
1501 1
1502 0
1503 2
1504 3
1505 1
1506 0
1507 2
1508 3
1509 1
1510 0
1511 2
1512 3
1513 1
1514 0
1515 2
1516 3
1517 1
1518 0
1519 2
1520 3
1521 1
1522 0
1523 2
1524 3
1525 1
1526 0
1527 2
1528 3
1529 1
1530 0
1531 2
1532 3
1533 1
1534 0
1535 2
1536 3
1537 1
1538 0
1539 2
1540 3
1541 1
1542 0
1543 2
1544 3
1545 1
1546 0
1547 2
1548 3
1549 1
1550 0
1551 2
1552 3
1553 1
1554 0
1555 2
1556 3
1557 1
1558 0
1559 2
1560 3
1561 1
1562 0
1563 2
1564 3
1565 1
1566 0
1567 2
1568 3
1569 1
1570 0
1571 2
1572 3
1573 1
1574 0
1575 2
1576 3
1577 1
1578 2
1579 0
1580 3
1581 1
1582 2
1583 0
1584 3
1585 1
1586 2
1587 0
1588 3
1589 1
1590 2
1591 0
1592 3
1593 1
1594 2
1595 0
1596 3
1597 1
1598 2
1599 0
1600 3
1601 1
1602 2
1603 0
1604 3
1605 1
1606 2
1607 0
1608 3
1609 1
1610 2
1611 0
1612 3
1613 1
1614 2
1615 0
1616 3
1617 1
1618 2
1619 0
1620 3
1621 1
1622 2
1623 0
1624 3
1625 1
1626 2
1627 0
1628 3
1629 1
1630 2
1631 0
1632 3
1633 1
1634 2
1635 0
1636 3
1637 1
1638 2
1639 0
1640 3
1641 1
1642 2
1643 0
1644 3
1645 1
1646 2
1647 0
1648 3
1649 1
1650 2
1651 0
1652 3
1653 1
1654 2
1655 0
1656 3
1657 1
1658 2
1659 0
1660 3
1661 1
1662 2
1663 0
1664 3
1665 1
1666 2
1667 0
1668 3
1669 1
1670 2
1671 0
1672 3
1673 1
1674 2
1675 0
1676 3
1677 1
1678 2
1679 0
1680 3
1681 1
1682 2
1683 0
1684 3
1685 1
1686 2
1687 0
1688 3
1689 1
1690 2
1691 0
1692 3
1693 2
1694 1
1695 0
1696 3
1697 2
1698 1
1699 0
1700 3
1701 2
1702 1
1703 0
1704 3
1705 2
1706 1
1707 0
1708 3
1709 2
1710 1
1711 0
1712 3
1713 2
1714 1
1715 0
1716 3
1717 2
1718 1
1719 0
1720 3
1721 2
1722 1
1723 0
1724 3
1725 2
1726 1
1727 0
1728 3
1729 2
1730 1
1731 0
1732 3
1733 2
1734 1
1735 0
1736 3
1737 2
1738 1
1739 0
1740 3
1741 2
1742 1
1743 0
1744 3
1745 2
1746 1
1747 0
1748 3
1749 2
1750 1
1751 0
1752 3
1753 2
1754 1
1755 0
1756 3
1757 2
1758 1
1759 0
1760 3
1761 2
1762 1
1763 0
1764 3
1765 2
1766 1
1767 0
1768 3
1769 2
1770 1
1771 0
1772 3
1773 2
1774 1
1775 0
1776 3
1777 2
1778 1
1779 0
1780 3
1781 2
1782 1
1783 0
1784 3
1785 2
1786 1
1787 0
1788 3
1789 2
1790 1
1791 0
1792 3
1793 2
1794 1
1795 0
1796 3
1797 2
1798 1
1799 0
1800 3
1801 2
1802 1
1803 0
1804 3
1805 2
1806 1
1807 0
1808 3
1809 2
1810 1
1811 0
1812 3
1813 2
1814 1
1815 0
1816 3
1817 2
1818 1
1819 0
1820 3
1821 2
1822 1
1823 0
1824 3
1825 2
1826 1
1827 0
1828 3
1829 2
1830 1
1831 0
1832 3
1833 2
1834 1
1835 0
1836 3
1837 2
1838 1
1839 0
1840 3
1841 2
1842 1
1843 0
1844 3
1845 2
1846 1
1847 0
1848 3
1849 2
1850 1
1851 0
1852 3
1853 2
1854 1
1855 0
1856 3
1857 2
1858 1
1859 0
1860 3
1861 2
1862 1
1863 0
1864 3
1865 2
1866 1
1867 0
1868 3
1869 2
1870 1
1871 0
1872 3
1873 2
1874 1
1875 0
1876 3
1877 2
1878 1
1879 0
1880 3
1881 2
1882 1
1883 0
1884 3
1885 2
1886 1
1887 0
1888 3
1889 2
1890 1
1891 0
1892 3
1893 2
1894 1
1895 0
1896 3
1897 2
1898 1
1899 0
1900 3
1901 2
1902 1
1903 0
1904 3
1905 2
1906 1
1907 0
1908 3
1909 2
1910 1
1911 0
1912 2
1913 3
1914 1
1915 0
1916 2
1917 3
1918 1
1919 0
1920 2
1921 3
1922 1
1923 0
1924 2
1925 3
1926 1
1927 0
1928 2
1929 3
1930 1
1931 0
1932 2
1933 3
1934 1
1935 0
1936 2
1937 3
1938 1
1939 0
1940 2
1941 3
1942 1
1943 2
1944 0
1945 3
1946 1
1947 2
1948 0
1949 3
1950 1
1951 2
1952 0
1953 3
1954 1
1955 2
1956 0
1957 3
1958 1
1959 2
1960 0
1961 3
1962 1
1963 2
1964 0
1965 3
1966 1
1967 2
1968 0
1969 3
1970 1
1971 2
1972 0
1973 3
1974 1
1975 2
1976 0
1977 3
1978 1
1979 2
1980 0
1981 3
1982 1
1983 2
1984 0
1985 3
1986 1
1987 2
1988 0
1989 3
1990 1
1991 2
1992 0
1993 3
1994 1
1995 2
1996 0
1997 3
1998 1
1999 2
2000 0
2001 3
2002 1
2003 2
2004 0
2005 3
2006 1
2007 2
2008 0
2009 3
2010 1
2011 2
2012 0
2013 3
2014 1
2015 2
2016 0
2017 3
2018 1
2019 2
2020 0
2021 3
2022 1
2023 2
2024 0
2025 3
2026 1
2027 2
2028 0
2029 3
2030 1
2031 2
2032 0
2033 3
2034 1
2035 2
2036 0
2037 3
2038 1
2039 2
2040 0
2041 3
2042 1
2043 2
2044 0
2045 3
2046 1
2047 2
2048 0
2049 3
2050 1
2051 2
2052 0
2053 3
2054 1
2055 2
2056 0
2057 3
2058 1
2059 2
2060 0
2061 3
2062 1
2063 2
2064 0
2065 3
2066 1
2067 2
2068 0
2069 3
2070 1
2071 2
2072 0
2073 3
2074 1
2075 2
2076 0
2077 3
2078 1
2079 2
2080 0
2081 3
2082 1
2083 2
2084 0
2085 3
2086 1
2087 2
2088 0
2089 3
2090 1
2091 2
2092 0
2093 3
2094 1
2095 2
2096 0
2097 3
2098 1
2099 2
2100 0
2101 3
2102 1
2103 2
2104 0
2105 3
2106 1
2107 2
2108 0
2109 3
2110 1
2111 2
2112 0
2113 3
2114 1
2115 2
2116 0
2117 3
2118 1
2119 2
2120 0
2121 3
2122 1
2123 2
2124 0
2125 3
2126 1
2127 2
2128 0
2129 3
2130 1
2131 2
2132 0
2133 3
2134 1
2135 2
2136 0
2137 3
2138 1
2139 2
2140 0
2141 3
2142 1
2143 2
2144 0
2145 3
2146 1
2147 2
2148 0
2149 3
2150 1
2151 2
2152 0
2153 3
2154 1
2155 2
2156 0
2157 3
2158 1
2159 0
2160 2
2161 3
2162 1
2163 0
2164 2
2165 3
2166 1
2167 0
2168 2
2169 3
2170 1
2171 0
2172 2
2173 3
2174 1
2175 0
2176 2
2177 3
2178 1
2179 0
2180 3
2181 2
2182 1
2183 0
2184 3
2185 2
2186 1
2187 0
2188 3
2189 2
2190 1
2191 0
2192 3
2193 2
2194 1
2195 0
2196 3
2197 2
2198 1
2199 0
2200 3
2201 2
2202 1
2203 0
2204 3
2205 2
2206 1
2207 0
2208 3
2209 2
2210 1
2211 0
2212 3
2213 2
2214 1
2215 0
2216 3
2217 2
2218 1
2219 0
2220 3
2221 2
2222 1
2223 0
2224 3
2225 2
2226 1
2227 0
2228 3
2229 2
2230 1
2231 0
2232 3
2233 2
2234 1
2235 0
2236 3
2237 2
2238 1
2239 0
2240 3
2241 2
2242 1
2243 0
2244 3
2245 2
2246 1
2247 0
2248 3
2249 2
2250 1
2251 0
2252 3
2253 2
2254 1
2255 0
2256 3
2257 2
2258 1
2259 0
2260 3
2261 2
2262 1
2263 0
2264 3
2265 2
2266 1
2267 0
2268 3
2269 2
2270 1
2271 0
2272 3
2273 2
2274 1
2275 0
2276 3
2277 2
2278 1
2279 0
2280 3
2281 2
2282 1
2283 0
2284 3
2285 2
2286 1
2287 0
2288 3
2289 2
2290 1
2291 0
2292 3
2293 2
2294 1
2295 0
2296 3
2297 2
2298 1
2299 0
2300 3
2301 2
2302 1
2303 0
2304 3
2305 2
2306 1
2307 0
2308 3
2309 2
2310 1
2311 0
2312 3
2313 2
2314 1
2315 0
2316 3
2317 2
2318 1
2319 0
2320 3
2321 2
2322 1
2323 0
2324 3
2325 2
2326 1
2327 0
2328 3
2329 2
2330 1
2331 0
2332 3
2333 2
2334 1
2335 0
2336 3
2337 2
2338 1
2339 0
2340 3
2341 2
2342 1
2343 0
2344 3
2345 2
2346 1
2347 0
2348 3
2349 2
2350 1
2351 0
2352 3
2353 2
2354 1
2355 0
2356 3
2357 2
2358 1
2359 0
2360 3
2361 2
2362 1
2363 3
2364 0
2365 2
2366 1
2367 3
2368 0
2369 2
2370 1
2371 3
2372 0
2373 2
2374 1
2375 3
2376 0
2377 2
2378 1
2379 3
2380 0
2381 2
2382 1
2383 3
2384 0
2385 2
2386 1
2387 3
2388 0
2389 2
2390 1
2391 3
2392 0
2393 2
2394 1
2395 3
2396 0
2397 2
2398 1
2399 3
2400 0
2401 2
2402 1
2403 3
2404 0
2405 2
2406 1
2407 3
2408 0
2409 2
2410 1
2411 3
2412 0
2413 2
2414 1
2415 3
2416 0
2417 2
2418 1
2419 3
2420 0
2421 2
2422 1
2423 3
2424 0
2425 2
2426 1
2427 3
2428 0
2429 2
2430 1
2431 3
2432 0
2433 2
2434 1
2435 3
2436 0
2437 2
2438 1
2439 3
2440 0
2441 2
2442 1
2443 3
2444 0
2445 2
2446 1
2447 3
2448 0
2449 2
2450 1
2451 3
2452 0
2453 2
2454 1
2455 3
2456 0
2457 2
2458 1
2459 3
2460 0
2461 2
2462 1
2463 3
2464 0
2465 2
2466 1
2467 3
2468 0
2469 2
2470 1
2471 3
2472 0
2473 2
2474 1
2475 3
2476 0
2477 2
2478 1
2479 3
2480 0
2481 2
2482 1
2483 3
2484 0
2485 2
2486 1
2487 3
2488 0
2489 2
2490 1
2491 3
2492 0
2493 2
2494 1
2495 3
2496 0
2497 2
2498 1
2499 3
2500 0
2501 2
2502 1
2503 3
2504 0
2505 2
2506 1
2507 3
2508 0
2509 2
2510 1
2511 3
2512 0
2513 2
2514 1
2515 3
2516 0
2517 2
2518 1
2519 3
2520 0
2521 2
2522 1
2523 3
2524 0
2525 2
2526 1
2527 3
2528 0
2529 2
2530 1
2531 3
2532 0
2533 2
2534 1
2535 3
2536 0
2537 2
2538 1
2539 3
2540 0
2541 2
2542 1
2543 3
2544 0
2545 2
2546 1
2547 3
2548 0
2549 2
2550 1
2551 3
2552 0
2553 2
2554 1
2555 3
2556 0
2557 2
2558 1
2559 3
2560 0
2561 2
2562 1
2563 3
2564 0
2565 2
2566 1
2567 3
2568 0
2569 2
2570 1
2571 3
2572 0
2573 2
2574 1
2575 3
2576 0
2577 2
2578 1
2579 0
2580 3
2581 2
2582 1
2583 0
2584 3
2585 2
2586 1
2587 0
2588 3
2589 2
2590 1
2591 0
2592 3
2593 2
2594 1
2595 0
2596 3
2597 2
2598 1
2599 0
2600 3
2601 2
2602 1
2603 0
2604 3
2605 2
2606 1
2607 0
2608 3
2609 2
2610 1
2611 0
2612 3
2613 2
2614 1
2615 0
2616 3
2617 2
2618 1
2619 0
2620 3
2621 2
2622 1
2623 0
2624 3
2625 2
2626 1
2627 0
2628 3
2629 2
2630 1
2631 0
2632 3
2633 2
2634 1
2635 0
2636 3
2637 2
2638 1
2639 0
2640 3
2641 2
2642 1
2643 0
2644 3
2645 2
2646 1
2647 0
2648 3
2649 2
2650 1
2651 0
2652 3
2653 2
2654 1
2655 0
2656 3
2657 2
2658 1
2659 0
2660 3
2661 2
2662 1
2663 0
2664 3
2665 2
2666 1
2667 0
2668 3
2669 2
2670 1
2671 0
2672 3
2673 2
2674 1
2675 0
2676 3
2677 2
2678 1
2679 0
2680 3
2681 2
2682 1
2683 0
2684 3
2685 2
2686 1
2687 0
2688 3
2689 2
2690 1
2691 0
2692 3
2693 2
2694 1
2695 0
2696 3
2697 2
2698 1
2699 0
2700 3
2701 2
2702 1
2703 0
2704 3
2705 2
2706 1
2707 0
2708 3
2709 2
2710 1
2711 0
2712 3
2713 2
2714 1
2715 0
2716 3
2717 2
2718 1
2719 0
2720 3
2721 2
2722 1
2723 0
2724 3
2725 2
2726 1
2727 0
2728 3
2729 2
2730 1
2731 0
2732 3
2733 2
2734 1
2735 0
2736 3
2737 2
2738 1
2739 0
2740 3
2741 2
2742 1
2743 0
2744 3
2745 2
2746 1
2747 0
2748 3
2749 2
2750 1
2751 0
2752 3
2753 2
2754 1
2755 0
2756 3
2757 2
2758 1
2759 0
2760 3
2761 2
2762 1
2763 0
2764 3
2765 2
2766 1
2767 0
2768 3
2769 2
2770 1
2771 0
2772 3
2773 2
2774 1
2775 0
2776 3
2777 2
2778 1
2779 0
2780 3
2781 2
2782 1
2783 0
2784 3
2785 2
2786 1
2787 0
2788 3
2789 2
2790 1
2791 0
2792 3
2793 2
2794 1
2795 0
2796 3
2797 2
2798 1
2799 0
2800 3
2801 2
2802 1
2803 0
2804 3
2805 2
2806 1
2807 0
2808 3
2809 2
2810 1
2811 0
2812 3
2813 2
2814 1
2815 0
2816 3
2817 2
2818 1
2819 0
2820 3
2821 2
2822 1
2823 0
2824 3
2825 2
2826 1
2827 0
2828 3
2829 1
2830 2
2831 0
2832 3
2833 1
2834 2
2835 0
2836 3
2837 1
2838 2
2839 0
2840 3
2841 1
2842 2
2843 0
2844 3
2845 1
2846 2
2847 0
2848 3
2849 1
2850 2
