2 1  
3 0  
4 2  
5 3  
6 1  
7 0  
8 2  
9 3  
10 1  
11 0  
12 2  
13 3  
14 1  
15 2  
16 0  
17 3  
18 2  
19 1  
20 0  
21 1  
22 0  
23 3  
24 2  
25 3  
26 2  
27 1  
28 0  
29 1  
30 0  
31 3  
32 2  
33 1  
34 0  
35 3  
36 2  
37 1  
38 0  
39 3  
40 2  
41 2  
42 3  
43 1  
44 0  
45 3  
46 2  
47 1  
48 0  
49 3  
50 2  
51 1  
52 0  
53 2  
54 3  
55 2  
56 3  
57 2  
58 1  
59 0  
60 3  
61 2  
62 0  
63 1  
64 3  
65 2  
66 0  
67 1  
68 2  
69 3  
70 0  
71 2  
72 3  
73 1  
74 0  
75 3  
76 2  
77 1  
78 0  
79 0  
80 1  
81 2  
82 0  
83 3  
84 2  
85 1  
86 0  
87 1  
88 0  
89 3  
90 2  
91 1  
92 0  
93 3  
93 2  
94 1  
95 0  
96 1  
97 0  
98 3  
99 2  
100 1  
101 0  
102 3  
103 2  
104 0  
105 1  
107 3  
108 2  
109 0  
110 1  
113 3  
114 2  
116 1  
117 0  
118 3  
119 2  
123 3  
124 2  
125 1  
126 0  
128 3  
129 2  
132 0  
133 1  
134 3  
135 2  
136 0  
137 3  
138 2  
139 1  
140 0  
143 3  
144 2  
147 1  
148 0  
149 3  
150 2  
153 1  
154 0  
155 2  
156 3  
157 0  
158 1  
159 0  
160 3  
161 2  
164 1  
165 0  
166 3  
167 2  
170 1  
171 0  
172 2  
173 3  
174 2  
175 0  
176 1  
177 3  
178 2  
179 0  
180 1  
181 0  
182 3  
183 2  
184 1  
185 0  
186 3  
187 2  
188 1  
189 0  
190 3  
191 2  
194 1  
195 0  
196 2  
197 3  
199 2  
200 0  
201 1  
202 3  
203 2  
205 0  
206 1  
207 0  
209 2  
210 1  
211 3  
212 0  
213 2  
215 3  
216 2  
217 1  
218 0  
224 3  
225 2  
226 1  
227 0  
230 0  
231 1  
232 3  
233 2  
235 0  
237 1  
238 0  
239 3  
240 2  
245 3  
246 2  
247 1  
248 0  
250 0  
252 2  
253 1  
254 0  
255 3  
256 2  
257 1  
258 0  
259 3  
260 2  
263 1  
264 0  
265 3  
266 2  
269 3  
270 2  
271 1  
272 0  
273 3  
274 2  
275 0  
276 1  
277 0  
278 3  
279 2  
280 1  
281 0  
283 3  
284 2  
285 1  
286 0  
288 1  
289 3  
290 0  
291 2  
294 1  
295 0  
296 3  
297 2  
300 1  
301 0  
302 3  
303 2  
305 1  
306 0  
307 2  
308 3  
310 2  
311 1  
312 0  
313 3  
314 2  
315 0  
316 1  
317 3  
318 2  
323 3  
324 2  
325 0  
326 1  
328 3  
329 2  
332 0  
333 1  
334 3  
335 2  
337 2  
338 0  
339 1  
340 3  
341 2  
344 2  
345 3  
346 0  
347 1  
348 0  
349 2  
350 3  
351 2  
353 1  
354 0  
355 3  
356 2  
357 1  
358 0  
360 3  
361 2  
362 1  
363 0  
368 3  
369 2  
370 1  
371 0  
374 1  
375 0  
376 3  
377 2  
379 1  
380 0  
383 3  
384 2  
385 1  
386 0  
387 2  
388 0  
389 1  
390 3  
391 2  
392 1  
393 0  
398 3  
399 2  
400 1  
401 0  
403 1  
404 0  
405 2  
406 3  
407 1  
408 0  
409 2  
410 3  
411 2  
412 1  
413 0  
414 3  
415 2  
419 1  
420 0  
421 3  
422 2  
425 3  
426 2  
428 1  
429 0  
430 3  
431 2  
432 0  
434 2  
435 1  
436 0  
437 3  
438 2  
441 3  
442 2  
443 1  
444 0  
446 3  
447 2  
450 1  
451 0  
452 3  
453 2  
455 2  
456 1  
457 0  
458 3  
459 2  
461 0  
462 1  
463 3  
464 2  
466 0  
467 1  
468 3  
469 2  
472 1  
473 0  
474 3  
475 2  
476 2  
477 1  
478 0  
479 3  
480 2  
481 1  
482 0  
483 2  
484 3  
485 2  
486 1  
487 0  
488 3  
489 2  
492 1  
493 0  
494 3  
495 2  
498 3  
499 2  
500 1  
501 0  
503 3  
504 2  
505 0  
506 1  
507 0  
509 1  
510 2  
511 0  
512 3  
513 2  
514 1  
515 0  
517 3  
518 2  
521 1  
522 0  
524 2  
525 3  
526 2  
529 1  
530 0  
533 3  
534 2  
535 1  
536 0  
540 3  
541 2  
542 1  
543 0  
548 2  
549 3  
551 0  
552 1  
553 2  
554 3  
555 2  
556 0  
557 1  
559 3  
560 2  
561 0  
562 1  
564 3  
565 2  
566 0  
567 1  
568 0  
569 3  
570 2  
571 1  
572 0  
573 2  
574 3  
577 2  
578 1  
579 0  
580 3  
581 2  
582 1  
583 0  
584 3  
585 2  
587 1  
588 0  
589 3  
590 2  
591 1  
592 0  
594 3  
595 2  
596 0  
597 1  
599 3  
600 2  
602 1  
603 0  
605 3  
606 2  
607 1  
608 0  
610 3  
611 2  
612 1  
613 0  
615 3  
616 2  
617 1  
618 0  
620 3  
621 2  
625 2  
626 3  
627 1  
628 0  
629 2  
631 3  
632 2  
633 1  
634 0  
636 3  
637 2  
639 1  
640 0  
641 3  
642 2  
644 3  
645 2  
648 0  
649 1  
650 0  
651 3  
652 2  
655 2  
656 1  
657 0  
658 3  
659 2  
660 1  
661 0  
665 1  
666 0  
667 3  
668 2  
670 1  
671 0  
674 2  
675 3  
676 1  
677 0  
680 1  
681 0  
682 2  
683 3  
684 1  
685 0  
688 2  
689 1  
690 0  
691 3  
692 2  
694 1  
695 0  
697 3  
698 2  
699 1  
700 0  
701 3  
702 2  
705 1  
706 0  
707 3  
708 2  
710 1  
711 0  
712 2  
713 3  
715 1  
716 0  
717 3  
718 2  
720 3  
721 2  
723 1  
724 0  
726 3  
727 2  
730 1  
731 0  
732 3  
733 2  
736 0  
737 1  
738 3  
739 2  
740 0  
742 2  
743 3  
744 1  
745 0  
746 2  
748 3  
749 2  
751 1  
752 0  
753 3  
754 2  
757 1  
758 0  
759 3  
760 2  
761 0  
762 1  
764 0  
765 3  
766 2  
767 1  
768 0  
770 3  
771 2  
772 1  
773 0  
774 3  
775 2  
778 1  
779 0  
780 2  
781 3  
783 1  
784 0  
785 3  
786 2  
787 1  
788 0  
790 3  
791 2  
792 1  
793 0  
795 3  
796 2  
797 1  
798 0  
801 3  
802 2  
803 1  
804 0  
808 0  
809 1  
810 2  
811 3  
812 2  
813 1  
814 0  
817 3  
818 2  
819 1  
820 0  
824 3  
825 2  
826 0  
827 1  
828 0  
831 3  
832 2  
833 1  
834 0  
838 3  
839 2  
840 1  
841 0  
844 3  
845 2  
848 0  
849 1  
850 2  
851 0  
852 3  
853 2  
854 1  
855 0  
856 3  
857 2  
858 1  
859 0  
860 3  
861 2  
862 2  
864 3  
865 1  
866 0  
867 2  
869 3  
870 2  
871 1  
872 0  
874 1  
875 3  
876 0  
877 2  
879 1  
880 0  
881 3  
882 2  
883 1  
884 0  
885 3  
886 2  
888 1  
889 0  
890 3  
891 2  
893 1  
894 0  
895 3  
896 2  
898 1  
899 0  
900 3  
901 2  
904 1  
905 0  
906 3  
907 2  
908 1  
909 0  
911 3  
912 2  
914 1  
915 0  
916 3  
917 2  
921 1  
922 0  
923 2  
924 3  
925 2  
926 3  
927 2  
928 0  
929 1  
932 3  
933 2  
934 0  
935 1  
936 0  
937 3  
938 2  
943 3  
944 2  
946 1  
947 0  
950 0  
951 1  
952 3  
953 2  
955 0  
956 1  
958 3  
959 2  
960 0  
961 1  
962 0  
965 3  
966 2  
967 1  
968 0  
972 1  
973 0  
974 2  
975 3  
977 1  
978 0  
979 2  
981 3  
982 2  
983 0  
984 1  
986 3  
987 2  
988 0  
989 1  
992 3  
993 2  
994 1  
995 0  
997 3  
998 2  
999 1  
1000 0  
1003 3  
1004 2  
1005 0  
1006 1  
1007 0  
1008 2  
1009 3  
1010 2  
1011 1  
1012 0  
1013 3  
1014 2  
1015 1  
1016 0  
1017 3  
1018 2  
1022 3  
1023 1  
1024 0  
1025 2  
1026 2  
1028 3  
1029 0  
1030 2  
1031 1  
1032 0  
1033 3  
1034 2  
1035 1  
1036 0  
1037 3  
1038 2  
1042 3  
1043 2  
1044 1  
1045 0  
1048 3  
1049 2  
1050 0  
1051 1  
1053 3  
1054 2  
1055 0  
1056 1  
1057 0  
1058 2  
1059 3  
1060 2  
1061 1  
1062 0  
1063 3  
1064 2  
1065 1  
1066 0  
1068 3  
1069 2  
1072 1  
1073 0  
1074 3  
1075 2  
1078 3  
1079 2  
1080 1  
1081 0  
1082 0  
1083 1  
1084 3  
1085 2  
1086 0  
1087 1  
1088 0  
1091 3  
1092 2  
1093 1  
1094 0  
1097 1  
1098 0  
1099 3  
1100 2  
1102 1  
1103 0  
1106 2  
1107 3  
1108 1  
1109 0  
1112 1  
1113 0  
1114 2  
1115 3  
1116 2  
1118 0  
1119 1  
1123 3  
1124 2  
1127 1  
1128 0  
1131 3  
1132 2  
1133 1  
1134 0  
1135 3  
1136 2  
1140 1  
1141 0  
1142 3  
1143 2  
1146 3  
1147 2  
1149 0  
1150 1  
1151 3  
1152 2  
1155 1  
1156 0  
1157 3  
1158 2  
1160 3  
1161 0  
1162 1  
1163 2  
1166 1  
1167 0  
1168 2  
1169 3  
1170 2  
1171 1  
1172 0  
1174 3  
1175 2  
1177 1  
1178 0  
1179 3  
1180 2  
1182 1  
1183 0  
1185 3  
1186 2  
1187 1  
1188 0  
1190 0  
1191 1  
1192 3  
1193 2  
1195 1  
1196 0  
1198 2  
1199 3  
1200 2  
1201 1  
1202 0  
1203 3  
1204 2  
1205 1  
1206 0  
1209 3  
1210 2  
1211 0  
1212 1  
1213 3  
1214 2  
1216 0  
1217 1  
1218 3  
1219 2  
1223 3  
1224 2  
1226 0  
1227 1  
1228 3  
1229 2  
1230 0  
1231 1  
1232 3  
1233 2  
1234 0  
1236 1  
1237 0  
1238 2  
1239 3  
1240 2  
1245 1  
1246 0  
1247 3  
1248 2  
1250 1  
1251 0  
1254 3  
1255 2  
1256 1  
1257 0  
1260 0  
1261 1  
1262 3  
1263 2  
1264 0  
1266 1  
1267 0  
1269 2  
1270 3  
1272 1  
1273 0  
1274 2  
1276 1  
1277 0  
1278 3  
1279 2  
1280 1  
1281 0  
1283 3  
1284 2  
1285 0  
1286 1  
1288 3  
1289 2  
1290 0  
1291 1  
1294 3  
1295 2  
1296 1  
1297 0  
1299 3  
1300 2  
1301 1  
1302 0  
1303 3  
1304 2  
1305 1  
1306 0  
1308 3  
1309 2  
1310 1  
1311 0  
1314 3  
1315 2  
1317 1  
1318 0  
1320 3  
1321 2  
1324 1  
1325 0  
1326 2  
1327 3  
1330 0  
1331 1  
1332 2  
1333 3  
1335 0  
1336 2  
1337 3  
1339 1  
1340 2  
1341 0  
1342 3  
1343 2  
1346 1  
1347 0  
1348 3  
1349 2  
1351 1  
1352 0  
1353 3  
1354 2  
1355 1  
1356 0  
1358 3  
1359 2  
1362 0  
1363 3  
1364 1  
1365 2  
1366 0  
1367 2  
1368 3  
1369 1  
1370 0  
1371 2  
1372 3  
1373 2  
1374 0  
1375 1  
1376 3  
1377 2  
1378 0  
1379 1  
1380 0  
1382 3  
1383 2  
1384 1  
1385 0  
1387 1  
1388 0  
1389 2  
1390 3  
1392 0  
1393 1  
1395 3  
1396 2  
1398 1  
1399 0  
1402 3  
1403 2  
1404 0  
1405 1  
1406 1  
1407 0  
1410 3  
1411 2  
1413 1  
1414 0  
1417 2  
1418 3  
1420 2  
1421 1  
1422 0  
1424 3  
1425 2  
1428 0  
1429 1  
1430 3  
1431 2  
1434 0  
1435 1  
1436 2  
1437 3  
1440 2  
1441 3  
1442 2  
1444 1  
1445 0  
1446 3  
1447 2  
1449 3  
1450 2  
1451 0  
1452 1  
1453 0  
1454 2  
1455 3  
1456 1  
1457 0  
1459 2  
1460 1  
1461 0  
1462 3  
1463 2  
1465 3  
1466 0  
1467 1  
1468 2  
1470 3  
1471 2  
1472 1  
1473 0  
1475 1  
1476 0  
1477 3  
1478 2  
1479 1  
1480 0  
1481 2  
1482 3  
1483 2  
1484 1  
1485 0  
1487 3  
1488 2  
1489 1  
1490 0  
1493 3  
1494 2  
1495 1  
1496 0  
1497 3  
1498 2  
1500 1  
1501 0  
1502 3  
1503 2  
1504 0  
1505 1  
1507 0  
1508 3  
1509 2  
1510 1  
1511 0  
1513 3  
1514 2  
1516 1  
1517 0  
1518 3  
1519 2  
1522 2  
1523 3  
1524 1  
1525 0  
1529 0  
1530 1  
1531 3  
1532 2  
1536 0  
1537 2  
1538 3  
1539 1  
1540 0  
1544 2  
1545 3  
1546 1  
1547 0  
1549 2  
1550 1  
1551 0  
1552 3  
1553 2  
1555 1  
1556 0  
1560 2  
1561 3  
1562 1  
1563 0  
1567 1  
1568 0  
1569 3  
1570 2  
1572 1  
1573 0  
1574 3  
1575 2  
1576 0  
1577 1  
1578 2  
1579 3  
1580 1  
1581 0  
1582 2  
1583 3  
1584 2  
1586 1  
1587 0  
1588 3  
1589 2  
1590 1  
1591 0  
1593 3  
1594 2  
1595 0  
1596 1  
1597 2  
1598 3  
1600 0  
1601 1  
1602 2  
1603 0  
1604 3  
1605 2  
1606 1  
1607 0  
1608 3  
1609 2  
1613 3  
1614 2  
1615 1  
1616 0  
1618 2  
1619 3  
1620 2  
1622 1  
1623 0  
1624 3  
1625 2  
1627 0  
1628 1  
1629 3  
1630 2  
1635 3  
1636 2  
1638 0  
1639 1  
1640 3  
1641 2  
1643 3  
1644 2  
1645 0  
1646 1  
1647 0  
1648 3  
1649 2  
1650 1  
1651 0  
1653 3  
1654 2  
1655 1  
1656 0  
1658 3  
1659 2  
1660 1  
1661 0  
1662 3  
1663 2  
1664 1  
1665 0  
1668 3  
1669 2  
1670 0  
1671 1  
1673 0  
1674 1  
1675 2  
1676 3  
1678 2  
1679 0  
1680 1  
1682 3  
1683 0  
1684 1  
1685 2  
1688 0  
1689 1  
1690 0  
1691 3  
1692 2  
1693 1  
1694 0  
1698 1  
1699 0  
1700 3  
1701 2  
1702 1  
1703 0  
1705 2  
1707 3  
1708 2  
1709 1  
1710 0  
1713 3  
1714 2  
1717 3  
1718 2  
1719 0  
1720 1  
1722 3  
1723 2  
1724 0  
1725 1  
1726 3  
1727 0  
1728 2  
1730 1  
1731 0  
1732 2  
1733 3  
1734 2  
1736 3  
1737 2  
1741 3  
1742 2  
1743 1  
1744 0  
1746 3  
1747 2  
1748 1  
1749 0  
1750 1  
1751 0  
1753 3  
1754 2  
1756 1  
1757 0  
1758 2  
1759 3  
1760 2  
1761 0  
1762 1  
1764 3  
1765 2  
1767 0  
1768 1  
1769 3  
1770 2  
1771 0  
1772 1  
1773 0  
1775 3  
1776 2  
1777 1  
1778 0  
1780 3  
1781 2  
1782 1  
1783 0  
1785 3  
1786 2  
1787 1  
1788 0  
1789 3  
1790 2  
1791 1  
1792 0  
1794 2  
1795 3  
1796 2  
1797 0  
1798 1  
1799 0  
1800 1  
1801 0  
1802 3  
1803 2  
1804 3  
1805 2  
1806 1  
1807 0  
1810 3  
1811 2  
1813 1  
1814 0  
1816 2  
1817 3  
1818 2  
1820 1  
1821 0  
1823 3  
1824 2  
1825 0  
1827 1  
1828 0  
1831 3  
1832 2  
1836 1  
1837 0  
1839 3  
1840 2  
1841 1  
1842 0  
1845 0  
1846 1  
1847 2  
1848 3  
1850 0  
1851 1  
1853 0  
1854 2  
1855 3  
1856 1  
1857 0  
1859 3  
1860 2  
1861 1  
1862 0  
1864 3  
1865 2  
1866 1  
1867 0  
1868 3  
1869 2  
1870 1  
1871 0  
1873 1  
1874 3  
1875 2  
1876 0  
1878 3  
1879 2  
1880 1  
1881 0  
1883 3  
1884 2  
1885 1  
1886 0  
1888 3  
1889 2  
1890 0  
1891 1  
1893 0  
1894 1  
1895 2  
1896 3  
1897 2  
1898 0  
1899 1  
1900 0  
1901 3  
1902 2  
1904 3  
1905 2  
1907 1  
1908 0  
1909 3  
1910 2  
1914 3  
1915 2  
1916 0  
1917 1  
1920 3  
1921 0  
1922 2  
1923 1  
1924 0  
1925 2  
1926 3  
1928 2  
1930 1  
1931 0  
1932 3  
1933 2  
1935 3  
1936 2  
1938 1  
1939 0  
1940 3  
1941 2  
1942 0  
1943 1  
1945 3  
1946 2  
1947 1  
1948 0  
1949 3  
1950 2  
1953 1  
1954 0  
1955 2  
1956 3  
1958 1  
1959 0  
1962 2  
1963 3  
1964 0  
1965 1  
1966 0  
1967 2  
1968 1  
1969 0  
1970 3  
1971 2  
1972 1  
1973 0  
1976 3  
1977 2  
1978 1  
1979 0  
1982 0  
1983 1  
1984 0  
1985 3  
1986 2  
1988 1  
1989 0  
1991 2  
1992 3  
1993 1  
1994 0  
1996 1  
1997 0  
1998 2  
1999 3  
2000 2  
2004 0  
2005 1  
2006 3  
2007 2  
2009 3  
2010 2  
2011 1  
2012 0  
2015 3  
2016 2  
2017 1  
2018 0  
2020 3  
2021 2  
2023 1  
2024 0  
2025 3  
2026 2  
2029 3  
2030 2  
2032 1  
2033 0  
2035 2  
2036 3  
2037 2  
2038 1  
2039 0  
2041 3  
2042 2  
2043 0  
2044 1  
2046 3  
2047 2  
2048 0  
2049 1  
2051 3  
2052 2  
2054 0  
2055 1  
2056 3  
2057 2  
2058 0  
2060 1  
2061 0  
2062 2  
2063 3  
2064 1  
2065 0  
2066 2  
2067 3  
2068 2  
2069 1  
2070 0  
2071 3  
2072 2  
2073 1  
2074 0  
2076 3  
2077 2  
2079 1  
2080 0  
2081 3  
2082 2  
2084 1  
2085 0  
2086 2  
2087 3  
2089 2  
2090 1  
2091 0  
2092 3  
2093 2  
2094 0  
2095 1  
2097 0  
2098 3  
2099 2  
2100 1  
2101 0  
2104 3  
2105 2  
2107 1  
2108 0  
2112 2  
2113 3  
2114 1  
2115 0  
2116 2  
2118 0  
2119 1  
2120 0  
2122 3  
2123 2  
2128 1  
2129 0  
2130 3  
2131 2  
2134 1  
2135 0  
2137 2  
2138 3  
2139 1  
2140 0  
2141 2  
2143 1  
2144 0  
2145 3  
2146 2  
2149 1  
2150 0  
2151 3  
2152 2  
2154 1  
2155 0  
2156 3  
2157 2  
2159 0  
2160 1  
2162 3  
2163 2  
2164 0  
2165 1  
2166 0  
2167 2  
2168 3  
2169 1  
2170 0  
2171 2  
2173 1  
2174 0  
2175 3  
2176 2  
2177 3  
2178 2  
2179 1  
2180 0  
2182 3  
2183 2  
2185 0  
2186 1  
2188 3  
2189 2  
2190 1  
2191 0  
2193 3  
2194 2  
2196 1  
2197 0  
2199 3  
2200 2  
2205 0  
2206 3  
2207 1  
2208 2  
2210 0  
2211 3  
2212 2  
2213 1  
2214 0  
2217 1  
2218 0  
2219 3  
2220 2  
2222 3  
2223 2  
2224 1  
2225 0  
2227 3  
2228 2  
2231 1  
2232 0  
2233 2  
2234 3  
2235 0  
2236 1  
2237 0  
2238 3  
2239 2  
2242 1  
2243 0  
2244 3  
2245 2  
2247 0  
2248 3  
2249 2  
2250 1  
2251 0  
2253 2  
2254 1  
2255 0  
2256 3  
2257 2  
2258 1  
2259 0  
2260 3  
2261 2  
2262 1  
2263 0  
2266 1  
2267 0  
2268 3  
2269 2  
2271 1  
2272 0  
2276 0  
2277 1  
2278 3  
2279 2  
2280 0  
2282 1  
2283 0  
2284 2  
2285 3  
2286 2  
2287 1  
2288 0  
2291 1  
2292 0  
2293 3  
2294 2  
2298 0  
2299 1  
2300 0  
2301 3  
2302 2  
2304 1  
2305 0  
2306 3  
2307 2  
2310 1  
2311 0  
2312 2  
2313 3  
2314 2  
2317 1  
2318 0  
2319 3  
2320 2  
2323 3  
2324 2  
2325 1  
2326 0  
2327 3  
2328 2  
2332 1  
2333 0  
2334 3  
2335 2  
2336 1  
2337 0  
2339 3  
2340 2  
2341 1  
2342 0  
2344 3  
2345 2  
2346 0  
2347 1  
2348 0  
2349 2  
2350 3  
2351 1  
2352 0  
2354 2  
2355 3  
2356 1  
2357 0  
2358 2  
2359 1  
2360 0  
2361 3  
2362 2  
2364 1  
2365 0  
2366 3  
2367 2  
2369 1  
2370 0  
2372 3  
2373 2  
2375 1  
2376 0  
2377 3  
2378 2  
2379 0  
2380 1  
2381 3  
2382 2  
2383 0  
2384 1  
2385 0  
2386 3  
2387 2  
2390 1  
2391 0  
2392 3  
2393 2  
2397 3  
2398 2  
2399 1  
2400 0  
2402 3  
2403 2  
2405 1  
2406 0  
2410 0  
2411 3  
2412 2  
2413 1  
2414 0  
2418 3  
2419 2  
2420 1  
2421 0  
2425 1  
2426 0  
2427 3  
2428 2  
2430 0  
2431 1  
2433 0  
2434 1  
2435 2  
2436 3  
2437 0  
2440 1  
2441 0  
2442 3  
2443 2  
2446 1  
2447 0  
2451 0  
2452 1  
2453 2  
2454 3  
2455 2  
2456 0  
2457 1  
2458 3  
2459 2  
2460 0  
2461 1  
2462 3  
2463 2  
2464 0  
2465 1  
2466 0  
2468 3  
2469 2  
2471 1  
2472 0  
2474 3  
2475 2  
2476 1  
2477 0  
2479 3  
2480 2  
2481 1  
2482 0  
2484 3  
2485 2  
2486 1  
2487 0  
2489 3  
2490 2  
2494 1  
2495 0  
2496 3  
2497 2  
2499 0  
2500 1  
2501 2  
2502 3  
2503 0  
2504 2  
2505 1  
2506 0  
2507 3  
2508 2  
2511 3  
2512 2  
2513 1  
2514 0  
2517 3  
2518 2  
2522 1  
2523 0  
2524 2  
2525 3  
2526 2  
2527 0  
2528 1  
2529 3  
2530 0  
2531 2  
2532 1  
2533 0  
2534 3  
2535 2  
2536 1  
2537 0  
2539 3  
2540 2  
2542 1  
2543 0  
2544 2  
2545 3  
2547 1  
2548 0  
2549 2  
2550 3  
2551 2  
2552 0  
2553 1  
2555 3  
2556 1  
2557 0  
2558 2  
2559 1  
2560 0  
2561 3  
2562 2  
2564 0  
2565 1  
2567 0  
2569 3  
2570 2  
2571 1  
2572 0  
2574 1  
2575 0  
2578 1  
2579 3  
2580 2  
2581 0  
2586 2  
2587 3  
2588 1  
2589 0  
2592 2  
2593 1  
2594 0  
2595 3  
2596 2  
2599 1  
2600 0  
2603 3  
2604 2  
2607 1  
2608 0  
2611 3  
2612 2  
2616 0  
2617 1  
2618 3  
2619 2  
2620 0  
2621 1  
2622 0  
2623 2  
2624 3  
2625 2  
2626 1  
2627 0  
2628 3  
2629 2  
2630 1  
2631 0  
2632 3  
2633 2  
2634 1  
2635 0  
2637 3  
2638 2  
2641 1  
2642 0  
2643 3  
2644 2  
2645 1  
2646 0  
2648 2  
2649 3  
2650 1  
2651 0  
2653 0  
2654 1  
2655 3  
2656 2  
2657 0  
2658 1  
2659 0  
2660 3  
2661 2  
2663 1  
2664 0  
2665 2  
2666 3  
2668 1  
2669 0  
2670 2  
2671 3  
2672 2  
2673 1  
2674 0  
2677 3  
2678 2  
2679 1  
2680 0  
2682 3  
2683 2  
2687 3  
2688 2  
2689 1  
2690 0  
2691 2  
2692 3  
2693 2  
2695 1  
2696 0  
2697 3  
2698 2  
2700 0  
2701 1  
2702 3  
2703 2  
2707 2  
2708 3  
2709 1  
2710 0  
2711 2  
2713 3  
2714 1  
2715 0  
2716 2  
2717 1  
2718 0  
2720 3  
2721 2  
2722 0  
2723 1  
2724 0  
2728 1  
2729 0  
2730 2  
2731 3  
2732 2  
2733 1  
2734 0  
2737 3  
2738 2  
2739 1  
2740 0  
2741 0  
2742 1  
2745 0  
2746 1  
2747 3  
2748 2  
2749 0  
2752 1  
2753 0  
2756 3  
2757 2  
2758 1  
2759 0  
2763 1  
2764 0  
2765 3  
2766 2  
2767 1  
2768 0  
2769 2  
2770 3  
2772 1  
2773 0  
2774 2  
2775 3  
2776 2  
2779 3  
2780 2  
2781 1  
2782 0  
2784 3  
2785 2  
2788 1  
2789 0  
2790 3  
2791 2  
2793 1  
2794 0  
2795 2  
2796 3  
2801 3  
2802 2  
2803 0  
2804 1  
2807 0  
2808 2  
2809 3  
2810 1  
2811 0  
2812 1  
2813 2  
2814 0  
2815 3  
2816 2  
2817 1  
2818 0  
2819 3  
2820 2  
2822 3  
2823 2  
2824 1  
2825 0  
2828 1  
2829 0  
2830 3  
2831 2  
2832 0  
2833 1  
2834 2  
2835 3  
2836 0  
2837 1  
2838 0  
2840 2  
2841 3  
2842 1  
2843 0  
2845 2  
2846 3  
2847 1  
2848 0  
2849 3  
2850 2  
2851 1  
2852 0  
2854 3  
2855 2  
2857 1  
2858 0  
2859 2  
2860 3  
2862 1  
2863 0  
2864 2  
2865 3  
2866 1  
2867 0  
2869 2  
2872 3  
2873 2  
2874 1  
2875 0  
2879 3  
2880 2  
2881 1  
2882 0  
2886 1  
2887 3  
2888 2  
2889 0  
2892 1  
2893 0  
2895 2  
2896 3  
2897 2  
2898 0  
2899 1  
2900 0  
2904 3  
2905 2  
2906 1  
2907 0  
2909 1  
2910 0  
2912 3  
2913 2  
2914 1  
2915 0  
2918 2  
2919 3  
2920 1  
2921 0  
2922 2  
2923 3  
2924 2  
2925 1  
2926 0  
2928 3  
2929 2  
2930 1  
2931 0  
2933 3  
2934 2  
2935 1  
2936 0  
2937 2  
2938 1  
2939 0  
2940 3  
2941 2  
2943 3  
2944 1  
2945 0  
2946 2  
2948 1  
2949 0  
2950 3  
2951 2  
2953 1  
2954 0  
2955 3  
2956 2  
2957 0  
2958 1  
2959 2  
2960 3  
2963 0  
2964 1  
2965 2  
2966 3  
2967 2  
2971 0  
2972 1  
2973 3  
2974 2  
2977 0  
2978 1  
2979 3  
2980 2  
2981 0  
2983 3  
2984 2  
2985 1  
2986 0  
2989 3  
2990 2  
2991 1  
2992 0  
2994 3  
2995 2  
2997 0  
2998 1  
2999 3  
3000 2  
3001 2  
3002 1  
3003 0  
3004 3  
3005 2  
3006 0  
3007 1  
3008 0  
3009 2  
3010 3  
3011 2  
3012 1  
3013 0  
3014 3  
3015 2  
3016 1  
3017 0  
3019 3  
3020 2  
3021 1  
3022 0  
3024 0  
3025 1  
3028 2  
3029 3  
3030 0  
3031 1  
3033 0  
3034 1  
3035 0  
3036 3  
3037 2  
3039 1  
3040 0  
3043 0  
3044 1  
3045 3  
3046 2  
3047 0  
3048 1  
3049 0  
3051 1  
3052 0  
3053 2  
3054 3  
3055 2  
3060 1  
3061 0  
3062 3  
3063 2  
3066 1  
3067 0  
3068 3  
3069 2  
3072 1  
3073 0  
3074 3  
3075 2  
3077 3  
3078 2  
3081 1  
3082 0  
3083 3  
3084 2  
3086 1  
3087 0  
3088 3  
3089 2  
3091 0  
3092 1  
3093 0  
3094 3  
3095 2  
3096 1  
3097 0  
3098 2  
3099 3  
3101 1  
3102 0  
3103 2  
3104 3  
3105 2  
3106 1  
3107 0  
3109 3  
3110 2  
3111 1  
3112 0  
3114 3  
3115 2  
3116 1  
3117 0  
3118 0  
3119 3  
3120 2  
3121 1  
3122 0  
3124 1  
3125 3  
3126 2  
3127 0  
3129 1  
3130 0  
3131 3  
3132 2  
3135 1  
3136 0  
3137 3  
3138 2  
3139 1  
3140 0  
3141 3  
3142 2  
3143 1  
3144 0  
3146 2  
3147 3  
3148 2  
3150 0  
3151 1  
3152 3  
3153 2  
3156 3  
3157 2  
3158 1  
3159 0  
3161 3  
3162 2  
3163 1  
3164 0  
3165 3  
3166 2  
3171 3  
3172 2  
3173 1  
3174 0  
3178 0  
3180 3  
3181 2  
3182 1  
3183 0  
3185 1  
3186 0  
3187 2  
3188 3  
3189 2  
3190 1  
3191 0  
3195 1  
3196 0  
3197 3  
3198 2  
3200 1  
3201 0  
3204 3  
3205 2  
3206 1  
3207 0  
3209 1  
3210 0  
3212 3  
3213 2  
3214 1  
3215 0  
3218 3  
3219 1  
3220 0  
3221 2  
3222 2  
3223 1  
3224 0  
3225 3  
3226 2  
3229 1  
3230 0  
3231 3  
3232 2  
3234 3  
3235 1  
3236 0  
3237 2  
3238 1  
3239 0  
3240 3  
3241 2  
3244 3  
3245 2  
3246 1  
3247 0  
3249 3  
3250 2  
3253 1  
3254 0  
3256 3  
3257 2  
3258 1  
3259 0  
3261 3  
3262 2  
3265 0  
3266 1  
3267 3  
3268 2  
3272 3  
3273 2  
3274 1  
3275 0  
3278 3  
3279 2  
3280 1  
3281 0  
3284 1  
3285 0  
3286 2  
3287 3  
3288 2  
3289 0  
3290 1  
3291 3  
3292 2  
3293 0  
3294 1  
3295 0  
3296 3  
3297 2  
3299 1  
3300 0  
3301 3  
3302 2  
3304 3  
3305 1  
3306 0  
3307 2  
3308 0  
3309 1  
3310 3  
3311 2  
3313 0  
3314 1  
3315 2  
3316 3  
3318 0  
3319 1  
3320 3  
3321 2  
3323 0  
3324 1  
3327 0  
3328 1  
3329 3  
3330 2  
3331 0  
3332 1  
3333 0  
3334 2  
3336 3  
3337 2  
3338 1  
3339 0  
3344 3  
3345 2  
3346 1  
3347 0  
3350 0  
3351 1  
3352 3  
3353 2  
3354 0  
3356 1  
3357 0  
3358 3  
3359 2  
3365 1  
3366 0  
3367 2  
3368 3  
3369 2  
3371 3  
3372 2  
3373 1  
3374 0  
3375 0  
3376 1  
3377 0  
3378 3  
3379 2  
3381 1  
3382 0  
3383 2  
3384 3  
3385 2  
3386 1  
3387 0  
3388 3  
3389 2  
3392 0  
3393 1  
3394 3  
3395 2  
3396 0  
3397 1  
3398 3  
3399 2  
3400 0  
3401 1  
3402 0  
3403 3  
3404 2  
3405 1  
3406 0  
3409 3  
3410 2  
3411 0  
3412 1  
3414 3  
3415 2  
3416 0  
3417 1  
3420 3  
3421 2  
3422 0  
3423 1  
3425 0  
3426 2  
3427 1  
3428 3  
3429 0  
3430 2  
3431 1  
3432 0  
3433 3  
3434 2  
3438 3  
3439 2  
3440 1  
3441 0  
3443 3  
3444 2  
3447 1  
3448 0  
3449 3  
3450 2  
3451 1  
3452 0  
3453 3  
3454 2  
3457 3  
3458 2  
3459 1  
3460 0  
3462 2  
3463 3  
3466 0  
3467 1  
3468 0  
3469 2  
3470 3  
3471 1  
3472 0  
3473 2  
3474 3  
3475 2  
3476 1  
3477 0  
3481 3  
3482 1  
3483 2  
3484 0  
3486 1  
3487 0  
3488 3  
3489 2  
3491 0  
3492 1  
3495 1  
3496 0  
3497 3  
3498 2  
3499 1  
3500 0  
3502 2  
3503 0  
3504 3  
3505 1  
3506 0  
3507 2  
3508 1  
3509 0  
3510 3  
3511 2  
3513 1  
3514 0  
3517 3  
3518 2  
3519 1  
3520 0  
3521 0  
3522 1  
3523 3  
3524 2  
3525 0  
3527 2  
3528 3  
3529 1  
3530 0  
3532 2  
3533 3  
3534 2  
3536 1  
3537 0  
3538 3  
3539 2  
3542 1  
3543 0  
3544 3  
3545 2  
3548 3  
3549 2  
3550 0  
3551 1  
3554 3  
3555 2  
3557 0  
3558 1  
3559 3  
3560 2  
3562 0  
3563 1  
3564 2  
3565 3  
3566 2  
3567 0  
3568 1  
3569 3  
3571 2  
3572 0  
3573 1  
3575 3  
3576 2  
3578 0  
3579 1  
3582 3  
3583 2  
3585 1  
3586 0  
3587 3  
3588 2  
3589 1  
3590 0  
3591 3  
3592 2  
3593 0  
3594 1  
3595 0  
3596 3  
3597 2  
3598 1  
3599 0  
3600 2  
3601 3  
3602 1  
3603 0  
3606 3  
3607 2  
3608 1  
3609 0  
3610 3  
3611 2  
3612 1  
3613 0  
3616 1  
3617 0  
3618 3  
3619 2  
3621 1  
3622 0  
3624 2  
3625 3  
3631 1  
3632 0  
3633 3  
3634 2  
3635 0  
3637 1  
3638 0  
3639 2  
3640 3  
3641 2  
3643 1  
3644 0  
3648 3  
3649 2  
3650 1  
3651 0  
3655 3  
3656 2  
3657 1  
3658 0  
3660 0  
3661 1  
3662 3  
3663 2  
3664 0  
3665 1  
3666 0  
3667 2  
3668 3  
3669 2  
3671 1  
3672 0  
3673 3  
3674 2  
3676 1  
3677 0  
3678 3  
3679 2  
3680 0  
3681 1  
3682 0  
3683 3  
3684 2  
3686 1  
3687 0  
3688 2  
3689 3  
3690 1  
3691 0  
3692 3  
3693 2  
3695 1  
3696 0  
3698 3  
3699 2  
3700 1  
3701 0  
3704 2  
3705 1  
3706 0  
3707 3  
3708 2  
3710 3  
3711 2  
3712 1  
3713 0  
3715 1  
3716 0  
3717 3  
3718 2  
3720 2  
3721 3  
3724 2  
3725 0  
3726 1  
3727 3  
3728 2  
3729 0  
3731 1  
3732 0  
3733 3  
3734 2  
3736 1  
3737 0  
3738 3  
3739 2  
3742 3  
3743 2  
3744 1  
3745 0  
3747 3  
3748 2  
3749 0  
3751 1  
3752 0  
3753 3  
3754 2  
3755 1  
3756 0  
3758 3  
3759 2  
3760 1  
3761 0  
3764 1  
3765 0  
3766 3  
3767 2  
3768 0  
3769 1  
3771 0  
3772 3  
3773 2  
3775 1  
3776 0  
3779 1  
3780 0  
3781 2  
3782 3  
3783 1  
3784 0  
3785 2  
3787 0  
3788 1  
3789 3  
3790 2  
3791 0  
3793 1  
3794 0  
3797 3  
3798 2  
3800 1  
3801 0  
3804 1  
3805 0  
3806 3  
3807 2  
3808 1  
3809 0  
3810 2  
3814 3  
3815 2  
3816 1  
3817 0  
3820 3  
3821 2  
3822 1  
3823 0  
3825 3  
3826 2  
3827 0  
3828 1  
3831 3  
3832 2  
3834 0  
3835 1  
3836 2  
3837 3  
3840 2  
3842 3  
3843 2  
3844 0  
3845 1  
3847 0  
3848 3  
3849 2  
3850 1  
3851 0  
3853 3  
3854 2  
3855 1  
3856 0  
3858 3  
3859 0  
3860 2  
3861 1  
3864 3  
3865 2  
3866 1  
3867 0  
3868 3  
3869 2  
3870 1  
3871 0  
3873 3  
3874 2  
3875 1  
3876 0  
3879 1  
3880 0  
3881 3  
3882 2  
3883 1  
3884 0  
3885 3  
3886 2  
3888 1  
3889 0  
3890 3  
3891 2  
3893 1  
3894 0  
3895 3  
3896 2  
3898 1  
3899 0  
3900 2  
3901 3  
3902 2  
3903 1  
3904 0  
3905 3  
3906 2  
3908 0  
3909 1  
3910 3  
3911 2  
3914 3  
3915 2  
3917 0  
3918 1  
3919 2  
3920 3  
3922 2  
3923 0  
3924 1  
3927 0  
3928 3  
3929 2  
3930 1  
3931 0  
3936 3  
3937 2  
3938 1  
3939 0  
3944 1  
3945 0  
3946 3  
3947 2  
3948 0  
3949 1  
3950 0  
3951 2  
3952 3  
3953 2  
3954 1  
3955 0  
3959 1  
3960 3  
3961 0  
3962 2  
3964 1  
3965 0  
3966 2  
3967 3  
3968 0  
3969 1  
3970 2  
3972 3  
3973 1  
3974 0  
3975 2  
3977 3  
3978 0  
3979 2  
3980 1  
3981 0  
3982 1  
3983 0  
3984 2  
3985 3  
3987 3  
3988 2  
3989 1  
3990 0  
3992 2  
3993 3  
3994 1  
3995 0  
3996 0  
3997 1  
3998 2  
3999 3  
4002 1  
4003 0  
4004 3  
4005 2  
4006 0  
4008 1  
4009 3  
4010 2  
4011 0  
4014 3  
4015 2  
4016 1  
4017 0  
4018 2  
4019 3  
4020 1  
4021 0  
4022 2  
4024 3  
4025 2  
4027 1  
4028 0  
4030 3  
4031 2  
4034 1  
4035 0  
4036 3  
4037 2  
4039 1  
4040 0  
4041 2  
4042 3  
4043 0  
4044 3  
4045 2  
4046 1  
4047 0  
4048 2  
4049 1  
4050 3  
4051 0  
4052 2  
4054 3  
4055 1  
4056 0  
4057 2  
4059 1  
4060 0  
4061 3  
4062 2  
4063 1  
4064 0  
4066 2  
4067 3  
4068 1  
4069 0  
4071 2  
4072 1  
4073 0  
4074 3  
4075 2  
4077 1  
4078 0  
4080 3  
4081 2  
4082 0  
4083 1  
4086 0  
4087 1  
4088 0  
4089 3  
4090 2  
4091 1  
4092 0  
4096 3  
4097 2  
4098 1  
4099 0  
4104 2  
4105 3  
4106 1  
4107 0  
4111 1  
4112 0  
4113 2  
4114 3  
4116 0  
4117 2  
4118 1  
4120 3  
4121 2  
4124 0  
4125 3  
4126 2  
4127 1  
4128 0  
4129 3  
4130 2  
4131 1  
4132 0  
4136 3  
4137 2  
4138 1  
4139 0  
4140 3  
4141 2  
4142 1  
4143 0  
4145 3  
4146 2  
4148 0  
4149 1  
4151 3  
4152 2  
4153 0  
4154 1  
4155 0  
4156 3  
4157 2  
4158 1  
4159 0  
4161 1  
4162 0  
4163 2  
4164 3  
4165 1  
4166 0  
4167 2  
4168 3  
4171 1  
4172 0  
4173 2  
4174 3  
4176 1  
4177 0  
4178 2  
4179 3  
4181 0  
4182 1  
4183 0  
4184 2  
4185 3  
4186 1  
4187 0  
4188 2  
4189 3  
4190 2  
4192 1  
4193 0  
4194 3  
4195 2  
4198 3  
4199 2  
4201 1  
4202 0  
4203 2  
4204 3  
4205 2  
4206 0  
4208 1  
4209 3  
4210 2  
4211 0  
4213 3  
4214 2  
4215 1  
4216 0  
4220 3  
4221 2  
4225 1  
4226 0  
4227 2  
4228 3  
4229 2  
4232 0  
4233 1  
4235 0  
4236 3  
4237 2  
4238 1  
4239 0  
4243 3  
4244 2  
4245 1  
4246 0  
4248 1  
4249 0  
4251 2  
4252 3  
4254 1  
4255 0  
4257 2  
4258 1  
4259 0  
4261 0  
4262 1  
4263 3  
4264 2  
4265 0  
4266 1  
4267 0  
4269 3  
4270 2  
4271 1  
4272 0  
4274 3  
4275 2  
4276 1  
4277 0  
4279 3  
4280 2  
4282 2  
4283 1  
4284 0  
4285 3  
4286 2  
4287 1  
4288 0  
4289 3  
4290 2  
4291 1  
4292 0  
4294 3  
4295 2  
4296 0  
4298 3  
4299 2  
4300 1  
4301 0  
4303 3  
4304 2  
4305 1  
4306 0  
4310 2  
4311 3  
4312 1  
4313 0  
4315 2  
4316 3  
4319 2  
4320 1  
4321 0  
