2 3  
3 0  
4 1  
5 2  
6 3  
7 0  
8 1  
9 2  
10 3  
11 0  
12 1  
13 2  
14 3  
15 0  
16 1  
17 2  
18 3  
19 0  
20 1  
21 2  
22 3  
23 0  
24 1  
25 2  
26 3  
27 0  
28 1  
29 2  
30 3  
31 0  
32 1  
33 2  
34 3  
35 0  
36 1  
37 2  
38 3  
39 0  
40 1  
41 2  
42 3  
43 0  
44 1  
45 2  
46 3  
47 0  
48 1  
49 2  
50 3  
51 0  
52 1  
53 2  
54 3  
55 0  
56 1  
57 2  
58 3  
59 0  
60 1  
61 2  
62 3  
63 0  
64 1  
65 2  
66 3  
67 0  
68 1  
69 2  
70 3  
71 0  
72 1  
73 2  
74 3  
75 0  
76 1  
77 2  
78 3  
79 0  
80 1  
81 2  
82 3  
83 0  
84 1  
85 2  
86 3  
87 0  
88 1  
89 2  
90 3  
91 0  
92 1  
93 2  
94 3  
95 0  
96 1  
97 2  
98 3  
99 0  
100 1  
101 2  
102 3  
103 0  
104 1  
105 2  
106 3  
107 0  
108 1  
109 2  
110 3  
111 0  
112 1  
113 2  
114 3  
115 0  
116 1  
117 2  
118 3  
119 0  
120 1  
121 2  
122 3  
123 0  
124 1  
125 2  
126 3  
127 0  
128 1  
129 2  
130 3  
131 0  
132 1  
133 2  
134 3  
135 0  
136 1  
137 2  
138 3  
139 0  
140 1  
141 2  
142 0  
143 3  
144 1  
145 2  
146 0  
147 3  
148 1  
149 2  
150 0  
151 3  
152 1  
153 2  
154 0  
155 3  
156 1  
157 2  
158 0  
159 3  
160 1  
161 2  
162 0  
163 3  
164 1  
165 2  
166 0  
167 3  
168 1  
169 2  
170 0  
171 3  
172 1  
173 2  
174 0  
175 3  
176 1  
177 2  
178 0  
179 3  
180 1  
181 2  
182 0  
183 3  
184 1  
185 2  
186 0  
187 3  
188 1  
189 2  
190 0  
191 3  
192 1  
193 2  
194 0  
195 3  
196 1  
197 2  
198 0  
199 3  
200 1  
201 2  
202 0  
203 3  
204 1  
205 2  
206 0  
207 3  
208 1  
209 2  
210 0  
211 3  
212 1  
213 2  
214 0  
215 3  
216 1  
217 2  
218 0  
219 3  
220 1  
221 2  
222 0  
223 3  
224 1  
225 2  
226 0  
227 3  
228 1  
229 2  
230 0  
231 3  
232 1  
233 2  
234 0  
235 3  
236 1  
237 2  
238 0  
239 3  
240 1  
241 2  
242 0  
243 3  
244 1  
245 2  
246 0  
247 3  
248 1  
249 2  
250 0  
251 3  
252 1  
253 2  
254 0  
255 3  
256 1  
257 2  
258 0  
259 1  
260 3  
261 2  
262 0  
263 1  
264 3  
265 2  
266 0  
267 1  
268 3  
269 2  
270 0  
271 1  
272 3  
273 2  
274 0  
275 1  
276 3  
277 2  
278 0  
279 1  
280 3  
281 2  
282 0  
283 1  
284 3  
285 2  
286 0  
287 1  
288 3  
289 2  
290 0  
291 1  
292 3  
293 2  
294 0  
295 1  
296 3  
297 2  
298 0  
299 1  
300 3  
301 2  
302 0  
303 1  
304 3  
305 2  
306 0  
307 1  
308 3  
309 2  
310 0  
311 1  
312 3  
313 2  
314 0  
315 1  
316 3  
317 2  
318 0  
319 1  
320 3  
321 2  
322 0  
323 1  
324 3  
325 2  
326 0  
327 1  
328 3  
329 2  
330 0  
331 1  
332 3  
333 2  
334 0  
335 1  
336 3  
337 2  
338 0  
339 1  
340 3  
341 2  
342 0  
343 1  
344 3  
345 2  
346 0  
347 1  
348 3  
349 2  
350 0  
351 1  
352 3  
353 2  
354 0  
355 1  
356 3  
357 2  
358 0  
359 1  
360 3  
361 2  
362 0  
363 1  
364 3  
365 2  
366 0  
367 1  
368 3  
369 2  
370 0  
371 1  
372 3  
373 2  
374 0  
375 1  
376 3  
377 2  
378 0  
379 1  
380 3  
381 2  
382 0  
383 1  
384 3  
385 2  
386 0  
387 1  
388 3  
389 2  
390 0  
391 1  
392 3  
393 2  
394 0  
395 1  
396 3  
397 2  
398 0  
399 1  
400 3  
401 2  
402 0  
403 1  
404 3  
405 2  
406 0  
407 1  
408 3  
409 2  
410 0  
411 1  
412 3  
413 2  
414 0  
415 1  
416 3  
417 2  
418 0  
419 1  
420 3  
421 2  
422 0  
423 1  
424 3  
425 2  
426 0  
427 1  
428 3  
429 2  
430 0  
431 1  
432 3  
433 2  
434 0  
435 1  
436 3  
437 2  
438 0  
439 1  
440 3  
441 2  
442 0  
443 1  
444 3  
445 2  
446 0  
447 1  
448 3  
449 2  
450 0  
451 1  
452 3  
453 2  
454 0  
455 1  
456 3  
457 2  
458 0  
459 1  
460 3  
461 2  
462 0  
463 1  
464 3  
465 2  
466 0  
467 1  
468 3  
469 2  
470 0  
471 1  
472 3  
473 2  
474 0  
475 1  
476 3  
477 2  
478 0  
479 1  
480 3  
481 2  
482 0  
483 1  
484 3  
485 2  
486 0  
487 1  
488 3  
489 2  
490 0  
491 1  
492 3  
493 2  
494 0  
495 1  
496 3  
497 2  
498 0  
499 1  
500 3  
501 2  
502 0  
503 1  
504 3  
505 2  
506 0  
507 1  
508 3  
509 2  
510 0  
511 1  
512 3  
513 2  
514 0  
515 1  
516 3  
517 2  
518 0  
519 1  
520 3  
521 2  
522 0  
523 1  
524 3  
525 2  
526 0  
527 1  
528 3  
529 2  
530 0  
531 1  
532 3  
533 2  
534 0  
535 1  
536 3  
537 2  
538 0  
539 1  
540 3  
541 2  
542 0  
543 1  
544 3  
545 2  
546 0  
547 1  
548 3  
549 2  
550 0  
551 1  
552 3  
553 2  
554 0  
555 1  
556 3  
557 2  
558 0  
559 1  
560 3  
561 2  
562 0  
563 1  
564 3  
565 2  
566 0  
567 1  
568 3  
569 2  
570 0  
571 1  
572 3  
573 2  
574 0  
575 1  
576 3  
577 2  
578 0  
579 1  
580 3  
581 2  
582 0  
583 1  
584 3  
585 2  
586 0  
587 1  
588 3  
589 2  
590 0  
591 1  
592 3  
593 2  
594 0  
595 1  
596 3  
597 2  
598 0  
599 1  
600 3  
601 2  
602 0  
603 1  
604 3  
605 2  
606 0  
607 1  
608 3  
609 2  
610 0  
611 1  
612 3  
613 2  
614 0  
615 1  
616 3  
617 2  
618 0  
619 1  
620 3  
621 2  
622 0  
623 1  
624 3  
625 2  
626 0  
627 1  
628 3  
629 2  
630 0  
631 1  
632 3  
633 2  
634 0  
635 1  
636 3  
637 2  
638 0  
639 1  
640 3  
641 2  
642 0  
643 1  
644 3  
645 2  
646 0  
647 1  
648 3  
649 2  
650 0  
651 1  
652 3  
653 2  
654 0  
655 1  
656 3  
657 2  
658 0  
659 1  
660 3  
661 2  
662 0  
663 1  
664 3  
665 2  
666 0  
667 1  
668 3  
669 2  
670 0  
671 1  
672 3  
673 2  
674 0  
675 1  
676 3  
677 2  
678 0  
679 1  
680 3  
681 2  
682 0  
683 1  
684 3  
685 2  
686 0  
687 1  
688 3  
689 2  
690 0  
691 1  
692 3  
693 2  
694 0  
695 1  
696 3  
697 2  
698 0  
699 1  
700 3  
701 2  
702 0  
703 1  
704 3  
705 2  
706 0  
707 1  
708 3  
709 2  
710 0  
711 1  
712 3  
713 2  
714 0  
715 1  
716 3  
717 2  
718 0  
719 1  
720 3  
721 2  
722 0  
723 1  
724 3  
725 2  
726 0  
727 1  
728 3  
729 2  
730 0  
731 1  
732 3  
733 2  
734 0  
735 1  
736 3  
737 2  
738 0  
739 1  
740 3  
741 2  
742 0  
743 1  
744 3  
745 2  
746 0  
747 1  
748 3  
749 2  
750 0  
751 1  
752 3  
753 2  
754 0  
755 1  
756 3  
757 2  
758 0  
759 1  
760 3  
761 2  
762 0  
763 1  
764 3  
765 2  
766 0  
767 1  
768 3  
769 2  
770 0  
771 1  
772 3  
773 2  
774 0  
775 1  
776 3  
777 2  
778 0  
779 1  
780 3  
781 2  
782 0  
783 1  
784 3  
785 2  
786 0  
787 1  
788 3  
789 2  
790 0  
791 1  
792 3  
793 2  
794 0  
795 1  
796 3  
797 2  
798 0  
799 1  
800 3  
801 2  
802 0  
803 1  
804 3  
805 2  
806 0  
807 1  
808 3  
809 2  
810 0  
811 1  
812 3  
813 2  
814 0  
815 1  
816 3  
817 2  
818 0  
819 1  
820 3  
821 2  
822 0  
823 1  
824 3  
825 2  
826 0  
827 1  
828 3  
829 2  
830 0  
831 1  
832 3  
833 2  
834 0  
835 1  
836 3  
837 2  
838 0  
839 1  
840 3  
841 2  
842 0  
843 1  
844 3  
845 2  
846 0  
847 1  
848 3  
849 2  
850 0  
851 1  
852 3  
853 2  
854 0  
855 1  
856 3  
857 2  
858 0  
859 1  
860 3  
861 2  
862 0  
863 1  
864 3  
865 2  
866 0  
867 1  
868 3  
869 2  
870 0  
871 1  
872 3  
873 2  
874 0  
875 1  
876 3  
877 2  
878 0  
879 1  
880 3  
881 2  
882 0  
883 1  
884 3  
885 2  
886 0  
887 1  
888 3  
889 2  
890 0  
891 1  
892 3  
893 2  
894 0  
895 1  
896 3  
897 2  
898 0  
899 1  
900 3  
901 2  
902 0  
903 1  
904 3  
905 2  
906 0  
907 1  
908 3  
909 2  
910 0  
911 1  
912 3  
913 2  
914 0  
915 1  
916 3  
917 2  
918 0  
919 1  
920 3  
921 2  
922 0  
923 1  
924 3  
925 2  
926 0  
927 1  
928 3  
929 2  
930 0  
931 1  
932 3  
933 2  
934 0  
935 1  
936 3  
937 2  
938 0  
939 1  
940 3  
941 2  
942 0  
943 1  
944 3  
945 2  
946 0  
947 1  
948 3  
949 2  
950 0  
951 1  
952 3  
953 2  
954 0  
955 1  
956 3  
957 2  
958 0  
959 1  
960 3  
961 2  
962 0  
963 1  
964 3  
965 2  
966 0  
967 1  
968 3  
969 2  
970 0  
971 1  
972 3  
973 2  
974 0  
975 1  
976 3  
977 2  
978 0  
979 1  
980 3  
981 2  
982 0  
983 1  
984 3  
985 2  
986 0  
987 1  
988 3  
989 2  
990 0  
991 1  
992 3  
993 2  
994 0  
995 1  
996 3  
997 2  
998 0  
999 1  
1000 3  
1001 2  
1002 0  
1003 1  
1004 3  
1005 2  
1006 0  
1007 1  
1008 3  
1009 2  
1010 0  
1011 1  
1012 3  
1013 2  
1014 0  
1015 1  
1016 3  
1017 2  
1018 0  
1019 1  
1020 3  
1021 2  
1022 0  
1023 1  
1024 3  
1025 2  
1026 0  
1027 1  
1028 3  
1029 2  
1030 0  
1031 1  
1032 3  
1033 2  
1034 0  
1035 1  
1036 3  
1037 2  
1038 0  
1039 1  
1040 3  
1041 2  
1042 0  
1043 1  
1044 3  
1045 2  
1046 0  
1047 1  
1048 3  
1049 2  
1050 0  
1051 1  
1052 3  
1053 2  
1054 0  
1055 1  
1056 3  
1057 2  
1058 0  
1059 1  
1060 3  
1061 2  
1062 0  
1063 1  
1064 3  
1065 2  
1066 0  
1067 1  
1068 3  
1069 2  
1070 0  
1071 1  
1072 3  
1073 2  
1074 0  
1075 1  
1076 3  
1077 2  
1078 0  
1079 1  
1080 3  
1081 2  
1082 0  
1083 1  
1084 3  
1085 2  
1086 0  
1087 1  
1088 3  
1089 2  
1090 0  
1091 1  
1092 3  
1093 2  
1094 0  
1095 1  
1096 3  
1097 2  
1098 0  
1099 1  
1100 3  
1101 2  
1102 0  
1103 1  
1104 3  
1105 2  
1106 0  
1107 1  
1108 3  
1109 2  
1110 0  
1111 1  
1112 3  
1113 2  
1114 0  
1115 1  
1116 3  
1117 2  
1118 0  
1119 1  
1120 3  
1121 2  
1122 0  
1123 1  
1124 3  
1125 2  
1126 0  
1127 1  
1128 3  
1129 2  
1130 0  
1131 1  
1132 3  
1133 2  
1134 0  
1135 1  
1136 3  
1137 2  
1138 0  
1139 1  
1140 3  
1141 2  
1142 0  
1143 1  
1144 3  
1145 2  
1146 0  
1147 1  
1148 3  
1149 2  
1150 0  
1151 1  
1152 3  
1153 2  
1154 0  
1155 1  
1156 3  
1157 2  
1158 0  
1159 1  
1160 3  
1161 2  
1162 0  
1163 1  
1164 3  
1165 2  
1166 0  
1167 1  
1168 3  
1169 2  
1170 0  
1171 1  
1172 3  
1173 2  
1174 0  
1175 1  
1176 3  
1177 2  
1178 0  
1179 1  
1180 3  
1181 2  
1182 0  
1183 1  
1184 3  
1185 2  
1186 0  
1187 1  
1188 3  
1189 2  
1190 0  
1191 1  
1192 3  
1193 2  
1194 0  
1195 1  
1196 3  
1197 2  
1198 0  
1199 1  
1200 3  
1201 2  
1202 0  
1203 1  
1204 3  
1205 2  
1206 0  
1207 1  
1208 3  
1209 2  
1210 0  
1211 1  
1212 3  
1213 2  
1214 0  
1215 1  
1216 3  
1217 2  
1218 0  
1219 1  
1220 3  
1221 2  
1222 0  
1223 1  
1224 3  
1225 2  
1226 0  
1227 1  
1228 3  
1229 2  
1230 0  
1231 1  
1232 3  
1233 2  
1234 0  
1235 1  
1236 3  
1237 2  
1238 0  
1239 1  
1240 3  
1241 2  
1242 0  
1243 1  
1244 3  
1245 2  
1246 0  
1247 1  
1248 3  
1249 2  
1250 0  
1251 1  
1252 3  
1253 2  
1254 0  
1255 1  
1256 3  
1257 2  
1258 0  
1259 1  
1260 3  
1261 2  
1262 0  
1263 1  
1264 3  
1265 2  
1266 0  
1267 1  
1268 3  
1269 2  
1270 0  
1271 1  
1272 3  
1273 2  
1274 0  
1275 1  
1276 3  
1277 2  
1278 0  
1279 1  
1280 3  
1281 2  
1282 0  
1283 1  
1284 3  
1285 2  
1286 0  
1287 1  
1288 3  
1289 2  
1290 0  
1291 1  
1292 3  
1293 2  
1294 0  
1295 1  
1296 3  
1297 2  
1298 0  
1299 1  
1300 3  
1301 2  
1302 0  
1303 1  
1304 3  
1305 2  
1306 0  
1307 1  
1308 3  
1309 2  
1310 0  
1311 1  
1312 3  
1313 2  
1314 0  
1315 1  
1316 3  
1317 2  
1318 0  
1319 1  
1320 3  
1321 2  
1322 0  
1323 1  
1324 3  
1325 2  
1326 0  
1327 1  
1328 3  
1329 2  
1330 0  
1331 1  
1332 3  
1333 2  
1334 0  
1335 1  
1336 3  
1337 2  
1338 0  
1339 1  
1340 3  
1341 2  
1342 0  
1343 1  
1344 3  
1345 2  
1346 0  
1347 1  
1348 3  
1349 2  
1350 0  
1351 1  
1352 3  
1353 2  
1354 0  
1355 1  
1356 3  
1357 2  
1358 0  
1359 1  
1360 3  
1361 2  
1362 0  
1363 1  
1364 3  
1365 2  
1366 0  
1367 1  
1368 3  
1369 2  
1370 0  
1371 1  
1372 3  
1373 2  
1374 0  
1375 1  
1376 3  
1377 2  
1378 0  
1379 1  
1380 3  
1381 2  
1382 0  
1383 1  
1384 3  
1385 2  
1386 0  
1387 1  
1388 3  
1389 2  
1390 0  
1391 1  
1392 3  
1393 2  
1394 0  
1395 1  
1396 3  
1397 2  
1398 0  
1399 1  
1400 3  
1401 2  
1402 0  
1403 1  
1404 3  
1405 2  
1406 0  
1407 1  
1408 3  
1409 2  
1410 0  
1411 1  
1412 3  
1413 2  
1414 0  
1415 1  
1416 3  
1417 2  
1418 0  
1419 1  
1420 3  
1421 2  
1422 0  
1423 1  
1424 3  
1425 2  
1426 0  
1427 1  
1428 3  
1429 2  
1430 0  
1431 1  
1432 3  
1433 2  
1434 0  
1435 1  
1436 3  
1437 2  
1438 0  
1439 1  
1440 3  
1441 2  
1442 0  
1443 1  
1444 3  
1445 2  
1446 0  
1447 1  
1448 3  
1449 2  
1450 0  
1451 1  
1452 3  
1453 2  
1454 0  
1455 1  
1456 3  
1457 2  
1458 0  
1459 1  
1460 3  
1461 2  
1462 0  
1463 1  
1464 3  
1465 2  
1466 0  
1467 1  
1468 3  
1469 2  
1470 0  
1471 1  
1472 3  
1473 2  
1474 0  
1475 1  
1476 3  
1477 2  
1478 0  
1479 1  
1480 3  
1481 2  
1482 0  
1483 1  
1484 3  
1485 2  
1486 0  
1487 1  
1488 3  
1489 2  
1490 0  
1491 1  
1492 3  
1493 2  
1494 0  
1495 1  
1496 3  
1497 2  
1498 0  
1499 1  
1500 3  
1501 2  
1502 0  
1503 1  
1504 3  
1505 2  
1506 0  
1507 1  
1508 3  
1509 2  
1510 0  
1511 1  
1512 3  
1513 2  
1514 0  
1515 1  
1516 3  
1517 2  
1518 0  
1519 1  
1520 3  
1521 2  
1522 0  
1523 1  
1524 3  
1525 2  
1526 0  
1527 1  
1528 3  
1529 2  
1530 0  
1531 1  
1532 3  
1533 2  
1534 0  
1535 1  
1536 3  
1537 2  
1538 0  
1539 1  
1540 3  
1541 2  
1542 0  
1543 1  
1544 3  
1545 2  
1546 0  
1547 1  
1548 3  
1549 2  
1550 0  
1551 1  
1552 3  
1553 2  
1554 0  
1555 1  
1556 3  
1557 2  
1558 0  
1559 1  
1560 3  
1561 2  
1562 0  
1563 1  
1564 3  
1565 2  
1566 0  
1567 1  
1568 3  
1569 2  
1570 0  
1571 1  
1572 3  
1573 2  
1574 0  
1575 1  
1576 3  
1577 2  
1578 0  
1579 1  
1580 3  
1581 2  
1582 0  
1583 1  
1584 3  
1585 2  
1586 0  
1587 1  
1588 3  
1589 2  
1590 0  
1591 1  
1592 3  
1593 2  
1594 0  
1595 1  
1596 3  
1597 2  
1598 0  
1599 1  
1600 3  
1601 2  
1602 0  
1603 1  
1604 3  
1605 2  
1606 0  
1607 1  
1608 3  
1609 2  
1610 0  
1611 1  
1612 3  
1613 2  
1614 0  
1615 1  
1616 3  
1617 2  
1618 0  
1619 1  
1620 3  
1621 2  
1622 0  
1623 1  
1624 3  
1625 2  
1626 0  
1627 1  
1628 3  
1629 2  
1630 0  
1631 1  
1632 3  
1633 2  
1634 0  
1635 1  
1636 3  
1637 2  
1638 0  
1639 1  
1640 3  
1641 2  
1642 0  
1643 1  
1644 3  
1645 2  
1646 0  
1647 1  
1648 3  
1649 2  
1650 0  
1651 1  
1652 3  
1653 2  
1654 0  
1655 1  
1656 3  
1657 2  
1658 0  
1659 1  
1660 3  
1661 2  
1662 0  
1663 1  
1664 3  
1665 2  
1666 0  
1667 1  
1668 3  
1669 2  
1670 0  
1671 1  
1672 3  
1673 2  
1674 0  
1675 1  
1676 3  
1677 2  
1678 0  
1679 1  
1680 3  
1681 2  
1682 0  
1683 1  
1684 3  
1685 2  
1686 0  
1687 1  
1688 3  
1689 2  
1690 0  
1691 1  
1692 3  
1693 2  
1694 0  
1695 1  
1696 3  
1697 2  
1698 0  
1699 1  
1700 3  
1701 2  
1702 0  
1703 1  
1704 3  
1705 2  
1706 0  
1707 1  
1708 3  
1709 2  
1710 0  
1711 1  
1712 3  
1713 2  
1714 0  
1715 1  
1716 3  
1717 2  
1718 0  
1719 1  
1720 3  
1721 2  
1722 0  
1723 1  
1724 3  
1725 2  
1726 0  
1727 1  
1728 3  
1729 2  
1730 0  
1731 1  
1732 3  
1733 2  
1734 0  
1735 1  
1736 3  
1737 2  
1738 0  
1739 1  
1740 3  
1741 2  
1742 0  
1743 1  
1744 3  
1745 2  
1746 0  
1747 1  
1748 3  
1749 2  
1750 0  
1751 1  
1752 3  
1753 2  
1754 0  
1755 1  
1756 3  
1757 2  
1758 0  
1759 1  
1760 3  
1761 2  
1762 0  
1763 1  
1764 3  
1765 2  
1766 0  
1767 1  
1768 3  
1769 2  
1770 0  
1771 1  
1772 3  
1773 2  
1774 0  
1775 1  
1776 3  
1777 2  
1778 0  
1779 1  
1780 3  
1781 2  
1782 0  
1783 1  
1784 3  
1785 2  
1786 0  
1787 1  
1788 3  
1789 2  
1790 0  
1791 1  
1792 3  
1793 2  
1794 0  
1795 1  
1796 3  
1797 2  
1798 0  
1799 1  
1800 3  
1801 2  
1802 0  
1803 1  
1804 3  
1805 2  
1806 0  
1807 1  
1808 3  
1809 2  
1810 0  
1811 1  
1812 3  
1813 2  
1814 0  
1815 1  
1816 3  
1817 2  
1818 0  
1819 1  
1820 3  
1821 2  
1822 0  
1823 1  
1824 3  
1825 2  
1826 0  
1827 1  
1828 3  
1829 2  
1830 0  
1831 1  
1832 3  
1833 2  
1834 0  
1835 1  
1836 3  
1837 2  
1838 0  
1839 1  
1840 3  
1841 2  
1842 0  
1843 1  
1844 3  
1845 2  
1846 0  
1847 1  
1848 3  
1849 2  
1850 0  
1851 1  
1852 3  
1853 2  
1854 0  
1855 1  
1856 3  
1857 2  
1858 0  
1859 1  
1860 3  
1861 2  
1862 0  
1863 1  
1864 3  
1865 2  
1866 0  
1867 1  
1868 3  
1869 2  
1870 0  
1871 1  
1872 3  
1873 2  
1874 0  
1875 1  
1876 3  
1877 2  
1878 0  
1879 1  
1880 3  
1881 2  
1882 0  
1883 1  
1884 3  
1885 2  
1886 0  
1887 1  
1888 3  
1889 2  
1890 0  
1891 1  
1892 3  
1893 2  
1894 0  
1895 1  
1896 3  
1897 2  
1898 0  
1899 1  
1900 3  
1901 2  
1902 0  
1903 1  
1904 3  
1905 2  
1906 0  
1907 1  
1908 3  
1909 2  
1910 0  
1911 1  
1912 3  
1913 2  
1914 0  
1915 1  
1916 3  
1917 2  
1918 0  
1919 1  
1920 3  
1921 2  
1922 0  
1923 1  
1924 3  
1925 2  
1926 0  
1927 1  
1928 3  
1929 2  
1930 0  
1931 1  
1932 3  
1933 2  
1934 0  
1935 1  
1936 3  
1937 2  
1938 0  
1939 1  
1940 3  
1941 2  
1942 0  
1943 1  
1944 3  
1945 2  
1946 0  
1947 1  
1948 3  
1949 2  
1950 0  
1951 1  
1952 3  
1953 2  
1954 0  
1955 1  
1956 3  
1957 2  
1958 0  
1959 1  
1960 3  
1961 2  
1962 0  
1963 1  
1964 3  
1965 2  
1966 0  
1967 1  
1968 3  
1969 2  
1970 0  
1971 1  
1972 3  
1973 2  
1974 0  
1975 1  
1976 3  
1977 2  
1978 0  
1979 1  
1980 3  
1981 2  
1982 0  
1983 1  
1984 3  
1985 2  
1986 0  
1987 1  
1988 3  
1989 2  
1990 0  
1991 1  
1992 3  
1993 2  
1994 0  
1995 1  
1996 3  
1997 2  
1998 0  
1999 1  
2000 3  
2001 2  
2002 0  
2003 1  
2004 3  
2005 2  
2006 0  
2007 1  
2008 3  
2009 2  
2010 0  
2011 1  
2012 3  
2013 2  
2014 0  
2015 1  
2016 3  
2017 2  
2018 0  
2019 1  
2020 3  
2021 2  
2022 0  
2023 1  
2024 3  
2025 2  
2026 0  
2027 1  
2028 3  
2029 2  
2030 0  
2031 1  
2032 3  
2033 2  
2034 0  
2035 1  
2036 3  
2037 2  
2038 0  
2039 1  
2040 3  
2041 2  
2042 0  
2043 1  
2044 3  
2045 2  
2046 0  
2047 1  
2048 3  
2049 2  
2050 0  
2051 1  
2052 3  
2053 2  
2054 0  
2055 1  
2056 3  
2057 2  
2058 0  
2059 1  
2060 3  
2061 2  
2062 0  
2063 1  
2064 3  
2065 2  
2066 0  
2067 1  
2068 3  
2069 2  
2070 0  
2071 1  
2072 3  
2073 2  
2074 0  
2075 1  
2076 3  
2077 2  
2078 0  
2079 1  
2080 3  
2081 2  
2082 0  
2083 1  
2084 3  
2085 2  
2086 0  
2087 1  
2088 3  
2089 2  
2090 0  
2091 1  
2092 3  
2093 2  
2094 0  
2095 1  
2096 3  
2097 2  
2098 0  
2099 1  
2100 3  
2101 2  
2102 0  
2103 1  
2104 3  
2105 2  
2106 0  
2107 1  
2108 3  
2109 2  
2110 0  
2111 1  
2112 3  
2113 2  
2114 0  
2115 1  
2116 3  
2117 2  
2118 0  
2119 1  
2120 3  
2121 2  
2122 0  
2123 1  
2124 3  
2125 2  
2126 0  
2127 1  
2128 3  
2129 2  
2130 0  
2131 1  
2132 3  
2133 2  
2134 0  
2135 1  
2136 3  
2137 2  
2138 0  
2139 1  
2140 3  
2141 2  
2142 0  
2143 1  
2144 3  
2145 2  
2146 0  
2147 1  
2148 3  
2149 2  
2150 0  
2151 1  
2152 3  
2153 2  
2154 0  
2155 1  
2156 3  
2157 2  
2158 0  
2159 1  
2160 3  
2161 2  
2162 0  
2163 1  
2164 3  
2165 2  
2166 0  
2167 1  
2168 3  
2169 2  
2170 0  
2171 1  
2172 3  
2173 2  
2174 0  
2175 1  
2176 3  
2177 2  
2178 0  
2179 1  
2180 3  
2181 2  
2182 0  
2183 1  
2184 3  
2185 2  
2186 0  
2187 1  
2188 3  
2189 2  
2190 0  
2191 1  
2192 3  
2193 2  
2194 0  
2195 1  
2196 3  
2197 2  
2198 0  
2199 1  
2200 3  
2201 2  
2202 0  
2203 1  
2204 3  
2205 2  
2206 0  
2207 1  
2208 3  
2209 2  
2210 0  
2211 1  
2212 3  
2213 2  
2214 0  
2215 1  
2216 3  
2217 2  
2218 0  
2219 1  
2220 3  
2221 2  
2222 0  
2223 1  
2224 3  
2225 2  
2226 0  
2227 1  
2228 3  
2229 2  
2230 0  
2231 1  
2232 3  
2233 2  
2234 0  
2235 1  
2236 3  
2237 2  
2238 0  
2239 1  
2240 3  
2241 2  
2242 0  
2243 1  
2244 3  
2245 2  
2246 0  
2247 1  
2248 3  
2249 2  
2250 0  
2251 1  
2252 3  
2253 2  
2254 0  
2255 1  
2256 3  
2257 2  
2258 0  
2259 1  
2260 3  
2261 2  
2262 0  
2263 1  
2264 3  
2265 2  
2266 0  
2267 1  
2268 3  
2269 2  
2270 0  
2271 1  
2272 3  
2273 2  
2274 0  
2275 1  
2276 3  
2277 2  
2278 0  
2279 1  
2280 3  
2281 2  
2282 0  
2283 1  
2284 3  
2285 2  
2286 0  
2287 1  
2288 3  
2289 2  
2290 0  
2291 1  
2292 3  
2293 2  
2294 0  
2295 1  
2296 3  
2297 2  
2298 0  
2299 1  
2300 3  
2301 2  
2302 0  
2303 1  
2304 3  
2305 2  
2306 0  
2307 1  
2308 3  
2309 2  
2310 0  
2311 1  
2312 3  
2313 2  
2314 0  
2315 1  
2316 3  
2317 2  
2318 0  
2319 1  
2320 3  
2321 2  
2322 0  
2323 1  
2324 3  
2325 2  
2326 0  
2327 1  
2328 3  
2329 2  
2330 0  
2331 1  
2332 3  
2333 2  
2334 0  
2335 1  
2336 3  
2337 2  
2338 0  
2339 1  
2340 3  
2341 2  
2342 0  
2343 1  
2344 3  
2345 2  
2346 0  
2347 1  
2348 3  
2349 2  
2350 0  
2351 1  
2352 3  
2353 2  
2354 0  
2355 1  
2356 3  
2357 2  
2358 0  
2359 1  
2360 3  
2361 2  
2362 0  
2363 1  
2364 3  
2365 2  
2366 0  
2367 1  
2368 3  
2369 2  
2370 0  
2371 1  
2372 3  
2373 2  
2374 0  
2375 1  
2376 3  
2377 2  
2378 0  
2379 1  
2380 3  
2381 2  
2382 0  
2383 1  
2384 3  
2385 2  
