0
1
1
1
2
2
2
3
3
3
3
4
4
4
4
5
5
5
6
6
6
6
7
7
7
8
8
9
9
10
10
10
11
11
11
12
12
12
13
13
13
14
14
14
14
15
15
16
16
16
16
17
17
17
18
18
18
19
19
20
20
20
20
21
21
22
22
23
23
23
24
24
25
25
25
25
26
27
27
27
27
27
28
28
28
28
29
29
29
30
30
31
31
31
31
32
33
33
33
34
34
34
34
35
35
35
36
36
36
37
37
38
38
38
38
38
38
39
40
40
40
40
41
42
42
42
43
43
44
44
45
45
45
46
46
46
47
47
47
48
48
49
49
49
50
50
51
51
51
51
52
52
52
52
53
53
54
54
54
54
55
55
55
55
55
56
56
56
57
57
57
58
59
59
59
59
60
60
60
60
61
62
62
62
63
63
64
64
65
65
65
66
66
66
67
67
67
68
68
69
69
69
69
70
70
70
70
70
70
71
72
72
72
73
73
75
75
75
75
77
77
77
78
78
79
79
79
79
80
80
82
82
83
83
84
85
86
86
86
86
87
89
89
89
89
92
92
92
92
93
94
94
94
95
96
97
98
98
98
99
100
100
100
100
101
103
103
103
103
104
105
105
105
106
107
108
108
108
108
108
109
108
109
109
110
111
112
112
111
113
113
113
114
114
114
115
115
115
116
116
117
118
118
118
119
119
119
120
121
121
121
121
122
121
121
121
122
122
122
122
123
125
125
124
124
126
128
128
126
127
128
130
130
130
130
130
131
131
133
134
134
134
133
134
134
134
134
136
137
137
138
138
138
138
139
139
141
141
141
141
141
143
143
143
144
144
145
144
144
145
145
146
148
148
147
148
149
149
150
149
148
149
151
151
151
151
151
152
152
152
152
152
153
153
153
154
155
156
156
156
156
156
156
157
157
159
159
161
161
161
161
160
160
160
164
165
165
165
165
165
166
166
166
166
167
167
167
166
166
166
167
165
166
165
165
166
167
167
166
166
166
167
167
167
166
167
168
169
168
168
168
169
170
170
169
170
171
172
172
170
170
171
171
171
172
174
174
174
175
176
177
177
177
177
178
178
179
179
177
177
178
179
179
180
179
180
182
182
182
182
183
184
183
183
183
185
184
184
184
186
187
187
187
188
191
191
190
190
191
192
192
192
193
193
194
194
194
195
194
194
194
195
195
196
197
196
196
197
197
197
197
199
199
199
199
200
201
200
200
201
201
201
201
202
203
204
205
205
205
206
203
203
203
205
205
205
206
207
208
208
208
210
212
212
212
212
214
215
215
215
215
216
218
218
218
219
219
221
221
221
222
222
222
223
223
224
224
224
226
226
226
226
227
228
229
231
232
232
233
234
234
235
235
235
236
236
236
236
237
238
238
239
239
240
240
241
241
241
241
242
240
240
240
241
241
241
241
239
239
239
239
240
240
240
240
241
241
242
242
243
243
243
242
243
245
245
245
246
246
245
246
246
246
247
248
248
249
249
249
250
250
250
250
250
250
251
251
250
249
251
252
253
253
250
250
251
254
254
254
255
255
256
257
259
259
259
260
260
260
259
261
261
261
261
261
262
263
263
263
263
264
265
265
265
265
267
266
266
267
267
267
267
266
266
267
267
267
266
266
268
268
268
267
267
268
268
268
269
269
271
271
271
272
272
272
272
273
273
273
272
271
272
272
272
272
271
271
272
272
273
272
272
271
272
273
273
274
274
272
272
273
273
273
274
272
273
273
274
275
275
276
276
277
277
276
276
277
278
278
278
278
278
278
279
280
280
280
278
280
280
280
280
279
281
281
281
281
281
283
283
283
283
284
286
285
284
284
285
286
286
285
286
287
287
287
287
289
289
289
289
290
290
290
291
291
291
292
292
293
294
294
294
294
295
296
296
296
297
298
297
297
298
298
300
300
300
300
301
301
301
301
301
301
301
302
303
302
302
303
303
304
303
303
303
304
305
305
304
305
306
306
306
306
307
307
307
307
309
310
309
309
308
310
310
310
310
310
311
310
310
310
310
308
309
311
311
311
310
311
311
311
311
311
312
312
313
313
313
313
313
314
314
314
314
315
316
316
316
316
316
316
318
319
319
319
319
320
321
321
321
320
320
320
321
321
321
321
321
322
321
321
321
321
322
322
322
323
323
323
323
324
324
322
323
324
324
324
326
326
326
327
327
327
327
328
328
328
328
329
330
331
332
332
332
332
332
334
334
335
337
337
337
337
338
339
339
339
339
340
342
343
343
343
343
342
342
344
345
345
344
344
345
345
345
345
346
346
346
347
347
346
346
346
347
348
348
348
349
349
348
347
348
349
350
350
349
349
351
351
352
352
351
352
352
352
353
353
353
352
353
353
353
355
355
354
354
354
354
355
354
355
356
356
356
355
355
355
355
356
356
355
355
357
358
358
358
360
360
360
360
360
364
365
365
365
365
364
364
365
365
365
365
365
365
365
366
366
365
366
367
367
367
368
371
371
371
371
372
372
373
373
373
374
375
377
377
377
377
376
377
377
377
378
380
379
379
380
380
383
383
382
382
382
381
381
381
382
383
384
383
383
384
384
384
384
383
383
385
385
385
385
385
386
386
385
385
387
388
388
388
389
390
390
390
390
389
390
390
390
390
390
392
393
393
396
396
397
396
396
396
396
396
397
396
396
400
400
399
398
400
400
400
400
400
402
402
404
403
403
403
403
405
405
404
404
405
405
406
408
408
408
408
409
410
410
410
411
413
413
413
414
414
416
415
415
415
416
417
418
418
418
419
419
419
419
419
420
421
421
421
421
421
421
421
421
422
422
422
423
423
423
423
425
425
424
425
426
425
424
424
427
427
428
428
426
426
427
427
425
426
426
426
425
426
427
427
427
427
428
428
426
426
426
427
428
428
428
429
430
429
428
428
429
429
429
430
431
430
431
432
432
433
433
434
434
434
435
435
437
436
437
437
437
438
438
439
442
443
443
442
443
444
445
445
445
445
445
443
445
445
445
446
447
447
447
447
448
449
449
450
450
451
452
452
452
453
452
453
455
455
458
458
458
459
459
459
458
459
459
460
460
461
461
461
461
462
462
462
461
461
460
461
461
461
461
461
462
463
463
463
464
464
462
461
461
462
464
464
464
465
465
466
466
466
467
468
468
468
468
469
469
469
469
471
470
470
470
471
472
469
469
469
470
471
472
472
472
471
474
475
475
475
474
474
474
475
475
475
477
478
478
479
479
481
482
480
480
480
481
484
485
483
483
484
485
485
485
486
486
487
487
487
486
487
488
488
488
489
489
490
490
490
490
489
490
490
491
490
491
491
490
490
492
492
490
489
491
491
491
492
491
491
492
492
490
491
491
492
492
492
493
494
494
493
492
493
492
492
492
492
493
494
494
495
495
495
496
496
496
493
495
497
497
496
496
498
498
497
498
499
498
498
497
499
499
498
498
499
500
501
501
501
501
505
505
505
504
504
505
506
506
506
506
508
508
508
508
508
509
509
510
510
510
510
511
510
510
511
512
512
512
512
512
513
514
514
514
515
515
516
516
516
517
518
518
518
517
518
518
518
518
519
518
518
519
519
519
520
520
520
521
521
523
523
523
523
523
523
523
523
523
524
525
525
526
524
525
526
526
527
528
528
528
528
530
530
530
530
532
532
532
533
534
535
535
535
536
537
539
539
539
539
540
541
543
543
542
542
543
545
545
544
544
545
545
545
545
547
548
548
548
547
548
549
549
549
549
551
552
552
551
557
557
557
557
558
559
558
558
559
559
559
559
558
559
559
559
557
558
559
559
560
559
558
558
558
559
559
559
560
561
559
559
559
561
561
560
561
562
562
562
562
563
564
564
569
570
569
573
573
574
574
574
574
574
573
572
574
574
572
573
573
573
572
573
575
575
574
575
575
577
579
578
578
578
579
580
582
582
582
582
583
584
584
583
588
588
588
588
589
590
590
590
591
593
592
592
592
594
595
595
595
596
595
595
595
595
597
597
598
601
603
603
602
602
603
603
603
604
604
604
604
604
605
604
606
607
607
607
607
610
613
613
613
613
612
613
613
611
612
613
615
615
613
613
613
613
613
613
614
615
614
614
615
614
614
614
615
615
616
614
614
615
616
618
619
618
616
616
618
619
619
618
617
619
620
620
621
623
624
624
624
624
626
625
624
624
625
627
627
627
625
626
628
629
629
628
628
629
630
630
629
630
631
631
631
633
634
634
634
634
634
635
635
636
636
636
637
637
638
638
638
639
638
638
638
638
638
638
639
639
639
639
638
639
639
639
640
639
640
640
641
641
641
640
642
643
643
644
644
643
645
644
644
644
644
646
646
646
646
645
647
648
648
648
648
649
651
651
651
651
651
651
653
653
653
653
654
652
652
652
652
654
656
656
656
655
655
655
657
658
657
656
657
659
659
660
660
659
659
660
661
661
661
663
663
664
664
664
664
665
665
666
667
666
665
665
666
666
666
666
668
667
668
669
669
669
669
670
672
672
672
672
673
674
674
676
676
676
676
677
678
678
677
678
680
680
680
680
680
680
680
681
681
682
682
683
684
683
683
684
684
685
684
684
684
686
686
686
685
686
688
690
690
691
692
692
693
693
693
693
693
694
694
694
693
692
693
693
693
696
696
694
694
694
695
697
697
697
698
697
697
698
699
698
697
697
699
699
699
699
700
702
702
702
701
701
702
702
702
701
702
701
701
701
702
700
700
701
702
702
697
698
699
699
699
699
699
701
702
702
701
702
704
704
704
704
703
705
706
706
706
708
706
706
706
706
708
708
708
709
708
710
710
710
710
710
711
711
711
710
711
711
711
711
711
713
713
713
715
715
715
715
711
711
711
712
709
710
712
713
713
713
714
715
715
716
716
716
716
717
719
719
719
719
719
719
720
720
720
720
721
721
720
721
721
722
722
721
720
720
720
720
721
721
720
719
719
721
717
717
717
718
718
717
718
719
719
719
718
716
716
717
718
716
717
719
719
719
718
718
719
719
719
718
720
722
721
718
717
717
717
718
717
718
719
719
720
721
721
722
722
722
722
721
722
721
721
723
724
723
723
720
720
722
723
723
722
722
723
723
724
723
721
721
722
724
724
724
725
726
728
728
728
729
730
731
731
730
730
731
732
732
731
731
733
734
734
734
734
732
733
733
734
734
735
733
734
733
734
734
734
733
732
732
732
734
732
731
731
733
734
734
733
732
735
735
734
733
733
734
734
735
738
737
737
736
737
738
738
737
738
739
741
741
740
740
741
742
739
739
740
742
742
741
741
742
743
743
743
743
745
745
745
744
744
745
746
746
750
750
751
751
751
751
752
751
751
751
752
754
754
754
754
755
755
755
754
755
755
755
756
756
756
756
758
758
758
761
761
760
760
760
762
762
762
762
761
762
762
763
763
763
765
765
766
767
767
767
766
766
765
765
766
766
765
764
763
765
765
765
765
765
767
767
767
768
768
767
766
766
766
767
768
768
768
767
768
769
769
769
768
767
769
769
769
770
771
771
771
771
772
773
775
772
772
772
774
774
776
776
776
777
777
776
777
777
778
778
778
779
779
780
779
780
780
779
780
780
780
781
781
782
780
780
781
781
781
780
780
779
780
780
780
780
781
780
781
781
780
782
781
781
782
786
786
788
790
790
789
789
789
789
789
789
789
791
791
790
789
790
790
790
790
791
789
789
790
791
794
793
791
791
791
791
791
791
792
793
792
792
793
793
794
793
794
796
797
797
796
796
797
799
800
798
798
798
798
800
801
800
799
800
801
801
800
801
802
804
804
803
803
805
806
804
804
805
807
807
806
805
806
807
809
809
808
807
807
808
808
808
809
811
811
811
810
811
811
810
810
810
811
811
811
810
810
810
810
811
811
809
810
812
812
812
811
814
814
814
814
814
815
813
812
812
813
815
815
815
815
816
817
817
816
816
816
817
817
817
816
817
817
818
819
819
818
819
821
821
821
822
823
823
823
822
823
824
824
824
821
821
823
824
824
824
824
824
824
825
826
825
823
823
826
827
827
826
825
826
827
827
827
827
828
830
830
827
827
829
829
828
828
829
830
830
830
831
832
832
830
830
830
831
831
831
832
833
833
832
833
833
833
833
833
834
834
836
834
834
835
835
836
836
836
837
836
836
836
837
838
838
839
839
839
838
839
839
839
839
839
840
840
840
842
842
842
842
843
844
844
842
843
843
843
843
844
845
844
844
844
845
847
848
847
845
846
847
847
847
847
849
850
849
849
849
848
849
848
846
846
847
848
850
849
848
848
850
851
850
850
849
851
851
851
853
854
852
852
854
854
854
854
852
852
852
852
852
853
852
852
853
854
854
854
853
853
854
855
856
854
853
853
855
